T_CW:
0.5835640738 -0.6408443181 -0.4987700188 -0.0075792873
0.2046958761 -0.4782829494 0.8540169896 0.0447469809
-0.7858451311 -0.6004697996 -0.1479305572 -0.0355323895
0.0000000000 0.0000000000 0.0000000000 1.0000000000

T_CW_cov:
0.0000005761 -0.0000003269 0.0000001141 0.0000008289 0.0000013700 -0.0000001415
-0.0000003269 0.0000009247 -0.0000000673 -0.0000023492 -0.0000007777 0.0000004461
0.0000001141 -0.0000000673 0.0000001212 0.0000001678 0.0000002658 -0.0000000294
0.0000008289 -0.0000023492 0.0000001678 0.0000060294 0.0000019721 -0.0000011332
0.0000013700 -0.0000007777 0.0000002658 0.0000019721 0.0000033175 -0.0000003349
-0.0000001415 0.0000004461 -0.0000000294 -0.0000011332 -0.0000003349 0.0000006848

target_points_pix:
-2.0367121883 -2.1929650405 -1.4116115292 1026.8362339195 146.3350726593
-2.1338844780 -1.9512781232 -1.1561328228 908.0104636162 171.7238924548
-2.1084470842 -2.1437595431 -0.8462827436 898.0283921277 313.9736973143
-2.1505036008 -1.8785447290 -0.6108959777 784.8588245202 338.8704516439
-2.1201637352 -2.1673998295 -0.5899136888 853.3872784408 401.9350305336
-2.1751026614 -2.0680547056 -0.2528774066 754.3470338068 493.6120563026
-1.8436795053 -2.0972325809 -0.0518107199 809.2815135555 618.6343777427
-2.1809173402 -1.7582249058 -1.1945200920 861.3980468073 113.2733158015
-2.0318098922 -1.9024736379 -0.8205725347 863.6724633718 279.4522588560
-1.8643409561 -1.7298116612 -0.6347722235 834.3744281965 322.9127979341
-2.0424396500 -1.6700568512 -0.4559551200 729.1323842583 362.4036436963
-2.0356266141 -1.6670313584 -0.2216670401 679.0534695039 452.4127180832
-2.0876913757 -1.8532165545 -0.1977258456 711.6690980284 488.5942959631
-2.1047669438 -1.7534926241 0.2912902951 574.3842677278 656.8396882587
-1.9479517706 -1.5926219219 -0.8849578553 827.9951505400 189.0382977726
-1.9430668285 -1.4687702399 -0.9467022846 810.9986936472 133.1362652126
-1.9987360977 -1.5831478012 -0.6409907786 757.8181821741 276.5358912651
-2.0382461791 -1.3326640660 -0.1757110182 563.8889163702 402.3993920321
-1.9735375390 -1.6542454496 0.0160468711 637.4258061686 553.5821629714
-1.9694449003 -1.5102548261 0.2682812325 531.1318905217 636.3256884746
-2.1794605583 -1.2973912472 -1.0600853036 722.1488285593 39.8134670380
-2.1560010034 -1.2844100836 -0.7490828701 655.2553286075 152.6266768351
-1.8791834842 -1.2260730902 -0.3393922451 609.4557880228 323.7772339938
-2.0440471078 -1.0966304069 -0.2533872139 498.4765934983 312.7188849712
-1.9713422318 -1.2553782583 -0.1780519513 553.9639704723 391.9631465679
-2.1413915681 -1.1443759247 0.1206337022 397.7188920674 475.2631746133
-1.9976942520 -1.1816657871 0.4636784555 346.5336459327 664.7967768837
-2.0420969507 -0.8909787896 -0.6562326980 529.6056054601 77.5161213012
-2.1349248961 -1.0739685817 -0.3356921987 491.0974122044 263.9781430500
-2.0329931114 -1.0364522726 -0.2506829583 477.4132724706 299.3248005106
-1.9964769104 -0.9789673083 -0.0633441457 410.1082990252 373.7776415833
-2.0871240887 -1.0260110717 0.1519259638 351.2230928349 472.1597224161
-1.8855696832 -0.5597975338 -0.3500282611 327.7771693495 109.9094584456
-2.0366653240 -0.5797354377 -0.1590398876 246.3054941153 207.6485883104
-1.9221818306 -0.9124272166 0.0901865197 350.5843168000 441.5955701096
-2.0876470204 -0.8959227815 0.3128667921 246.3588189901 519.4823172584
-2.1452367339 -0.9267502190 0.5820317656 172.9115466916 644.1352712876
-2.1952372272 -0.7046575153 0.5517900690 63.4752849167 575.6392124036
-2.0899565708 -0.6540210319 -0.0673717668 245.6606735497 272.2281489433
-1.8622674728 -0.4048797174 -0.1332856099 167.4106983053 169.7355680475
-1.9508663012 -0.4204201028 -0.3158605866 229.0226380475 72.2553788941
-1.9282228052 -0.3422863927 -0.1986349192 144.3586205617 105.0127541158
-1.8307278366 -0.3649187074 -0.1020312630 134.9325649606 173.9762758706
-1.6971427193 -1.9147061648 -1.5994332875 1127.1793862783 18.4979838878
-1.7576145065 -2.1605108836 -1.2885426793 1090.5077182355 188.6415609082
-1.7565167600 -2.0307767892 -1.1690698993 1044.9070777396 200.3093688329
-1.7809738419 -1.8342199357 -0.8692251670 935.8609457787 263.1316547420
-1.7169756673 -2.0306084985 -0.3442061790 892.6838561199 513.6564064264
-1.6501252226 -2.1518835387 -0.1868133351 909.9451926388 606.7891725092
-1.9076947486 -2.0906629332 0.0539072926 767.9443968176 647.2550430244
-1.7608405348 -1.9343170826 0.0562900857 767.5678406538 652.5766044972
-1.5636460166 -2.1015147070 -1.7670923026 1241.0430958232 10.9814421400
-1.4260408633 -1.8229054887 -1.5300131216 1209.0626724678 14.9945530829
-1.3399871004 -2.0056671780 -1.2549875334 1223.1049179566 180.0675607785
-1.5718650262 -1.8348688483 -0.8367522059 1003.7066718652 291.3969377493
-1.5796895824 -2.1471275155 -0.5889229412 1016.3260928338 457.1870415952
-1.6623309028 -2.0764444490 -0.4483026474 943.1296705652 488.4755189276
-1.6185755682 -2.0335792471 -0.1038771344 873.7735100251 627.8787709039
-1.2890348075 -1.9994550703 -1.3783793257 1270.9859440731 130.2477054228
-1.2364419598 -1.9084281885 -0.8859257635 1173.3267601443 318.5520735439
-1.4358768580 -2.0111886180 -0.8261469596 1092.9592093613 349.6718448949
-1.4013295484 -1.8286690344 -0.4892912054 990.3282903420 458.3468721883
-1.2231305079 -1.8176706409 -0.3259783931 1024.0085033598 563.8471999220
-0.9644520576 -1.8324325372 -0.7568478830 1270.2943148024 392.5660362604
-0.8996479791 -2.0374637846 -0.5070061223 1285.2750665631 583.5919036085
-1.0352279963 -1.9014060949 -0.2873643345 1126.0619400206 641.1282550187
-0.9005062453 -1.9343387993 -0.4449024492 1248.4964191612 594.6929894857

gimbalangles:
2.4574175793 -0.0597261454 0.1040620780 2.5480106831

end: