T_CW:
-0.1808813935 -0.1178997226 -0.9764126059 -0.0382364166
-0.9067710979 -0.3644550950 0.2119874048 -0.0151175291
-0.3808518052 0.9237273078 -0.0409849155 0.0098622220
0.0000000000 0.0000000000 0.0000000000 1.0000000000

T_CW_cov:
0.0000009988 0.0000000660 0.0000000598 -0.0000001830 0.0000022668 -0.0000001771
0.0000000660 0.0000006117 0.0000000507 -0.0000015045 0.0000001453 0.0000002145
0.0000000598 0.0000000507 0.0000000906 -0.0000001235 0.0000001192 0.0000000076
-0.0000001830 -0.0000015045 -0.0000001235 0.0000037644 -0.0000004051 -0.0000004960
0.0000022668 0.0000001453 0.0000001192 -0.0000004051 0.0000052067 -0.0000004077
-0.0000001771 0.0000002145 0.0000000076 -0.0000004960 -0.0000004077 0.0000005441

target_points_pix:
-1.9105360566 1.9809712425 -1.4134013561 1322.6423750522 654.0565247921
-1.9339633712 2.1588428389 -0.7672586114 1020.8612897245 677.8574601192
-1.8537363930 2.1767514966 -0.4751485786 897.6299396047 673.7350996435
-1.8550348308 1.9371888628 -1.2800201119 1278.8151814673 659.5714914766
-1.6410654609 2.1004963161 -1.1101007541 1167.0756990572 556.0981034843
-1.9389521875 2.1841326748 -0.6648628523 976.3166773841 682.4846095398
-1.5671864977 2.1306784232 -1.2809612645 1231.5392815536 504.7892107556
-1.3157817243 1.9429941230 -1.1422706580 1217.7002303472 458.9050379950
-1.3492337722 2.1057609491 -0.8169929086 1033.7546360342 471.0991174080
-1.4983317879 2.0936842145 -0.5888533520 940.5501957775 555.6601818252
-1.4726534281 2.0034281786 -0.0936720132 726.0475374717 620.3097862880
-1.4598821192 2.0390700871 0.4072914279 492.5825297486 657.8864693192
-1.1413049017 1.8521756327 -1.2503095271 1296.9672406562 387.9744062572
-1.0720818380 2.0508822425 -1.1769081994 1204.9082144860 326.2802747181
-1.3996928611 1.9829751266 -0.7729069412 1038.2546583951 524.4233759259
-1.1860357705 2.0705200626 -0.6054671996 937.4167485318 432.6679082702
-1.4194715783 2.0828748510 -0.3704728398 840.9871199394 549.8418959130
-1.2776452368 1.8694489727 0.0047508315 669.9185152352 589.0703360681
-1.0730605838 2.0018530190 0.3056842560 493.9755498282 497.7070485234
-1.2085726006 2.0127526755 0.3547681015 486.8507970093 558.7145109362
-1.4250652760 2.0144635608 0.6554444686 371.5150977232 677.9523146178
-1.1680323593 2.0223801191 1.2503392272 43.1216642372 636.6275565611
-0.8748797260 2.0718850172 -1.3880594780 1299.0320252755 209.0594760347
-0.9465772767 1.9306066900 -1.1333201170 1216.0825733528 292.5906109818
-1.0708041261 1.9815980953 -0.8742083968 1077.2871209437 370.9289971214
-0.9983895204 2.0661635568 -0.7131763571 980.6794619889 339.3034752878
-1.1448503223 1.9295688788 -0.5001948033 906.2355255230 457.2924157883
-1.0393066434 1.9475716529 -0.2178789547 755.3885880081 436.7324507246
-0.9593756649 2.0777024999 -0.1501370496 704.8267599417 379.8213789410
-0.8521590024 1.9558607454 0.3663922634 431.7359450494 413.4054592753
-1.1747783765 1.9710647288 0.4070187887 455.7565573446 561.4033859969
-0.9249999966 1.8887475075 0.8621447902 171.3088123656 524.0251874303
-0.9069592067 2.1009950598 1.1466473560 58.0687771997 492.2608337237
-0.7511423649 2.1572910155 -1.4183356052 1289.0757883105 136.4938069477
-0.6866916911 1.8731422773 -1.2897438849 1316.5664318318 147.8234266324
-0.8291176503 1.8463283609 -1.0492262872 1196.4668424284 256.7305962606
-0.8912000367 1.9609409745 -0.8172016176 1048.3774617974 295.7328435453
-0.8567020351 2.0724969975 -0.4066799077 823.1109361210 305.3426607603
-0.7284212964 2.1001550914 -0.2330155620 724.1427020940 258.0740033762
-0.6547912955 2.0870834084 0.0211341981 588.4309771709 251.7509587660
-0.8817151466 2.0931652498 0.1051209762 571.2416682826 368.9080835241
-0.8630691661 1.9261983014 0.5737511127 320.6888811378 450.0983400163
-0.7731890428 2.0682027516 0.6651492623 272.4828935736 385.0890296357
-0.8565034793 2.1796840996 1.0994869736 86.2394310569 446.4961299165
-0.5762992154 2.1179589578 -1.3554400287 1272.0788966681 58.4814233027
-0.6100145261 2.0163725987 -1.3029655622 1276.9370203364 89.9830483975
-0.6297357995 1.8838706853 -0.9646989781 1138.0207528444 153.1727357352
-0.6869895166 1.9199697802 -0.9263750375 1109.0515096815 184.4731218086
-0.6486645931 2.0381515495 -0.4048343834 811.3362047360 208.0341733682
-0.3777328962 2.0709319294 -0.2918463810 725.7913915376 71.6301568483
-0.6412038263 2.0387083890 -0.1132956810 658.5108104211 237.1251943310
-0.3102710352 1.9260298101 0.1150357669 492.6118045774 94.3141590264
-0.6231705820 2.1520952738 0.5384759296 321.6693820512 283.0421422725
-0.4974786646 2.1872748934 0.6050544679 271.0291037198 222.7751120022
-0.6114223086 2.1682011349 0.8039420480 186.4897399637 303.8082976856
-0.4466021864 1.8242623228 -1.1806339484 1276.3811005235 25.4225358929
-0.3761262826 1.9359798530 -0.5684987763 895.5667788551 48.9466765481
-0.3254142569 2.0063571584 0.0721937411 520.8541054739 90.1837857220
-0.2945068937 2.1581701266 0.2369112271 430.2448521181 78.3113631746
-0.3564413644 1.8880841855 0.3603360344 351.5328884297 157.7343050659
-0.2678971448 1.9786763423 0.6461625591 176.6164487058 129.6665166563
-0.1806544141 2.1115250387 0.4424313824 295.9311488001 41.2440150357

gimbalangles:
2.5909273062 3.0599686604 -2.5806732421 1.3367665474

end: