T_CW:
0.9635511082 -0.2567819801 -0.0750484953 -0.4633074264
0.2341325417 0.9451394951 -0.2278009828 -0.0231419291
0.1294264844 0.2019265945 0.9708112255 -0.5760968254
0.0000000000 0.0000000000 0.0000000000 1.0000000000


target_points_pix:
-0.3815433435 0.3902367818 2.6755037460 34.1989000000 161.0170000000
-0.3791196087 0.1434719331 2.5839232253 31.7403000000 22.3000000000
-0.3788589088 0.2874848831 2.5806864166 18.8838000000 106.7200000000
-0.3768584887 0.3894701692 2.6675278777 34.4010000000 161.0180000000
-0.3764325929 0.2352550770 2.5773050614 23.8502000000 78.5898000000
-0.3112343862 0.2867415012 2.5837941660 59.2545000000 115.5200000000
-0.3107233112 0.4599107670 2.6754004985 66.7421000000 206.6340000000
-0.3047323757 0.2668741036 2.5880273129 65.3651000000 104.8470000000
-0.2699792717 0.1442480961 2.5884661147 97.7039000000 40.0999000000
-0.2692152403 0.2890026211 2.5873562043 85.7366000000 123.4010000000
-0.2652195626 0.1440261140 2.5877691942 98.4890000000 40.6331000000
-0.2395488819 0.3849040491 2.6820857733 113.7520000000 177.2450000000
-0.2186332641 0.1947492812 2.5856009970 123.8210000000 76.8821000000
-0.2146208087 0.1939849916 2.5809522789 123.8210000000 76.8821000000
-0.2137114564 0.1949955264 2.5808464502 123.9700000000 78.3772000000
-0.1845125510 0.2533739784 2.5830456217 136.0240000000 116.6820000000
-0.1692990338 0.2394236943 2.5860397988 148.1040000000 110.6870000000
-0.1690274929 0.1083618509 2.5882338079 158.9980000000 37.8022000000
-0.1634492893 0.1656925991 2.5855235614 157.9170000000 69.5014000000
-0.1590176491 0.1083801774 2.5891114115 165.6640000000 36.8327000000
-0.1462139283 0.0895535144 2.5744528496 173.0810000000 28.8006000000
-0.0746572251 0.0768496855 2.5908408069 220.4280000000 32.9482000000
-0.0697147680 0.1792691274 2.5881821842 211.5100000000 91.1585000000
-0.0666364441 0.1797536162 2.5856526207 211.6310000000 91.3194000000
-0.0663470931 0.1231484397 2.5948932708 219.4900000000 60.0576000000
-0.0651349676 0.2417175953 2.5873045805 207.3590000000 126.4750000000
-0.0645650414 0.2403438875 2.5863237294 207.3580000000 125.9930000000
-0.0644266898 0.1266276219 2.5920023412 219.2920000000 61.4627000000
-0.0623676768 0.2667760185 2.5904794407 206.5830000000 141.3230000000
-0.0619268100 0.2892116973 2.5933187466 204.5130000000 153.4380000000
-0.0435451437 0.1267969478 2.5930090042 231.8610000000 65.3476000000
-0.0382155085 0.2420596026 2.5882079960 221.8600000000 131.8020000000
-0.0366686030 0.1830768947 2.5919507174 230.1940000000 97.7190000000
-0.0342662921 0.1886956229 2.5892146590 229.6480000000 102.2380000000
-0.0188498420 0.1678749928 2.5879240654 241.0980000000 92.8288000000
0.0124736386 0.2892142785 2.6011913675 245.9630000000 163.6220000000
0.0177521147 0.6249441309 1.8866439052 47.8244000000 463.1310000000
0.0180145182 0.6252590358 1.8898497397 49.3265000000 463.2270000000
0.0240984538 0.0598747662 2.5936543009 278.7920000000 38.1116000000
0.0345238946 0.1855754838 2.5888016691 268.8890000000 110.3430000000
0.0347373588 0.1855654172 2.5905310645 270.1920000000 109.9360000000
0.0360847385 0.1252306834 2.5964419831 276.8670000000 77.2495000000
0.0377813528 0.2686628663 2.5941963503 263.9450000000 156.4720000000
0.0383468909 0.2685802683 2.5934736178 262.9400000000 156.6700000000
0.0411219252 0.2562421936 2.5906085001 265.3430000000 150.6580000000
0.0434540278 0.2209914367 2.5872271449 268.9280000000 131.4080000000
0.0488590338 0.0880757847 2.6302813468 294.9260000000 60.2280000000
0.0577088921 0.1285433790 2.6017334168 289.8230000000 81.3697000000
0.0599447164 0.2704077488 2.5986359922 275.4920000000 160.7820000000
0.0614957518 0.0886965603 2.5938349840 295.5680000000 59.7076000000
0.0619265519 0.2323798926 2.5941447265 281.0070000000 141.0570000000
0.0651597470 0.1878668037 2.5919249055 285.5470000000 116.0310000000
0.0749612890 0.0472796053 2.6254029031 309.9960000000 38.9281000000
0.0751448114 0.0458542738 2.5936801128 309.9970000000 39.5062000000
0.0756832470 0.0409487276 2.5932671229 306.9370000000 37.1711000000
0.0797351947 0.1409839268 2.6033337528 299.9730000000 91.5022000000
0.1016951607 0.1690958944 2.6046759701 311.1040000000 112.2250000000
0.1021143455 0.0293532605 2.6109740668 325.8960000000 30.8691000000
0.1053627696 0.0490598501 2.6031788816 325.4430000000 44.8378000000
0.1065023637 0.0849037638 2.6029981985 323.0730000000 65.3022000000
0.1115263864 0.1159549292 2.6802531304 330.3400000000 83.3734000000
0.1273400296 0.5662298664 1.9177704413 154.0830000000 433.7070000000
0.1284912391 0.5656310310 1.9133333805 154.0830000000 431.9760000000
0.1537783554 0.3421621708 1.9592088201 214.8230000000 264.0590000000
0.1694438384 0.0332880222 2.6216601817 366.4250000000 46.8456000000
0.1716205535 0.2275726896 2.5754698374 340.0970000000 154.3830000000
0.1736307821 0.2261850434 2.5734255371 339.7100000000 153.3720000000
0.1857115124 0.0512048167 2.6192854895 371.2630000000 56.9667000000
0.2001369931 0.2104867793 2.5578196795 355.0270000000 147.9090000000
0.2113602530 0.1118283853 2.5977583885 377.3520000000 95.4891000000
0.2310776837 0.2419770046 2.0334876432 304.2050000000 199.6400000000
0.2413502924 0.1693103910 2.5707436837 383.4300000000 132.5920000000
0.2417330824 0.2310239950 2.5610358387 373.8420000000 166.6970000000
0.2512937997 0.0278892111 2.6779558738 414.4180000000 56.4406000000
0.2518500455 0.4770911488 2.0225382472 284.3870000000 370.0050000000
0.2527754011 0.0253784387 2.6735936675 415.8650000000 53.0010000000
0.2555919926 0.1712924847 2.5900148270 393.4510000000 134.3950000000
0.2698579559 0.0918125694 2.6263321305 414.1960000000 93.1402000000
0.2729940983 0.2627467853 2.0284285163 330.5420000000 220.5150000000
0.2789747090 0.1060669174 2.6169107973 414.6910000000 102.7650000000
0.2834685559 0.4776202922 2.0252613997 306.0820000000 375.7820000000
0.2945547547 0.1131726676 2.6221764191 424.3280000000 107.5910000000
0.3026080587 0.2745479730 2.0190613881 352.2430000000 236.1680000000
0.3263730489 0.2702890142 2.0260512429 369.5850000000 237.3870000000
0.3324181893 0.0061200722 2.6813630409 459.1540000000 57.1141000000
0.3353117001 0.2730921834 2.0328991325 376.5320000000 240.7990000000
0.3365868066 0.2736781129 2.0294351793 376.8120000000 240.2780000000
0.3383781505 0.4539843613 2.0294300169 351.1290000000 367.1500000000
0.3408922268 0.4540411474 2.0282297649 350.8880000000 367.1500000000
0.3425622549 0.1763069570 2.6079024541 440.2660000000 148.3080000000
0.3443019750 0.1921211164 2.6032046935 438.8340000000 158.1170000000
0.3491339574 0.5807051641 1.5003563398 231.9550000000 632.2370000000
0.3504658500 0.0521327534 2.6492788844 464.4400000000 84.2627000000
0.3517332129 0.0506676716 2.6593455143 465.2090000000 83.5902000000
0.3529437896 0.4107339891 2.0231525697 367.6370000000 342.0740000000
0.3699460695 0.5764900854 1.5386379266 266.9850000000 615.0660000000
0.3724937012 0.5429372334 1.5411520029 273.9530000000 584.2170000000
0.3749690597 0.5665705831 1.5496750830 276.1990000000 601.1670000000
0.3770856332 0.5457404027 1.5497680057 282.9220000000 583.3470000000
0.3779012884 0.5042787932 1.5450186213 290.1730000000 547.3130000000
0.3787453366 0.6006190231 1.5464615049 272.7550000000 633.7980000000
0.3833811487 0.0524587574 2.6860349897 480.6100000000 86.0168000000
0.3845762384 0.5612946366 1.5489446070 287.2480000000 600.1570000000
0.3891346149 0.5640565068 1.5447914769 293.0290000000 604.9560000000
0.3893720841 0.6534146254 1.5481779944 274.1460000000 682.8010000000
0.3894753316 0.6530635839 1.5479456876 273.1010000000 683.2430000000
0.3899967314 0.0887714147 2.6390315713 477.6710000000 107.6610000000
0.3909078905 0.6012023714 1.5480695846 286.2130000000 636.1870000000
0.3917183833 0.6003609043 1.5455580894 287.2160000000 636.6660000000
0.3958637699 0.1701719913 2.6211955680 471.4520000000 151.8060000000
0.3975699346 0.4730464285 1.5429226973 317.3630000000 525.3970000000
0.3985301362 0.5212371929 1.5417998809 306.0680000000 567.4800000000
0.3998594476 0.5170350202 1.5345286767 307.3530000000 568.1200000000
0.4000375495 0.6090620863 1.5468202900 292.2280000000 646.1890000000
0.4003885910 0.4779635901 1.5445385205 318.4150000000 526.0850000000
0.4019760211 0.6030117836 1.5395258550 296.4640000000 644.7280000000
0.4033956740 0.6060369349 1.5474655868 297.3340000000 642.4210000000
0.4037079977 0.0030228541 2.8066538660 500.7900000000 66.9910000000
0.4072055063 0.5789422132 1.5488207100 305.3070000000 620.5580000000
0.4165158484 0.4585479002 1.5239122539 336.4430000000 520.2030000000
0.4166190959 0.4611858735 1.5300425734 335.4800000000 519.6750000000
0.4186633961 0.1295877274 2.8453716735 495.7380000000 130.7290000000
0.4208470804 0.6172212189 1.5299651378 307.4290000000 666.9080000000
0.4209322596 0.6293579610 1.5303471535 305.9710000000 676.9970000000
0.4209967893 0.6156983185 1.5275052664 307.6710000000 666.1870000000
0.4215181891 0.6283409732 1.5289533124 306.8380000000 677.5730000000
0.4222744769 0.5548261815 1.5302464872 322.5180000000 610.1210000000
0.4224164422 0.5133361790 1.5308969463 331.4420000000 570.1070000000
0.4226513303 0.5425242435 1.5287313303 324.5970000000 600.1290000000
0.4231882172 0.4803795813 1.5285661343 339.0840000000 540.0860000000
0.4236089507 0.5442846131 1.5339711402 324.8390000000 599.1680000000
0.4240141971 0.4687797261 1.5299135140 341.6410000000 530.5760000000
0.4246156137 0.4683125313 1.5284344938 342.2190000000 529.9990000000
0.4283247797 0.6174767564 1.5216072537 312.4810000000 673.3870000000
0.4337013925 0.6308705367 1.5310182621 318.4960000000 680.5850000000
0.4345609279 0.5536775532 1.5301948634 335.4280000000 610.9270000000
0.4351003960 0.4231675677 2.0593227455 427.4290000000 358.5290000000
0.4356966502 0.5431153354 1.5273452328 338.1320000000 603.1930000000
0.4357947353 0.4681163610 1.5295986092 354.5400000000 531.0750000000
0.4368349538 0.4668773912 1.5272110111 355.2220000000 531.4350000000
0.4473997528 0.6053322708 1.5321075231 337.7910000000 659.6700000000
0.4481741090 0.5809374709 1.5316558154 343.5930000000 638.0530000000
0.4494621214 0.5181578366 1.5305226742 358.3260000000 582.0970000000
0.4497254025 0.4947645373 1.5302645555 362.4320000000 558.8040000000
0.4503113320 0.4946019226 1.5308427414 364.3580000000 559.2830000000
0.4505591259 0.2722455541 2.0311645747 460.5780000000 260.5320000000
0.4506004249 0.6036312685 1.5238890232 338.0790000000 660.2460000000
0.4511992603 0.3090868385 2.0313504202 454.5800000000 286.7170000000
0.4516406433 0.2739362317 2.0330875592 461.1550000000 260.8210000000
0.4526679558 0.5192264481 1.5276523941 358.0850000000 581.8570000000
0.4538553019 0.5540234323 1.5296863696 355.4920000000 615.1120000000
0.4567849494 0.2986201245 2.0304108681 460.5900000000 280.7140000000
0.4644949554 -0.0738397632 2.8361826472 539.7050000000 35.5742000000
0.4651273463 0.6321456431 1.5322623943 349.3200000000 687.0310000000
0.4659404203 0.5588889701 1.5358270138 368.5310000000 618.1030000000
0.4661159410 0.4151452380 2.0300598266 449.0790000000 361.1290000000
0.4665676487 0.4141566433 2.0300598266 449.0790000000 361.4170000000
0.4691823913 0.4612684715 1.5392703175 391.6520000000 528.0590000000
0.4713996311 0.6048805631 1.5314699699 362.3470000000 665.4070000000
0.4717429290 0.5255864933 1.5444817344 382.3960000000 585.6820000000
0.4721120388 0.5813762727 1.5317435757 367.9060000000 643.3120000000
0.4728838137 0.5181681614 1.5306749642 381.1920000000 586.1630000000
0.4729225315 0.4951878520 1.5312221759 387.6240000000 564.0720000000
0.4736142897 0.4925085798 1.5262946896 388.4250000000 564.5520000000
0.4748506784 0.6306743664 1.5300141803 359.4300000000 688.9400000000
0.4752507624 0.3287942025 2.0333353531 467.8180000000 304.7410000000
0.4758470166 0.4019450468 2.0314201122 457.7350000000 354.2150000000
0.4771040547 0.3166884347 2.0356274473 470.6990000000 295.1330000000
0.4795329519 0.4062401423 2.0495452085 457.7350000000 354.2150000000
0.4834718435 0.6259198197 1.5316687213 370.4690000000 685.1250000000
0.4841558581 0.6238677759 1.5287261679 370.9910000000 685.5650000000
0.4852657686 0.5560677326 1.5343815490 386.6520000000 622.1690000000
0.4853999903 0.4686403420 1.5314106026 407.4950000000 542.6480000000
0.4864298840 0.5556211872 1.5323191805 388.3840000000 622.8880000000
0.4971211612 0.5447698763 1.5318003618 401.6250000000 615.6750000000
0.4978980986 0.6170456982 1.5297638052 386.5930000000 680.9370000000
0.4979316540 0.6191261350 1.5323553171 386.8800000000 682.6650000000
0.4986337369 0.5448240813 1.5311937829 401.3840000000 616.3950000000
0.4990312397 0.2707020041 2.0339651628 495.2100000000 267.7610000000
0.4990802823 0.5460346580 1.5325308378 403.6300000000 616.0740000000
0.4990906070 0.4686429232 1.5281763751 419.6180000000 546.0990000000
0.4991086753 0.2727127489 2.0348350229 496.6530000000 268.7220000000
0.4994752039 0.5329093213 1.5317977807 405.7240000000 604.8700000000
0.4997359038 0.4700677385 1.5314544828 419.7150000000 546.0510000000
0.5000817829 0.4721894744 1.5335426632 418.7120000000 547.0520000000
0.5004121749 0.3280869572 2.0315878894 487.1520000000 309.2650000000
0.5008819509 0.4820108916 1.5307601434 418.7070000000 557.0540000000
0.5021235020 0.3299402496 2.0359036344 488.2590000000 310.7540000000
0.5069012794 0.6323960183 1.5317048579 392.5210000000 695.1020000000
0.5074459099 0.4520278214 2.0169422334 469.8630000000 397.4410000000
0.5077608147 0.1806751000 2.7783640546 529.7560000000 168.3050000000
0.5085687263 0.4463104918 1.5654745296 437.5280000000 512.6780000000
0.5119062013 0.4626442442 1.5335891245 434.1490000000 541.2430000000
0.5143376796 0.1774119632 2.7652774357 535.0440000000 167.8290000000
0.5198149588 -0.0407386189 2.7634964165 563.7760000000 59.6623000000
0.5211958939 -0.0400644128 2.7670584548 564.8340000000 60.1446000000
0.5296260512 0.4045520459 2.0397341161 495.4860000000 364.7890000000
0.5301113144 0.3465011465 2.0316395132 505.3320000000 326.8510000000
0.5399869365 0.4156743814 2.0362159580 499.5740000000 374.3940000000
0.5406786947 0.4166603949 2.0390810758 499.2860000000 374.9710000000
0.5411355648 0.3156766093 2.0325248604 519.5060000000 307.1640000000
0.5454254979 0.9092644785 2.0449997379 430.6280000000 684.0550000000
0.5454538909 0.7272494843 2.0625027681 459.1430000000 570.2710000000
0.5468683815 0.8509399733 2.0408491890 438.6810000000 649.0450000000
0.5506704702 0.7216224963 2.0421733380 460.7850000000 571.0300000000
0.5608971337 0.2453325479 2.3960231243 544.2210000000 227.4290000000
0.5753517819 0.1866149279 2.8153008430 563.8920000000 179.8690000000
0.5763300518 -0.1158581347 2.7199259772 603.3890000000 27.2350000000
0.6024284353 0.9124006210 2.0699056129 467.7010000000 682.5740000000
0.6024826402 0.9117424182 2.0686485748 467.7010000000 682.8140000000
0.6239658610 0.9108932076 2.5538394889 498.8540000000 556.0090000000
0.6485026262 0.9122947923 2.2933331741 503.8140000000 620.9900000000
0.6725050857 0.0703791655 2.7560884094 625.4500000000 136.3700000000
0.6738576277 0.0709423806 2.7756796200 624.8740000000 136.6580000000
0.7116255584 0.6462802240 2.8136746951 573.0950000000 403.2030000000
0.7124670254 0.6460350113 2.8162816941 572.9750000000 404.0030000000
0.7128490411 -0.1069473604 2.8507147309 663.7050000000 53.0343000000
0.7147694443 -0.1072578772 2.8178562183 663.8660000000 53.7558000000
0.7236358222 0.1230340931 2.7688136621 643.1450000000 169.1100000000
0.7241494785 0.1229011620 2.7720401461 642.7600000000 167.5240000000
0.7250245009 0.0205900268 2.7688136621 656.5560000000 117.9360000000
0.7258478997 0.0183524473 2.7654581188 656.3150000000 117.4550000000
0.7486475259 -0.1032872370 2.8459137228 680.2770000000 59.7817000000
0.7529400402 0.9077338346 2.0768361004 563.7930000000 696.9010000000
0.7692660490 0.9115875470 2.6756586172 569.9260000000 546.9710000000
0.7738657245 0.0733346248 2.7703881863 673.8610000000 150.2440000000
0.7758687258 0.7469258741 2.7237719460 590.9470000000 468.2780000000
0.7775697281 0.0733552743 2.7800160144 674.9420000000 150.9090000000
0.7800244371 0.7490863277 2.7350001102 592.9720000000 467.9890000000
0.7801870519 0.7992981617 2.6712964109 587.9580000000 499.9800000000
0.7817176959 0.5231808269 2.6597585043 623.8060000000 376.7040000000
0.7818932166 0.7998169803 2.6648692549 588.9180000000 501.1000000000
0.7820480878 0.5172828142 2.6568675747 622.9970000000 374.0000000000
0.7837542526 0.5235086376 2.6707027379 623.5180000000 375.8400000000
0.7848073769 0.9089444113 2.1330879124 583.0180000000 682.4470000000
0.7856333568 0.4079179139 2.6670890758 639.5980000000 321.5970000000
0.7881345272 0.4109327405 2.6683280457 641.0870000000 323.1340000000
0.7929045611 -0.1028437890 2.8590519654 699.8870000000 66.8100000000
0.7952637661 0.7433457675 2.3442135355 609.0650000000 535.6330000000
0.7962678479 0.4571075978 2.4651447355 646.2710000000 369.7910000000
0.7964098132 0.7518662663 2.4154775320 606.1910000000 525.5600000000
0.7966601884 0.4584678834 2.4605476411 646.9990000000 371.9990000000
0.7967531111 0.9071711358 2.3116105604 587.8690000000 632.3120000000
0.7970292982 0.7356280178 2.3550880770 609.9470000000 533.9540000000
0.7972538614 0.7505524420 2.4304277681 606.9520000000 523.9610000000
0.8034435483 0.7620516309 2.4483076516 606.4790000000 525.2720000000
0.8051109952 0.5787821796 2.4122149114 635.0270000000 442.0650000000
0.8054671990 0.5470129280 2.3663652838 641.9890000000 433.1860000000
0.8057898474 0.5479369930 2.3635646957 642.2290000000 433.4260000000
0.8102733695 0.7765449968 2.2083630737 616.8050000000 590.8900000000
0.8196585660 -0.1958878428 2.8400802398 725.8530000000 23.7506000000
0.8203606490 0.8857188892 2.1117905371 608.8240000000 681.8590000000
0.8231044509 0.4116503106 2.1139638967 689.4550000000 402.6090000000
0.8246531632 0.5249050599 2.1171026203 670.4330000000 471.7030000000
0.8255720658 0.4148045213 2.1202232755 688.7830000000 403.1850000000
0.8263257725 0.4147838718 2.1242241156 689.7420000000 403.1850000000
0.8356386958 0.8733601651 2.1113465729 619.8300000000 676.8510000000
0.8379462771 0.6823006910 2.1061996857 651.9200000000 568.9040000000
0.8381837463 0.7278973623 2.1132773009 644.3040000000 592.6910000000
0.8391491103 0.7288472391 2.1152080289 644.4470000000 594.3220000000
0.8397789200 0.8535572971 2.1258657507 624.8470000000 659.8580000000
0.8415599392 0.6891976231 2.1228793171 652.2400000000 568.7040000000
0.8422052359 0.6371144284 2.1168574075 661.7600000000 540.7820000000
0.8428815070 0.8068636213 2.1123971160 633.4660000000 639.2250000000
0.8431835059 0.8090808610 2.1141471609 634.6660000000 639.4640000000
0.8433848385 0.5824526278 2.1128720545 670.4140000000 509.6950000000
0.8454549506 0.5416027597 2.1161579057 679.0630000000 483.7870000000
0.8498558747 0.4028071633 2.1744153001 701.9790000000 389.9870000000
0.8525841895 0.4043249014 2.1734447737 702.9770000000 391.9860000000
0.8646383336 -0.1940595879 2.8283100263 746.2560000000 29.7784000000
0.8656553214 0.4635192667 2.1185325979 705.9610000000 439.9630000000
0.8657224322 0.5026939443 2.1241415177 698.9580000000 461.9520000000
0.8688017885 0.8000518683 2.1148776369 651.3190000000 637.4820000000
0.8703763127 0.3900844918 2.5462017561 689.9910000000 335.0000000000
0.8708176957 0.3904845758 2.5441910113 689.9910000000 334.8000000000
0.8708744818 -0.0962950590 2.8593875198 734.2930000000 79.0539000000
0.8711480877 0.7982760116 2.1188888018 652.8630000000 636.8490000000
0.8724903050 -0.0952659397 2.8610911033 734.8930000000 79.8555000000
0.8730813968 0.3886958131 2.4763470878 695.9880000000 343.1990000000
0.8735976343 0.8050619526 2.1354651858 652.1840000000 636.3300000000
0.8772525953 0.6436990369 2.1290509356 680.9220000000 546.9010000000
0.8777946446 0.8494351412 2.1197689866 647.8360000000 665.8300000000
0.8779262852 0.3955230532 2.2913146857 710.3770000000 371.9910000000
0.8811243761 0.7191574625 2.1859351384 668.9100000000 573.8870000000
0.8880600260 0.5400463038 2.1139329224 706.9790000000 489.5300000000
0.8886304683 0.5977771360 2.1198438410 697.1270000000 523.1090000000
0.8904037439 0.7312864610 2.1173762261 675.8850000000 599.8600000000
0.9055011077 0.4604089362 2.1069404864 731.9380000000 445.1490000000
0.9062315836 0.8651519899 2.1181118644 662.8180000000 677.8040000000
0.9070472388 0.4636328389 2.1213306048 731.4590000000 444.9100000000
0.9071195120 0.4476268973 2.1381702699 734.3400000000 433.6840000000
0.9091534875 0.8632548173 2.1182693169 665.0980000000 677.1780000000
0.9113268471 0.4401982406 2.1086414887 738.9350000000 434.9530000000
0.9125838852 0.6378552291 2.1163695631 704.9270000000 551.1130000000
0.9128884653 0.5531432475 2.1201355152 718.4840000000 499.5960000000
0.9148243557 0.6414430793 2.1238704930 704.0630000000 551.4010000000
0.9175810636 0.4635760528 2.1201923013 737.9310000000 447.5450000000
0.9193182026 -0.2128880577 2.8493983254 775.0460000000 28.5961000000
0.9195117916 0.8431344633 2.1184861366 676.6230000000 666.5190000000
0.9196202015 -0.2113101780 2.8254707204 774.8460000000 28.7964000000
0.9213986394 0.5850828575 2.1190385106 721.1100000000 519.4980000000
0.9214528443 0.3650237456 2.6034370003 713.6430000000 321.4090000000
0.9216412710 0.7954883294 2.1177763101 685.0430000000 640.6150000000
0.9231590091 0.3665337401 2.6232605178 713.9790000000 321.6010000000
0.9242637572 0.7937666776 2.1201277716 684.8440000000 639.8150000000
0.9289692614 0.8650977849 2.1220662432 676.6090000000 679.4680000000
0.9304327945 0.8653765531 2.1198257727 677.8070000000 680.7850000000
0.9311890823 0.3692130124 2.4815275304 727.4570000000 338.6850000000
0.9338347992 0.3700544794 2.4846869035 728.6080000000 339.8370000000
0.9372497098 0.3562761023 2.6868093458 718.8240000000 312.7690000000
0.9390333101 0.5086255124 2.1442154103 741.9150000000 472.9240000000
0.9391107458 0.6589590154 2.1210182812 717.0020000000 565.7780000000
0.9402929295 0.7022248747 2.1242163721 710.2700000000 589.0410000000
0.9407446372 0.7016363640 2.1253443509 709.7900000000 588.8020000000
0.9431477225 0.1865509145 2.6851315741 742.9920000000 230.3920000000
0.9434910204 0.5421396466 2.1225695747 740.0640000000 496.7060000000
0.9438007628 0.1939204620 2.7777703816 736.0840000000 226.3570000000
0.9439478905 0.1246999913 2.1275925649 817.0780000000 236.4010000000
0.9451610485 0.1244627802 2.1323161374 816.3590000000 236.1610000000
0.9459379858 0.1056993564 2.4006744236 785.9110000000 206.3910000000
0.9459818660 -0.0204089823 2.6661598485 777.4960000000 128.0960000000
0.9466787865 -0.0216421961 2.6706511141 775.7700000000 127.8070000000
0.9468878627 0.4542347364 2.1252333598 756.9120000000 444.9390000000
0.9490818718 -0.1572898024 2.8507921665 780.9180000000 60.3335000000
0.9490870342 0.0957106783 2.6367343148 762.9280000000 188.9770000000
0.9521302538 0.0714593924 2.6514987054 767.9200000000 176.3710000000
0.9524167656 0.4634805489 2.1167412540 759.9050000000 452.9310000000
0.9547269281 0.3672642160 2.1764053954 772.7160000000 383.9720000000
0.9561723929 0.7977081504 2.1211473405 703.8240000000 645.7910000000
0.9575430033 0.7678309089 2.1210569990 708.3150000000 630.5220000000
0.9578450022 0.7974810059 2.1226495915 703.9850000000 644.9120000000
0.9591020404 0.8331246195 2.1213486731 699.8070000000 665.7760000000
0.9598428411 0.5425423118 2.1215422622 751.5690000000 501.0150000000
0.9599073708 0.7750143528 2.1339810031 709.0360000000 628.6040000000
0.9605784794 0.4427665219 2.1200658231 768.8590000000 440.5770000000
0.9611282723 0.6622629350 2.1163334265 730.8630000000 571.8420000000
0.9615903048 0.8349933990 2.1270505156 699.6480000000 665.0570000000
0.9619826452 0.8105934367 2.1509832830 704.2240000000 645.3910000000
0.9620058759 0.7713206740 2.1212247762 711.8310000000 631.7980000000
0.9635029645 0.6903669009 2.1292212940 725.8580000000 584.8330000000
0.9641250306 0.4453193160 2.1290147990 769.0990000000 441.5360000000
0.9670701651 0.8543084226 2.1164882977 701.7890000000 681.3590000000
0.9702837432 0.0840948198 2.6420515603 776.0760000000 185.7390000000
0.9728623492 0.0839613724 2.6634237901 774.0620000000 184.8740000000
0.9741916605 -0.1356615189 2.8609620440 787.5450000000 74.7581000000
0.9745736762 0.7308011978 2.1191933819 727.0350000000 610.6050000000
0.9761688499 0.3606486333 2.1331421173 791.8890000000 390.2020000000
0.9775420415 -0.1363445010 2.8691960310 787.8650000000 73.8771000000
0.9779550314 0.7354963773 2.1291335336 726.8350000000 610.8050000000
0.9831251493 0.4723804822 2.1258296141 776.2800000000 460.7170000000
0.9856779434 -0.0220377114 2.6551639911 797.8810000000 133.1480000000
0.9908893603 0.5397597920 2.1235375199 770.5520000000 502.7300000000
0.9910777870 0.5576448379 2.1217719878 767.3820000000 512.5150000000
0.9917411521 0.5572912153 2.1201587459 766.6630000000 513.4740000000
0.9925387389 0.6683261436 2.1249545916 747.4410000000 577.0230000000
0.9950502340 0.6744513008 2.1364202250 747.8400000000 576.8230000000
0.9961214267 0.6843656407 2.1247945580 747.1940000000 585.8940000000
1.0067765673 0.8441282204 2.1391511210 725.7770000000 671.7420000000
1.0102921443 0.2241510679 2.5000501295 790.7110000000 273.6020000000
1.0107748263 0.3813910534 2.1588171861 807.8600000000 403.9470000000
1.0119337793 0.2421855645 2.5791299608 779.9230000000 275.0020000000
1.0132398600 0.7689072640 2.1204246081 744.2720000000 636.2420000000
1.0151938187 0.3789518315 2.7109692577 749.9510000000 331.1970000000
1.0165076430 0.7711038542 2.1266891494 743.7930000000 635.7630000000
1.0171761704 0.2610664324 2.7136536923 767.1680000000 274.7540000000
1.0172200506 0.7711606404 2.1274686679 744.7910000000 636.7610000000
1.0179918256 0.5235370307 2.1288547654 787.5240000000 496.6780000000
1.0190991549 0.2513327756 2.2251588586 825.8420000000 317.9410000000
1.0192230519 0.5571647371 2.1190307671 783.1980000000 516.8200000000
1.0217990766 0.2528068916 2.2307213170 825.4590000000 319.1890000000
1.0252552863 0.8102449764 2.1235839812 741.7710000000 660.7380000000
1.0311842732 0.1429422735 2.0730314306 877.7810000000 267.9950000000
1.0330298220 0.1434394102 2.0757494207 881.0550000000 269.5620000000
1.0333627952 0.2640760967 2.7632124859 767.9360000000 272.0020000000
1.0339951860 0.2201556483 1.9796079422 884.1520000000 333.5660000000
1.0374436521 0.5566665680 2.1233749051 794.6980000000 519.9770000000
1.0385561437 0.6975916437 2.1190488354 770.1910000000 600.9780000000
1.0395963622 0.8450729349 2.1266039702 744.7450000000 681.7120000000
1.0401668045 0.6642762610 2.1320193009 776.2010000000 579.3970000000
1.0404817094 0.4505694507 2.1293038920 815.8240000000 455.9010000000
1.0417826277 0.6103165432 2.1262064674 787.8070000000 549.8220000000
1.0420562335 0.0851412331 2.7034321912 803.8900000000 191.9880000000
1.0425440779 0.0842225885 2.7040516761 805.0880000000 191.9880000000
1.0431196826 0.6127170473 2.1281423578 787.4870000000 551.3400000000
1.0431351698 0.6146968179 2.1231425982 787.7720000000 554.5040000000
1.0435300914 -0.0500820002 2.6999734004 824.9720000000 125.2290000000
1.0448129414 0.6868203497 2.1273628392 775.6630000000 592.4870000000
1.0449136077 -0.1828905330 2.6953014516 846.5270000000 56.9023000000
1.0456544084 -0.1839818589 2.7030192012 845.8080000000 57.4788000000
1.0514181994 0.4612710527 2.1200193618 821.8080000000 464.8890000000
1.0568825726 0.4675975424 2.1293580969 822.0460000000 467.8860000000
1.0599180487 0.4690378449 2.1353464511 820.6090000000 467.8860000000
1.0638053166 0.2191621494 1.9833067835 903.4550000000 338.6440000000
1.0641847511 0.2202341164 1.9862441744 902.7130000000 337.9570000000
1.0642441184 0.6984331108 2.1290406109 784.7690000000 601.7640000000
1.0718637829 0.7538744299 2.1073379892 781.6580000000 640.5210000000
1.0729633687 0.7548501187 2.1069637171 784.2460000000 640.8060000000
1.0752657876 0.1976652483 1.9761594762 916.9660000000 326.8380000000
1.0778185817 0.1496567157 1.9818019513 927.6120000000 292.0060000000
1.0779657094 0.3524249710 2.7073555956 783.5150000000 323.9940000000
1.0798809503 0.7607971739 2.1260232031 782.1370000000 640.5200000000
1.0801055136 0.0855237650 2.7090075554 822.1090000000 197.2720000000
1.0803016838 -0.0487557863 2.6933139375 843.4310000000 130.7580000000
1.0817471486 -0.0493817242 2.7022448451 842.2330000000 130.9980000000
1.0832803738 -0.1838215672 2.7005412615 863.7900000000 63.2525000000
1.0875444950 0.2169815625 1.9761465703 919.6740000000 341.9470000000
1.0888376697 0.2186428145 1.9780850418 920.0740000000 341.9470000000
1.0922319309 0.8220048652 2.0555335628 787.6700000000 696.6480000000
1.0926810574 0.5944551481 2.1253366073 820.5550000000 547.5750000000
1.0926862198 0.7707734623 2.0935957487 792.9050000000 656.0910000000
1.0945007944 0.5567956273 2.1241905602 829.1950000000 526.8570000000
1.0946763151 0.2517720937 2.0056159841 911.6840000000 360.9370000000
1.0984241989 -0.0165426995 2.6188724996 859.0140000000 152.3760000000
1.0991211194 0.6407074409 2.1282249558 815.7420000000 574.5700000000
1.0997044677 0.5610132872 2.1356587748 830.7530000000 526.8160000000
1.1006698317 0.6412520714 2.1284804933 816.2220000000 574.3300000000
1.1010854029 0.6436732250 2.1315753367 815.7420000000 574.7700000000
1.1018829897 0.4062117492 2.7220425506 784.4220000000 350.7690000000
1.1058063942 -0.1094998964 2.7090849911 862.3610000000 103.6190000000
1.1074015679 -0.0765985360 2.2705851716 931.0900000000 127.8360000000
1.1216445586 -0.1820614556 2.7209068283 879.6120000000 70.4658000000
1.1335335067 -0.0188703366 2.7354905358 859.4940000000 152.6160000000
1.1346898786 0.4516767800 2.1282533488 872.1100000000 470.2530000000
1.1423921411 -0.1139119196 2.0529885122 1012.5400000000 112.9410000000
1.1426967212 0.5141234411 2.1380644412 863.7040000000 506.2170000000
1.1450817381 -0.1023115482 2.0605952708 1010.4300000000 122.6360000000
1.1453088826 0.4493356432 2.1363195587 875.7040000000 467.8530000000
1.1521541910 0.1070346045 2.4858406942 883.9350000000 231.8380000000
1.1531866658 0.4160228416 2.7096270404 806.8520000000 361.1260000000
1.1536667666 0.7332868811 2.1222004649 831.2590000000 635.6790000000
1.1563047399 0.1308656731 2.1506322415 944.2850000000 273.5760000000
1.1572726851 0.1386120739 2.0863942365 955.7750000000 285.0870000000
1.1585632787 -0.0339284147 2.7255529652 874.5910000000 147.5750000000
1.1629151603 -0.1122282112 2.0497155669 1027.6700000000 119.1730000000
1.1656512186 0.4281750708 2.7754473131 807.4750000000 361.1740000000
1.1658602948 0.1484838243 1.9733382386 990.2430000000 308.0990000000
1.1675664595 -0.1018686165 2.5391757646 917.7210000000 119.9590000000
1.1677213308 0.1983513278 1.9708189999 978.7350000000 341.9200000000
1.1679949366 0.1979749908 1.9802119400 977.5860000000 342.0650000000
1.1683124226 0.1491347997 1.9773648906 990.7220000000 308.3390000000
1.1689190016 0.1487651737 1.9824059491 989.6690000000 307.5240000000
1.1705838673 0.1995115715 1.9854414252 977.2990000000 341.2010000000
1.1709916949 0.4971159989 2.1528804556 880.9550000000 495.7530000000
1.1732812079 0.5911615533 2.1457537978 865.3950000000 550.9920000000
1.1778731399 0.5955934516 2.1606653161 865.1080000000 549.8410000000
1.1806943775 -0.0264238711 2.7294763697 882.4990000000 154.0590000000
1.1845196968 0.6530067978 2.1645422592 857.6560000000 582.7240000000
1.1864271942 0.6541683320 2.1677145382 857.8950000000 582.9240000000
1.1876739076 -0.2285215340 2.7073297838 919.8730000000 54.6121000000
1.1878752402 -0.2853992839 2.7408852169 924.9030000000 26.2509000000
1.1879939748 -0.0280391781 2.7497386889 882.9790000000 154.7790000000
1.1888122111 0.6059207815 2.1951551390 864.8680000000 550.5610000000
1.1977947424 0.5705894916 2.1604794706 880.9230000000 538.8990000000
1.1986387906 0.5991012850 2.1558462396 873.7240000000 557.0250000000
1.2008327997 0.1650958286 1.9768847898 1007.4700000000 325.9180000000
1.2008379621 0.5723369553 2.1678487600 882.3600000000 538.3230000000
1.2088189928 0.3118538711 2.0754500029 955.1430000000 405.9530000000
1.2125049281 0.6808578073 2.1705280322 867.6200000000 599.6930000000
1.2157649675 0.3907556005 2.1367970783 929.8390000000 441.9290000000
1.2174427392 0.3908407796 2.1423930921 930.9880000000 442.2160000000
1.2198096878 0.3170781940 2.1024388960 955.5580000000 405.8730000000
1.2212164348 0.3173724493 2.1063132579 954.2810000000 405.9530000000
1.2225560709 0.7705850356 2.0985413033 869.5470000000 671.5920000000
1.2305164522 0.5871452260 2.1680733232 895.2830000000 549.8170000000
1.2347908981 0.8004132345 2.1108277542 867.5390000000 683.5780000000
1.2381180484 0.6477231077 2.1285063052 895.5640000000 594.6750000000
1.2394576845 0.6794407356 2.1665349357 883.7430000000 603.0340000000
1.2395635132 0.5427539692 2.1715063022 906.7950000000 525.3610000000
1.2417471975 0.5899509765 2.1679107084 901.5850000000 553.7270000000
1.2421756746 0.4729173692 2.1686824834 923.5840000000 486.7990000000
1.2428235526 0.4675923800 2.1435417204 930.7650000000 489.3900000000
1.2429138941 0.7539131477 2.1133392494 882.7310000000 659.5950000000
1.2475497063 0.1446881885 1.9865848912 1041.3700000000 317.8570000000
1.2480220635 0.7575629464 2.1174123627 883.5290000000 659.5950000000
1.2487293088 0.6813069339 2.1728743314 889.4890000000 604.4660000000
1.2516873493 0.1444274886 1.9914917280 1042.1800000000 316.7060000000
1.2541446395 0.6830285857 2.1753445275 890.5650000000 605.6640000000
1.2580396509 0.5292233860 2.1649552491 922.3120000000 523.3360000000
1.2610131785 0.5293395394 2.1706829035 923.5580000000 521.7530000000
1.2630626411 0.4553317410 2.1720638386 936.9970000000 479.3190000000
1.2663691419 0.5415640419 2.1679184520 924.5490000000 530.7400000000
1.2788878997 0.5405186611 2.1707784074 930.9250000000 531.9570000000
1.2798739132 0.5357150717 2.1886557097 930.7400000000 522.9460000000
1.2813451898 0.4685990430 2.1649836422 947.0430000000 492.2550000000
1.2842877432 0.5465173400 2.1841283074 931.9310000000 531.3330000000
1.2885441209 0.5874317378 2.1706157926 927.4560000000 557.8440000000
1.2900308847 0.6551182089 2.1759769183 915.1190000000 593.6590000000
1.3040725429 0.7647360655 2.1752825790 903.0910000000 653.5840000000
1.3059284164 0.7674772863 2.1810257204 903.4900000000 653.5830000000
1.3065762944 0.7601596207 2.1647358482 908.1180000000 654.7770000000
1.3093510706 -0.0536587513 2.0148927708 1119.0100000000 188.2650000000
1.3105100236 0.6974161230 2.1683159548 921.0810000000 620.2550000000
1.3105126048 0.1630484310 1.9718282441 1081.2600000000 342.8580000000
1.3121464963 0.6964017165 2.1684114588 920.5060000000 619.9680000000
1.3156904663 0.2916483380 1.9809837150 1051.2900000000 426.7850000000
1.3200552538 0.5292595226 2.1680320242 957.4670000000 529.7150000000
1.3210231990 0.5323569472 2.1699188721 956.7790000000 531.9370000000
1.3219756570 0.1179057905 2.0293990427 1080.4900000000 305.8910000000
1.3220659986 0.6021832225 2.1694155406 944.4680000000 569.6680000000
1.3235192070 0.5166117055 2.1689793199 963.0570000000 524.1190000000
1.3235785743 -0.0541440145 2.0470440382 1118.2700000000 187.9140000000
1.3244690838 0.1431513497 1.9806739725 1092.2400000000 329.8630000000
1.3261442743 0.7634996769 2.1699498463 917.0220000000 657.9320000000
1.3269625106 -0.0537385100 2.0519637809 1119.5900000000 188.5530000000
1.3282376171 0.6664392958 2.1752541859 935.4600000000 604.6250000000
1.3291436138 0.7644908527 2.1722006415 918.4510000000 657.5630000000
1.3326230541 0.5411768638 2.1659128696 962.4460000000 539.6970000000
1.3385881776 0.6689585345 2.1711087993 941.2010000000 608.7330000000
1.3413500479 0.6986679988 2.1784806699 934.4460000000 622.5990000000
1.3415513805 0.0739151338 2.0285833875 1105.1600000000 279.8280000000
1.3428213246 0.0750425964 2.0326926375 1104.2400000000 279.8930000000
1.3428703672 0.0077652435 2.0362701629 1119.5500000000 234.6250000000
1.3449456416 0.0341057423 2.0386758294 1113.8000000000 251.9020000000
1.3467085925 -0.0319780697 2.0473847549 1129.3400000000 207.2640000000
1.3484431503 0.5317348811 2.1652830599 972.2870000000 537.1010000000
1.3484973552 0.5366881793 2.1683520915 972.8610000000 536.8130000000
1.3617311018 -0.0326693116 2.0370677498 1139.6800000000 212.4400000000
1.3648672442 0.1796893446 1.9782166824 1111.5600000000 362.2170000000
1.3685402735 0.1365871326 2.0175797867 1111.1900000000 327.8510000000
1.3687441873 0.5322382126 2.1744565991 983.3940000000 536.0850000000
1.3694953128 0.1825023224 1.9865358486 1111.9900000000 362.6970000000
1.3767019874 0.4089168334 2.1706080490 1013.7000000000 469.7720000000
1.3802511197 0.6729000073 2.1464662055 968.7670000000 621.6490000000
1.3808344680 0.6625778398 2.1660987151 965.6160000000 611.5870000000
1.3822980011 0.0297677991 2.0273908791 1141.3700000000 257.3510000000
1.3835343898 0.6961306918 2.1710881498 959.8570000000 627.4080000000
1.3839164055 0.0309130719 2.0278709799 1142.1600000000 258.8780000000
1.3853799386 0.0972942366 2.0218903692 1130.1600000000 303.8580000000
1.3895795301 -0.0099214898 2.0382963949 1154.1500000000 230.8800000000
1.3900802804 0.5431437284 2.1645293533 996.4050000000 547.4340000000
1.3909707900 -0.0095413067 2.0387661709 1154.0300000000 230.2800000000
1.3910662939 0.6465125309 2.1672525057 975.6760000000 604.3890000000
1.3974469886 0.4031478800 2.1417684448 1033.3000000000 473.7360000000
1.4024157739 0.7721776281 2.1712507646 956.3450000000 670.5070000000
1.4050692343 0.0085908878 2.0250858789 1162.1200000000 247.8670000000
1.4094779020 0.5414143330 2.1677145382 1005.0200000000 547.4270000000
1.4099347721 0.4074765309 2.1614267663 1032.6500000000 474.9350000000
1.4100018830 0.0749401233 2.0208372449 1151.1100000000 292.6500000000
1.4104329413 0.5354414659 2.1674667443 1010.1900000000 543.9710000000
1.4108769054 0.6988048017 2.1739919854 974.3350000000 631.5480000000
1.4113002201 0.6966236985 2.1735609272 974.2150000000 631.7080000000
1.4125237029 0.6672343015 2.1754735868 980.9320000000 615.1670000000
1.4147383614 0.5461404867 2.1778869968 1005.8800000000 548.2880000000
1.4158534343 0.6104456026 2.1929275745 990.3380000000 580.6120000000
1.4162664242 0.1803568396 1.9620068270 1149.9000000000 373.0240000000
1.4168446102 0.6470700673 2.1670795662 989.4600000000 607.8270000000
1.4188630985 0.5321272216 2.1727762463 1010.9100000000 543.2520000000
1.4213436194 0.7545868376 2.2141733260 963.3440000000 652.5270000000
1.4248669399 0.0726462222 2.0447261321 1151.6800000000 291.8820000000
1.4289607027 0.4728993009 2.1643357642 1029.1700000000 512.8990000000
1.4301119122 0.1828884680 1.9878057927 1149.6100000000 372.7370000000
1.4324530490 -0.0321819835 2.0307567471 1189.0700000000 223.8520000000
1.4332454734 0.0349136539 2.0255840481 1174.1100000000 269.4140000000
1.4346599640 0.4612968645 2.1746708376 1034.2800000000 507.6860000000
1.4348793649 -0.0317692517 2.0364276153 1189.6600000000 224.4910000000
1.4351168341 0.1371557681 2.0076473784 1155.0900000000 340.2230000000
1.4399488165 0.7443963106 2.1690102942 984.2410000000 661.3180000000
1.4407360786 0.7723299182 2.1726781611 977.3340000000 675.1280000000
1.4410922824 0.1390513920 2.0188290812 1156.8100000000 341.0840000000
1.4426280888 0.7437381079 2.1704222036 984.2810000000 661.4940000000
1.4439909556 0.6949872259 2.1640982950 995.2740000000 637.5200000000
1.4463630666 0.6471242722 2.1677790679 1005.8300000000 610.1130000000
1.4474600712 0.6490524191 2.1693742416 1006.0700000000 610.3530000000
1.4594806598 0.0522631034 2.0238314220 1185.5900000000 284.9470000000
1.4605776643 0.4957660380 2.1600742242 1044.6700000000 531.8660000000
1.4693924185 0.0564621787 2.0091341422 1196.9900000000 291.8120000000
1.4697124857 0.3068670175 2.0667488210 1119.0800000000 444.7100000000
1.4702829281 0.5848892685 2.1676964699 1030.8400000000 580.1860000000
1.4714547871 -0.0128807434 2.0184006042 1211.4800000000 244.6240000000
1.4725363045 0.0129939801 2.0190484822 1206.2000000000 262.6210000000
1.4773760304 -0.0507363312 2.0031354633 1234.5000000000 222.7200000000
1.4887797153 0.1182754165 2.0034090691 1196.4600000000 338.4620000000
1.4928631534 0.5054222592 2.1648261898 1060.4500000000 539.6170000000
1.4937149452 0.1192477497 2.0101356429 1197.0300000000 338.1730000000
1.4950571625 -0.0522711051 2.0271198544 1235.9300000000 221.5660000000
1.5013165414 0.5094411676 2.1790898301 1061.1700000000 539.6160000000
1.5091014019 0.1256333486 1.9828060331 1214.2600000000 349.6670000000
1.5102061500 0.5064108538 2.1615429197 1070.7400000000 543.2030000000
1.5197436366 0.6134733352 2.1508387365 1056.3300000000 605.5170000000
1.5236696223 0.0162486507 2.0154657944 1238.9100000000 273.7830000000
1.5280576404 0.6596585171 2.1657012122 1048.0300000000 628.4800000000
1.5286642194 0.6043436761 2.1660729032 1058.9700000000 597.1280000000
1.5300374110 0.1290472268 2.0082049149 1215.4100000000 348.8030000000
1.5317255074 0.5861953492 2.1712481835 1062.1300000000 587.5400000000
1.5326469912 0.6634786741 2.1750580157 1047.9400000000 628.2880000000
1.5352617338 0.6240355530 2.1792085647 1056.1300000000 605.5170000000
1.5376054518 0.4118026006 2.1551957805 1106.4400000000 495.0080000000
1.5465337782 0.5754834224 2.1597489946 1077.3600000000 585.3230000000
1.5550904136 0.6049141185 2.1615738940 1075.4800000000 603.1040000000
1.5551549433 0.5789938370 2.1722419405 1077.6500000000 585.6100000000
1.5565049042 0.6793658811 2.1467965974 1066.1100000000 646.0050000000
1.5566417071 0.7580611155 2.1677429313 1044.5400000000 681.9690000000
1.5606967522 0.6853774661 2.1656779815 1060.0900000000 645.4510000000
1.5619718586 0.6320604639 2.1806075681 1068.0900000000 612.4960000000
1.5653274020 0.2313678091 1.9871088722 1222.8100000000 425.8920000000
1.5663547144 0.6863428301 2.1713152943 1061.8000000000 645.7210000000
1.5785121060 0.6276982576 2.1646713186 1082.5000000000 616.3740000000
1.5835789764 0.5449660466 2.1633420072 1102.0700000000 574.0890000000
1.5840126159 0.5470258339 2.1661529200 1101.8300000000 574.3290000000
1.5889762388 0.7611972579 2.1643512513 1062.0400000000 689.3830000000
1.5910515133 0.5337559507 2.1691367723 1108.0100000000 567.5340000000
1.5912528459 0.7649296545 2.1683804845 1062.2400000000 689.3830000000
1.6010794254 0.6868229309 2.1680810668 1083.3400000000 648.8660000000
1.6159599694 0.5816085796 2.1343036515 1120.9500000000 603.4670000000
1.6169898631 0.5425371494 2.1529062674 1123.9600000000 579.5030000000
1.6224619799 0.5439335717 2.1626967104 1123.8900000000 578.3850000000
1.6239822991 0.6156905749 2.1627121975 1110.9700000000 617.4530000000
1.6257813866 0.4114515592 2.1414535400 1163.5700000000 511.0670000000
1.6265712299 0.4981820292 2.1600045322 1135.9700000000 554.2210000000
1.6275262691 0.4112760384 2.1384412946 1162.4200000000 512.2180000000
1.6285561628 0.6614033997 2.1706725787 1101.9700000000 639.4260000000
1.6307475907 0.6023922986 2.1571497391 1117.8300000000 611.4570000000
1.6312328539 0.5904052654 2.1625728134 1120.4200000000 604.2660000000
1.6336101273 0.5904362397 2.1646687374 1120.7100000000 604.2660000000
1.6344799873 0.6043127019 2.1634013745 1118.6900000000 611.1690000000
1.6358480165 0.4755321118 2.1614732277 1145.9300000000 542.5440000000
1.6363487668 0.3327021199 2.1237620831 1191.1800000000 467.9080000000
1.6386718353 0.3354872208 2.1239582534 1191.1800000000 469.0590000000
1.6396836607 0.5472891150 2.1658922201 1131.7400000000 580.2960000000
1.6398411131 0.4044023370 2.1026505533 1180.8500000000 515.5580000000
1.6470297193 0.2996113004 2.0185322447 1244.3200000000 474.7680000000
1.6595975197 0.7011407761 2.1656908875 1110.6100000000 664.6610000000
1.6602170046 0.4128918616 2.1364950794 1180.8000000000 516.2290000000
1.6626226710 0.7004851545 2.1673764027 1111.7600000000 664.6600000000
1.6668016130 0.5379813541 2.1645758146 1146.2900000000 581.8180000000
1.6672868762 0.6032105350 2.1624902154 1135.9200000000 614.6060000000
1.6678702245 0.5478492326 2.1702286145 1146.0900000000 583.8790000000
1.6709624868 0.6060704904 2.1701847343 1135.0600000000 615.7570000000
1.6859720901 0.4077243249 2.1289941495 1199.8000000000 518.5390000000
1.6861140554 0.6733775269 2.1669066266 1130.4900000000 652.1850000000
1.6947610324 0.5433140868 2.1655669905 1163.5200000000 583.5300000000
1.7111618957 0.6085148746 2.1694181218 1155.8400000000 621.4130000000
1.7200153677 0.4977070907 2.1558927010 1189.3800000000 567.9840000000
1.7217189512 0.5432908561 2.1651617441 1177.3000000000 588.6960000000
1.7288559337 0.5025752097 2.1647487542 1189.6700000000 566.8330000000
1.7301207154 0.6527460979 2.1657631607 1158.0100000000 647.3730000000
1.7323947413 0.6539437687 2.1699834017 1159.2100000000 647.3720000000
1.7493944400 0.5440419815 2.1543285016 1195.1500000000 595.8250000000
1.7548536509 0.6980020525 2.1611815535 1162.7800000000 675.3290000000
1.7568902075 0.5446640477 2.1650791461 1195.3900000000 594.1480000000
1.7571844629 0.6689507909 2.1656082895 1169.5000000000 658.8680000000
1.7575535726 0.5416492210 2.1658999636 1196.2500000000 593.8590000000
1.7581214338 0.4459284761 2.1543620570 1221.7200000000 543.4860000000
1.7622358462 0.7007277861 2.1705125451 1163.4500000000 674.9780000000
1.7622926323 0.6505495076 2.1620591571 1179.5600000000 651.6720000000
1.7716055556 0.4762935620 2.1586803831 1219.8300000000 561.0610000000
1.7799892515 0.4135655514 2.1181970436 1251.6600000000 536.4750000000
1.7826685238 0.6988073829 2.1634013745 1177.1500000000 678.5160000000
1.7853297278 0.6702826835 2.1677609996 1183.1400000000 662.9340000000
1.7855026673 0.6029782281 2.1591940394 1199.7200000000 630.3710000000
1.7926293251 0.6526480128 2.1661761507 1192.7700000000 655.9790000000
1.7943716264 0.6846547337 2.1672292750 1186.7300000000 671.8000000000
1.8015499079 0.6078618343 2.1763873271 1201.4000000000 630.0900000000
1.8029205183 0.5811852649 2.1410147382 1219.7900000000 624.3280000000
1.8423636394 0.5092011172 2.1662097061 1248.6300000000 584.4080000000
1.8578920614 0.6080425174 2.1168290144 1252.5900000000 654.3110000000
1.8584573414 0.6645885846 2.1159539920 1239.8800000000 683.2810000000

gimbalangles:
-0.2034274663 -0.2582732664 0.0336322559

end: