T_CW:
0.6915989885 0.2629182092 0.6727294065 -0.6848642555
-0.0563541941 0.9481976388 -0.3126426755 0.1690608688
-0.7200798872 0.1783122346 0.6705890717 0.0183180862
0.0000000000 0.0000000000 0.0000000000 1.0000000000


target_points_pix:
-3.5488226121 -0.3219566377 1.9108193042 79.7990000000 195.0970000000
-3.3902086607 -0.2149602348 1.6883287140 38.4013000000 234.3220000000
-3.3751345276 -0.1874992426 1.6341263647 23.6712000000 245.3360000000
-3.1247335605 -0.1699118076 1.6701313445 62.4415000000 238.4200000000
-3.0364827713 -0.1348213425 1.7198140351 92.7223000000 244.2510000000
-2.8429711694 -0.0681869633 1.4635976533 31.0030000000 279.0700000000
-2.8350727367 -0.0130399511 1.6299990464 100.0410000000 282.7810000000
-2.2607301990 -0.0839433041 3.1169383753 591.8790000000 125.8160000000
-2.2094187793 -0.2102325324 3.0732646884 583.0310000000 86.1384000000
-2.1928398141 -0.0667469189 3.0720515305 599.8880000000 128.2260000000
-2.1916963482 -0.0348726130 3.0987151939 608.3020000000 136.6450000000
-2.1298949839 -0.3307817166 3.1117501891 597.3990000000 41.6615000000
-2.1253185390 -0.3315199362 3.1062006367 597.3990000000 41.4209000000
-1.9236555480 -0.3559018301 2.9916991740 613.7950000000 22.6363000000
-1.6143802829 0.5211520138 1.1990646865 187.1600000000 553.3700000000
-1.6124056747 0.4751862327 1.0996296133 129.4100000000 553.1610000000
-1.6119565481 0.5234234585 1.1617665320 170.0070000000 561.7920000000
-1.6055706911 0.5149365151 1.1917625080 185.3740000000 551.4000000000
-1.6025920011 0.5112170243 1.1252014346 148.8380000000 565.2670000000
-1.6000392070 0.5127708990 1.1923845741 187.4030000000 550.2450000000
-1.4865211766 -0.2026794625 1.1887631685 66.5285000000 164.1080000000
-1.4814078448 -0.2015359966 1.1868892267 66.6510000000 164.7110000000
-1.4423054404 -0.2016635072 1.1711852839 66.6517000000 165.0000000000
-1.4300035024 0.2084863593 1.3919413164 271.6020000000 357.5010000000
-1.4182978185 -0.3175995938 1.1673031784 41.0696000000 88.6971000000
-1.4140595092 -0.3157927628 1.1655970137 40.2587000000 87.9709000000
-1.4120513456 -0.3158340617 1.1631990908 40.2551000000 86.8130000000
-1.3786146470 -0.2713653692 1.1525310443 50.5184000000 112.6020000000
-1.3669476810 -0.2930679909 1.4322568787 214.4880000000 73.0969000000
-1.3636798981 -0.2967461826 1.1669598805 56.2870000000 95.2555000000
-1.3539307542 -0.2836001964 1.1625744435 57.2760000000 101.8100000000
-1.3407228194 0.0049438252 1.1670657092 127.8530000000 276.0780000000
-1.3406763581 -0.1582484553 2.6103029582 686.2750000000 54.9780000000
-1.3388901765 -0.2227352868 2.6010106844 678.0910000000 31.4042000000
-1.3380900085 -0.2255384560 2.5990231703 677.8470000000 27.3153000000
-1.3289242129 -0.2810887013 1.1656925176 63.5684000000 98.1707000000
-1.3148464181 0.0417607691 1.1653156643 138.7630000000 299.6750000000
-1.3139868828 -0.0901185363 2.6145619170 703.0970000000 80.2343000000
-1.3124665635 -0.1946579071 1.2094333154 116.0080000000 146.0300000000
-1.3065504825 -0.1957076759 1.2061371394 114.9220000000 147.1520000000
-1.2964477160 0.0153516623 1.1711284978 142.3690000000 281.8720000000
-1.2912182308 -0.2154137494 2.6288100702 700.6540000000 27.3364000000
-1.2900386282 -0.0298522039 2.5786343728 706.9130000000 103.8710000000
-1.2466256413 -0.0297125617 2.4939559466 698.9150000000 105.8690000000
-1.2048878448 0.3266337489 1.1709065157 232.3180000000 463.1410000000
-1.1871396018 0.1441987954 1.4439986992 351.0950000000 304.6740000000
-1.1860193666 0.1329334622 1.4443032793 348.6820000000 297.4620000000
-1.1847287730 0.1459044439 1.4434798805 352.0110000000 305.7320000000
-1.1783816338 0.1300513086 1.4415078536 348.5370000000 297.0780000000
-1.1752351666 0.3949319613 1.9014237830 587.9840000000 358.9990000000
-1.1751551498 0.3428849033 1.9013153731 581.9780000000 334.9930000000
-1.1747576470 0.2412731149 1.9013386038 566.9540000000 285.9670000000
-1.1746518183 0.2393429031 1.9006597516 565.8720000000 285.0870000000
-1.1715879491 0.1389179446 1.4431520698 354.5050000000 300.8710000000
-1.1629719464 0.0689104700 1.8678270508 532.8690000000 202.8740000000
-1.1604991691 -0.0904610598 1.8659298782 509.5160000000 122.1280000000
-1.1596577020 0.0234133035 1.8656485288 526.6410000000 179.8390000000
-1.1592111567 -0.0373990790 1.8566505104 514.5930000000 148.5800000000
-1.1590278924 0.0456059636 1.8473892108 523.0460000000 193.0540000000
-1.1579437938 0.0564696641 1.8609456058 529.0580000000 196.6640000000
-1.1577553671 0.1559881097 1.8603751634 544.9130000000 247.9290000000
-1.1571849247 0.0002443179 1.8550940545 519.8210000000 169.8190000000
-1.1568416268 -0.0370485538 1.8542758182 513.7910000000 148.7800000000
-1.1559562797 0.1504426872 1.8589013056 544.2310000000 246.1670000000
-1.1546372930 0.1394135325 1.4493288507 360.6760000000 297.0860000000
-1.1545959940 0.0227162281 1.8405387401 518.2300000000 182.2360000000
-1.1519580207 -0.1266988627 1.8520663220 500.7160000000 102.6790000000
-1.1519554395 0.1131269806 1.8502491662 536.2900000000 226.7040000000
-1.1487341180 0.1409736021 1.8116242814 525.4860000000 245.9170000000
-1.1443977235 0.0670984766 1.4528728206 353.7070000000 256.1230000000
-1.1440673316 0.1494476395 1.8016583178 525.2000000000 250.4810000000
-1.1433807358 0.1325961010 1.8022778027 522.5990000000 241.8310000000
-1.1375162785 0.1339217987 1.7956441517 523.0810000000 243.5130000000
-1.1367083669 0.1330924633 1.4502374286 366.7430000000 295.0720000000
-1.1343027005 -0.1098000884 2.7120533563 782.8540000000 47.8347000000
-1.1342484956 0.0437157602 1.4520261913 350.8030000000 241.6960000000
-1.1339077789 -0.1090123101 2.7123114750 782.2550000000 49.0363000000
-1.1305935345 0.1133799369 1.4555185375 366.7320000000 280.6520000000
-1.1304773811 0.0545368712 1.4592457718 359.4780000000 245.7910000000
-1.1286550630 0.0437859685 1.4492539962 352.4490000000 241.7780000000
-1.1276664683 -0.0393827213 1.4605725020 341.3500000000 190.4670000000
-1.1248245812 0.1568450638 1.4554281959 378.5890000000 306.8950000000
-1.1235185005 -0.0012891146 1.4551107099 347.4020000000 214.5230000000
-1.1228035117 -0.1288928718 1.4578751614 325.8010000000 136.0270000000
-1.1199332315 0.1502630366 1.4536420144 378.0180000000 304.0190000000
-1.1169984217 -0.1271885139 1.4554385207 325.2110000000 138.5210000000
-1.1146882592 0.1291360196 1.4496514991 374.5420000000 291.9050000000
-1.1136093230 -0.0508070557 1.4564580896 343.2220000000 184.5520000000
-1.1114979119 0.1547251348 1.4423441582 377.5850000000 305.8930000000
-1.1110281358 -0.0686957153 1.4559521769 340.6000000000 169.5390000000
-1.1109945804 0.1334626055 1.4505910512 375.1690000000 292.6740000000
-1.1083462824 -0.0549315347 1.4557921433 342.3410000000 180.6470000000
-1.1027451062 -0.3031630139 1.4073200295 266.7030000000 29.0477000000
-1.0961191987 -0.3017252927 1.4035308468 267.5050000000 27.8448000000
-1.0919402567 -0.0577989755 2.6376893540 783.8660000000 70.8708000000
-1.0844754634 -0.2492722139 1.3694333643 262.2750000000 62.5260000000
-1.0835591420 -0.2491996826 1.3697121325 261.4070000000 63.1022000000
-1.0825060176 -0.2832388302 1.4534819808 304.1960000000 33.7123000000
-1.0726407203 -0.2822476543 1.4501625741 304.9200000000 33.9548000000
-1.0676280548 -0.2034721451 1.2653779660 212.1360000000 101.1970000000
-1.0606665930 -0.0349923801 1.4787208289 372.4180000000 184.0110000000
-1.0555222870 0.0367197105 1.4912008689 395.5800000000 226.5930000000
-1.0440902090 -0.2763186674 1.4733880963 329.0240000000 27.9853000000
-1.0308203258 -0.1891160983 1.2627993601 221.8080000000 105.7940000000
-1.0291012551 -0.2066397780 1.3007608797 245.8210000000 89.0817000000
-1.0279552080 -0.1847546663 1.2553216608 222.6220000000 110.2510000000
-1.0266955887 -0.1911397490 1.2865695127 240.6360000000 102.9430000000
-1.0258283098 -0.1906498397 1.2879427042 241.1180000000 102.4620000000
-0.9978043607 -0.1426289174 1.9620481259 595.0220000000 64.5082000000
-0.9917359897 -0.1107458354 2.6310298911 811.8290000000 35.8303000000
-0.9531007802 -0.1245014980 2.7408852169 849.7910000000 22.8252000000
-0.9388500459 -0.0985463705 2.6012429912 820.6220000000 35.8347000000
-0.9268088077 -0.1015844278 2.5810658511 823.0200000000 35.8358000000
-0.9265506890 -0.0784564745 2.5295298682 810.8360000000 49.8528000000
-0.9178779001 0.2852805493 1.4272338885 457.7410000000 380.1510000000
-0.9110325918 -0.0303121715 2.5088493966 815.8420000000 71.8872000000
-0.9046235040 0.2844287575 1.4179287088 457.8220000000 381.9920000000
-0.8966940970 0.2770155879 1.4203292128 459.8250000000 376.9890000000
-0.8820742529 0.2693726927 0.9683220409 176.6990000000 490.8320000000
-0.8798415260 0.2690035830 0.9695790791 178.7280000000 490.0780000000
-0.8786928977 0.2686086613 0.9673334462 177.2780000000 491.1200000000
-0.8772784072 -0.1492796043 1.5370375906 448.3600000000 81.1603000000
-0.8709364303 -0.1514119230 1.5272290794 443.0620000000 78.7464000000
-0.8549279075 0.4538269089 1.0617481104 301.7120000000 595.3430000000
-0.8391981529 -0.0264187088 2.5126024427 846.5290000000 64.6891000000
-0.8030460454 0.2086985328 0.8681177739 98.3776000000 478.7200000000
-0.7972590238 0.3489765050 1.7856214019 678.9950000000 344.0000000000
-0.7962652668 0.3455538508 1.7843308083 678.2350000000 344.1600000000
-0.7676347387 -0.0399931721 2.5348832503 879.3670000000 47.8753000000
-0.7666771183 0.2115504865 0.8402667644 84.4372000000 492.5750000000
-0.7664473926 -0.0412731828 2.5315509377 878.1680000000 47.3943000000
-0.7658640443 -0.0407977281 2.5298705849 878.7680000000 48.8766000000
-0.7642146657 0.2126513629 0.8447735172 88.0677000000 492.0940000000
-0.7567911714 0.3476058946 1.5003718269 573.0950000000 401.7630000000
-0.7297583982 0.3444774957 1.1563899191 386.7220000000 490.7970000000
-0.7264338291 0.3421957263 1.4892133548 579.9790000000 399.0020000000
-0.7076711796 0.3510646854 1.2086718652 434.7720000000 480.0310000000
-0.7068684304 0.3503961579 1.2081375594 434.1700000000 480.0310000000
-0.7053584359 0.0156619468 2.3219533774 852.8090000000 84.9164000000
-0.6944684073 0.3420821540 1.4900574030 596.1480000000 397.4410000000
-0.6921918002 0.0183129035 2.3723175014 875.7790000000 79.1154000000
-0.6871146050 0.0179206921 2.3645481280 875.7790000000 78.9151000000
-0.6525628336 0.3631498037 1.3649988847 552.9140000000 444.1000000000
-0.6273033360 0.3562089914 1.3482108434 552.9150000000 443.5240000000
-0.6133984807 -0.0509046246 2.5427868454 947.6700000000 23.8487000000
-0.6011791407 -0.0184195065 2.5162083612 948.3420000000 39.6170000000
-0.6009571586 0.3861404378 1.8113197013 784.7090000000 352.7840000000
-0.6005932112 0.3778186904 1.0330040101 365.5560000000 569.0870000000
-0.5999195213 -0.0186014028 2.5165697274 950.6660000000 39.8734000000
-0.5987037822 -0.0307948535 2.6345144938 980.0200000000 26.2515000000
-0.5957767159 -0.0299923624 2.6325786034 979.6210000000 26.8525000000
-0.5910376563 0.0407272617 2.6301522875 988.4020000000 59.8971000000
-0.5883841959 -0.0035505778 2.5668460910 968.6370000000 42.8771000000
-0.5611578337 0.3003675882 1.2419201371 509.6700000000 432.0100000000
-0.5552753081 0.3967929972 1.0373894471 395.3420000000 587.5940000000
-0.5478130960 0.3715128501 1.4932580751 673.9070000000 414.7040000000
-0.5470568082 0.3788614900 1.0667014086 415.8590000000 558.7750000000
-0.5469458171 0.4281957203 1.4995871460 688.7670000000 453.5610000000
-0.5469406547 0.3891320337 1.0464881319 404.3010000000 576.0650000000
-0.5393674516 0.3887035567 1.5046720847 686.8580000000 424.7770000000
-0.5367785209 0.6339808672 1.3581948754 665.8530000000 641.8320000000
-0.5207261179 0.3668899439 1.1132711875 463.4900000000 534.2690000000
-0.5095263468 0.4106229981 1.5024238707 705.5620000000 439.1630000000
-0.5040413240 0.0372578880 2.2629371140 935.6900000000 74.9179000000
-0.5034192579 0.4186866268 1.1855857271 534.1380000000 548.6310000000
-0.4998675444 0.4285132063 1.5032988931 714.1910000000 452.1120000000
-0.4938275664 0.3889203764 1.1995138131 541.1200000000 519.5950000000
-0.4928570400 0.4620428276 1.1633668680 537.2790000000 594.4050000000
-0.4928028351 0.3880556787 1.1990337123 541.3600000000 519.8350000000
-0.4902422974 0.3826377668 1.5033995594 711.3240000000 420.4510000000
-0.4840319611 0.4298270306 1.5022354440 725.7010000000 452.6830000000
-0.4828859140 0.4303406868 1.5030769110 724.9420000000 451.9480000000
-0.4786863225 0.5014601369 1.1690428986 558.0050000000 625.4780000000
-0.4764329461 0.5006806183 1.1697449815 559.0630000000 623.9420000000
-0.4747809863 0.4819670114 1.1662010115 553.0710000000 610.7530000000
-0.4740324420 0.4332574283 1.5034666703 734.3310000000 456.1330000000
-0.4737510926 0.4448779330 1.2886138129 621.5480000000 532.7480000000
-0.4733148720 0.4171766323 1.5017088818 727.9420000000 444.9510000000
-0.4622673909 0.5582230238 1.2793809064 646.4360000000 624.8240000000
-0.4594977771 0.4487393890 1.1905493501 570.9090000000 573.9580000000
-0.4529596300 0.4517955146 1.1837737337 567.2640000000 578.8380000000
-0.4528770320 0.3872142117 1.5149064918 740.1000000000 419.0020000000
-0.4527066736 0.3872245364 1.5163803497 739.5240000000 419.8660000000
-0.4492194898 0.5211442702 1.3025728731 659.4230000000 587.4040000000
-0.4446533697 0.4766084668 1.1844500048 581.8940000000 601.1350000000
-0.4434866731 0.4353636771 1.5159776845 755.0460000000 454.3960000000
-0.4420308835 0.5532800504 1.2804727486 658.2410000000 623.6630000000
-0.4403763425 0.5224839063 1.1953090592 601.7900000000 634.9380000000
-0.4387372887 0.5208500149 1.1925755820 598.6700000000 634.7010000000
-0.4370233804 0.5540724749 1.2011322174 614.7310000000 656.5100000000
-0.4364245450 0.4329657542 1.5057355338 755.9090000000 454.7320000000
-0.4321630050 0.5523921220 1.1983006551 615.0190000000 656.5100000000
-0.4219647345 0.4091981828 1.5188892636 763.6840000000 435.3990000000
-0.4203643984 0.0334849668 2.5891372234 1059.0800000000 37.0458000000
-0.3936749231 0.2782339083 2.5833811760 1098.3300000000 163.9240000000
-0.3872580918 0.1888352651 2.5745793278 1090.3800000000 115.9100000000
-0.3815433435 0.3902367818 2.6755037460 1133.9400000000 210.1400000000
-0.3791196087 0.1434719331 2.5839232253 1092.5900000000 89.8888000000
-0.3788589088 0.2874848831 2.5806864166 1107.3100000000 166.9190000000
-0.3779348438 0.2874848831 2.5799946585 1106.6700000000 166.9600000000
-0.3768584887 0.3894701692 2.6675278777 1134.4100000000 209.9000000000
-0.3719284213 0.4111831157 1.5237935192 797.6230000000 434.8080000000
-0.3535219756 0.0919380151 2.5858591157 1100.1300000000 62.0638000000
-0.3499857492 0.0254744847 2.5833553641 1096.4200000000 23.8052000000
-0.3447149650 0.1432659544 2.5894727777 1111.3500000000 85.8733000000
-0.3422525124 0.1439703604 2.5895244015 1112.1900000000 84.5435000000
-0.3260013580 0.3594328942 2.6585711582 1156.1800000000 191.8850000000
-0.3246952773 0.0643660319 2.3911317746 1066.5000000000 53.1439000000
-0.3182603777 0.2630745961 2.5868141550 1136.8600000000 146.7730000000
-0.3177983452 0.2627984090 2.5853428783 1139.7300000000 146.7710000000
-0.3176460551 0.1168782199 2.5834586116 1124.2700000000 67.2370000000
-0.3112343862 0.2867415012 2.5837941660 1144.0300000000 159.7310000000
-0.3047323757 0.2668741036 2.5880273129 1145.2400000000 147.8870000000
-0.3017717541 0.4127369904 2.1911129999 1074.5200000000 283.1100000000
-0.3015807462 0.1304914010 2.5868141550 1132.6000000000 71.8437000000
-0.3007160485 0.1320362415 2.5898083321 1135.3200000000 73.8437000000
-0.2956130415 0.0602405205 2.3717005976 1080.8800000000 48.8109000000
-0.2799813720 0.0953260814 2.5822712655 1141.7200000000 51.4116000000
-0.2762463942 0.0556839508 2.1111400779 1021.5400000000 65.8966000000
-0.2756449776 0.1107837788 2.5872271449 1148.3000000000 60.8179000000
-0.2740472227 0.2420255309 2.5876401348 1162.0200000000 130.6660000000
-0.2734122507 0.1368999725 2.6036693072 1155.2800000000 70.8234000000
-0.2714918474 0.3915273754 2.2973133647 1115.2300000000 250.4610000000
-0.2703199884 0.1473452626 2.1781915769 1056.4100000000 116.5680000000
-0.2699792717 0.1442480961 2.5884661147 1154.1600000000 76.1502000000
-0.2692152403 0.2890026211 2.5873562043 1169.0300000000 157.1180000000
-0.2674445459 0.1630484310 2.5828649386 1156.2700000000 86.8391000000
-0.2652195626 0.1440261140 2.5877691942 1154.2800000000 76.8309000000
-0.2649562815 0.2199269551 2.5804257167 1163.9000000000 117.3600000000
-0.2584362027 0.4025877624 2.2261835899 1106.6000000000 270.6170000000
-0.2564605621 0.4035789383 2.2219788360 1106.8400000000 271.0960000000
-0.2497172106 0.1456052843 2.0668185131 1036.4900000000 128.9430000000
-0.2483120123 0.3601375583 1.5442545899 881.7350000000 387.5290000000
-0.2395488819 0.3849040491 2.6820857733 1212.1100000000 193.3700000000
-0.2294053325 0.0940236143 1.8624220449 979.3860000000 112.2690000000
-0.2263804393 0.0865985713 1.9057859893 992.5860000000 102.9390000000
-0.2186332641 0.1947492812 2.5856009970 1189.1900000000 97.8174000000
-0.2146208087 0.1939849916 2.5809522789 1189.5900000000 98.2173000000
-0.2137114564 0.1949955264 2.5808464502 1189.7800000000 98.3132000000
-0.2028872481 0.2379730671 2.5816775925 1201.5500000000 120.7820000000
-0.1903385485 0.5684496874 1.8741819336 1080.3900000000 447.3370000000
-0.1878327320 0.5699545195 1.7598224362 1043.2700000000 481.7170000000
-0.1871856284 0.5688317031 1.7524970270 1042.9800000000 481.8290000000
-0.1845125510 0.2533739784 2.5830456217 1214.7200000000 128.2120000000
-0.1717787803 0.2423641827 2.5916151631 1223.1100000000 119.7970000000
-0.1711407108 0.5626549222 1.8946275171 1097.8700000000 437.4970000000
-0.1692990338 0.2394236943 2.5860397988 1223.1100000000 118.5960000000
-0.1690274929 0.1083618509 2.5882338079 1210.2200000000 43.7291000000
-0.1674632935 0.2526543435 2.5842071559 1225.9800000000 125.0770000000
-0.1634492893 0.1656925991 2.5855235614 1219.1700000000 74.7600000000
-0.1613572371 0.5645520948 1.8925135249 1102.1700000000 440.3700000000
-0.1467492665 0.2349427534 2.5811226373 1234.6200000000 113.5390000000
-0.1227785556 0.5221251213 1.8999860617 1130.9100000000 407.5580000000
-0.1170346398 0.5159405969 1.9806300924 1155.3400000000 384.2390000000
-0.1140288474 0.5192729095 1.9169857604 1141.0500000000 401.7490000000
-0.1093821942 0.1658552139 2.5869690262 1254.1400000000 66.7029000000
-0.1080866964 0.5166633293 1.9831493310 1161.0900000000 384.2340000000
-0.0807503756 0.5671177948 1.8900071921 1166.5500000000 441.2770000000
-0.0691324521 0.5260614317 1.9344371668 1180.8900000000 400.6150000000

gimbalangles:
-0.2069494537 0.2634468592 -0.8145348790

end: