T_CW:
0.1126428175 0.1210798685 0.9862308356 -0.1782248038
-0.0547631618 0.9917957624 -0.1155082761 0.1845175657
-0.9921252904 -0.0409979411 0.1183493855 0.3463011930
0.0000000000 0.0000000000 0.0000000000 1.0000000000


target_points_pix:
-3.4189888976 -0.1592775746 1.2250907967 761.5630000000 518.0620000000
-3.3781545166 -0.2467454898 1.6338992202 827.2140000000 494.8630000000
-3.2746747231 -0.1529825754 1.2086228226 762.5790000000 518.4650000000
-3.0011463190 -0.1164592932 1.6825675043 864.2660000000 511.2980000000
-2.2247200568 -1.9198792712 2.9202777250 1149.3100000000 69.6349000000
-2.2140726597 -1.9164024121 2.7553140532 1118.7300000000 69.6953000000
-2.1289760812 -1.8201783357 -0.8200870431 254.4740000000 117.0420000000
-2.1184035386 -1.8162729995 -0.8183008616 254.4740000000 117.0420000000
-1.8800670403 -1.8995111233 2.9568789591 1233.4100000000 15.2888000000
-1.8398676314 -1.7970276680 1.5594655259 910.4480000000 44.7522000000
-1.8292821828 -0.1373909143 0.4076727011 653.0010000000 535.0100000000
-1.8063199418 -1.7744216308 1.5364774730 910.0000000000 44.5864000000
-1.7959048516 -1.9992636825 2.2101776483 1075.6600000000 -23.4071000000
-1.7814889212 -0.9296403700 0.5862598789 677.3030000000 291.2470000000
-1.7803583613 0.2578817637 0.0542343560 560.3100000000 674.4260000000
-1.7731439431 -1.9101559391 1.6081028357 928.4620000000 -1.1033500000
-1.7685984725 -0.9036090975 0.5798895089 678.4910000000 298.8350000000
-1.7679893124 -1.7055194205 1.6672894574 954.3080000000 54.2571000000
-1.7660482596 -0.8799267052 0.4142237542 630.9050000000 308.9530000000
-1.7628604935 -1.8580417702 1.5822212720 923.7220000000 9.5322400000
-1.7622074531 -0.8146200887 0.4433059900 640.6800000000 326.5030000000
-1.7617557454 -1.1507293756 0.5804134899 669.3300000000 224.6720000000
-1.7590971226 -1.1489922367 0.5791822636 668.7350000000 224.6740000000
-1.7587822177 -0.1560619317 -0.9241011424 214.8440000000 582.7130000000
-1.7546239252 -0.8745500923 0.4130854506 630.7010000000 308.9520000000
-1.7511599720 -0.8318133764 0.3020376163 596.2380000000 324.4270000000
-1.7372809286 -1.8984166999 1.1596215654 812.2340000000 -2.6858500000
-1.7325728432 -1.1583025788 0.0548166719 507.9690000000 228.1930000000
-1.7305956539 -0.8238375081 0.1320568910 543.9950000000 329.7050000000
-1.7299606818 0.0582764951 0.6794020178 747.9740000000 583.6880000000
-1.7256681676 -1.0845090189 0.1121925908 527.5350000000 248.2650000000
-1.7202631616 -1.8169544329 1.6600259967 954.6040000000 9.9083700000
-1.7152195219 -0.5414607944 0.1752891949 567.1030000000 415.8600000000
-1.7111154343 -0.5412749489 0.1790097180 567.5050000000 415.4570000000
-1.6842091393 -0.5251038113 0.1647455615 566.8590000000 415.6150000000
-1.6687194351 0.1691867522 1.0192307954 859.8050000000 606.9400000000
-1.6546468027 -0.5205273665 0.1058859762 544.0170000000 420.5690000000
-1.6479744338 0.1671419357 1.0122331970 860.0590000000 606.9440000000
-1.6457649376 0.1662191613 1.0142491042 860.4860000000 607.1570000000
-1.6406645118 -1.5600282247 1.1519322089 833.1230000000 73.7067000000
-1.6369734141 0.3251624722 1.1061961534 899.6600000000 653.9770000000
-1.6298080386 -1.5521659286 1.1414706573 832.4690000000 73.4981000000
-1.6276062859 0.3252502325 1.1037259573 899.4070000000 654.2220000000
-1.6138304900 -1.2803591763 1.1470718334 845.7730000000 149.5870000000
-1.6055706911 0.5149365151 1.1917625080 936.3130000000 712.6000000000
-1.6034696047 0.5085171026 1.1860090418 936.0510000000 712.9090000000
-1.5561693499 0.2682860129 0.6920833903 774.7170000000 658.7480000000
-1.5499486888 -0.9577598230 1.1540513635 870.3050000000 238.7940000000
-1.5364800542 0.2652014943 0.6857130204 774.3260000000 658.9900000000
-1.5246891912 0.2603462812 0.2566275649 629.7510000000 681.1640000000
-1.5225829425 -0.8565953544 1.1694300767 884.6070000000 269.7290000000
-1.5187137429 -1.2368429419 0.7845053780 742.5730000000 153.6210000000
-1.5065408642 -0.8438933324 1.1615703617 883.8340000000 269.5010000000
-1.5007048000 -1.2268563288 0.7669920231 743.3650000000 152.3550000000
-1.4865211766 -0.2026794625 1.1887631685 927.6140000000 477.8140000000
-1.4814078448 -0.2015359966 1.1868892267 926.1880000000 479.2080000000
-1.4788705378 -0.6355553914 1.1575024108 896.4710000000 335.1310000000
-1.4627148873 0.4781855722 0.5728996541 754.4960000000 748.1200000000
-1.4544473448 -0.5502394119 1.1683408157 910.0090000000 361.0940000000
-1.4471761406 0.4737356055 0.5688549338 753.9990000000 748.1100000000
-1.4424112691 -0.9207172060 0.7772031995 763.1500000000 243.7810000000
-1.4423054404 -0.2016635072 1.1711852839 926.9790000000 478.7090000000
-1.4389963584 0.4735265293 0.5964349187 763.4630000000 748.3070000000
-1.4365442306 0.4885542010 0.5640461821 753.9050000000 753.9240000000
-1.4172808308 0.4798891557 0.5911125107 764.0450000000 752.1990000000
-1.4033656508 -0.5464140926 -0.0165454872 496.0840000000 397.3590000000
-1.3860510473 -0.5244197967 1.4704765171 1021.2900000000 356.0430000000
-1.3636798981 -0.2967461826 1.1669598805 935.2660000000 441.4070000000
-1.3625312698 -0.2957343573 1.1639657034 933.6720000000 442.0260000000
-1.3624280223 -0.5181862297 1.4541479271 1020.6200000000 355.2060000000
-1.3612251891 -0.5169963024 1.4529838117 1021.0300000000 355.5350000000
-1.3455160840 -0.5548055320 1.5251770356 1045.7200000000 337.9310000000
-1.3442590459 0.1506166592 0.1771788820 597.4690000000 656.5260000000
-1.3431129988 -0.8896939174 2.5969324086 1352.8900000000 196.7190000000
-1.3430433067 0.0036805664 1.1660151660 954.4640000000 551.1320000000
-1.3410532114 -0.5566588244 1.5173302266 1043.9500000000 336.8590000000
-1.3408699471 0.0095349828 0.7817306018 821.3360000000 569.3510000000
-1.3407228194 0.0049438252 1.1670657092 954.1340000000 550.2310000000
-1.3367168170 -0.1881817085 -0.7468019771 197.3950000000 569.8450000000
-1.3324656017 0.5365049150 0.6066254456 780.4670000000 780.3390000000
-1.3310485299 -0.2736832753 1.2173911154 962.3650000000 447.0230000000
-1.3282298735 -0.2685596188 1.2146963560 960.7310000000 448.5460000000
-1.3105719721 0.0129661549 1.1812751446 964.1620000000 554.8310000000
-1.3089148500 -0.3613403915 0.7764804671 805.3660000000 429.6540000000
-1.3075700515 -0.1950370835 1.2079517139 967.8450000000 477.5610000000
-1.3047100961 -0.3039063958 0.7986735144 814.0850000000 454.4370000000
-1.3001981809 0.0161347945 1.1705451495 963.8390000000 554.8280000000
-1.2983371450 -0.1908261348 1.2019865904 966.8910000000 475.4690000000
-1.2973562938 -0.0233467863 0.0204618967 525.8210000000 597.8730000000
-1.2964193229 -0.0231568884 0.0205913948 525.8830000000 595.5560000000
-1.2884176427 0.5507040256 0.4192080266 716.4170000000 807.7560000000
-1.2841096413 0.5210565098 0.4096705400 710.0430000000 797.9050000000
-1.2802714160 0.5009645489 0.4909005002 743.0910000000 785.2600000000
-1.2767532579 0.5018215031 0.4903894251 742.2410000000 784.3650000000
-1.2758575859 0.5398165782 0.5824861832 780.1510000000 794.5630000000
-1.2630936154 0.5482751285 0.6340815335 802.6290000000 799.8120000000
-1.2594851157 0.5680934836 0.5712915745 778.5270000000 808.6580000000
-1.2561760338 0.5994574888 0.4950329808 749.4330000000 827.2490000000
-1.2522965095 -0.6281990079 0.5014136755 690.5090000000 332.6220000000
-1.2520796897 0.6049037938 0.7069613532 834.5560000000 816.6560000000
-1.2479756022 0.6798795374 0.6174354575 805.2790000000 853.4960000000
-1.2443025728 0.6778662114 0.6152259612 804.5560000000 853.6970000000
-1.2390188827 0.0395794078 0.7896264534 839.4410000000 580.0900000000
-1.2361331154 0.5955805457 0.4917935909 749.0310000000 829.5160000000
-1.2242415862 -0.6432860469 0.0174905372 492.7600000000 338.5490000000
-1.2211725546 -0.6406274241 -0.0019101843 486.1410000000 340.9150000000
-1.2208757181 0.5410142490 0.6226210625 802.9460000000 800.1430000000
-1.2173962778 -0.2147287023 0.0824031097 543.5120000000 516.0460000000
-1.2156410705 -0.6403228441 0.0004609148 484.6330000000 340.6320000000
-1.2060287295 -0.5776929186 0.7560090717 799.2170000000 340.9580000000
-1.2046787686 -0.3616010914 1.9488376100 1237.7500000000 379.2120000000
-1.2040876768 -0.3614100836 1.9469946424 1237.0400000000 380.3300000000
-1.2018239756 -0.7019177134 -0.0515870905 459.7730000000 314.2900000000
-1.2006753473 -0.5540931244 -0.0005169834 488.2900000000 375.0530000000
-1.1981277156 -0.7007200426 -0.0484602403 460.3030000000 315.0670000000
-1.1976269653 -0.6997882340 -0.0486303406 460.7140000000 314.6550000000
-1.1871396018 0.1441987954 1.4439986992 1099.0600000000 594.5010000000
-1.1801549093 0.3111750189 0.7922282900 864.7800000000 695.9960000000
-1.1790914602 0.3121507077 0.7918591803 865.6360000000 695.4630000000
-1.1609405521 0.1489063646 1.8629873249 1254.5100000000 574.8580000000
-1.1547870019 0.0651711042 1.8490179399 1247.3600000000 543.2740000000
-1.1546992415 0.1105767676 1.8361868585 1246.4500000000 560.4740000000
-1.1485844091 0.0670610494 1.8353608786 1244.3100000000 543.0880000000
-1.1433807358 0.1325961010 1.8022778027 1238.7700000000 569.8110000000
-1.1429961389 -0.5285651833 0.2891110310 613.1320000000 366.0310000000
-1.1400458420 -0.3985611104 0.0055191460 495.2410000000 437.2190000000
-1.1379860546 0.0435345609 1.4554824009 1111.0800000000 553.1320000000
-1.1372220232 -0.4182994487 -0.5293782573 239.8330000000 454.8520000000
-1.1365121967 -0.2865143567 1.4110601697 1077.2100000000 421.9950000000
-1.1363340948 0.7107324676 0.7096277195 861.2250000000 881.7010000000
-1.1359649850 -0.3963593578 0.0050338054 495.0330000000 436.9730000000
-1.1294965300 -0.3765564898 -0.0137328708 485.3000000000 446.8360000000
-1.1277129297 -0.3957037363 -0.1643756774 414.5950000000 444.9990000000
-1.1261771233 0.1996759931 0.7065406196 833.3250000000 661.0900000000
-1.1224627950 -0.3757124416 -0.1287581338 432.9390000000 451.6740000000
-1.1208702025 -0.6430227658 -0.4883502872 248.2550000000 350.9060000000
-1.1207024253 0.1996359847 0.7063702613 833.1240000000 661.5020000000
-1.1203694522 0.5445788685 0.7028934022 852.1330000000 813.3920000000
-1.1200958463 -0.4743550904 1.4135794084 1073.4300000000 346.0280000000
-1.1181109134 0.1304268713 1.4520494219 1121.8100000000 588.2790000000
-1.1161982537 0.0655185320 1.4541737390 1119.3700000000 561.5850000000
-1.1117999108 -0.1691661027 1.4605673396 1110.4800000000 467.0770000000
-1.1110281358 -0.0686957153 1.4559521769 1113.9700000000 508.1510000000
-1.1085501961 -0.3880814905 0.6318126700 772.1730000000 410.0800000000
-1.1082946586 -0.2981709980 -0.0086584117 489.3550000000 480.6950000000
-1.1070556888 -0.4847495311 0.7072581897 797.2950000000 364.8890000000
-1.1061832475 -0.4708833937 1.4035489151 1073.7100000000 345.3570000000
-1.1061367861 -0.2005215900 0.6930126177 808.5800000000 488.8520000000
-1.1059612654 -0.3872864849 0.6318617125 772.7920000000 409.4640000000
-1.1058683427 -0.3513124794 -0.1006110621 449.4050000000 460.6230000000
-1.1056515230 0.2634101504 0.6853542354 834.3090000000 690.8990000000
-1.1056282923 -0.4004634454 1.4536445956 1096.6400000000 373.5540000000
-1.1037853246 -0.4536694565 1.4268286421 1083.4100000000 352.1660000000
-1.1035349495 -0.2163594964 0.5212242870 733.1970000000 492.4420000000
-1.1033155486 -0.3779967923 0.5207777416 725.3970000000 419.5450000000
-1.1022675866 -0.4095130876 1.4273139053 1087.2500000000 369.9620000000
-1.0985455147 -0.2071028429 0.4217350088 691.2290000000 496.7940000000
-1.0978279447 -0.3646856101 1.4283283119 1090.7300000000 387.2890000000
-1.0975853131 -0.2762618813 -0.0555086881 468.5050000000 492.3010000000
-1.0973555874 -0.2155748155 0.5977797172 769.9070000000 487.0900000000
-1.0959514216 -0.3658394007 1.4247998290 1090.2300000000 387.3060000000
-1.0956365167 -0.5014033507 0.6875146890 791.3390000000 357.5450000000
-1.0946659904 0.2760553863 -0.2130338948 425.1560000000 764.3180000000
-1.0945988795 -0.2037016126 0.3719232589 669.6030000000 505.4400000000
-1.0934579948 0.2915838083 0.1192993734 582.9890000000 749.0410000000
-1.0926991258 -0.2906390938 -0.1277323700 435.3020000000 489.2970000000
-1.0924255199 -0.2917051241 -0.1255159046 435.0920000000 489.7040000000
-1.0918447528 -0.2704722785 -0.0096954294 490.8690000000 492.3420000000
-1.0914988737 -0.2549539231 -0.0098219334 491.6210000000 500.3440000000
-1.0905670652 -0.3139136585 0.4028562059 679.2450000000 451.1150000000
-1.0905619028 -0.3869689989 0.4316080497 687.0170000000 417.2720000000
-1.0904870483 -0.3144892632 0.4019166538 679.7270000000 450.6330000000
-1.0903270147 -0.3139110773 0.4013926728 678.0430000000 450.9160000000
-1.0892790528 0.2863723914 -0.0259610643 512.3790000000 756.0320000000
-1.0889822162 -0.2902209415 -0.9826811851 -6.6009600000 541.8430000000
-1.0886285936 -0.4830459476 0.4655171056 694.4270000000 373.3650000000
-1.0885898758 -0.2832568985 1.4567471826 1109.3400000000 418.0740000000
-1.0868708051 -0.2934112888 -0.8623152652 60.0849000000 531.5020000000
-1.0868630616 -0.2008403666 0.2448769684 611.9770000000 512.6440000000
-1.0867649765 0.2920561656 0.0566573164 552.3270000000 753.7920000000
-1.0866720537 -0.0010217345 -0.9353370501 29.8475000000 683.7850000000
-1.0848006930 -0.4537520544 1.4683470377 1106.8700000000 347.1490000000
-1.0831461520 0.2701883479 -0.1555405318 451.6430000000 758.6370000000
-1.0801287442 0.0777319353 -0.2085028789 412.9380000000 670.5170000000
-1.0797854464 0.1302898103 -0.0086059878 512.8550000000 681.6570000000
-1.0782418964 -0.0814041903 -0.2085547607 403.9370000000 592.6780000000
-1.0781644608 -0.0552294037 -0.2090800323 406.2730000000 606.2880000000
-1.0781050935 -0.1093651584 -0.2095139299 402.8410000000 580.3130000000
-1.0778134194 -0.0547906019 -0.2099684769 405.2440000000 606.0580000000
-1.0776508046 -0.0549144989 -0.2075955916 405.4030000000 606.7180000000
-1.0774262413 -0.5104349246 0.2442851022 593.9500000000 370.3560000000
-1.0762956813 0.0516278732 -0.2107343152 411.7840000000 656.9200000000
-1.0742746118 -0.2922471734 -0.8518924314 59.3051000000 531.1840000000
-1.0742049197 -0.1970842231 -0.0049264280 498.2640000000 527.2390000000
-1.0740784415 -0.0089593265 -0.2472459820 389.1180000000 630.3690000000
-1.0740164930 -0.1342155378 -0.2133240202 401.7150000000 567.9700000000
-1.0740010059 -0.1335994085 -0.2099728649 401.2050000000 567.4820000000
-1.0738332287 0.0785984398 -0.2117644670 413.7300000000 669.9880000000
-1.0738203228 -0.7232305759 -0.6998192083 120.3990000000 311.8740000000
-1.0732111626 -0.2335938249 -0.1614086028 418.7710000000 517.4400000000
-1.0726871816 -0.2684744396 -0.2073865154 393.4770000000 503.9480000000
-1.0720212354 0.1301006092 -0.1162156291 461.5430000000 688.8720000000
-1.0717656978 -0.2888064509 -0.8471353034 60.6137000000 530.6360000000
-1.0713294772 -0.1946530029 -0.0679962135 467.9700000000 531.9470000000
-1.0711126575 -0.1932922010 0.2402698074 612.9790000000 513.0040000000
-1.0705577022 -0.4377280445 1.5088484456 1125.6100000000 351.8290000000
-1.0702195667 -0.5676495194 -1.0289721958 -53.7716000000 401.9210000000
-1.0701601994 -0.3420021372 1.4813613834 1121.2600000000 391.7140000000
-1.0698298075 -0.7348175251 -0.7111351328 111.9550000000 304.1700000000
-1.0683817615 -0.2327443562 -0.1591085069 418.5160000000 517.1950000000
-1.0682372150 0.0041086563 -0.3456106369 339.5920000000 645.0060000000
-1.0677777637 -0.2680666120 -0.2108153644 393.8220000000 503.9480000000
-1.0676280548 -0.2034721451 1.2653779660 1048.3300000000 458.1980000000
-1.0668795105 -0.4786889037 -0.2062058804 382.8340000000 403.5920000000
-1.0665078196 0.1284236119 -0.1195221299 460.5290000000 688.8990000000
-1.0664949136 0.0284046742 -0.9193311085 31.7072000000 698.7380000000
-1.0650675171 -0.1857610712 -0.2062461469 400.6670000000 543.3190000000
-1.0635678474 -0.0083587358 -1.0497455901 -44.6407000000 689.2060000000
-1.0631187208 -0.2117742755 -0.2053045298 398.1160000000 529.3470000000
-1.0630877466 0.1238876917 -0.5206099644 254.2650000000 717.6850000000
-1.0622178865 0.0263053947 -0.9214838186 31.7820000000 697.4830000000
-1.0612964027 -0.1854350673 -0.2032127358 399.8990000000 542.3390000000
-1.0584235414 -0.7135407992 -0.7381756496 95.6327000000 316.4080000000
-1.0573213744 -0.3394209501 -0.2694888462 358.8720000000 472.9160000000
-1.0564411896 0.0092213686 -0.6898919624 155.2430000000 674.8350000000
-1.0554112959 -0.6966520916 -0.7868594207 71.0749000000 323.6130000000
-1.0553338603 -0.6310254079 -0.7692428183 84.4554000000 355.1920000000
-1.0552873990 -0.5230362804 -0.2031069071 383.1900000000 381.9000000000
-1.0544175389 -0.3712366631 1.5297044379 1145.6400000000 375.7790000000
-1.0534599184 0.0701380826 -0.4390470312 289.9700000000 685.8890000000
-1.0532250304 -0.4286577528 -0.2537361190 359.8560000000 429.3740000000
-1.0529204503 -0.1792051139 -0.4482489634 272.9730000000 561.9700000000
-1.0516969676 -0.6790200021 -0.7733004445 74.7242000000 330.6730000000
-1.0501559989 -0.4874081539 0.3987598619 668.8770000000 370.5080000000
-1.0492758140 -0.5982340061 -0.7022042252 116.9850000000 372.1470000000
-1.0492758140 -0.3720368311 1.5489342823 1153.4400000000 374.4070000000
-1.0482304332 0.0918737435 -0.6370111809 185.0960000000 714.1260000000
-1.0479361779 -0.4763709976 1.5662514670 1154.2500000000 330.0990000000
-1.0470740614 -0.2386351416 -0.5857513850 196.0770000000 541.0900000000
-1.0469217713 -0.4772976438 1.5674930180 1154.9400000000 331.4130000000
-1.0465681487 -0.4762858184 1.5670180795 1153.5900000000 330.7280000000
-1.0459951252 -0.4854800071 0.3996710209 669.7480000000 370.5060000000
-1.0457034510 -0.5374754414 -0.6933197790 124.4070000000 395.5680000000
-1.0455176055 -0.5459752907 -0.6919465874 124.7830000000 395.5800000000
-1.0447974543 -0.1796408183 -0.5337817626 226.4000000000 566.9650000000
-1.0435016983 0.0719309753 -0.7253600553 135.8180000000 707.6550000000
-1.0426602313 -0.6276440527 -0.7551211433 84.1621000000 355.7240000000
-1.0416871238 -0.4994984346 -0.3327821367 316.7720000000 397.0140000000
-1.0414780476 0.0725156141 -0.7263899490 134.9270000000 708.9040000000
-1.0404120173 0.0768517505 -0.7225155870 134.8360000000 710.2720000000
-1.0389097664 0.0268371192 -0.4068596272 300.4800000000 662.3760000000
-1.0379160093 -0.7423804035 -0.9193801511 -15.1736000000 304.5300000000
-1.0378618044 -0.1879150719 1.2725872218 1059.5200000000 462.9570000000
-1.0375933609 -0.1952425460 -0.8035958383 77.6715000000 577.5000000000
-1.0375623867 -0.5877621298 -0.8150434034 54.8727000000 377.5440000000
-1.0372526442 -0.5223961460 -0.8703788939 25.6228000000 415.9790000000
-1.0371106789 -0.2494637380 -0.6469100337 162.4460000000 538.2940000000
-1.0357503933 0.0648401960 -0.4375499426 289.9550000000 686.2020000000
-1.0350147549 -0.5044698011 -0.7219270763 107.3790000000 413.2210000000
-1.0338738702 -0.5456010186 -0.7370244401 95.5364000000 394.0680000000
-1.0335615466 -0.1954170343 -0.8013785985 76.3254000000 577.5280000000
-1.0322399787 -0.3050601865 1.5625139079 1169.8300000000 398.9270000000
-1.0308074199 -0.1932811019 -0.7964924112 77.9876000000 577.7620000000
-1.0289102473 -0.6579704207 -0.9995569868 -59.6210000000 349.2860000000
-1.0285875989 -0.2513100612 -0.6340015167 161.7130000000 538.3010000000
-1.0276583715 -0.1866735209 -0.8353031415 52.4261000000 586.4250000000
-1.0267962550 -0.5847989269 -0.7990374618 56.0589000000 376.3870000000
-1.0265716917 -0.6569353647 -0.9992111078 -60.0379000000 349.8350000000
-1.0262232315 -0.6730393914 -0.8646409148 14.6368000000 334.6730000000
-1.0253482090 -0.1853091053 1.2546970135 1060.3400000000 462.1280000000
-1.0252578675 -0.1943455835 -0.8571244978 41.7283000000 582.3170000000
-1.0251597823 -0.6591319549 -0.8507308972 20.0140000000 340.4190000000
-1.0216209747 -0.3971827565 -0.5645675819 192.2260000000 459.5560000000
-1.0187713441 -0.5162064591 -0.7896135474 59.7194000000 411.3420000000
-1.0180744236 0.1375958605 -0.1983479723 413.4640000000 704.1550000000
-1.0179040652 -0.5186689117 -0.8516575434 26.3951000000 415.3430000000
-1.0170703418 0.1840657475 -0.3098276392 359.2180000000 737.7890000000
-1.0121635050 -0.2701496301 -0.4535042605 255.6450000000 516.0840000000
-1.0111258677 -0.5912157582 -0.8831015654 1.0704200000 374.9190000000
-1.0063351843 0.2435030025 -0.4200727243 302.4170000000 779.6920000000
-1.0042779782 -0.5516719708 -0.9005865273 -13.2092000000 397.0640000000
-1.0042702346 -0.5327905867 -0.9189310245 -20.1351000000 404.8530000000
-1.0041979614 -0.5370521267 -0.9266281246 -22.0448000000 405.5240000000
-0.9965034424 0.1675962246 -0.4140069345 298.5810000000 740.9950000000
-0.9960517347 0.2421042572 -0.4119729590 300.5230000000 781.2240000000
-0.9911500602 -0.3190089220 -0.5039819567 219.2710000000 493.0550000000
-0.9906622159 -0.2609193048 -0.2871596535 340.8060000000 510.1500000000
-0.9900711240 0.2409984766 -0.4122827014 301.3290000000 779.2200000000
-0.9883055920 -0.2605398703 -0.2874306782 340.3590000000 510.1500000000
-0.9836852669 0.1621339163 -0.3847672462 308.9710000000 736.9640000000
-0.9824101605 -0.5291407880 -0.9080590641 -22.0375000000 405.7550000000
-0.9697571810 0.1592210466 -0.3521049038 327.1680000000 736.7810000000
-0.9624188659 -0.0451862625 -0.5253025627 214.6700000000 640.4650000000
-0.9597628243 0.1924801595 -0.3648766179 316.3540000000 757.3070000000
-0.9584515812 -0.3325369239 -0.5617644126 180.0390000000 488.2220000000
-0.9546236806 0.1154841207 -0.3438089683 326.8010000000 712.3670000000
-0.9526258418 0.1612650887 -0.3361480047 327.1420000000 737.2580000000
-0.9456979354 0.1129788204 -0.3336571591 328.4290000000 712.6040000000
-0.9455353206 0.2463768963 -0.6380539805 156.8000000000 809.8040000000
-0.9336386290 0.2241977874 -0.6535127105 142.8550000000 806.6890000000
-0.9294777552 0.1806180558 -0.5454306602 207.9480000000 771.1430000000
-0.9178779001 0.2852805493 1.4272338885 1201.5900000000 671.5240000000
-0.9065800439 0.3207150867 1.4157011443 1203.9600000000 690.3790000000
-0.9003051779 0.2565511617 -0.5552572398 193.7040000000 820.1910000000
-0.8778591743 0.4876404608 0.9720389504 1029.9700000000 813.1290000000
-0.8709364303 -0.1514119230 1.5272290794 1232.2300000000 457.7210000000
-0.7632493017 0.3686064334 1.0415090219 1099.6400000000 764.2990000000
-0.7567911714 0.3476058946 1.5003718269 1322.6500000000 715.6890000000
-0.7268906993 0.4728450959 0.9340929179 1065.8800000000 842.2660000000
-0.7187367290 0.4667612378 0.9218813214 1065.3000000000 841.7070000000
-0.7174874344 0.4649698939 0.9194937233 1064.3400000000 840.7760000000
-0.6926435079 0.6709925100 1.0188900787 1144.5300000000 960.5580000000
-0.6725102480 0.6860279252 1.0165489420 1155.2300000000 976.0320000000
-0.6715113286 0.6885420015 1.0195586062 1156.5100000000 978.7170000000
-0.6372899491 0.6634425375 1.0234794295 1175.5200000000 976.7270000000
-0.6276130785 0.6715577900 1.0262542057 1186.8700000000 986.9090000000
-0.6248331399 0.6729206568 1.0329652923 1189.5800000000 988.2330000000
-0.6178432850 0.6713745257 1.0313107514 1190.7000000000 988.1310000000
-0.5384717796 0.4633076093 0.3037876612 741.8540000000 981.9200000000
-0.5122185250 0.3096598620 0.0775783547 555.8750000000 906.4250000000
-0.5121617388 0.4090304056 1.2094023411 1339.9900000000 830.5000000000
-0.4995629643 0.4390083134 0.1161283850 598.9770000000 1009.9000000000
-0.4921549571 0.2998074706 0.0428807462 527.7530000000 914.7590000000

gimbalangles:
-0.2069494537 0.2634468592 -0.8145348790

end: