T_CW:
0.7153715088 -0.2621852191 -0.6476901384 -0.0528859065
0.2902377186 0.9546835149 -0.0658897045 -0.1348328536
0.6356144044 -0.1408484908 0.7590494263 -0.7387914564
0.0000000000 0.0000000000 0.0000000000 1.0000000000


target_points_pix:
0.9520063568 -0.3417285314 2.7317220025 60.4286000000 147.0220000000
0.9579895487 -0.2301476820 2.8582001737 26.0245000000 209.2000000000
0.9775420415 -0.1363445010 2.8691960310 19.2517000000 260.3840000000
0.9808046621 -0.0224399636 2.6317526235 28.6410000000 324.8200000000
0.9856779434 -0.0220377114 2.6551639911 29.1262000000 325.0610000000
0.9872240745 -0.3620915170 2.6803305660 89.6933000000 143.0770000000
0.9886901889 -0.3612913489 2.6915071064 90.1056000000 146.6930000000
0.9905589684 -0.0208109248 2.6771557058 29.4489000000 324.6200000000
1.0006901280 -0.3555920877 2.6881773750 98.5926000000 151.7730000000
1.0035681517 0.3738281750 2.1324994017 32.0105000000 632.6310000000
1.0107748263 0.3813910534 2.1588171861 31.4451000000 632.4720000000
1.0119879842 -0.3685160918 2.6966178570 104.9750000000 147.7400000000
1.0161824134 -0.6830079362 3.2115130731 88.5636000000 30.9503000000
1.0217990766 0.2528068916 2.2307213170 56.8222000000 531.5530000000
1.0250126547 0.2006996919 2.0555438875 105.3380000000 518.5450000000
1.0291451353 0.2920587468 1.9896719910 101.1160000000 599.3120000000
1.0329291557 -0.5954902042 3.2194115058 82.6365000000 71.9406000000
1.0330298220 0.1434394102 2.0757494207 122.7600000000 475.2560000000
1.0339951860 0.2201556483 1.9796079422 126.2230000000 546.2380000000
1.0375881985 0.2212539435 1.9881516718 126.5130000000 545.9500000000
1.0420562335 0.0851412331 2.7034321912 35.9728000000 389.8240000000
1.0425440779 0.0842225885 2.7040516761 35.5853000000 390.3530000000
1.0434345875 -0.0491176687 2.7010316871 62.7610000000 318.6400000000
1.0435300914 -0.0500820002 2.6999734004 62.5594000000 318.8410000000
1.0449136077 -0.1828905330 2.6953014516 88.6139000000 248.5790000000
1.0449600691 -0.3196980989 2.7028385181 110.7560000000 179.2630000000
1.0453678967 -0.3216675447 2.6958951246 112.9680000000 176.2560000000
1.0456544084 -0.1839818589 2.7030192012 87.7419000000 248.2880000000
1.0481968778 -0.4542657107 2.7065812395 137.9950000000 111.3850000000
1.0485401757 -0.5894837816 2.7083880705 162.2000000000 43.7668000000
1.0488989607 -0.5894915252 2.7107111390 162.4440000000 44.4426000000
1.0625534408 -0.3532303014 2.6967469164 130.0820000000 164.2480000000
1.0641847511 0.2202341164 1.9862441744 148.5090000000 549.1840000000
1.0752657876 0.1976652483 1.9761594762 164.2230000000 534.3920000000
1.0758026746 0.1080905682 2.6263321305 62.6342000000 410.2950000000
1.0778185817 0.1496567157 1.9818019513 176.6980000000 497.7550000000
1.0787271596 0.0839807313 2.6867835339 58.7918000000 395.8550000000
1.0801055136 0.0855237650 2.7090075554 58.2670000000 395.8550000000
1.0817471486 -0.0493817242 2.7022448451 84.3606000000 326.2780000000
1.0824492315 -0.1831223236 2.6940108580 110.0840000000 255.5140000000
1.0832803738 -0.1838215672 2.7005412615 109.6820000000 256.3150000000
1.0834481509 -0.0721359215 2.1938697078 181.6850000000 327.7830000000
1.0847645564 -0.3192825278 2.7130342074 132.9380000000 189.4210000000
1.0849452395 0.1800976884 1.9628044138 178.7200000000 524.5310000000
1.0858744669 -0.4524537173 2.7030450131 159.2110000000 120.1490000000
1.0860319193 -0.4537443109 2.7077169619 159.0100000000 120.3490000000
1.0862745509 -0.5881157524 2.7062198733 181.8160000000 54.1381000000
1.0871418298 -0.5863966818 2.7019092907 182.5400000000 53.6580000000
1.0872915386 -0.4557215003 2.7134730092 158.9130000000 120.1080000000
1.0875444950 0.2169815625 1.9761465703 168.6430000000 552.1780000000
1.0883627313 0.1097084563 2.6649983142 61.7644000000 414.6260000000
1.0981918920 0.2227721977 2.0076938398 169.0460000000 552.1780000000
1.0984241989 -0.0165426995 2.6188724996 103.2600000000 349.6870000000
1.1058063942 -0.1094998964 2.7090849911 107.5610000000 297.7130000000
1.1060051456 -0.3423222045 2.7025287756 149.4610000000 179.3390000000
1.1074015679 -0.0765985360 2.2705851716 182.2890000000 327.3830000000
1.1078068142 -0.2288250817 2.7100916540 130.2170000000 238.2920000000
1.1126671897 -0.1986672652 2.4604805303 171.5360000000 252.5920000000
1.1198532147 -0.2973966418 2.7119242969 148.2990000000 205.4210000000
1.1199254880 -0.3656974354 2.4514205633 205.9780000000 161.8190000000
1.1200751968 -0.3642235776 2.4462375395 211.7740000000 162.1190000000
1.1201655384 -0.3643268251 2.4431685079 210.6480000000 162.3970000000
1.1208237411 -0.2975386071 2.7166994932 148.2980000000 204.6180000000
1.1226383157 -0.2850017810 2.7248818565 145.1680000000 212.5580000000
1.1237069272 -0.2863310924 2.7375812974 145.8950000000 213.0400000000
1.1244399843 -0.0974070345 2.4129634557 167.9300000000 317.7010000000
1.1423921411 -0.1139119196 2.0529885122 266.9940000000 317.7860000000
1.1450817381 -0.1023115482 2.0605952708 262.6580000000 325.2830000000
1.1481301202 -0.0219498736 2.7511325300 110.1950000000 348.7710000000
1.1500505234 -0.1192980828 2.4761276869 175.6250000000 304.7260000000
1.1519735079 -0.6712093297 2.7011607464 229.4790000000 29.9588000000
1.1521541910 0.1070346045 2.4858406942 129.7180000000 433.7010000000
1.1527427016 -0.1880379364 2.0494626105 289.6180000000 269.7670000000
1.1544462852 -0.1888520428 2.0543642850 290.2210000000 269.7680000000
1.1560879202 0.1826546124 1.9804623152 226.9970000000 534.1270000000
1.1572726851 0.1386120739 2.0863942365 209.1500000000 489.6740000000
1.1581631947 -0.6278350605 2.6980375100 226.5150000000 51.8418000000
1.1585632787 -0.0339284147 2.7255529652 120.9630000000 345.3710000000
1.1614696954 -0.6307543832 2.7086720011 227.5220000000 52.0451000000
1.1628377246 -0.2842996981 2.7199776009 168.3890000000 221.2610000000
1.1646058378 -0.1115836888 2.0551721966 279.2150000000 322.8510000000
1.1656512186 0.4281750708 2.7754473131 36.4333000000 582.0930000000
1.1658602948 0.1484838243 1.9733382386 243.8910000000 512.7360000000
1.1658680384 0.1960731720 1.9781495715 232.2990000000 547.9170000000
1.1675664595 -0.1018686165 2.5391757646 168.9940000000 317.7500000000
1.1677213308 0.1983513278 1.9708189999 234.0280000000 548.1400000000
1.1679949366 0.1979749908 1.9802119400 233.7470000000 547.3390000000
1.1683124226 0.1491347997 1.9773648906 245.0980000000 511.2940000000
1.1689190016 0.1487651737 1.9824059491 242.7340000000 511.5830000000
1.1843622444 -0.6682874258 2.7126728412 243.5930000000 40.0359000000
1.1861251953 -0.3009173811 2.7362132682 179.9810000000 216.9470000000
1.1863471774 0.1817930122 1.9670453043 252.1230000000 539.1220000000
1.1876739076 -0.2285215340 2.7073297838 171.3330000000 251.5900000000
1.1879939748 -0.0280391781 2.7497386889 130.8350000000 351.1530000000
1.1887709121 0.1451564159 1.9731369060 259.1660000000 512.0910000000
1.1928440255 -0.0271254378 2.7665164055 131.5600000000 351.3950000000
1.2088189928 0.3118538711 2.0754500029 209.0820000000 618.0010000000
1.2149054322 0.3890210427 2.1391330527 181.7990000000 660.4270000000
1.2174427392 0.3908407796 2.1423930921 182.9570000000 661.2910000000
1.2198096878 0.3170781940 2.1024388960 209.6610000000 618.8660000000
1.2212164348 0.3173724493 2.1063132579 210.0480000000 618.2410000000
1.2428287149 -0.6708169893 2.7151507809 270.7820000000 53.1502000000
1.2505025844 -0.5987528247 2.7110466933 264.0190000000 88.0600000000
1.2509904288 -0.5990806355 2.7150475334 263.8180000000 88.2603000000
1.2516873493 0.1444274886 1.9914917280 298.3380000000 519.0860000000
1.2525081668 -0.5268048136 2.7144022366 250.8140000000 122.9490000000
1.2561166665 0.1639361012 1.9714591344 301.3440000000 536.0990000000
1.2581893598 -0.5375915948 2.7112273764 257.8420000000 117.3440000000
1.2596038503 -0.3893282039 2.1868953401 355.3520000000 174.1770000000
1.2648978652 -0.6467396754 2.7102981490 277.8550000000 69.2237000000
1.2699828039 -0.4901493747 2.7133697617 254.6150000000 142.8400000000
1.2707571601 -0.6765472248 2.7371166837 281.8550000000 59.1966000000
1.2715444222 -0.4889852593 2.7145054841 255.1950000000 143.4190000000
1.2738261916 -0.5091830489 2.7158993252 260.4890000000 135.0030000000
1.2760666621 -0.6970160390 2.6523504971 302.5340000000 45.9936000000
1.2790247026 -0.5582539981 2.7143506129 268.8930000000 112.1490000000
1.2823079727 -0.4180439112 2.1901011745 370.4230000000 161.6410000000
1.2839676760 -0.4199075283 2.1902095844 371.4270000000 161.6420000000
1.2847962371 -0.6993132956 2.6703413717 302.7740000000 45.2715000000
1.2920855096 0.4044565419 2.1689173714 221.8570000000 670.2940000000
1.2956372232 0.4071745320 2.1738422766 221.7680000000 670.7590000000
1.2999684553 -0.6435493280 2.7319284975 289.3370000000 79.6831000000
1.3086180135 -0.5687103873 2.7141441179 285.9860000000 114.3870000000
1.3087677223 -0.5961561504 2.7092656742 291.0190000000 101.3080000000
1.3093510706 -0.0536587513 2.0148927708 365.9220000000 393.9650000000
1.3095859586 -0.5686303705 2.7160283845 285.8350000000 115.1650000000
1.3132305949 -0.5976997004 2.7154605234 291.7930000000 102.5620000000
1.3156904663 0.2916483380 1.9809837150 310.3590000000 629.4390000000
1.3212271128 0.2928434276 1.9908232005 310.1170000000 630.1600000000
1.3219756570 0.1179057905 2.0293990427 335.4840000000 505.2660000000
1.3235785743 -0.0541440145 2.0470440382 367.5910000000 391.9800000000
1.3244690838 0.1431513497 1.9806739725 347.5180000000 529.0760000000
1.3269625106 -0.0537385100 2.0519637809 368.2330000000 393.1010000000
1.3353074888 -0.6922976289 2.7220941744 314.0280000000 64.2810000000
1.3423954287 0.2589317907 1.8137460173 389.5710000000 641.0910000000
1.3425270693 0.0091849222 2.0367244519 369.6040000000 436.0150000000
1.3427309830 0.0333014444 2.0360765739 365.5910000000 453.0270000000
1.3428703672 0.0077652435 2.0362701629 369.2030000000 436.8160000000
1.3428781107 -0.0329501448 2.0410040602 376.6230000000 409.9970000000
1.3449456416 0.0341057423 2.0386758294 365.9290000000 454.4920000000
1.3452889395 -0.0327769471 2.0435852474 377.6260000000 410.3970000000
1.3628590806 0.0524133285 2.0229693055 375.6210000000 470.0370000000
1.3647485096 -0.0319584527 2.0440008185 386.7250000000 414.7220000000
1.3647949710 0.0513501375 2.0263609854 375.2200000000 469.2360000000
1.3648672442 0.1796893446 1.9782166824 365.5620000000 559.0830000000
1.3680524292 0.0509314689 2.0316962993 376.3270000000 468.3240000000
1.3685402735 0.1365871326 2.0175797867 364.5740000000 526.0680000000
1.3756669313 0.0508542914 2.0431774198 375.4610000000 468.0360000000
1.3822980011 0.0297677991 2.0273908791 389.9030000000 457.9490000000
1.3826464614 0.0789861341 2.0266733090 382.4380000000 489.6460000000
1.3831291434 0.1458311382 1.9874418453 381.6200000000 537.0660000000
1.3839164055 0.0309130719 2.0278709799 390.6650000000 458.0290000000
1.3855890148 0.0290587470 2.0353899781 390.1920000000 457.9490000000
1.3864666184 0.0968667920 2.0217071049 381.5200000000 501.1710000000
1.3895795301 -0.0099214898 2.0382963949 399.6910000000 432.0140000000
1.3897989310 0.4129976903 2.1893836045 273.8620000000 679.3430000000
1.3974469886 0.4031478800 2.1417684448 294.1970000000 681.2150000000
1.4004747212 0.0563757089 2.0126239073 400.0080000000 478.1170000000
1.4032727280 0.0553398785 2.0153367350 400.6900000000 479.0370000000
1.4036805556 0.0077223700 2.0232377489 407.2300000000 447.8620000000
1.4045891335 0.0576366188 2.0211727992 398.8530000000 480.4220000000
1.4050692343 0.0085908878 2.0250858789 407.7120000000 448.0220000000
1.4082105391 0.1857339687 1.9848838888 386.6900000000 568.5860000000
1.4307597902 0.0340517955 2.0232687232 419.7390000000 468.0300000000
1.4324530490 -0.0321819835 2.0307567471 429.7660000000 426.0110000000
1.4332454734 0.0349136539 2.0255840481 418.7770000000 468.0300000000
1.4348793649 -0.0317692517 2.0364276153 430.3270000000 426.2510000000
1.4410200092 -0.3767191046 2.0556600409 488.8310000000 219.3180000000
1.4410922824 0.1390513920 2.0188290812 406.6880000000 536.0550000000
1.4491765606 0.1829277020 1.9650500466 417.2940000000 573.1770000000
1.4497108664 -0.3973918327 2.1101230902 479.3010000000 211.5240000000
1.4533529215 0.1850499541 1.9712732889 417.6940000000 574.0570000000
1.4538536718 -0.4516871047 2.1775307930 468.0200000000 182.9600000000
1.4561612531 -0.4019373033 2.1284908180 477.7780000000 210.8420000000
1.4596458558 0.1847097537 1.9822949581 417.8710000000 573.7530000000
1.4682902516 0.0571970427 2.0104118299 437.5350000000 489.6330000000
1.4684064050 0.0751381003 2.0051797635 434.1650000000 500.4360000000
1.4688839246 0.0130291359 2.0133982634 444.7560000000 462.2640000000
1.4693924185 0.0564621787 2.0091341422 438.7780000000 489.0320000000
1.4706365507 0.0320067209 2.0157110071 442.7900000000 473.0280000000
1.4714547871 -0.0128807434 2.0184006042 449.8080000000 445.2180000000
1.4725363045 0.0129939801 2.0190484822 445.7980000000 461.0240000000
1.4745160750 -0.0306265601 2.0289447538 452.5510000000 433.7420000000
1.4771101681 -0.4164797118 2.1128178496 492.2840000000 207.2090000000
1.4887797153 0.1182754165 2.0034090691 438.6760000000 530.5360000000
1.4937149452 0.1192477497 2.0101356429 440.4070000000 531.3990000000
1.4941150292 -0.5773031594 2.7668777717 356.4750000000 149.3540000000
1.4995097104 -0.5993877968 2.7751117588 358.1530000000 143.5830000000
1.5044397779 -0.4295921426 2.1175594904 506.8280000000 204.8570000000
1.5087142238 -0.1064014393 2.0620691287 471.8500000000 390.9980000000
1.5091014019 0.1256333486 1.9828060331 455.7930000000 541.0330000000
1.5169559544 -0.3660433145 2.1143304252 504.4270000000 241.8200000000
1.5218421418 -0.4185988664 2.1033810293 518.2560000000 215.8790000000
1.5280111791 0.1296943304 2.0084294781 456.2740000000 540.0330000000
1.5300374110 0.1290472268 2.0082049149 457.7170000000 540.8960000000
1.5300941971 -0.3863495140 2.0895510284 519.8710000000 234.9020000000
1.5413946345 0.4120452322 2.1633471695 367.8530000000 692.5310000000
1.5508985657 0.2801052690 1.9996844160 444.6630000000 639.4000000000
1.5604773513 -0.3684928611 2.0669449912 539.9090000000 250.9290000000
1.5653274020 0.2313678091 1.9871088722 466.3260000000 612.0230000000
1.5702600506 -0.8576562223 2.9278664153 386.3920000000 56.4162000000
1.5718732926 -0.8619900356 2.9410820936 388.1270000000 56.9970000000
1.5745370778 -0.4285132063 2.1050458950 541.8940000000 221.9020000000
1.5821360928 0.1417500232 1.9718514748 493.8450000000 559.0110000000
1.5871177840 -0.6364304138 2.7477769867 405.6000000000 144.8020000000
1.5946238763 -0.8632780480 2.9450054981 394.3560000000 60.4181000000
1.5972670120 0.1442447406 1.9869875564 495.2070000000 560.1700000000
1.6096025054 -0.3703409911 2.0942100713 553.9300000000 259.9440000000
1.6225600650 -0.4083696217 2.1012825241 563.9320000000 242.3340000000
1.6334500937 -0.6986189562 2.7904956343 421.5440000000 125.6280000000
1.6340256984 -0.6972302775 2.7957096324 420.0210000000 126.3480000000
1.6363487668 0.3327021199 2.1237620831 443.7800000000 656.6800000000
1.6470297193 0.2996113004 2.0185322447 485.7580000000 655.9990000000
1.6566807782 -0.6918330152 2.7684264840 433.9880000000 131.6580000000
1.6584695409 -0.3965477845 2.1081304137 572.9470000000 254.9490000000
1.6589548041 -0.6896028695 2.7648386339 434.5900000000 131.6590000000
1.6790725768 -0.4189705574 2.1145007836 583.9520000000 246.9480000000
1.6816589264 -0.4191744712 2.1148311755 584.3520000000 245.9470000000
1.6855771685 0.1390312587 1.9462796535 557.9030000000 571.9670000000
1.6947971691 -0.4238593259 2.1443935122 584.0160000000 247.0520000000
1.6977474660 -0.3668692944 2.1227760696 579.9620000000 277.9670000000
1.7012604617 -0.4056258197 2.1137367522 590.3620000000 257.9590000000
1.7033589669 -0.6627198051 2.7740792839 447.2500000000 153.3180000000
1.7132165207 -0.4124762905 2.1298949839 590.3620000000 257.7190000000
1.7242433523 -0.1275581399 2.0671953664 574.9750000000 413.0020000000
1.7289978990 -0.3810167813 2.1148905428 597.9740000000 275.9720000000
1.7320049821 0.1430233228 1.9914349418 558.6230000000 571.6470000000
1.7384631124 -0.1244093497 2.0828812408 574.5350000000 413.2820000000
1.7387160687 -0.1277362418 2.0851062241 573.6700000000 414.7230000000
1.7447689526 -0.9657356914 2.9237881396 464.6780000000 49.9031000000
1.7606380913 -0.4079953495 2.1290535168 609.9780000000 267.9720000000
1.7631005439 -0.8625114354 2.8465073958 474.8380000000 87.4525000000
1.7637122852 -0.9731875787 2.9583244239 464.5590000000 50.5045000000
1.7669723246 -1.0066836446 2.9055649582 479.5750000000 35.4863000000
1.7686939765 -0.3803301855 2.1249081302 609.9830000000 283.9800000000
1.7821109874 0.1430171280 2.0000251327 581.6720000000 575.9490000000
1.7877250694 -0.4175586480 2.1419775210 617.7410000000 267.8150000000
1.7884478018 0.3320645667 2.1064784539 517.7840000000 669.9620000000
1.7889279027 0.2950013001 2.0109048366 554.2230000000 663.5270000000
1.7895680371 -0.4051070011 2.1212660752 622.9850000000 274.9800000000
1.7938812008 0.3318245162 2.1161966236 516.7440000000 669.5640000000
1.7969476512 -0.0076520842 0.9897846122 1215.4700000000 652.1310000000
1.8127109612 -0.4603727995 2.1601645658 625.5140000000 250.5280000000
1.8148146288 -0.8399208853 2.8964791794 479.6760000000 107.6640000000
1.8309057496 -0.8463583661 2.9205358438 479.6760000000 107.6640000000
1.8313806880 -0.8492389710 2.8137521307 502.7200000000 102.6810000000
1.8315355592 -0.4221221869 2.1377159810 634.7880000000 272.3820000000
1.8374155036 -0.8550130867 2.8326980445 502.2800000000 103.3620000000
1.8413621388 -0.8518124146 2.7573531911 519.7520000000 101.6990000000
1.8437290874 -0.8687630707 2.7283922711 530.7630000000 93.6959000000
1.8502233543 -0.4254467560 2.1286431081 646.9910000000 275.9870000000
1.8548875595 0.3098173145 2.0885004853 554.2230000000 663.7670000000
1.8561910590 -0.7098677699 2.7267919350 515.8050000000 158.7980000000
1.8568492618 -0.7110860902 2.7308702107 515.8040000000 158.1970000000
1.8611650067 -0.4294140407 2.1433532937 646.5510000000 275.0260000000
1.8689756791 -0.8522486352 2.7416853850 532.7780000000 104.7200000000
1.8855236700 0.2978560931 2.0351757396 589.0820000000 668.6250000000
1.8920024498 0.1240737953 2.0628099294 607.1230000000 569.9350000000
1.8923147734 -0.1152794325 2.0886243822 632.1470000000 442.0660000000
1.8949295160 -0.7088791752 2.7281341523 526.8690000000 165.7070000000
1.8952986258 -0.1061200899 2.0637030201 641.0730000000 449.2600000000
1.8961220245 -0.1134333675 2.0950979997 631.9870000000 441.9860000000
1.8984244435 -0.4267528367 2.0872098917 678.2310000000 283.6750000000
1.9013850651 0.1252167450 2.0748511675 606.9230000000 569.9350000000
1.9051148806 0.2695378887 2.0020823389 612.8480000000 658.8710000000
1.9085607655 -0.1141687477 2.1112562313 632.3870000000 442.7850000000
1.9164075745 0.1141137684 2.0847500203 611.9290000000 562.9760000000
1.9211079163 -0.4505049210 2.1535747949 668.1510000000 275.0310000000
1.9224449712 0.1266392373 2.1007946797 607.6040000000 568.7350000000
1.9255966008 -0.4344189626 2.1293916524 675.3520000000 283.6750000000
1.9509748330 0.0306595993 2.1269240374 625.4910000000 520.0810000000
1.9544671792 -0.8106915218 2.7574822504 552.8020000000 136.5970000000
1.9572548614 -0.7107815102 2.7671617023 539.8590000000 177.4470000000
1.9618287250 -0.8176245906 2.7704139981 551.8420000000 137.7980000000
1.9855808093 -0.8336073015 2.7792932820 558.8480000000 134.8000000000
1.9903379373 -0.9008239965 2.8157654567 557.8260000000 112.5610000000
1.9964889063 -0.9064509845 2.8270968683 556.8230000000 111.7590000000
2.0279819709 0.2120300711 2.0160104249 665.1410000000 633.4400000000
2.0310948827 -0.9112700610 2.7896954663 577.8520000000 113.7830000000
2.0356274473 -0.7121547017 2.7280567167 572.3070000000 187.0840000000
2.0455237189 -0.6961719908 2.7197452941 575.9160000000 195.8960000000
2.0524025827 -0.8263567467 2.7564239637 583.0900000000 149.6030000000
2.0948631116 -0.8743332726 2.7592632696 601.8970000000 136.8400000000
2.1012954300 0.2959795701 2.0338335222 673.8100000000 679.7900000000
2.1020181624 0.2991492679 2.0330798156 675.1670000000 682.3460000000
2.1097126814 -1.1993460359 2.8965308031 604.5950000000 31.3261000000
2.1323729235 -0.7144158217 2.7582566066 594.6560000000 200.0720000000
2.1359117311 -0.8236748933 2.7664389699 607.1200000000 161.8780000000
2.1518324936 -0.8110580504 2.7557786669 610.9280000000 168.8890000000
2.1699730770 -0.7083061517 2.7438535822 609.0710000000 208.7290000000
2.1834701047 -0.8099765330 2.7538169647 621.5380000000 173.9010000000
2.2019384989 -0.8570548057 2.7395429996 634.9760000000 159.7340000000
2.2061587399 -0.8254094511 2.7841459139 620.9380000000 174.9020000000
2.2121006327 -0.7209204133 2.7991167994 608.9530000000 212.9330000000
2.3738352394 0.0394415724 1.5461801555 1007.2500000000 630.2410000000
2.3837728100 -0.8531339824 2.7689427215 676.7620000000 188.3460000000
2.3913976369 -0.8559190834 2.7751375707 676.9620000000 188.9460000000
2.5452544604 -0.4359134699 2.6958951246 692.6290000000 355.6770000000
2.5589476583 -0.4074687874 2.7051357747 692.9160000000 362.8760000000
2.5734461866 0.0424445255 2.7327028536 647.9490000000 525.5370000000
2.5784356214 -0.4106410664 2.6743680237 706.9790000000 367.9930000000
2.5823228893 -0.8744855627 2.7797062719 724.9580000000 209.9780000000
2.6040822971 -0.4486103296 2.7757054318 693.5880000000 356.3970000000
2.6077217710 -0.4472423004 2.7734081753 692.9880000000 355.9970000000
2.6531764770 -0.1474167615 2.7604764275 679.6470000000 465.0780000000
2.6626236220 -0.7985805916 2.7547203802 742.9940000000 243.6440000000
2.7076395262 -0.0302001480 2.7583598541 682.9440000000 509.9280000000
2.7102723371 -0.0297750264 2.7632124859 682.7440000000 509.9280000000
2.7701300675 -0.3252244207 2.7572241317 723.9890000000 412.9630000000
2.7886888033 -0.8004209781 2.7608636056 767.4560000000 260.6410000000
2.8038403719 -0.8337492668 2.7729435616 771.7710000000 249.1200000000
2.8236638894 -0.1123175203 2.7837071120 711.9360000000 487.9280000000
2.8386347750 -0.3279424107 2.8233283351 723.5570000000 413.9710000000
2.8734291780 0.0520973912 2.7997620962 705.9050000000 546.8840000000
2.8784366811 0.1382101831 2.8203857817 693.8950000000 573.8680000000
2.9025707811 0.2649356320 2.5439380549 758.1680000000 642.9410000000
2.9251819807 -1.1365225215 2.9188064484 787.1030000000 171.5740000000
2.9335192152 0.0566547352 2.8591294011 705.5050000000 547.0840000000
2.9387074014 0.0564028114 2.8654791215 705.5050000000 547.0840000000
2.9397398763 0.1406173982 2.8159719516 708.3610000000 577.0060000000
2.9433535383 0.1419265764 2.8197921086 709.8780000000 578.8510000000
2.9814776728 -0.7934904905 2.8658662996 783.2790000000 283.6820000000
2.9993394880 0.0953707359 2.7469768187 743.8490000000 571.8320000000
3.0034435756 -0.7992981617 2.8895615978 782.9200000000 283.0020000000
3.0038823774 0.2001284752 2.8469461976 712.8580000000 599.8290000000
3.0098191079 -1.0813057656 2.8762684839 808.8850000000 197.9910000000
3.0237317067 -0.9247722510 2.8949820908 793.9070000000 247.0010000000
3.0290489523 -0.8477728567 2.8920653493 791.9100000000 270.0020000000
3.0511181025 -1.2003346306 2.9541429007 807.7210000000 169.8970000000
3.0522022012 -1.2002726821 2.9522070103 808.6800000000 169.1770000000
3.0572613280 -0.7731042743 2.8688088529 796.7020000000 295.2000000000
3.0586809809 -0.8909406308 2.8059311336 821.8710000000 259.2020000000
3.0642821571 0.2227006989 2.7782608071 737.6760000000 614.9590000000
3.0687217990 -0.0858595774 2.9736824875 720.9200000000 502.9120000000
3.0739099852 -0.0872807791 2.9739406062 722.2230000000 502.7590000000
3.0763104893 0.2202841914 2.7921217822 739.0190000000 614.1910000000
3.0881581384 0.1792686111 2.7938253657 745.0240000000 601.0000000000
3.1066910622 -1.0712107426 2.8457588515 833.8540000000 211.1970000000
3.1203455424 -0.8456382149 2.5420124893 897.7400000000 283.9860000000
3.1289408956 -1.0800177532 2.7630059910 860.8150000000 211.9980000000
3.1380524863 -0.8616415753 2.7905214462 839.8430000000 279.5980000000
3.1429567419 0.1793385613 2.7866754773 757.8050000000 603.7860000000
3.1432148607 -1.0848548980 2.7773832035 859.4970000000 211.6780000000
3.1436794743 -1.0244989984 2.8038661838 848.2340000000 228.0000000000
3.1445828899 0.1794100602 2.7950643356 756.6700000000 604.5860000000
3.1498743235 -0.4941037534 2.8247996117 803.8720000000 389.9580000000
3.1576695088 -0.0249299833 2.8114548741 772.2550000000 537.2550000000
3.1579276275 0.2344507791 2.4177618826 852.7960000000 657.2290000000
3.1627544475 -0.0241340742 2.8189403169 772.6380000000 537.4460000000
3.1630900018 -1.0133121332 2.8550769372 839.8460000000 234.0010000000
3.1655421297 -1.2378779980 2.5780742552 925.7050000000 164.9830000000
3.1703947615 -0.9792043260 2.5589579830 912.9180000000 244.7920000000
3.1784996892 -0.4498518806 2.8511535327 801.9490000000 404.5890000000
3.1817777969 -0.8652939552 2.6059149400 894.8490000000 285.1060000000
3.1884888836 0.2133611893 2.7892050407 765.3840000000 616.5640000000
3.1909410114 -0.4541521385 2.8587938467 802.6680000000 404.3490000000
3.1921541693 0.2335287790 2.4870306215 842.6230000000 650.6480000000
3.1983490185 0.2379129254 2.4753559119 844.4180000000 652.4440000000
3.2021691755 0.2086845944 2.5523114261 829.1030000000 636.1600000000
3.2089318859 0.2117523354 2.5535503959 828.8640000000 635.6810000000
3.2108677763 0.2090178257 2.5613584871 827.6660000000 635.6820000000
3.2224831186 0.2108724087 2.4637689627 855.2020000000 646.4410000000
3.2233607222 -1.1120218929 2.8433583475 860.2160000000 211.1980000000
3.2267420774 0.2124206047 2.4743828043 853.5260000000 646.2030000000
3.2415580917 -1.2694433358 2.6418708772 925.6250000000 165.5830000000
3.2502566925 -0.4736530075 2.8507405428 816.8460000000 403.9440000000
3.2695381606 0.1881695769 2.7864689823 784.5610000000 611.7530000000
3.3256531696 0.2051331390 2.8191468118 785.7530000000 617.7440000000
3.3652227689 0.1805873396 2.4656480670 887.5380000000 641.6160000000
3.3724759048 0.1991181986 2.4284738094 895.5100000000 651.5940000000
3.3846332964 -0.9816796845 2.5552875349 952.9080000000 267.8160000000
3.3863110680 -0.3332777246 2.8692476548 826.3660000000 454.9360000000
3.3883243940 -0.2833394965 2.7467186999 852.7460000000 475.8590000000
3.4013593892 -0.6151356197 2.7602957444 874.7530000000 377.9390000000
3.4191953925 -0.6147019802 2.7844814682 875.7520000000 377.9390000000
3.4211054710 -0.8519595423 2.7258368958 908.1110000000 309.5710000000
3.4336758526 -0.2773356552 2.7762216693 852.9450000000 476.2580000000
3.4384252369 -0.8528990944 2.5770314556 948.2950000000 310.9960000000
3.4588940512 -0.2977012219 2.8197921086 850.5520000000 472.6640000000
3.4590489224 0.0714100917 2.8038661838 825.7160000000 584.7490000000
3.4606234466 -0.4214743089 2.7992974825 864.9430000000 439.0900000000
3.4608299415 -0.4951129976 2.7981875721 869.7460000000 416.3090000000
3.4757750152 0.2144300589 2.8239736319 814.6960000000 628.7040000000
3.4916235044 -1.2406914920 2.5907375594 977.3530000000 204.4600000000
3.5102080521 -0.6749288204 2.7426404242 903.2990000000 368.3350000000
3.5228816810 -0.4414397917 2.7568111418 885.3030000000 436.6810000000
3.5552497681 -0.5612868930 2.7879144471 892.7040000000 404.9080000000
3.6514248020 -0.8393194687 2.7845330919 929.3200000000 335.1800000000
3.6535155636 -0.8418980747 2.7892566645 928.4580000000 334.0290000000
3.6608719470 0.0760732644 2.8522634432 851.6620000000 590.1200000000
3.6726937842 -1.2266188595 2.5769720883 1008.7100000000 227.9670000000
3.6876904816 -1.2317063794 2.5870464618 1008.9500000000 227.4870000000
3.6900651738 -0.3848885620 2.8658404877 886.4870000000 458.2570000000
3.6937304596 -0.3214094260 2.8537347199 884.0800000000 478.6360000000
3.7024290604 -0.4718255270 2.8628979343 892.6870000000 436.8760000000
3.7080044247 -0.3212829479 2.8608329846 883.8410000000 477.9170000000
3.7192584007 -0.3242461507 2.8714932876 883.6800000000 479.8340000000
3.7204715587 -0.5490778777 2.8766040382 897.2880000000 416.2950000000
3.7246272700 -0.0140591586 2.8706931196 865.0930000000 568.5370000000
3.7313383566 -0.3980939156 2.8930203886 886.6870000000 457.8570000000
3.7350810780 -0.6297761133 2.8838829860 904.0040000000 395.9110000000
3.7458188166 -0.6259688622 2.8867222919 904.6830000000 395.9100000000
3.7526073389 -0.8346501011 3.2997638623 829.8490000000 333.9820000000
3.7696431742 -0.0370867553 2.9206390913 863.6620000000 560.7480000000
3.7783417750 -0.5899303270 2.7936446826 928.6190000000 412.8810000000
3.8221961449 -0.6319262422 2.8281035313 932.0170000000 403.0890000000
3.8301978251 -0.6325250776 2.8331368463 932.7350000000 403.0890000000
3.8420712861 0.1996468257 2.8692476548 870.5850000000 631.6460000000
3.8617141204 -0.2982174593 2.8006396999 921.5810000000 497.7860000000
3.8989348394 -0.6567753311 2.8716481588 935.6090000000 401.8880000000
3.9033228576 0.0980998251 2.8940270516 880.8680000000 604.4740000000
3.9449832184 -0.8632290054 2.8199727917 967.2400000000 350.7030000000
3.9572954812 -0.8674182722 2.8342725686 966.5610000000 350.9190000000
3.9619158063 -0.3033230475 2.8716223470 922.3790000000 497.7860000000
3.9720856837 0.1280575996 2.9124309161 887.5640000000 614.0550000000
4.0185728646 -0.2885096144 2.7570434486 958.4790000000 511.7400000000
4.1105921871 -0.3095850076 2.8086155682 958.2820000000 508.5440000000
4.2019662128 0.0998927177 2.8182692082 946.2160000000 622.3880000000
4.2109745560 -0.2984781592 2.8191984356 970.0050000000 516.6840000000
4.2353151510 0.0986139976 2.8360019640 945.4990000000 621.6700000000
4.2399096641 -0.8196224294 3.0816535467 945.1990000000 377.9060000000
4.2416906833 -0.8197360017 3.0822730316 945.5980000000 378.9050000000
4.2545708073 -0.8231999548 3.1945804853 924.8480000000 375.5180000000
4.2588039542 -0.8214628159 2.9976359044 967.2230000000 381.4910000000
4.2624950519 -0.8210395012 3.0012237546 967.2230000000 381.7780000000
4.2791178972 -0.0539060290 2.7807903705 973.7770000000 586.4180000000
4.2948631389 -0.1888270053 1.9813605683 1204.7200000000 603.0080000000
4.4339116916 0.1272163907 2.7489385209 994.0720000000 642.7130000000
4.4485986466 0.2498008410 2.8025239665 977.2900000000 671.4850000000
4.6095356664 -0.0487031301 3.2474690103 920.5220000000 575.6800000000
4.6604108655 -0.0499725579 3.2664923597 921.1200000000 575.6790000000
5.1643876598 -0.6302200775 3.2828054626 1007.3800000000 469.2010000000
5.1876699681 -0.6293527986 3.2960727647 1007.3800000000 470.1600000000
5.2880523370 -0.8499307291 3.3410628570 1019.3800000000 428.2060000000
5.3304612422 -0.6442668981 3.3859238900 1007.3800000000 470.7590000000
5.3740316815 -1.0285901801 3.3494775272 1035.3500000000 396.8320000000
5.4624889658 -0.9913668800 3.3487031710 1042.3300000000 408.8140000000
5.5352268201 -1.4593490193 3.3593118503 1068.3100000000 322.8850000000
5.6098489411 -1.4808528895 3.4108581580 1067.7900000000 322.4460000000
5.6627632780 -0.8846218847 3.3568339106 1056.2600000000 438.7660000000
5.6689323154 -1.0345578848 3.3532718723 1063.2700000000 410.7970000000
5.7460323760 -2.3451918054 3.4665859889 1102.3600000000 172.7230000000
5.7554020855 -1.2806895683 3.3625383342 1080.4500000000 368.2330000000
5.7705020304 -1.2857925753 3.3714434300 1080.6900000000 368.4730000000
5.7821431845 -0.5561116127 3.3641386703 1052.8200000000 508.4700000000
5.9279802594 -1.0913543272 3.3665133625 1089.1900000000 412.7750000000
5.9378920182 -0.2777409015 3.4023402403 1047.5100000000 565.5070000000
5.9528629037 -0.6371944452 3.4024434878 1063.3600000000 497.9180000000
6.0018538362 -0.2798548938 3.4401546323 1048.0800000000 566.3690000000
6.0631054076 -1.0326968489 3.3757023888 1093.5600000000 429.3510000000
6.0881171113 -1.0382180082 3.3918348086 1093.1700000000 428.7520000000
6.4209870083 -1.0374668828 3.3866724342 1122.2700000000 446.1060000000
6.4387197642 -0.7801302658 3.4092320101 1111.0700000000 489.6520000000
6.4551619264 -0.6358651338 3.4111420886 1106.4200000000 516.5750000000
6.5201562193 -0.0431453179 3.0402771164 1159.2100000000 642.5790000000
6.5208273279 -1.1010699157 3.4003269144 1131.8500000000 437.7100000000
6.5284160182 -1.1026625082 3.4093094457 1130.8900000000 438.6220000000
6.5306616510 -0.0406234980 3.0426259968 1159.4500000000 643.0580000000
6.5375534208 -1.1056618477 3.4049472394 1132.0500000000 437.7100000000
6.5428190426 -0.6444088633 3.4549706467 1107.0600000000 516.6150000000
6.6045610396 -1.9383812208 3.3237947149 1179.0300000000 299.8220000000
6.6515386461 -0.1951230371 3.0168399370 1178.7800000000 620.3990000000
6.6735561726 -1.2938355545 3.3917315611 1150.0200000000 411.7300000000
6.6830033176 -2.4670651387 3.3884792653 1193.0700000000 217.0500000000
6.6898176518 -0.3123752709 3.3094949380 1130.5300000000 586.2870000000
6.6926569576 -1.5694547202 3.3742569240 1164.2200000000 365.7730000000
6.7086345062 -1.5809539091 3.3837815046 1163.6900000000 364.3830000000
6.7141066230 -0.5157934692 3.2004655920 1162.3900000000 555.3510000000
6.7172298595 -0.5182481782 3.3232010418 1138.9400000000 549.1390000000
6.7322523688 -2.4852186281 3.4091545745 1192.8300000000 217.2900000000
6.7613423482 -2.4963228953 3.4222153815 1193.1200000000 217.5780000000
6.7792041634 -0.3205576343 3.2290651458 1154.9000000000 590.4380000000
6.7962141868 -0.5211855692 3.2283166016 1162.8700000000 555.1110000000
6.8202708512 -0.5240713364 3.3754958938 1137.9400000000 549.5390000000
6.8637896668 -0.3132064132 3.3896924232 1130.9300000000 585.4880000000
6.8680744375 -0.3176486363 3.2576130759 1155.6600000000 592.2590000000

gimbalangles:
0.1505672613 -0.2566287812 0.6828191059

end: