T_CW:
0.3071033733 0.1274608069 0.9431019355 -0.2675274433
-0.0824944476 0.9908256188 -0.1070479298 0.1938267293
-0.9480939744 -0.0449258929 0.3148006987 0.2359527289
0.0000000000 0.0000000000 0.0000000000 1.0000000000


target_points_pix:
-3.5366394086 -0.7040575176 1.9870520860 723.1740000000 437.4850000000
-3.0011463190 -0.1164592932 1.6825675043 724.1810000000 530.0590000000
-2.7274888556 -2.0730985414 3.3209295971 951.8570000000 168.7980000000
-2.5192593244 -1.3804937513 3.0911006918 960.7340000000 266.0680000000
-2.4615130051 -1.9139141477 3.0566676549 950.4950000000 168.6160000000
-2.2995435104 -2.2215529401 3.3325965631 1006.9700000000 94.7387000000
-2.2464200973 -1.8729894251 3.0093028704 975.1990000000 152.9940000000
-2.2258712663 -1.9241640419 2.8455523566 950.9020000000 134.5110000000
-2.2161298659 -1.9141051555 3.0699607689 987.6970000000 139.9070000000
-2.1722806583 -1.8944132786 2.9403077375 976.4340000000 137.2540000000
-2.1184035386 -1.8162729995 -0.8183008616 31.9151000000 71.4645000000
-1.8388945238 -1.9345068589 2.9698365187 1036.7600000000 85.2922000000
-1.8331100834 -2.5309753330 2.9532136733 1016.2100000000 -44.9485000000
-1.8312180732 -0.0625883683 0.5486106828 552.6630000000 571.5620000000
-1.8212314601 -1.9184415499 2.9509164167 1036.7100000000 85.7906000000
-1.8206222999 -1.8858308313 2.1723322821 893.4370000000 75.9333000000
-1.8189780837 -2.2845571377 2.7472607492 991.1040000000 0.2928900000
-1.8142157933 -1.7840649460 1.4636957384 742.0400000000 82.4199000000
-1.8137563420 -2.0802097121 2.4543192365 943.9900000000 36.2927000000
-1.8134775738 -2.0151405648 2.1556629753 888.1610000000 42.9431000000
-1.8110719074 -2.5116190104 2.9216715661 1015.4300000000 -44.3463000000
-1.8108757371 -2.4569210732 3.1194421268 1050.0000000000 -27.6534000000
-1.8032147736 -1.6037277234 3.0995411738 1076.7900000000 153.2130000000
-1.7959048516 -1.9992636825 2.2101776483 901.2250000000 45.4759000000
-1.7850380536 -2.3656425514 3.0068249308 1039.1500000000 -15.8551000000
-1.7849296437 -1.5945541842 3.0821181604 1077.4200000000 152.8700000000
-1.7845166538 -1.1581786818 0.5913422364 524.9650000000 235.6360000000
-1.7814889212 -0.9296403700 0.5862598789 533.1940000000 303.8580000000
-1.7801699346 -1.8654730081 1.7489272451 810.4590000000 62.8483000000
-1.7768505279 -1.9851187768 2.1877858496 901.6990000000 45.2379000000
-1.7764220508 -1.9923099643 1.8987625790 839.7360000000 33.3790000000
-1.7754773363 -2.0090902621 2.0882733408 879.2490000000 33.2387000000
-1.7735414460 -0.1666280213 0.0214615130 371.5520000000 563.3750000000
-1.7724005612 -2.1266710811 1.6839406958 786.8780000000 -6.0442600000
-1.7718610931 -1.9129771767 1.6031830929 776.0850000000 45.6319000000
-1.7711461043 -2.1150789695 1.6038129026 765.5840000000 -8.2188200000
-1.7709628400 -1.1543894990 0.5826797722 524.2100000000 235.6160000000
-1.7692257010 -1.9073424451 1.6051473764 776.8430000000 46.5018000000
-1.7679893124 -1.7055194205 1.6672894574 799.1400000000 99.4464000000
-1.7660482596 -0.8799267052 0.4142237542 483.1750000000 320.7290000000
-1.7660276101 -2.2084689024 1.6776916417 783.3080000000 -28.1595000000
-1.7625068708 -0.8134146743 0.4404073168 493.5770000000 337.8150000000
-1.7622074531 -0.8146200887 0.4433059900 493.5930000000 338.5660000000
-1.7617557454 -1.1507293756 0.5804134899 524.7610000000 235.8490000000
-1.7614330970 -1.8622749172 1.4648959905 745.9840000000 52.1519000000
-1.7546239252 -0.8745500923 0.4130854506 482.9350000000 319.4600000000
-1.7497093448 -1.6954347223 1.3854005881 733.7910000000 92.2531000000
-1.7492008510 -0.8636497389 0.1654362872 395.1410000000 322.9320000000
-1.7413101618 -0.8822730043 0.1833092015 404.0680000000 318.1740000000
-1.7372809286 -1.8984166999 1.1596215654 668.7220000000 26.5230000000
-1.7353063205 0.1903917210 0.6822361613 610.2160000000 647.7900000000
-1.7305956539 -0.8238375081 0.1320568910 386.1780000000 336.4020000000
-1.7299606818 0.0582764951 0.6794020178 604.7800000000 606.4910000000
-1.7238226187 0.1897779147 0.6795930256 610.4570000000 648.0350000000
-1.7217008829 -1.0836959449 0.1099526366 369.6520000000 249.9640000000
-1.7162984582 -1.8018183514 1.5544657664 773.6650000000 61.5744000000
-1.7155886317 -0.5420389803 0.1765914038 413.3190000000 429.1560000000
-1.6912686862 -1.8612992284 1.1389230255 666.6350000000 26.5366000000
-1.6687194351 0.1691867522 1.0192307954 715.8900000000 626.4460000000
-1.6546468027 -0.5205273665 0.1058859762 388.2620000000 431.6100000000
-1.6496831798 -1.5818960424 1.1227467256 678.5720000000 94.6854000000
-1.6479744338 0.1671419357 1.0122331970 716.9070000000 626.1100000000
-1.6406645118 -1.5600282247 1.1519322089 688.2950000000 102.9840000000
-1.6386769977 -1.5576509513 1.1483417775 688.7180000000 103.2180000000
-1.6369734141 0.3251624722 1.1061961534 753.5750000000 672.5330000000
-1.6276062859 0.3252502325 1.1037259573 753.9790000000 672.1230000000
-1.6226891244 0.6176290465 1.3910637128 841.5850000000 748.3850000000
-1.6090888492 -0.8186028605 -0.0195881648 323.6690000000 324.1620000000
-1.6055706911 0.5149365151 1.1917625080 788.4520000000 727.0270000000
-1.6034696047 0.5085171026 1.1860090418 788.6560000000 726.8190000000
-1.5586601955 0.5893598846 1.3480921088 840.6290000000 747.4140000000
-1.5499486888 -0.9577598230 1.1540513635 723.8240000000 265.0510000000
-1.5484593438 0.1773278165 0.1685331956 439.5200000000 689.7970000000
-1.5246891912 0.2603462812 0.2566275649 477.5850000000 712.8210000000
-1.5225829425 -0.8565953544 1.1694300767 737.3750000000 295.7310000000
-1.5187137429 -1.2368429419 0.7845053780 600.2530000000 170.2710000000
-1.5065408642 -0.8438933324 1.1615703617 736.7590000000 295.7400000000
-1.5007048000 -1.2268563288 0.7669920231 599.7440000000 169.7180000000
-1.4971195311 0.7180578768 1.3384333064 856.7590000000 790.7510000000
-1.4930076999 -0.9236855712 1.1513901596 731.2000000000 268.9640000000
-1.4865211766 -0.2026794625 1.1887631685 776.8170000000 499.9620000000
-1.4814078448 -0.2015359966 1.1868892267 777.2260000000 499.1570000000
-1.4788705378 -0.6355553914 1.1575024108 748.2270000000 358.1550000000
-1.4655283813 -0.7170641197 -0.0090442733 320.4890000000 341.6990000000
-1.4583913988 -0.9248445243 0.7773141906 619.6280000000 260.2480000000
-1.4471761406 0.4737356055 0.5688549338 609.6460000000 775.7390000000
-1.4424112691 -0.9207172060 0.7772031995 619.6790000000 260.5570000000
-1.4389963584 0.4735265293 0.5964349187 619.7790000000 776.7080000000
-1.4342624612 -0.6123427752 1.1633462185 757.3670000000 362.4950000000
-1.4174692575 -0.5997001204 1.1670889399 761.7480000000 365.4050000000
-1.4120513456 -0.3158340617 1.1631990908 774.8870000000 459.2700000000
-1.4084299400 -0.6296315668 0.1335289420 387.2280000000 369.8530000000
-1.3860510473 -0.5244197967 1.4704765171 860.4610000000 383.5750000000
-1.3800962485 -0.5789835122 0.7793197730 643.1540000000 377.1430000000
-1.3669476810 -0.2930679909 1.4322568787 862.9900000000 457.0860000000
-1.3624280223 -0.5181862297 1.4541479271 859.8340000000 383.1740000000
-1.3612251891 -0.5169963024 1.4529838117 860.2170000000 383.0830000000
-1.3542379154 0.1559896584 0.1754600695 440.1440000000 689.4730000000
-1.3455160840 -0.5548055320 1.5251770356 880.8280000000 367.6520000000
-1.3410532114 -0.5566588244 1.5173302266 880.4460000000 367.1180000000
-1.3408699471 0.0095349828 0.7817306018 673.9960000000 591.2460000000
-1.3282298735 -0.2685596188 1.2146963560 808.0480000000 470.5120000000
-1.3098053595 -0.4927512114 2.6071280980 1147.6700000000 370.8600000000
-1.3094981983 -0.3011290385 0.7835606635 667.0160000000 475.1850000000
-1.3091884558 -0.4210948744 2.6114386805 1151.9600000000 390.6580000000
-1.3075700515 -0.1950370835 1.2079517139 812.9260000000 495.4900000000
-1.3048881980 -0.4215310950 2.6063279299 1152.7400000000 390.4090000000
-1.3003659581 0.1162169197 0.3804979627 529.4940000000 663.4000000000
-1.3001981809 0.0161347945 1.1705451495 812.7140000000 572.4970000000
-1.2983371450 -0.1908261348 1.2019865904 813.9140000000 497.5760000000
-1.2973562938 -0.0233467863 0.0204618967 357.2730000000 628.6640000000
-1.2949945076 0.0622246790 0.3873819888 530.0790000000 638.8880000000
-1.2945324751 -0.8123718747 2.6032563172 1137.8300000000 279.2220000000
-1.2943569544 0.0135933318 1.1676413140 814.2220000000 574.5590000000
-1.2888203079 -0.6903023712 2.6107675719 1147.0000000000 313.8180000000
-1.2885054030 -0.8141503126 2.6013204268 1139.2100000000 277.9930000000
-1.2884176427 0.5507040256 0.4192080266 569.3480000000 845.4090000000
-1.2883608566 -0.6911773936 2.6117226111 1147.5700000000 312.8820000000
-1.2847342886 -0.2533688161 2.6220473598 1169.9400000000 436.3620000000
-1.2841096413 0.5210565098 0.4096705400 562.2120000000 834.1920000000
-1.2802714160 0.5009645489 0.4909005002 596.8010000000 816.9250000000
-1.2786246186 -0.9132859682 2.5940931028 1135.2500000000 249.6500000000
-1.2594851157 0.5680934836 0.5712915745 633.4900000000 840.0240000000
-1.2549138333 0.5572318480 0.6388283367 658.4170000000 827.6280000000
-1.2479756022 0.6798795374 0.6174354575 660.5680000000 883.8520000000
-1.2390292074 0.0070084136 0.7861263636 690.1390000000 589.4890000000
-1.2389285411 -0.6081999698 0.4841093967 539.4280000000 351.8080000000
-1.2351806574 -0.6766143356 2.6366310673 1167.9700000000 310.3570000000
-1.2267324318 -0.6730368102 2.6237509433 1167.8800000000 311.7250000000
-1.2262807240 -1.1015732472 2.6270806748 1151.6200000000 185.3390000000
-1.2242415862 -0.6432860469 0.0174905372 320.5830000000 342.8610000000
-1.2211725546 -0.6406274241 -0.0019101843 310.7270000000 344.4110000000
-1.2208757181 0.5410142490 0.6226210625 656.9190000000 828.2730000000
-1.2200213451 -1.0929443385 2.6163945599 1149.9000000000 187.8800000000
-1.2198638927 -0.0151438251 2.4613374844 1168.3400000000 508.2100000000
-1.2173962778 -0.2147287023 0.0824031097 375.9950000000 538.5520000000
-1.2156410705 -0.6403228441 0.0004609148 310.7140000000 344.1010000000
-1.2144150066 -0.5517055262 0.0399175433 335.0230000000 383.5650000000
-1.2106464733 -0.7028417784 0.0329780216 323.5700000000 312.5800000000
-1.2046787686 -0.3616010914 1.9488376100 1036.2600000000 412.1940000000
-1.2040876768 -0.3614100836 1.9469946424 1036.2500000000 412.6210000000
-1.2018239756 -0.7019177134 -0.0515870905 279.1790000000 313.3600000000
-1.2006753473 -0.5540931244 -0.0005169834 311.2850000000 381.6020000000
-1.1976269653 -0.6997882340 -0.0486303406 279.9180000000 314.0090000000
-1.1871731572 -1.0587539333 2.5707385213 1151.1300000000 194.5990000000
-1.1871396018 0.1441987954 1.4439986992 929.4610000000 608.4690000000
-1.1712446512 0.3483389517 0.7913894042 721.6080000000 734.7300000000
-1.1641696172 -1.0211176432 2.6358567111 1175.4400000000 200.8980000000
-1.1609457144 -0.7635100016 2.6265644373 1186.0500000000 277.6580000000
-1.1582948352 -0.8668452486 2.6336885139 1183.8400000000 245.8200000000
-1.1561369628 0.1119731899 1.8382569706 1046.2700000000 574.2470000000
-1.1546992415 0.1105767676 1.8361868585 1047.2700000000 572.7300000000
-1.1494516880 0.1462812972 1.8410110973 1051.3600000000 586.9040000000
-1.1471260384 0.4179329201 0.7057946566 698.3910000000 778.4370000000
-1.1462122981 -0.4159505684 0.0314504750 331.1860000000 441.5280000000
-1.1457580092 -0.3132528746 1.7883548791 1011.9300000000 429.3170000000
-1.1443899800 -0.6182975740 -0.5030036868 -6.2079500000 351.8670000000
-1.1439640841 -0.7531413728 2.6220731717 1190.0700000000 276.9320000000
-1.1428051310 -0.4180774666 -0.1837069625 213.0440000000 449.0840000000
-1.1400458420 -0.3985611104 0.0055191460 320.1860000000 450.6800000000
-1.1394315194 0.1714119936 1.8143190408 1046.8100000000 596.3980000000
-1.1359649850 -0.3963593578 0.0050338054 318.6540000000 451.2880000000
-1.1305935345 0.1133799369 1.4555185375 944.1730000000 594.7920000000
-1.1299534001 0.1681341440 1.4495998753 945.9990000000 616.1680000000
-1.1288280025 0.4960912675 0.7059985703 704.0150000000 814.2620000000
-1.1261771233 0.1996759931 0.7065406196 686.8840000000 683.9320000000
-1.1207179124 -0.3751574864 -0.1441525922 233.0320000000 467.5960000000
-1.1207024253 0.1996359847 0.7063702613 686.4810000000 684.3460000000
-1.1206585451 -1.1428180370 2.6375861065 1184.8300000000 157.0440000000
-1.1203694522 0.5445788685 0.7028934022 706.4130000000 838.1590000000
-1.1200958463 -0.4743550904 1.4135794084 904.3640000000 376.3440000000
-1.1194970109 -1.0939587451 2.6321656135 1187.1100000000 170.9020000000
-1.1179379739 -0.0142802115 0.6982059663 672.0680000000 590.6620000000
-1.1164537912 -1.1404407636 2.6303845943 1184.6500000000 157.2530000000
-1.1161982537 0.0655185320 1.4541737390 946.5020000000 577.0780000000
-1.1159169043 0.1227723608 1.4520674903 948.0690000000 600.5100000000
-1.1143062435 -0.3586430509 -0.1173841326 247.4970000000 473.2640000000
-1.1129795133 0.1975669051 0.6940166995 685.9160000000 684.9250000000
-1.1112862545 -0.3179816095 -0.0800743626 273.3990000000 493.3360000000
-1.1110281358 -0.0686957153 1.4559521769 940.6500000000 526.2610000000
-1.1072905768 -0.5591754819 0.7042356195 646.2360000000 352.8080000000
-1.1066426988 -0.3587850162 0.6976251992 656.0110000000 438.8780000000
-1.1059612654 -0.3872864849 0.6318617125 624.8940000000 428.9170000000
-1.1035504366 -0.4058813573 0.6540547598 633.5490000000 419.7330000000
-1.1033078050 -0.1760341255 0.7123095730 672.1990000000 521.8610000000
-1.1022675866 -0.4095130876 1.4273139053 916.8750000000 398.5920000000
-1.1017978105 -0.3183894370 -0.1168939651 247.6410000000 493.6710000000
-1.0991882303 -0.2155975299 0.5970208481 623.5130000000 506.8800000000
-1.0989017185 -0.3034753376 1.4075007126 916.4140000000 437.1950000000
-1.0987210354 0.1317479229 0.1671525186 434.5730000000 703.6520000000
-1.0985455147 -0.2071028429 0.4217350088 538.5760000000 518.4630000000
-1.0980654139 0.2916638251 0.1803607114 453.6860000000 785.4680000000
-1.0980473456 -0.2031551753 0.4325914821 545.2880000000 522.7960000000
-1.0980163713 -0.1984434762 0.2955691613 484.8930000000 531.6440000000
-1.0977376031 -0.4967262396 0.6912599916 643.6380000000 377.8780000000
-1.0970768192 -0.2961499284 -0.1432971868 233.2700000000 506.3150000000
-1.0961398482 0.2357008480 -0.2357976425 207.0130000000 807.8230000000
-1.0959514216 -0.3658394007 1.4247998290 919.3620000000 415.1840000000
-1.0956365167 -0.5014033507 0.6875146890 642.9530000000 377.1430000000
-1.0944078717 0.1787459207 0.1050530271 402.7510000000 735.5410000000
-1.0929830563 -0.2009730396 0.3077833390 485.4910000000 530.7680000000
-1.0926991258 -0.2906390938 -0.1277323700 243.6490000000 509.9900000000
-1.0925597416 -0.2754075083 -0.0750678920 274.5840000000 514.0100000000
-1.0905928770 -0.3137768556 0.4007628631 526.2120000000 468.0340000000
-1.0905670652 -0.3139136585 0.4028562059 526.1770000000 469.7600000000
-1.0905619028 -0.3869689989 0.4316080497 534.8390000000 434.9370000000
-1.0903270147 -0.3139110773 0.4013926728 525.9710000000 468.9530000000
-1.0892790528 0.2863723914 -0.0259610643 335.9070000000 809.6380000000
-1.0886673114 -0.4633179341 2.6499499931 1230.5800000000 359.0200000000
-1.0881484928 -0.3261252550 1.4446052782 928.2060000000 427.7690000000
-1.0877484088 -0.3128837648 0.4026445485 527.6830000000 469.2010000000
-1.0874825465 0.1306710516 -0.0200211331 330.4750000000 726.0750000000
-1.0867649765 0.2920561656 0.0566573164 383.4850000000 803.4330000000
-1.0862539014 -0.5124172764 0.5308366280 574.3000000000 373.7790000000
-1.0858615609 0.2122959334 -0.2083007719 221.0270000000 793.0680000000
-1.0848006930 -0.4537520544 1.4683470377 931.8760000000 378.1430000000
-1.0844832070 -0.4666812210 2.6506985373 1229.7900000000 360.3120000000
-1.0836262529 -0.3991289716 0.4777777446 556.4420000000 427.5330000000
-1.0825137612 -0.2546694763 -0.1196269261 248.7470000000 526.8080000000
-1.0803429828 0.0781232433 -0.2088885082 212.2650000000 718.4660000000
-1.0801287442 0.0777319353 -0.2085028789 212.6090000000 719.2520000000
-1.0797854464 0.1302898103 -0.0086059878 336.0080000000 724.4890000000
-1.0796408999 0.0863221262 0.1065976095 398.7970000000 689.5280000000
-1.0782418964 -0.0814041903 -0.2085547607 200.9090000000 629.9650000000
-1.0781644608 -0.0552294037 -0.2090800323 202.7820000000 644.6990000000
-1.0776508046 -0.0549144989 -0.2075955916 204.3560000000 644.4450000000
-1.0775320700 -0.2129492319 0.5268254631 592.7250000000 508.8040000000
-1.0768712860 -0.5409006768 -0.2022107189 181.7910000000 377.1690000000
-1.0762956813 0.0516278732 -0.2107343152 209.6090000000 704.1500000000
-1.0747960116 -0.2196830329 -0.1827578599 211.9470000000 550.2160000000
-1.0742049197 -0.1970842231 -0.0049264280 320.4040000000 551.9870000000
-1.0740164930 -0.1342155378 -0.2133240202 198.3930000000 600.2510000000
-1.0739958435 -0.2182853201 -0.1813996392 211.0450000000 551.5180000000
-1.0733221537 -0.4571669651 1.5525892433 958.1850000000 376.4390000000
-1.0732111626 -0.2335938249 -0.1614086028 220.8640000000 540.8460000000
-1.0724522936 0.1278503303 -0.0048211930 336.0080000000 724.4890000000
-1.0720960898 -0.5145803112 -0.0048616918 299.0170000000 385.5710000000
-1.0720212354 0.1301006092 -0.1162156291 272.8690000000 738.3730000000
-1.0713294772 -0.1946530029 -0.0679962135 283.5410000000 557.5970000000
-1.0712778535 -0.4660255994 2.6114903043 1230.2800000000 359.4890000000
-1.0702711905 -0.1420496990 -0.2489415638 171.3710000000 599.4130000000
-1.0701601994 -0.3420021372 1.4813613834 945.6530000000 420.9380000000
-1.0697910896 0.2805466520 0.0359990431 371.0770000000 799.8160000000
-1.0694890907 -0.1329597903 -0.2125777990 193.5950000000 601.1640000000
-1.0683817615 -0.2327443562 -0.1591085069 221.4460000000 541.0970000000
-1.0682372150 0.0041086563 -0.3456106369 109.5270000000 695.3750000000
-1.0676280548 -0.2034721451 1.2653779660 884.0660000000 480.4500000000
-1.0668717670 -0.1935165062 -0.1316377062 244.3120000000 562.6120000000
-1.0635420355 -0.5437632133 -0.2673980846 133.0810000000 378.5640000000
-1.0628270467 0.0431130530 -0.2588311244 173.5170000000 706.1570000000
-1.0624114755 -0.0369713763 -0.2439753597 178.0020000000 659.3640000000
-1.0603955684 0.0266435302 -0.4235702329 56.4269000000 718.9570000000
-1.0573316992 -0.4310247014 -0.5359680281 -54.6101000000 451.8270000000
-1.0573213744 -0.3394209501 -0.2694888462 144.9220000000 489.3410000000
-1.0569264528 -0.5303745955 -0.2303420454 158.4460000000 382.2540000000
-1.0566941460 -0.1747791523 -0.2626667685 152.7600000000 583.7840000000
-1.0562785748 -0.4113818671 1.5289842866 960.8680000000 391.2530000000
-1.0553286979 -0.4384068967 1.5510792488 964.5540000000 380.6000000000
-1.0552873990 -0.5230362804 -0.2031069071 177.5870000000 384.9270000000
-1.0534573373 0.0375077470 -0.1480507010 241.8580000000 692.8950000000
-1.0529204503 -0.1792051139 -0.4482489634 21.2815000000 596.8900000000
-1.0523112901 -0.5024203385 -0.0705102898 264.1260000000 389.1210000000
-1.0501559989 -0.4874081539 0.3987598619 514.9220000000 385.5110000000
-1.0500863068 -1.2643558159 2.6176077179 1198.4400000000 106.5460000000
-1.0492758140 -0.3720368311 1.5489342823 969.9530000000 404.9210000000
-1.0479361779 -0.4763709976 1.5662514670 969.7870000000 365.5990000000
-1.0465681487 -0.4762858184 1.5670180795 969.2620000000 365.1060000000
-1.0459176895 -0.4284357707 -0.2489255605 146.2550000000 435.9570000000
-1.0419633108 -0.4844656005 -0.2909539986 115.0680000000 406.7600000000
-1.0386180922 -0.5071929536 -0.4891633612 -34.7236000000 398.4580000000
-1.0357503933 0.0648401960 -0.4375499426 36.8235000000 745.0480000000
-1.0299943459 -0.3134826002 -0.2716570434 134.1040000000 502.1950000000
-1.0288534612 -0.4804621793 -0.2930215296 113.8680000000 406.7770000000
-1.0287373078 -0.3121971690 -0.2715976761 133.7300000000 502.5110000000
-1.0280068318 -0.7516623525 2.6399866106 1235.3600000000 261.8070000000
-1.0279552080 -0.1847546663 1.2553216608 892.3810000000 486.7600000000
-1.0274492954 -0.7559316361 2.6422838672 1235.3200000000 262.2780000000
-1.0259057454 0.1386639558 -0.1963803333 209.4390000000 759.2620000000
-1.0253482090 -0.1853091053 1.2546970135 893.8800000000 485.0830000000
-1.0243983321 0.0285763231 -0.2759418141 151.8850000000 705.8950000000
-1.0180924919 -0.6851322533 2.6607393554 1247.4300000000 281.3610000000
-1.0180744236 0.1375958605 -0.1983479723 208.8830000000 758.7530000000
-1.0157926541 -0.6843165981 2.6529183583 1246.9500000000 280.4100000000
-1.0132682531 -0.1857571994 0.0636569798 356.5230000000 547.4340000000
-1.0121635050 -0.2701496301 -0.4535042605 -4.2006800000 541.8210000000
-1.0069495069 0.2068656318 -0.4942250692 -10.4723000000 855.5560000000
-0.9974171827 -0.8915704405 2.6234670127 1236.7300000000 212.6090000000
-0.9965137672 -0.8922905917 2.6242155570 1236.6300000000 214.9960000000
-0.9960517347 0.2421042572 -0.4119729590 54.0818000000 862.8230000000
-0.9906622159 -0.2609193048 -0.2871596535 115.1530000000 533.9690000000
-0.9902466447 -0.3033178852 -0.3091462058 98.6180000000 509.2880000000
-0.9900711240 0.2409984766 -0.4122827014 52.6955000000 865.7180000000
-0.9898620478 -0.2246675635 -0.4167713859 24.0289000000 563.5830000000
-0.9883055920 -0.2605398703 -0.2874306782 115.1510000000 534.2340000000
-0.9882152504 -0.2304016708 -0.4192570692 15.4388000000 562.6240000000
-0.9836852669 0.1621339163 -0.3847672462 64.2098000000 810.9270000000
-0.9751208879 0.1860197062 -0.3899838255 61.0783000000 828.5590000000
-0.9729113917 -0.2355359102 -0.2892091161 111.1840000000 548.3410000000
-0.9620936363 -0.3367416778 -0.3260658877 72.9867000000 487.6110000000
-0.9604210270 -0.6633186405 2.6734387963 1273.3100000000 282.1150000000
-0.9603616597 -0.6615582709 2.6712189753 1274.7000000000 281.7970000000
-0.9597628243 0.1924801595 -0.3648766179 73.7253000000 833.5620000000
-0.9456979354 0.1129788204 -0.3336571591 89.8105000000 778.4310000000
-0.9430264067 0.1137924106 -0.3345218568 88.8619000000 778.3870000000
-0.9351099056 -0.9704386144 2.6442713813 1261.8800000000 177.1000000000
-0.9334760142 -0.1014344608 2.5898341439 1298.1700000000 466.5890000000
-0.9311116467 -0.1283389490 2.7473898086 1330.3800000000 453.7490000000
-0.9272605155 -0.9658492636 2.6287842583 1261.2400000000 178.3570000000
-0.9065800439 0.3207150867 1.4157011443 1014.4000000000 695.5560000000
-0.8961675349 0.3140865980 1.4022609027 1016.0100000000 694.0620000000
-0.8541793632 -0.4675768929 2.7807645587 1353.2800000000 332.1300000000
-0.8502688647 -0.4646343395 2.7773573916 1353.0400000000 331.4330000000
-0.8492983383 -0.2298874983 2.6544412587 1339.7100000000 415.2130000000
-0.8440843402 0.3422938114 1.0010798873 882.6010000000 750.6280000000
-0.8142561413 -0.2900738138 2.4390515144 1304.4700000000 395.1670000000
-0.8106166674 -0.2885870500 2.4338839777 1304.4900000000 395.7020000000
-0.8062725294 -1.5783210981 2.6541831400 1278.6700000000 -50.3073000000
-0.7962652668 0.3455538508 1.7843308083 1179.6100000000 680.6270000000
-0.7932426966 -0.3063172247 2.4374563407 1313.1500000000 388.4950000000
-0.7922231276 -1.5939992290 2.6762781022 1289.0900000000 -58.9284000000
-0.7911906528 0.3784923802 1.1273851189 953.5310000000 763.6660000000
-0.7860876458 0.3702248377 1.1315382491 958.6110000000 757.2870000000
-0.7657995146 -0.0069023268 2.0474183103 1245.4600000000 516.0780000000
-0.7646379804 -1.0971749043 2.6025335848 1314.2400000000 98.9220000000
-0.7632493017 0.3686064334 1.0415090219 931.0130000000 771.7620000000
-0.7601854325 -0.9166389303 2.5714173735 1322.5500000000 160.2250000000
-0.7590858468 -1.0663865038 2.6346435532 1327.9400000000 109.5760000000
-0.7585567034 -0.9124315952 2.5668357663 1321.6800000000 161.8840000000
-0.7567911714 0.3476058946 1.5003718269 1107.2000000000 712.6860000000
-0.7561123192 -0.0074942963 2.0298146138 1245.9500000000 516.6650000000
-0.7518327109 -1.1492787484 2.6649208786 1331.7100000000 78.8053000000
-0.7415105434 0.0204551339 1.7817238093 1182.3700000000 540.2080000000
-0.7406071279 0.0205500184 1.7808436245 1184.0600000000 540.3580000000
-0.7363326819 -0.9621168670 2.6049599007 1336.6200000000 139.3880000000
-0.7305792157 0.0183853316 1.7696257850 1184.4500000000 540.6810000000
-0.7289117688 -1.5561306321 2.6062763062 1302.1700000000 -71.0278000000
-0.7202776977 0.4661133598 0.9214554255 900.7070000000 850.3660000000
-0.7187367290 0.4667612378 0.9218813214 901.1850000000 852.0690000000
-0.7185276528 -1.0043270207 2.6383604627 1350.7600000000 121.4600000000
-0.7174874344 0.4649698939 0.9194937233 900.3290000000 851.5040000000
-0.7053584359 0.0156619468 2.3219533774 1348.7600000000 511.6780000000
-0.6926435079 0.6709925100 1.0188900787 970.5290000000 958.4400000000
-0.6805145094 0.5325350492 0.8791136312 902.2710000000 904.9370000000
-0.6725102480 0.6860279252 1.0165489420 979.1780000000 973.3920000000
-0.6359296635 0.6658327168 1.0254101575 998.7350000000 971.5790000000
-0.6276130785 0.6715577900 1.0262542057 1007.3000000000 980.3980000000
-0.6248331399 0.6729206568 1.0329652923 1009.1500000000 981.6700000000
-0.6178432850 0.6713745257 1.0313107514 1010.2400000000 982.0280000000
-0.5994523265 0.7112564486 1.0396634730 1028.6200000000 1010.6100000000
-0.5966001146 0.2814939477 1.3109307572 1109.6500000000 713.4130000000
-0.5478130960 0.3715128501 1.4932580751 1216.2900000000 750.5360000000
-0.5366184873 0.4643116911 0.3037876612 581.3640000000 1047.5500000000
-0.5209506812 0.3760479960 0.1721272406 462.6660000000 1020.9600000000
-0.5198898132 0.8046928429 1.1312104383 1126.9100000000 1085.5900000000
-0.5121617388 0.4090304056 1.2094023411 1126.1100000000 818.5570000000
-0.5052312513 0.8974245730 1.4627897417 1280.1000000000 1074.5700000000
-0.4902422974 0.3826377668 1.5033995594 1257.8400000000 765.0530000000
-0.4840319611 0.4298270306 1.5022354440 1266.9000000000 794.1030000000
-0.4782217088 0.2968907291 0.0412620837 325.1800000000 1011.1800000000
-0.4764329461 0.5006806183 1.1697449815 1139.2900000000 895.2390000000
-0.4732503423 0.4503939299 1.2888745128 1191.9400000000 842.6900000000
-0.4656358402 0.4476785210 1.2810070543 1190.7200000000 843.1610000000
-0.4622673909 0.5582230238 1.2793809064 1203.5700000000 915.1790000000
-0.4579361588 0.7188167458 1.1561472875 1168.3800000000 1053.0200000000
-0.4492194898 0.5211442702 1.3025728731 1220.0100000000 892.7890000000
-0.4438661076 0.5193348580 1.2946641156 1218.5500000000 893.3660000000
-0.4434866731 0.4353636771 1.5159776845 1302.8600000000 803.7040000000
-0.4364245450 0.4329657542 1.5057355338 1300.9500000000 803.5800000000

gimbalangles:
-0.0005394336 -0.2604004597 2.9009106124

end: