T_CW:
-0.9729795759 0.2268386806 0.0430692211 0.5217460479
0.2301917947 0.9675145633 0.1045337621 -0.1870039910
-0.0179577980 0.1116233968 -0.9935883125 0.4295304240
0.0000000000 0.0000000000 0.0000000000 1.0000000000


target_points_pix:
-1.3144127786 -0.1073084684 -2.8820503431 1198.0300000000 50.1533000000
-1.3101977000 -0.1096834188 -2.8778946318 1198.4600000000 49.8644000000
-1.2999839424 -0.1846008276 -2.8656339927 1193.2700000000 24.7187000000
-1.2733409284 0.0493610747 -2.9632286795 1179.4300000000 106.9710000000
-1.2627193432 0.1903780407 -2.9072427299 1193.1300000000 153.4460000000
-1.2411561057 0.0339645513 -2.9206390913 1177.2100000000 105.8360000000
-1.2383890730 0.0275172620 -2.6780074976 1218.3500000000 93.3809000000
-1.2316366874 -0.1017689827 -2.9923444707 1152.4900000000 65.8202000000
-1.2289135349 0.0705025463 -2.8078412121 1194.9400000000 115.6010000000
-1.2212474090 0.1164290933 -2.6377667896 1227.1000000000 124.7960000000
-1.2167071008 0.0607368828 -2.7894889713 1192.9300000000 110.7040000000
-1.2076006725 0.0571818137 -2.9770122190 1157.2400000000 116.2620000000
-1.2000636060 0.0807565704 -2.7601150613 1196.1600000000 117.8260000000
-1.1986052352 0.0551692620 -2.9679006283 1155.2700000000 117.3680000000
-1.1921677544 0.0562154172 -2.9497290706 1158.2400000000 116.8610000000
-1.1487547675 -0.0872900714 -3.0002429035 1127.3300000000 75.4516000000
-1.1214303201 0.2227298663 -2.9120179261 1149.7700000000 174.1290000000
-1.1127859243 0.0559299379 -2.9589955326 1129.6900000000 122.2870000000
-1.1091774246 0.0560685476 -2.9569305828 1129.6900000000 123.4880000000
-1.0706764368 -0.1061079583 -2.9876725220 1102.1800000000 75.4692000000
-1.0662729315 -0.1078270289 -2.9818132271 1102.3800000000 74.8685000000
-1.0629070635 -0.1026179351 -2.9748440218 1103.5700000000 75.9008000000
-1.0169980685 0.0949151564 -2.8990345547 1111.3200000000 141.9100000000
-1.0167683429 0.2197682121 -2.8633109243 1123.6600000000 181.1100000000
-1.0090247814 -0.1747058466 -2.9782770007 1082.3100000000 57.4610000000
-1.0072721553 0.0954670142 -2.8790819779 1111.7200000000 141.5090000000
-1.0015083643 -0.1665748489 -2.9297506820 1087.8200000000 57.4579000000
-0.9886824453 0.0576250035 -2.8870836581 1103.8200000000 129.5090000000
-0.9055837056 0.0705884998 -2.9128180941 1073.4000000000 141.5320000000
-0.8416941609 -0.1896096213 -2.7496612533 1059.0700000000 52.6668000000
-0.7295673904 -0.2683660297 -2.5788460302 1037.5300000000 21.8314000000
-0.7138221486 0.2228844794 -2.0776336873 1157.1700000000 196.6840000000
-0.6752901866 0.1787877359 -2.5984036853 1048.2400000000 190.7540000000
-0.6719114126 0.0908252653 -2.4473835866 1063.4200000000 154.9410000000
-0.6688397999 0.0896996096 -2.4415681719 1062.1400000000 155.4620000000
-0.6663360483 0.2658726029 -2.0230157668 1154.1600000000 219.8830000000
-0.6657139822 0.8923706085 -1.9566534448 1217.9700000000 491.5650000000
-0.6367608058 0.2741324019 -2.0337767361 1139.1900000000 225.8930000000
-0.5425139187 0.8204251786 -1.8353918529 1187.7200000000 486.8920000000
-0.5397572109 0.8186441595 -1.8325757777 1186.8600000000 486.3170000000
-0.5037573934 -0.2722945966 -2.6920491557 942.6780000000 47.8845000000
-0.5003037650 -0.2671735213 -2.4129066696 977.6240000000 29.8573000000
-0.4972553830 0.2384100621 -1.8406290816 1115.5400000000 222.8230000000
-0.4814197997 0.2340963821 -1.8148146288 1115.2500000000 221.6710000000
-0.4620092722 -0.2646697697 -2.5981455666 941.4400000000 45.9618000000
-0.4452651110 -0.2722532976 -2.4477939953 953.6610000000 35.8675000000
-0.3991883389 -0.2706477992 -2.6487626470 912.9230000000 52.6887000000
-0.3701887011 -0.1210468371 -2.5568388284 922.7120000000 105.9480000000
-0.3537852567 -0.2814707170 -2.7139118111 887.9500000000 56.9141000000
-0.3366229432 -0.2791115119 -2.6862414846 886.5600000000 57.4905000000
-0.3248682168 0.1816146521 -1.7458065899 1050.6200000000 214.5110000000
-0.3237402380 -0.2638360463 -2.6821632089 882.7660000000 64.8995000000
-0.2880992056 0.5332810122 -1.7103101039 1074.4500000000 393.4090000000
-0.2844029456 0.0404536559 -1.9259915224 984.5900000000 155.9710000000
-0.2662313880 0.3121352205 -1.6806987248 1049.3800000000 289.1210000000
-0.2636140642 0.3138155734 -1.6710295976 1049.1400000000 289.3610000000
-0.2578551775 0.1771954016 -1.7123363359 1025.4800000000 219.9620000000
-0.2558452070 0.0991188778 -1.9053600934 980.5910000000 185.9790000000
-0.2409956373 0.2158466145 -1.7230198695 1017.4900000000 241.9600000000
-0.2385220856 -0.3110330536 -2.5823745130 857.7920000000 47.8689000000
-0.2278540390 0.0682246486 -1.9350514894 961.6340000000 174.9810000000
-0.2249156156 0.1943386143 -1.7302084758 1006.3200000000 232.7670000000
-0.2237494352 -0.3058784228 -2.5428178197 857.7920000000 47.8689000000
-0.2233552879 0.2568252838 -1.7182653228 1014.6800000000 262.7530000000
-0.2222100152 0.0119013636 -1.9262651283 956.6480000000 148.9730000000
-0.2187938140 0.2116839339 -1.7264683356 1007.5100000000 241.1640000000
-0.2154958311 0.2803298323 -1.7235257822 1011.8100000000 274.9890000000
-0.2097583683 0.2731231577 -1.7070500645 1011.4900000000 273.9490000000
-0.2077166492 0.0451137312 -1.9661573759 946.6650000000 166.9810000000
-0.1962406911 0.0513452332 -2.0003142257 936.6840000000 171.9840000000
-0.1941029519 0.0616222299 -1.9833790567 938.0800000000 177.5860000000
-0.1918562866 0.5476556436 -1.4612332859 1080.4000000000 432.9560000000
-0.1914074181 0.6362497307 -1.4788214952 1087.1400000000 480.6840000000
-0.1883654891 0.5203570081 -1.4927779743 1069.2400000000 415.7860000000
-0.1864512806 0.0131478189 -2.0467059026 922.7110000000 156.9800000000
-0.1845884379 0.1958865522 -1.7824826783 977.3430000000 237.5770000000
-0.1843145739 0.1952797151 -1.7822297220 977.5820000000 237.5760000000
-0.1815333447 0.2824928671 -1.7809210601 984.7490000000 280.7580000000
-0.1736134882 -0.0047230821 -2.0878680944 909.7340000000 151.9780000000
-0.1700661626 0.0264486505 -2.0565660376 915.3240000000 165.5840000000
-0.1628189634 -0.3988218103 -2.6826278226 817.0210000000 28.6204000000
-0.1465969764 0.4919407186 -1.7949988549 985.8940000000 383.8780000000
-0.1289390750 0.4849044024 -1.8277592824 970.0970000000 380.0510000000
-0.1273294467 0.4848940776 -1.8259860068 970.3360000000 380.2900000000
-0.1254913833 0.4367007320 -1.8262802622 965.5600000000 358.7130000000
-0.1250887181 0.2248214022 -1.8579953089 939.6600000000 257.9830000000
-0.1250115406 0.4811436127 -1.8201860793 968.9480000000 380.0510000000
-0.1222819352 0.3482511914 -1.8674140608 950.0170000000 315.3130000000
-0.1169794024 -0.3150906798 -2.5329989837 818.8310000000 52.8612000000
-0.1124215421 0.3473813313 -1.8829708759 942.6340000000 315.9550000000
-0.1119711249 0.4565319930 -1.8478254314 957.1750000000 368.3090000000
-0.1093643840 0.4384456145 -1.8656846654 951.4340000000 358.4800000000
-0.0975683587 0.4379371207 -1.8814428131 943.6120000000 358.9230000000
-0.0897633649 0.7955735086 -1.7301568521 997.3540000000 538.6700000000
-0.0884892909 0.1524493021 -2.0348376041 893.9970000000 228.9570000000
-0.0843823640 0.4393361241 -1.9115188060 933.6350000000 359.9270000000
-0.0826039261 0.1082219506 -2.4283783055 846.8360000000 212.9980000000
-0.0805632395 0.5574460865 -1.4054280193 1034.6700000000 460.5530000000
-0.0805629814 0.4433498702 -1.9473379403 927.2500000000 359.9300000000
-0.0754604906 0.7952121424 -1.7749507742 982.3980000000 534.6880000000
-0.0595583127 0.5119887993 -1.4454338392 1012.0000000000 435.2580000000
-0.0500755473 0.4416101500 -1.9719340728 911.2050000000 361.3760000000
-0.0495270450 0.4594022732 -1.9714462284 911.6800000000 368.9300000000
-0.0350202569 0.2575704725 -2.0397057231 878.7770000000 279.9910000000
-0.0324912097 -0.4076727011 -2.8181659607 764.5010000000 44.4578000000
-0.0149515009 0.2003636214 -2.1109051899 857.8170000000 256.9990000000
-0.0134406546 0.1998830043 -2.1118189301 858.0560000000 256.3190000000
-0.0058861650 -0.2025929927 -2.4522258937 790.8750000000 101.9140000000
-0.0039139057 -0.2033658002 -2.4456980714 790.6760000000 101.9140000000
-0.0039118924 0.2861452470 -2.0981308946 863.8000000000 294.9900000000
0.0014279386 -0.2381114187 -2.9333127202 759.4980000000 106.7050000000
0.0048291173 -0.0825685638 -2.5071019329 793.0910000000 149.9600000000
0.0059849987 -0.1480739317 -2.4948490374 788.8860000000 124.9380000000
0.0109539130 0.8059214879 -1.7767008191 944.6990000000 550.9270000000
0.0127152377 0.4985924379 -2.1623301818 867.7660000000 380.9400000000
0.0177023753 -0.2959898948 -2.4247181821 775.8680000000 66.8606000000
0.0271731898 -0.1897399712 -2.4250356681 782.6690000000 108.7820000000
0.0522047686 -0.4894008304 -2.9097464814 725.8570000000 27.7587000000
0.0599571061 0.5187540909 -1.8397179225 883.7170000000 415.9020000000
0.0618886085 0.0396627801 -2.4259726390 788.3080000000 200.3890000000
0.1221931424 0.4974050918 -2.2243328787 817.8510000000 387.9540000000
0.1375581752 0.6993571758 -1.9445657453 855.7270000000 495.8350000000
0.1558051035 0.6598779180 -1.9676002595 840.9670000000 477.4640000000
0.1753268802 0.0355388174 -2.4365580876 744.4260000000 208.7830000000
0.1781726390 0.7038561850 -2.0066897580 831.3730000000 495.4510000000
0.1882137152 -0.0599558155 -2.4079533714 733.1420000000 173.9580000000
0.1930201439 0.6517445973 -2.0205352460 819.8070000000 473.8810000000
0.1970021413 0.0214375854 -2.4461575227 734.3510000000 203.9780000000
0.1972837488 0.6398169314 -1.9780695547 820.6050000000 473.6410000000
0.2130883579 -0.2942011321 -2.4656609729 699.9020000000 86.8422000000
0.2231389844 -0.4329864037 -2.9252594163 672.8770000000 61.7789000000
0.2341831100 0.1854435852 -2.4466685977 734.3640000000 271.2000000000
0.2356205731 -0.4233482508 -2.9137731334 670.6790000000 65.7843000000
0.2370993352 -0.1897283559 -2.5179635685 698.0430000000 131.2280000000
0.2391167911 0.5098102773 -2.4180329073 758.8090000000 393.0910000000
0.2391738354 0.5085377521 -2.4120342283 760.7270000000 392.3710000000
0.2475221690 -0.1793752141 -2.5110434057 694.9340000000 136.9050000000
0.2489604065 -0.0607438520 -2.5079537246 704.3540000000 179.9510000000
0.2598687616 -0.0594640994 -2.3822240977 704.1140000000 178.5100000000
0.2749841936 0.7196427257 -2.0734366769 787.5200000000 503.8710000000
0.2810757954 0.7153140748 -2.0520463789 785.8410000000 504.8710000000
0.2977580080 -0.1776295573 -2.5268970572 675.2960000000 141.0180000000
0.3103309707 -0.1090102451 -2.5201059538 678.9510000000 166.9280000000
0.3158082499 0.6438435834 -2.0990833526 760.8920000000 474.9130000000
0.3199949355 0.2371189523 -2.4344053775 706.9820000000 299.0010000000
0.3251469850 0.6077869798 -2.0766502550 754.9060000000 462.9260000000
0.3257742135 -0.0368038572 -2.5031785284 680.3640000000 194.3520000000
0.3303558207 0.4947619562 -2.4142308186 725.7210000000 394.5400000000
0.3359492533 0.4936468833 -2.3972337011 725.7200000000 395.6910000000
0.3367829768 -0.1187950095 -2.5274132947 666.9490000000 165.9200000000
0.3441935651 0.0012236970 -2.4924562769 675.9720000000 211.9630000000
0.3601272335 -0.1255048055 -2.5592419136 655.9470000000 165.9140000000
0.3643113379 -0.1228043675 -2.5287477684 656.5870000000 165.5140000000
0.3723104370 -0.0443133050 -2.4948283879 660.9640000000 195.9440000000
0.3861946427 0.7176990918 -2.1120718865 737.8980000000 511.0950000000
0.3881769945 0.7155205698 -2.0989852675 736.8990000000 510.8950000000
0.3942995704 0.6500900563 -2.1440605390 725.9270000000 480.9260000000
0.3962277172 0.6468868030 -2.1278119658 725.9270000000 481.1260000000
0.3994283893 0.0451707754 -2.4900970718 658.0590000000 231.8080000000
0.4019347221 -0.0064850779 -2.4897821670 653.9710000000 213.5550000000
0.4253667392 0.6151536880 -2.1532469842 710.3460000000 469.1420000000
0.4253693204 0.6148620138 -2.1503612169 709.9460000000 469.9420000000
0.4338227083 0.6679931705 -2.1829048247 709.9370000000 488.9290000000
0.4355675909 0.6663076553 -2.1747431109 710.3370000000 488.3290000000
0.4471338906 -0.1248589925 -2.5352678472 626.9400000000 172.9040000000
0.4572314947 0.2107242485 -2.4353216989 653.1800000000 298.9390000000
0.4627449105 0.7302772168 -2.1928320705 702.9280000000 513.9130000000
0.4633282588 0.7349594904 -2.2095968812 702.6490000000 513.9930000000
0.4673600732 -0.1404787885 -2.5271500136 616.7320000000 169.0930000000
0.4678298493 0.7115455416 -2.1251533430 703.1280000000 513.5130000000
0.4702303533 0.7140260624 -2.2497369228 697.9380000000 502.9250000000
0.4716267756 0.7102239737 -2.2369497216 697.1390000000 502.7250000000
0.4754082148 0.4693811427 -2.1138787175 676.7850000000 417.5820000000
0.4759760760 -0.2043936289 -2.5346225504 607.1080000000 145.0560000000
0.5089688103 0.9344026604 -2.0926303847 707.8510000000 612.8200000000
0.5224116331 -0.2035160252 -2.5443587884 590.2980000000 151.0510000000
0.5230078873 0.7050151380 -2.1085072670 680.9390000000 519.9220000000
0.5245953174 0.6179129771 -2.1327523580 669.5640000000 482.3530000000
0.5259246288 -0.1089944999 -2.5143937866 597.5290000000 184.6980000000
0.5283690131 -0.1116389262 -2.5190605730 596.9280000000 184.8980000000
0.5295176414 0.7134452953 -2.0968222327 678.1770000000 525.5190000000
0.5302171431 0.7177791086 -2.1044057606 677.9380000000 525.5190000000
0.5855965137 0.9425282376 -2.1323161374 675.8710000000 616.8450000000
0.5874188319 0.2545855877 -2.4310136976 607.6710000000 326.8750000000
0.5875530536 0.2547115496 -2.4501041578 607.9910000000 326.9950000000
0.5915693809 0.2001044702 -2.4366406856 599.9830000000 305.9870000000
0.6190383747 0.9234532644 -2.5604473280 651.9260000000 560.9100000000
0.6216686044 0.9266978167 -2.5710095459 650.8080000000 558.6320000000
0.6258965890 -0.4215956247 -3.0550931308 542.6700000000 100.5230000000
0.6540805717 0.9228957280 -2.5581268408 639.5270000000 563.9160000000
0.6949769011 0.9401767761 -2.4063452918 627.5090000000 590.3060000000
0.6963139561 0.9406491333 -2.4132448051 627.7490000000 590.3060000000
0.7355196080 -0.3180667886 -3.0257192208 513.7840000000 141.7680000000
0.7410769039 -0.5280489459 -3.0135876411 496.4690000000 72.8071000000
0.7504621005 0.4703852246 -2.3901818978 565.1670000000 426.0030000000
0.7511048161 0.6360974407 -2.4123697827 579.9610000000 484.9890000000
0.7574390494 -0.0047847208 -2.3871206098 516.8320000000 244.7100000000
0.7581514570 0.3148067493 -2.4105242338 549.5550000000 365.9970000000
0.7693305787 0.7882145440 -2.3879827263 586.7350000000 544.7620000000
0.7742812957 -0.5672184611 -2.4127414736 457.9010000000 25.8234000000
0.7836406803 -0.2258892394 -2.3836824685 486.9510000000 160.5730000000
0.7856798182 -0.2457767703 -2.3397635688 480.7270000000 150.7500000000
0.8086601275 0.7212843607 -2.4446655965 565.8590000000 518.3840000000
0.8268936337 0.7257265839 -2.4660842876 560.9350000000 518.9860000000
0.8511696990 -0.4065008422 -2.4094323917 442.5670000000 97.5922000000
0.8602787085 0.9123515784 -2.3153094016 563.8810000000 606.9470000000
0.8652242631 -0.3870335286 -2.4019985726 439.5690000000 104.6050000000
0.8655030313 0.7526638531 -2.3736493940 545.9600000000 542.5780000000
0.8660528242 -0.3875936462 -2.4038183096 439.9690000000 104.0040000000
0.8683062006 0.5803257296 -2.4439867443 531.5280000000 472.8070000000
0.8687191905 0.5840813569 -2.4595022603 531.2880000000 472.3270000000
0.8765582560 0.6446463326 -2.4433130544 535.1240000000 496.8030000000
0.8767311955 0.3834998833 -2.4678962810 512.9150000000 400.0040000000
0.8783392751 -0.2148252387 -2.2851120929 445.6660000000 171.7500000000
0.8783573434 0.6443133594 -2.4457342080 534.1630000000 495.3630000000
0.8784993087 0.6501520048 -2.4567662019 534.9230000000 497.0030000000
0.8801306190 0.3956908303 -2.4569804405 512.9150000000 404.0050000000
0.8816483570 0.4923201531 -2.4470196392 518.3190000000 442.3780000000
0.8821026460 0.4947851868 -2.4528892588 519.9210000000 442.0100000000
0.8842527749 0.8806416941 -2.3522229593 551.8840000000 592.7630000000
0.8869372096 0.8232902964 -2.3745760402 545.8960000000 568.9760000000
0.9019752060 -0.2823663889 -2.3058132140 429.5930000000 145.6820000000
0.9029095957 0.5473046021 -2.4385352770 515.4320000000 463.6910000000
0.9029379888 -0.3901438591 -2.3220101635 419.5060000000 102.5720000000
0.9030180056 0.5500664724 -2.4439402829 515.9120000000 464.4110000000
0.9053720483 0.2622253855 -2.4607179995 489.8760000000 357.9850000000
0.9064897023 -0.5206693318 -2.3196690267 404.9730000000 48.6012000000
0.9076744673 -0.4696676545 -2.3241706172 408.6220000000 70.2703000000
0.9081494057 0.9044428209 -2.3449672422 544.8700000000 603.9630000000
0.9082810462 -0.4953504668 -2.3184378005 407.4000000000 59.4375000000
0.9134795572 0.2725114163 -2.4540069128 486.5910000000 362.8670000000
0.9165047085 0.8897145669 -2.3076226262 538.8640000000 605.9670000000
0.9210398544 0.9423243238 -2.3292245816 543.4540000000 621.5570000000
0.9255698379 0.7322673121 -2.4682111858 525.9000000000 530.0000000000
0.9282155547 0.8636652261 -2.3627387158 533.8730000000 587.9780000000
0.9351202304 0.7834212794 -2.3915679953 524.2840000000 556.7940000000
0.9418416418 0.3616294845 -2.4520761848 485.8750000000 397.2020000000
0.9425979296 0.6656520337 -2.4341395152 512.8940000000 511.0090000000
0.9467484786 0.7744955342 -2.3692355639 518.2770000000 557.9970000000
0.9483410711 0.7913016438 -2.3606169800 519.8740000000 564.9940000000
0.9505221742 0.8165224236 -2.3513763299 519.4670000000 575.9920000000
0.9518772975 -0.5567465848 -2.3222424703 382.0690000000 37.7256000000
0.9574216875 0.3356420921 -2.4243516535 474.8550000000 391.9990000000
0.9594737313 -0.3354252723 -2.3117886623 401.4880000000 130.4120000000
0.9598480035 0.4386133917 -2.4649666336 485.8750000000 427.2110000000
0.9623104560 -0.4692598269 -2.3205905106 386.7140000000 75.7696000000
0.9631441795 0.3937781706 -2.4671167625 482.2700000000 412.8070000000
0.9638849802 -0.1195611058 -2.3353523200 423.0130000000 219.2630000000
0.9665874831 0.5164826462 -2.4425025616 491.8810000000 458.4160000000
0.9775833405 0.6485981301 -2.4439377017 499.0770000000 507.6150000000
0.9777872543 0.6515587518 -2.4420302044 498.8770000000 507.0150000000
0.9783189788 0.4445268915 -2.4477113973 478.8630000000 432.0130000000
0.9814783519 0.4954098341 -2.4408712513 481.8660000000 452.0170000000
0.9824514595 0.4985640449 -2.4509301377 482.2670000000 452.1770000000
0.9884733691 -0.4949348957 -2.3183835955 373.6920000000 67.8040000000
0.9889379828 0.5834851026 -2.4351539218 488.2690000000 484.8190000000
0.9891986827 -0.4941734455 -2.3172323861 373.2900000000 67.4021000000
0.9907241643 0.5889830313 -2.4550703620 487.8690000000 485.0190000000
0.9967331681 0.2978999733 -2.4464027354 457.8210000000 378.9900000000
0.9969861244 0.2869944575 -2.4484754287 457.0190000000 375.5880000000
1.0084982192 0.8906592814 -2.3084563497 503.8200000000 614.3920000000
1.0129456047 -0.3874465185 -2.3135825874 374.3690000000 113.5320000000
1.0140942330 0.9027960235 -2.3362428295 503.8190000000 614.9920000000
1.0166315399 0.6689353038 -2.4279188541 484.8520000000 520.0200000000
1.0310939316 0.9176378497 -2.3174517870 497.8030000000 624.9950000000
1.0373610541 0.7584844302 -2.3811709734 483.4310000000 558.0180000000
1.0408250073 -0.4671174416 -2.3153765125 354.4430000000 83.4166000000
1.0418781316 0.7665145035 -2.4008783374 483.6710000000 558.7370000000
1.0446554890 0.7656239939 -2.4014358738 482.8290000000 560.0180000000
1.0490589943 0.6663696038 -2.4349087090 472.6320000000 520.8250000000
1.0513691568 0.6680860932 -2.4397639221 472.8320000000 521.0250000000
1.0558500978 -0.4941269841 -2.3152706838 346.2320000000 74.2544000000
1.0665671869 0.2586375353 -2.4493581948 428.8760000000 371.4990000000
1.0673337995 -0.4800078903 -2.3144627722 342.1860000000 80.3858000000
1.0748011739 0.7914152161 -2.3947944792 473.8070000000 572.4220000000
1.0760453061 0.1988014869 -2.3846788067 414.4340000000 352.7600000000
1.1042551007 -0.1189694977 -2.3281843632 367.4940000000 232.7770000000
1.1155400510 -0.2087447361 -2.2836976024 349.3880000000 195.6870000000
1.1554245551 0.7278792940 -2.3681385594 434.6200000000 560.2050000000
1.1582070749 0.3233246669 -2.3797409957 395.6780000000 407.5180000000
1.2003759296 -0.3053725102 -2.2978554140 305.1610000000 164.5570000000
1.2017568647 -0.5166917223 -2.3116389535 283.3010000000 77.2627000000
1.2024047427 -0.3590844339 -2.3047446025 299.1000000000 143.4930000000
1.2045703588 -0.4641645635 -2.3061281189 286.9630000000 99.3423000000
1.2112453088 -0.2492128466 -2.3002249438 307.2040000000 188.6180000000
1.2348399407 -0.3949680979 -2.3487641685 291.0750000000 132.5050000000
1.2506239002 0.5676237075 -2.3216668656 379.6230000000 513.0570000000
1.2552751995 0.5654400232 -2.3306313286 378.8210000000 512.4570000000
1.2560676239 -0.0598499868 -2.3280940217 312.5180000000 269.7890000000
1.2575724560 0.3943228011 -2.2702212242 354.5560000000 453.0270000000
1.2751684090 -0.4882315526 -2.3707662079 263.7990000000 98.6552000000
1.2785755760 -0.4881979972 -2.3665304798 261.8290000000 99.2934000000
1.2917318870 -0.3448336996 -2.3817543217 274.0020000000 159.4960000000
1.2921113215 -0.2298147088 -2.2807292371 275.0710000000 202.4070000000
1.3003866076 -0.2171410798 -2.3249940159 277.0930000000 211.6320000000
1.3057632204 0.0437648028 -2.2970397588 300.5060000000 316.6570000000
1.3115941223 -0.4616530684 -2.3619643597 250.7950000000 113.3180000000
1.3169371797 0.1792861632 -2.2696998244 306.0810000000 372.8990000000
1.3186175325 -0.5002314918 -2.3362118553 242.3150000000 97.6481000000
1.3246084680 0.1813511129 -2.2901892881 306.5630000000 373.1390000000
1.3407021699 0.7907931500 -2.1315469436 349.8580000000 633.7250000000
1.3423618733 0.5901961893 -2.1471682884 328.4420000000 551.0970000000
1.3511508156 0.5199698300 -2.1616280989 321.4280000000 522.0810000000
1.3531589792 0.3808644912 -2.2605288664 315.0140000000 457.2310000000
1.3545708886 0.4964707021 -2.0656337481 302.9550000000 523.2880000000
1.3559131059 0.8952615382 -2.2821643772 371.0280000000 651.5680000000
1.3561144385 0.4130570576 -2.0809789059 296.3370000000 485.0570000000
1.3563260959 0.6440191041 -2.1567806294 331.8420000000 572.5080000000
1.3589072830 0.4954020906 -2.2460561499 322.4370000000 503.0670000000
1.3598623223 0.5511712205 -2.2706419577 331.4640000000 523.0790000000
1.3599758945 0.4959699518 -2.2494271804 322.2360000000 502.8670000000
1.3610316001 0.8242195238 -2.0883017338 342.4130000000 654.1420000000
1.3632101220 0.5714645140 -2.2789895170 333.0670000000 530.4830000000
1.3635869754 0.7318852964 -2.0851578479 330.4050000000 617.1340000000
1.3642142038 0.5586437574 -2.0785680770 310.1750000000 547.3040000000
1.3644568354 0.5019170070 -2.0787306918 303.1970000000 522.8080000000
1.3670457662 0.6011972090 -2.0852869072 314.9850000000 564.1130000000
1.3681401895 0.9394333942 -2.3185462103 372.7000000000 663.7150000000
1.3689326140 0.5753362948 -2.2917689747 333.5490000000 530.0020000000
1.3750267969 0.1044139252 -2.2915340866 278.2270000000 347.8900000000
1.3893368985 -0.0394991329 -2.3283727899 262.6280000000 289.2180000000
1.3904390655 0.8246144454 -2.0889470306 329.1230000000 656.7980000000
1.3913682928 0.7837723209 -2.0816422710 323.3570000000 642.1550000000
1.3921736232 0.7837955515 -2.0847293708 323.3570000000 642.1550000000
1.3950981083 0.5937866206 -2.0713330094 298.8390000000 566.0430000000
1.3952529795 0.8962630388 -2.0891173890 336.3560000000 686.1670000000
1.3960221733 0.6667361323 -2.0821791579 308.3390000000 595.1380000000
1.3976250905 0.3549596968 -2.0805839842 272.2340000000 466.0400000000
1.3991195979 0.5982753051 -2.0762501710 298.1160000000 566.5240000000
1.4045891335 0.7494735058 -2.0852843260 314.6970000000 627.9940000000
1.4050769779 0.4687874697 -2.0710335917 280.9290000000 515.0320000000
1.4057429242 0.4695824753 -2.0749105348 279.2570000000 516.0900000000
1.4158869897 0.8227327600 -2.0889134752 318.3200000000 659.1710000000
1.4171311219 0.3607286501 -2.1208375981 271.6310000000 465.6400000000
1.4213462006 0.3585527094 -2.0785784018 262.1870000000 468.0430000000
1.4300525449 0.3219101763 -2.2749964204 277.6570000000 440.4120000000
1.4476459166 0.1296445135 -2.2972772281 254.0000000000 362.7790000000
1.4489468350 0.0446857704 -2.3068585948 243.8460000000 329.5970000000
1.4654690140 0.0058213256 -2.2824483078 229.3590000000 316.6010000000
1.4672242213 0.0853294016 -2.2780473837 236.6210000000 347.8640000000
1.4705203973 0.7578494581 -2.0831083853 288.2180000000 639.1870000000
1.4762635388 0.5228272042 -2.0780105406 256.9050000000 543.0040000000
1.4762712823 0.3542601951 -2.0682484907 234.0470000000 476.0530000000
1.4819911931 -0.4276201156 -2.3196793515 179.4020000000 141.2690000000
1.4899515743 -0.4933603715 -2.3299989378 171.2880000000 115.1580000000
1.5000259478 0.0047790164 -2.3410231882 223.3280000000 320.2030000000
1.5152033284 0.4855032378 -2.0783228643 236.0450000000 532.1210000000
1.5177457977 -0.3385588336 -2.3025738241 172.4310000000 181.7890000000
1.5207219065 0.3543247248 -2.2446132663 240.2790000000 460.8340000000
1.5259591353 -0.4064698679 -2.3166696872 163.3140000000 154.2810000000
1.5361315939 0.8391800846 -2.0917372940 269.8140000000 677.0410000000
1.5454109618 0.3581552065 -2.0761288552 207.7020000000 483.9060000000
1.5454625855 0.7553405442 -2.0869001492 256.8280000000 645.3450000000
1.5544993218 0.7836948852 -2.0904776746 255.8510000000 656.6380000000
1.5643104142 -0.3447278709 -2.3028500112 153.0950000000 182.9580000000
1.5644523795 -0.3819485898 -2.3106038974 149.4390000000 167.7800000000
1.5835531645 -0.4937398060 -2.3279314069 132.0090000000 124.1020000000
1.6022512844 0.6907669849 -2.0892851662 224.5230000000 624.2340000000
1.6110066712 -0.3880918153 -2.3125320442 130.0930000000 169.6680000000
1.6115409770 0.7552966640 -2.0900414540 229.3200000000 651.8620000000
1.6168298295 0.7713619730 -2.0905473667 227.9040000000 659.2730000000
1.6215947010 0.5800366366 -2.0943055752 205.2510000000 579.7950000000
1.6221573998 0.8505734447 -2.0917527811 235.3040000000 690.3010000000
1.6382381959 0.6921246893 -2.0884153061 209.0710000000 629.5360000000
1.6559657893 0.2976573417 -2.3389298454 193.8200000000 447.0100000000
1.6752291891 0.7033322040 -2.0855476071 194.7370000000 638.2830000000
1.6756860593 0.6885987876 -2.0677632276 188.7050000000 634.2840000000
1.7014127518 0.5521882082 -2.0861103059 165.6070000000 578.2210000000
1.7042339893 0.5541628164 -2.0902221371 166.2250000000 580.8320000000
1.7127028644 0.4681628224 -2.0769729034 149.5180000000 545.1770000000
1.7177000428 -0.4800517705 -2.2478242631 63.0983000000 138.9620000000
1.7217550878 0.2987595086 -2.3665046679 171.4820000000 451.0220000000
1.7247802392 -0.5352014155 -2.2523155288 53.4402000000 116.9500000000
1.7256655864 0.7808633229 -2.0912907486 182.9420000000 672.8290000000
1.7562036118 -0.2404708819 -2.2838989350 85.6992000000 242.7950000000
1.7723824929 0.1695377936 -2.3387259316 133.1910000000 407.7290000000
1.8065315991 0.5520255935 -2.0802819853 117.7770000000 589.2370000000
1.8122747406 0.6753263232 -2.0826257033 131.5090000000 639.9590000000
1.8304617854 -0.5018266654 -2.2821308218 18.9864000000 141.8910000000
1.8489405043 -0.4636225142 -2.2832871936 19.0374000000 160.9790000000
1.8560155383 -0.2481419121 -2.2918464103 42.1063000000 249.9460000000
1.8659118099 0.2614820036 -2.2722061571 96.1347000000 457.0160000000
1.9143039069 0.2405960695 -2.2713956643 73.5441000000 453.6060000000
1.9168463763 0.7208352342 -2.0812783236 93.0020000000 669.2080000000
1.9169754356 0.6326773677 -2.0790042977 79.9778000000 635.4540000000
1.9182427985 0.6586570165 -2.0805478476 84.9289000000 644.4280000000
1.9185551222 0.5943957808 -2.0773781498 75.8828000000 618.3800000000
1.9212137450 0.5756408748 -2.0793037154 72.7435000000 610.9260000000
1.9529649283 0.2407604911 -2.2593595886 55.7859000000 458.0140000000
1.9581608581 0.3422809055 -2.0709406690 23.8702000000 518.5750000000

gimbalangles:
-0.1221108017 0.2632572822 3.1355201166

end: