T_CW:
0.1161070747 0.1210172396 0.9858366878 -0.1549044757
-0.0545498094 0.9918284806 -0.1153281547 0.1835018623
-0.9917375991 -0.0403867887 0.1217597708 0.3762552058
0.0000000000 0.0000000000 0.0000000000 1.0000000000


target_points_pix:
-3.3288280298 -0.6923673209 -1.5951168830 233.1260000000 476.2070000000
-3.1077751609 -0.1129290035 1.1786681455 771.1270000000 524.2710000000
-3.0011463190 -0.1164592932 1.6825675043 865.9560000000 511.0960000000
-2.9633577389 -0.1143058087 1.3137365076 801.8030000000 518.5170000000
-2.9533427327 -0.1322262169 1.3014526379 801.3910000000 518.1130000000
-2.7274888556 -2.0730985414 3.3209295971 1131.2400000000 111.4880000000
-2.3656993375 -1.7867674490 2.3289716253 1010.8800000000 131.4920000000
-2.2140726597 -1.9164024121 2.7553140532 1115.9900000000 74.2089000000
-1.8470562377 -1.9014082958 2.3523003949 1101.2500000000 18.4919000000
-1.8398676314 -1.7970276680 1.5594655259 911.1430000000 50.9785000000
-1.8279967516 -2.0863426128 2.5365481161 1140.8800000000 -31.5307000000
-1.8186915719 -2.0810821533 2.3683863533 1104.7400000000 -32.7502000000
-1.8128374394 -1.8922244319 1.7326580224 954.0860000000 16.1218000000
-1.8063199418 -1.7744216308 1.5364774730 910.9670000000 50.2400000000
-1.8040510783 -1.8771193246 1.9616815974 1016.4000000000 18.6507000000
-1.8032147736 -1.6037277234 3.0995411738 1292.3100000000 79.4942000000
-1.8030211846 -1.8728293915 2.1178227715 1054.9800000000 18.6108000000
-1.7912716206 -1.9953247909 2.1420446318 1057.6500000000 -16.4162000000
-1.7831357187 -1.8846021862 1.1197215742 800.3890000000 16.5193000000
-1.7814889212 -0.9296403700 0.5862598789 681.6990000000 292.7450000000
-1.7731439431 -1.9101559391 1.6081028357 929.5940000000 5.9367100000
-1.7714351972 -0.8360749164 0.5810794362 684.7960000000 316.9180000000
-1.7703562610 -2.0037678541 1.5049276222 899.4110000000 -19.6363000000
-1.7692257010 -1.9073424451 1.6051473764 929.5730000000 6.1965100000
-1.7679893124 -1.7055194205 1.6672894574 953.9210000000 58.9752000000
-1.7661256952 0.0853110752 0.9391726942 826.2090000000 578.4820000000
-1.7660482596 -0.8799267052 0.4142237542 635.7850000000 311.0600000000
-1.7625068708 -0.8134146743 0.4404073168 645.5440000000 329.0000000000
-1.7622074531 -0.8146200887 0.4433059900 643.6000000000 328.9990000000
-1.7617557454 -1.1507293756 0.5804134899 673.1780000000 227.8100000000
-1.7595462491 -0.9127774743 0.5134445889 665.5490000000 297.0630000000
-1.7590971226 -1.1489922367 0.5791822636 672.8780000000 228.4420000000
-1.7587822177 -0.1560619317 -0.9241011424 226.0910000000 582.1630000000
-1.7546239252 -0.8745500923 0.4130854506 635.7860000000 311.4780000000
-1.7493350727 -0.8645118554 0.1630773403 557.4120000000 318.7890000000
-1.7395162367 -1.0767886881 0.2385024686 573.8910000000 249.2010000000
-1.7393510407 -0.2135181255 0.1808720446 590.8910000000 514.9570000000
-1.7372809286 -1.8984166999 1.1596215654 814.6290000000 3.3976700000
-1.7353063205 0.1903917210 0.6822361613 757.0760000000 623.2600000000
-1.7325728432 -1.1583025788 0.0548166719 515.3580000000 232.2130000000
-1.7305956539 -0.8238375081 0.1320568910 549.9220000000 331.2900000000
-1.7299606818 0.0582764951 0.6794020178 751.8620000000 582.4980000000
-1.7297619304 -0.8393504429 0.1217662140 547.2790000000 327.0010000000
-1.7238226187 0.1897779147 0.6795930256 757.0710000000 622.7690000000
-1.6912686862 -1.8612992284 1.1389230255 813.0110000000 3.4886400000
-1.6872058976 -1.6045588657 1.1435020516 825.4840000000 71.6755000000
-1.6687194351 0.1691867522 1.0192307954 862.5580000000 604.5140000000
-1.6546468027 -0.5205273665 0.1058859762 552.2940000000 419.3140000000
-1.6406645118 -1.5600282247 1.1519322089 836.1340000000 79.6691000000
-1.6369734141 0.3251624722 1.1061961534 900.8890000000 651.4910000000
-1.6298080386 -1.5521659286 1.1414706573 834.8280000000 79.2542000000
-1.6276062859 0.3252502325 1.1037259573 902.4890000000 652.7960000000
-1.6055706911 0.5149365151 1.1917625080 937.2650000000 708.9660000000
-1.6034696047 0.5085171026 1.1860090418 938.3530000000 708.3650000000
-1.5623254813 0.1300760880 0.1889302528 605.6720000000 634.5520000000
-1.5561693499 0.2682860129 0.6920833903 778.3820000000 656.3220000000
-1.5499486888 -0.9577598230 1.1540513635 872.7400000000 242.6560000000
-1.5492466059 -0.9601138657 1.1540642695 871.9380000000 241.1480000000
-1.5364800542 0.2652014943 0.6857130204 777.8540000000 657.2570000000
-1.5362141919 -0.9053462364 1.1707697128 881.0110000000 257.2260000000
-1.5225829425 -0.8565953544 1.1694300767 886.7740000000 274.0730000000
-1.5187137429 -1.2368429419 0.7845053780 747.5400000000 158.3310000000
-1.5104591063 -0.8986145003 1.1571281386 881.2480000000 256.7780000000
-1.5065408642 -0.8438933324 1.1615703617 885.7590000000 273.3770000000
-1.5007048000 -1.2268563288 0.7669920231 746.6990000000 158.1230000000
-1.4930076999 -0.9236855712 1.1513901596 881.3430000000 247.5550000000
-1.4842884497 -0.7230731234 -0.0281899194 494.5680000000 342.3400000000
-1.4814078448 -0.2015359966 1.1868892267 927.5010000000 479.2010000000
-1.4788705378 -0.6355553914 1.1575024108 898.5740000000 337.1810000000
-1.4775928501 -0.9202474299 0.7461540991 753.9910000000 253.7500000000
-1.4627148873 0.4781855722 0.5728996541 758.8740000000 743.0520000000
-1.4583913988 -0.9248445243 0.7773141906 767.4560000000 245.8720000000
-1.4544473448 -0.5502394119 1.1683408157 911.2810000000 362.3200000000
-1.4471761406 0.4737356055 0.5688549338 757.8410000000 743.2460000000
-1.4424112691 -0.9207172060 0.7772031995 768.0980000000 246.2740000000
-1.4423054404 -0.2016635072 1.1711852839 929.5070000000 477.8030000000
-1.4352355687 -0.5249824955 1.1675019298 912.7910000000 370.4700000000
-1.4221773429 0.4763787412 0.5905059317 767.8870000000 745.3070000000
-1.4182978185 -0.3175995938 1.1673031784 926.6070000000 438.9160000000
-1.4120513456 -0.3158340617 1.1631990908 925.8240000000 438.5540000000
-1.4084299400 -0.6296315668 0.1335289420 554.8910000000 363.3370000000
-1.4033656508 -0.5464140926 -0.0165454872 505.0180000000 398.9450000000
-1.3860510473 -0.5244197967 1.4704765171 1020.5300000000 357.3660000000
-1.3698670037 -0.5045678862 -0.1798646072 440.7180000000 415.7710000000
-1.3669476810 -0.2930679909 1.4322568787 1021.9000000000 433.9520000000
-1.3625312698 -0.2957343573 1.1639657034 935.5740000000 442.0000000000
-1.3612251891 -0.5169963024 1.4529838117 1021.2300000000 357.3390000000
-1.3552032794 -0.6708324764 2.5971647155 1353.4500000000 276.5030000000
-1.3531615604 -0.5134626572 1.4504129493 1020.9600000000 357.0910000000
-1.3455160840 -0.5548055320 1.5251770356 1044.7800000000 339.4400000000
-1.3431129988 -0.8896939174 2.5969324086 1346.7400000000 202.2740000000
-1.3430433067 0.0036805664 1.1660151660 954.4450000000 549.3370000000
-1.3414584578 -0.9008136718 2.6019140999 1347.4200000000 201.6560000000
-1.3410532114 -0.5566588244 1.5173302266 1043.7900000000 340.1380000000
-1.3408699471 0.0095349828 0.7817306018 826.0980000000 566.7560000000
-1.3407228194 0.0049438252 1.1670657092 955.7230000000 548.7510000000
-1.3310485299 -0.2736832753 1.2173911154 962.3390000000 448.8250000000
-1.3282298735 -0.2685596188 1.2146963560 962.3430000000 448.5250000000
-1.3075700515 -0.1950370835 1.2079517139 969.8020000000 475.7490000000
-1.3065504825 -0.1957076759 1.2061371394 968.3340000000 474.7930000000
-1.3001981809 0.0161347945 1.1705451495 965.4360000000 553.3450000000
-1.2983371450 -0.1908261348 1.2019865904 968.4970000000 476.9570000000
-1.2964193229 -0.0231568884 0.0205913948 534.2080000000 595.9720000000
-1.2841096413 0.5210565098 0.4096705400 716.1790000000 791.3770000000
-1.2802714160 0.5009645489 0.4909005002 748.3850000000 779.2320000000
-1.2767532579 0.5018215031 0.4903894251 747.9410000000 779.5380000000
-1.2712243550 0.6531539255 0.5512486561 781.3920000000 836.3420000000
-1.2674016168 0.5396823564 0.5270371205 765.9750000000 792.3120000000
-1.2646345841 0.5691491891 0.5741541110 784.1790000000 802.6770000000
-1.2633001104 0.5077892078 0.3598200723 701.5120000000 792.0440000000
-1.2630936154 0.5482751285 0.6340815335 807.0050000000 793.5660000000
-1.2625180107 0.5358209004 0.5270784195 764.9490000000 791.4910000000
-1.2594851157 0.5680934836 0.5712915745 784.4720000000 804.0220000000
-1.2561760338 0.5994574888 0.4950329808 754.5830000000 820.8930000000
-1.2520796897 0.6049037938 0.7069613532 838.4500000000 810.8800000000
-1.2479756022 0.6798795374 0.6174354575 808.6260000000 845.5820000000
-1.2470463748 0.6047153671 0.7032134694 837.9600000000 810.4990000000
-1.2443025728 0.6778662114 0.6152259612 809.3160000000 846.7580000000
-1.2409934909 0.5468503132 0.6756515528 828.5620000000 790.0160000000
-1.2400281269 -0.3266956973 0.6748926838 783.9620000000 441.8050000000
-1.2390188827 0.0395794078 0.7896264534 843.0390000000 578.3650000000
-1.2242415862 -0.6432860469 0.0174905372 503.1930000000 340.8420000000
-1.2211725546 -0.6406274241 -0.0019101843 496.1900000000 343.6220000000
-1.2046787686 -0.3616010914 1.9488376100 1232.7200000000 382.1270000000
-1.2040876768 -0.3614100836 1.9469946424 1233.0400000000 382.1150000000
-1.2018239756 -0.7019177134 -0.0515870905 470.5070000000 317.8800000000
-1.1981277156 -0.7007200426 -0.0484602403 470.5000000000 317.6270000000
-1.1976269653 -0.6997882340 -0.0486303406 471.3270000000 317.0570000000
-1.1871396018 0.1441987954 1.4439986992 1097.7600000000 592.3000000000
-1.1611780213 -0.0688412942 1.8659350406 1236.4700000000 490.2380000000
-1.1604991691 -0.0904610598 1.8659298782 1235.9800000000 482.3820000000
-1.1547870019 0.0651711042 1.8490179399 1242.2000000000 540.9500000000
-1.1485844091 0.0670610494 1.8353608786 1241.5500000000 541.4830000000
-1.1457528468 -0.5037393251 1.4133677511 1062.9600000000 341.4600000000
-1.1452933955 0.4168488215 0.7065715939 848.4210000000 749.0850000000
-1.1428051310 -0.4180774666 -0.1837069625 421.9720000000 437.4900000000
-1.1425857301 0.1753059726 1.8182863255 1242.3900000000 583.4210000000
-1.1400458420 -0.3985611104 0.0055191460 506.1480000000 437.3070000000
-1.1396741510 -0.5864353996 -0.4959028409 268.6180000000 379.9930000000
-1.1387733167 -0.5106465820 -0.5255761686 258.7290000000 410.8610000000
-1.1341788035 0.0435350771 1.4502322662 1108.0600000000 551.7920000000
-1.1338768046 0.0092786451 -0.7284316680 175.7720000000 667.4450000000
-1.1305935345 0.1133799369 1.4555185375 1116.1400000000 579.6970000000
-1.1298243408 -0.2126255510 0.1807682809 591.9210000000 509.0040000000
-1.1277129297 -0.3957037363 -0.1643756774 427.3780000000 445.1370000000
-1.1244580527 -0.3767294294 -0.1258225496 445.6970000000 451.1990000000
-1.1230590492 -0.3767707284 -0.1456982071 436.9950000000 454.0230000000
-1.1224627950 -0.3757124416 -0.1287581338 445.7020000000 451.7870000000
-1.1207179124 -0.3751574864 -0.1441525922 438.4340000000 453.4880000000
-1.1207024253 0.1996359847 0.7063702613 837.2590000000 658.4680000000
-1.1203694522 0.5445788685 0.7028934022 856.1220000000 805.7010000000
-1.1200958463 -0.4743550904 1.4135794084 1074.4400000000 347.9820000000
-1.1193318149 0.2951974703 0.3832649953 706.0820000000 717.6510000000
-1.1178734442 0.1489179799 -1.1350176894 -36.9484000000 765.3550000000
-1.1161982537 0.0655185320 1.4541737390 1117.5200000000 559.9920000000
-1.1110281358 -0.0686957153 1.4559521769 1112.7100000000 507.0690000000
-1.1098872511 -0.3672487289 0.6942567499 804.0170000000 416.4760000000
-1.1072905768 -0.5591754819 0.7042356195 797.8100000000 336.4820000000
-1.1070556888 -0.4847495311 0.7072581897 801.7250000000 367.2940000000
-1.1059612654 -0.3872864849 0.6318617125 777.4420000000 410.8850000000
-1.1037853246 -0.4536694565 1.4268286421 1083.3400000000 353.4850000000
-1.1035504366 -0.4058813573 0.6540547598 786.5880000000 402.8020000000
-1.1029825754 0.2897769773 0.5120636537 765.7120000000 711.2550000000
-1.1028483537 -0.2009949797 0.6855968670 813.9290000000 488.8410000000
-1.0991443501 -0.1971404929 0.2387358079 619.1880000000 511.2020000000
-1.0980654139 0.2916638251 0.1803607114 621.4740000000 737.9110000000
-1.0978279447 -0.3646856101 1.4283283119 1088.8900000000 388.9190000000
-1.0977376031 -0.4967262396 0.6912599916 795.6190000000 361.1970000000
-1.0973555874 -0.2155748155 0.5977797172 775.8140000000 486.8770000000
-1.0970768192 -0.2961499284 -0.1432971868 439.3060000000 487.6790000000
-1.0962456769 -0.3651528049 1.4244771806 1089.2000000000 388.6470000000
-1.0959694899 0.2615568580 0.0935068607 580.5450000000 727.0410000000
-1.0956365167 -0.5014033507 0.6875146890 796.4570000000 360.5620000000
-1.0946659904 0.2760553863 -0.2130338948 439.0450000000 757.8200000000
-1.0934579948 0.2915838083 0.1192993734 593.4170000000 742.7460000000
-1.0934270205 -0.2569148510 -0.0325769051 494.4380000000 499.3280000000
-1.0926991258 -0.2906390938 -0.1277323700 447.4330000000 489.3300000000
-1.0915737281 -0.4821631816 0.7074621035 801.7170000000 367.7890000000
-1.0905670652 -0.3139136585 0.4028562059 687.6670000000 451.1030000000
-1.0905619028 -0.3869689989 0.4316080497 694.2500000000 418.7050000000
-1.0904870483 -0.3144892632 0.4019166538 685.5010000000 450.6240000000
-1.0901153574 -0.2546828985 -0.0308851950 493.8450000000 499.6190000000
-1.0889822162 -0.2902209415 -0.9826811851 15.7760000000 539.6700000000
-1.0885898758 -0.2832568985 1.4567471826 1109.0000000000 419.3880000000
-1.0874825465 0.1306710516 -0.0200211331 518.5830000000 678.1700000000
-1.0872734703 -0.2131250107 0.4731754879 724.4900000000 493.8930000000
-1.0867649765 0.2920561656 0.0566573164 562.9760000000 747.7900000000
-1.0866720537 -0.0010217345 -0.9353370501 50.4012000000 679.9510000000
-1.0862539014 -0.5124172764 0.5308366280 730.8920000000 360.3960000000
-1.0861196797 0.2192465542 -0.2361902411 421.6910000000 731.6520000000
-1.0860525688 -0.3251056860 1.4441225962 1100.7900000000 403.2960000000
-1.0844470704 -0.1948089066 0.1971709510 604.7610000000 515.5280000000
-1.0838301666 0.2950296932 -0.0075763522 534.0740000000 753.6280000000
-1.0835023559 0.1136014028 0.0806928151 564.8600000000 661.4580000000
-1.0831151778 -0.3699615566 1.4631123901 1106.5200000000 383.4600000000
-1.0809366558 0.1798855149 -0.0204617160 521.6900000000 700.1050000000
-1.0803429828 0.0781232433 -0.2088885082 426.7330000000 665.8330000000
-1.0801287442 0.0777319353 -0.2085028789 426.9970000000 665.5730000000
-1.0797854464 0.1302898103 -0.0086059878 524.8340000000 676.9360000000
-1.0781644608 -0.0552294037 -0.2090800323 419.1990000000 602.8310000000
-1.0776508046 -0.0549144989 -0.2075955916 419.4030000000 603.3650000000
-1.0774262413 -0.5104349246 0.2442851022 604.4360000000 372.1820000000
-1.0761692031 -0.1337336302 -0.2084331868 414.5000000000 566.4440000000
-1.0761511348 -0.1344199679 -0.2126696893 413.5830000000 565.8630000000
-1.0754980945 -0.1172207434 -0.2494936798 396.4250000000 576.6900000000
-1.0743107484 -0.0075835795 -0.2592260460 398.4480000000 628.6850000000
-1.0742746118 -0.2922471734 -0.8518924314 80.7252000000 529.4260000000
-1.0742049197 -0.1970842231 -0.0049264280 510.0870000000 525.7580000000
-1.0738332287 0.0785984398 -0.2117644670 426.4950000000 666.6790000000
-1.0733221537 -0.4571669651 1.5525892433 1137.1000000000 347.0190000000
-1.0732240686 0.1304782369 -0.0171305907 518.8390000000 680.0430000000
-1.0732111626 -0.2335938249 -0.1614086028 431.9350000000 516.1910000000
-1.0724522936 0.1278503303 -0.0048211930 524.8040000000 678.7370000000
-1.0720212354 0.1301006092 -0.1162156291 473.7570000000 685.5270000000
-1.0713294772 -0.1946530029 -0.0679962135 480.4280000000 530.6880000000
-1.0702195667 -0.5676495194 -1.0289721958 -30.4206000000 403.9140000000
-1.0698298075 -0.7348175251 -0.7111351328 131.9650000000 307.7860000000
-1.0694890907 -0.1329597903 -0.2125777990 414.6030000000 566.3860000000
-1.0676280548 -0.2034721451 1.2653779660 1047.1300000000 459.2780000000
-1.0668795105 -0.4786889037 -0.2062058804 395.9200000000 406.0970000000
-1.0668717670 -0.1935165062 -0.1316377062 448.9000000000 534.7060000000
-1.0667039898 -0.0127907375 -0.9804355523 19.7211000000 679.1660000000
-1.0665078196 0.1284236119 -0.1195221299 472.6510000000 684.3780000000
-1.0664949136 0.0284046742 -0.9193311085 53.6860000000 694.1490000000
-1.0659967445 -0.6610084780 -0.7034741693 137.8670000000 340.1290000000
-1.0634826682 -0.1750088779 -0.2774492274 381.1240000000 550.8820000000
-1.0631187208 -0.2117742755 -0.2053045298 411.1000000000 529.2900000000
-1.0630877466 0.1238876917 -0.5206099644 272.3090000000 713.5270000000
-1.0624114755 -0.0369713763 -0.2439753597 400.4020000000 615.1140000000
-1.0622178865 0.0263053947 -0.9214838186 51.5825000000 693.1500000000
-1.0617274609 -0.6725463847 -0.7034148020 136.8660000000 336.7450000000
-1.0603955684 0.0266435302 -0.4235702329 315.8070000000 657.9460000000
-1.0589423600 -0.2374772210 -0.2649666062 381.3160000000 520.5330000000
-1.0569651706 -0.1808075149 -0.4712060421 282.3300000000 560.7790000000
-1.0564799074 -0.4560673793 1.5509940696 1142.6800000000 342.7890000000
-1.0562063016 -0.2002296577 -1.0097655821 -9.6994300000 587.5210000000
-1.0560591739 -0.2058726491 -0.2488692906 392.9610000000 534.7430000000
-1.0554112959 -0.6966520916 -0.7868594207 92.9182000000 326.5800000000
-1.0552873990 -0.5230362804 -0.2031069071 396.2760000000 383.2620000000
-1.0552615871 -0.2069660400 0.1535403699 583.0790000000 511.2090000000
-1.0534599184 0.0701380826 -0.4390470312 306.8890000000 680.4750000000
-1.0529901424 -0.4091104224 1.5290230044 1138.5500000000 363.0220000000
-1.0502515028 0.0921039854 -0.6370111809 203.9540000000 709.2820000000
-1.0501559989 -0.4874081539 0.3987598619 677.5810000000 372.2530000000
-1.0497688208 -0.5151843090 0.4349377812 690.1330000000 358.6310000000
-1.0492758140 -0.3720368311 1.5489342823 1150.2100000000 377.1990000000
-1.0479361779 -0.4763709976 1.5662514670 1152.4500000000 334.2380000000
-1.0469217713 -0.4772976438 1.5674930180 1152.2100000000 333.8010000000
-1.0459951252 -0.4854800071 0.3996710209 677.0010000000 371.9600000000
-1.0458505787 -0.5011220013 1.5979329582 1160.7000000000 322.0900000000
-1.0457034510 -0.5374754414 -0.6933197790 142.8580000000 396.9740000000
-1.0435016983 0.0719309753 -0.7253600553 156.1640000000 702.5940000000
-1.0424305057 -0.4780177950 -0.2449285922 376.3040000000 404.7060000000
-1.0414780476 0.0725156141 -0.7263899490 155.3590000000 703.6670000000
-1.0408766310 -0.3301338387 1.5358347574 1152.6500000000 394.3440000000
-1.0400429075 -0.5891972698 -0.7560400459 103.4690000000 375.4920000000
-1.0378618044 -0.1879150719 1.2725872218 1058.0600000000 464.2540000000
-1.0375933609 -0.1952425460 -0.8035958383 97.7953000000 574.8520000000
-1.0370538928 -0.1816489819 -0.4554091766 282.2720000000 561.5400000000
-1.0366615524 0.0959835098 -0.5768488704 235.4260000000 705.7280000000
-1.0362175882 -0.5096708932 -0.7202234928 129.4920000000 415.1680000000
-1.0355697102 -0.5908931098 -0.7816738157 93.1229000000 375.0900000000
-1.0339951860 -0.5446692100 -0.7367069541 114.9530000000 395.2540000000
-1.0336596317 -0.5467444845 -0.7382634099 115.7120000000 395.2790000000
-1.0322399787 -0.3050601865 1.5625139079 1165.8200000000 401.2770000000
-1.0322399787 0.0876142685 -0.7250219198 154.7020000000 713.7390000000
-1.0308074199 -0.1932811019 -0.7964924112 99.2095000000 575.7150000000
-1.0299943459 -0.3134826002 -0.2716570434 368.1810000000 484.1310000000
-1.0297155777 -0.1944588976 -0.8609343300 64.3374000000 579.6670000000
-1.0289825205 -0.6281783584 -0.8362013946 53.5891000000 358.7740000000
-1.0289102473 -0.6579704207 -0.9995569868 -35.7274000000 351.8370000000
-1.0285875989 -0.2513100612 -0.6340015167 182.1160000000 536.2390000000
-1.0282236515 -0.5881880257 -0.7728255061 93.1229000000 375.0900000000
-1.0267962550 -0.5847989269 -0.7990374618 77.2251000000 378.5460000000
-1.0265716917 -0.6569353647 -0.9992111078 -35.7150000000 352.1180000000
-1.0262232315 -0.6730393914 -0.8646409148 37.7466000000 337.1350000000
-1.0262077443 -0.1950022375 -0.8586138428 62.7560000000 580.0610000000
-1.0253482090 -0.1853091053 1.2546970135 1058.2600000000 462.1530000000
-1.0252578675 -0.1943455835 -0.8571244978 63.0501000000 579.1540000000
-1.0251597823 -0.6591319549 -0.8507308972 43.7847000000 343.4910000000
-1.0224288863 0.1222576720 -0.7036780831 164.2860000000 730.3020000000
-1.0216209747 -0.3971827565 -0.5645675819 211.0220000000 460.0260000000
-1.0212957452 -0.5044130150 -0.8495564570 54.1079000000 419.3310000000
-1.0211202244 -0.6570231250 -0.8796634241 25.4375000000 345.9830000000
-1.0202916633 -0.7022713361 -1.0318244076 -59.7849000000 330.1010000000
-1.0189339589 -0.7020751658 -1.0346069274 -60.4176000000 330.6420000000
-1.0180744236 0.1375958605 -0.1983479723 428.7120000000 699.3730000000
-1.0179040652 -0.5186689117 -0.8516575434 49.3145000000 416.5990000000
-1.0170961536 -0.1797995613 -0.7592020002 113.5100000000 581.1900000000
-1.0167089756 -0.1945554340 -1.0433648954 -45.9227000000 592.1970000000
-1.0121635050 -0.2701496301 -0.4535042605 272.6170000000 514.5210000000
-1.0115104646 -0.5902090952 -0.8845960728 23.3453000000 377.9230000000
-1.0111258677 -0.5912157582 -0.8831015654 24.1367000000 376.4100000000
-1.0093112931 0.1993386319 1.1378802259 1038.9900000000 639.3450000000
-1.0091693278 0.1386329815 -0.6258423841 203.0840000000 736.0140000000
-1.0063351843 0.2435030025 -0.4200727243 318.4090000000 773.2820000000
-1.0060796468 0.2232579772 -0.4599004423 292.1630000000 765.2120000000
-1.0042779782 -0.5516719708 -0.9005865273 10.7177000000 397.7720000000
-1.0029383420 -0.6471345970 -0.9813208995 -36.5026000000 353.0230000000
-1.0016245178 0.1372504977 -0.6193352112 202.7880000000 736.7100000000
-1.0009637338 -0.5120352607 -1.0323922688 -63.1331000000 424.9090000000
-0.9996628155 -0.5356427985 -0.9193052966 2.2647600000 406.4560000000
-0.9972752174 -0.1843429670 -1.0775578818 -76.4993000000 600.0040000000
-0.9968338344 -0.5125179427 -1.0359001021 -65.9112000000 424.4830000000
-0.9960517347 0.2421042572 -0.4119729590 317.0130000000 774.3380000000
-0.9919347411 0.1326386906 -0.1965589515 428.1300000000 699.3160000000
-0.9906622159 -0.2609193048 -0.2871596535 356.0830000000 509.8880000000
-0.9827353901 -0.2464156141 -0.3549700216 320.5590000000 520.5940000000
-0.9824101605 -0.5291407880 -0.9080590641 1.5811100000 407.5400000000
-0.9754125621 0.1725510715 -0.3241480656 358.5810000000 732.5710000000
-0.9697571810 0.1592210466 -0.3521049038 343.8390000000 730.6640000000
-0.9684640062 0.1716412030 -0.3256709660 358.2990000000 732.8470000000
-0.9679529312 0.1601484672 -0.3506310459 343.8520000000 730.4010000000
-0.9664713297 -0.2581089082 -0.2873971227 356.3490000000 509.1020000000
-0.9628137875 0.1065232713 -0.3367210283 346.8310000000 702.0930000000
-0.9624188659 -0.0451862625 -0.5253025627 233.5390000000 636.3810000000
-0.9584515812 -0.3325369239 -0.5617644126 201.5660000000 487.7170000000
-0.9456979354 0.1129788204 -0.3336571591 344.3750000000 706.2480000000
-0.9455353206 0.2463768963 -0.6380539805 179.4130000000 801.9430000000
-0.9329313837 0.1826667440 -0.6790716258 150.6060000000 775.7530000000
-0.9201003023 0.2208840593 -0.6542380241 163.9820000000 799.1670000000
-0.9101730564 0.1798362142 -0.6265186551 174.5050000000 776.3140000000
-0.9065800439 0.3207150867 1.4157011443 1199.1000000000 686.1830000000
-0.9057334145 0.2014379115 -0.6616950738 152.6120000000 789.9210000000
-0.9046235040 0.2844287575 1.4179287088 1197.3300000000 666.7860000000
-0.8778591743 0.4876404608 0.9720389504 1030.1100000000 806.1610000000
-0.8711196946 0.8580976053 0.7676657129 962.4620000000 1014.1200000000
-0.8679267661 0.2879494968 1.4465927923 1231.0700000000 671.0240000000
-0.7911906528 0.3784923802 1.1273851189 1125.1600000000 752.6020000000
-0.7567911714 0.3476058946 1.5003718269 1314.3400000000 709.5400000000
-0.7538099002 0.8690186082 1.0278751912 1135.3100000000 1036.2200000000
-0.7268906993 0.4728450959 0.9340929179 1064.9900000000 832.0210000000
-0.7174874344 0.4649698939 0.9194937233 1065.3700000000 832.3910000000
-0.6534378561 0.6856510719 1.0174549386 1161.8600000000 967.9290000000
-0.6471062039 0.6561429402 1.0109348599 1159.0900000000 952.6660000000
-0.6292289016 0.6911825560 1.0373120115 1189.4000000000 979.4890000000
-0.6276130785 0.6715577900 1.0262542057 1183.2200000000 971.4180000000
-0.6248331399 0.6729206568 1.0329652923 1184.3400000000 971.5200000000
-0.6243169024 0.6794252485 1.0308332317 1186.8300000000 973.9990000000
-0.6145884080 0.6701562053 1.0257741049 1187.2800000000 973.2880000000
-0.6110547628 0.7006322822 1.0360317427 1196.2200000000 992.3760000000
-0.5966001146 0.2814939477 1.3109307572 1315.9700000000 710.2790000000
-0.5384717796 0.4633076093 0.3037876612 752.3960000000 965.6250000000
-0.5209506812 0.3760479960 0.1721272406 654.0360000000 926.7150000000
-0.5191361066 0.3482537726 0.1349320754 623.9920000000 912.5930000000
-0.5122185250 0.3096598620 0.0775783547 574.1420000000 891.7210000000
-0.5121617388 0.4090304056 1.2094023411 1330.1000000000 819.9820000000
-0.4956447222 0.3067818384 -0.1746397682 374.6370000000 930.6870000000
-0.4782217088 0.2968907291 0.0412620837 547.9160000000 899.5110000000
-0.4764329461 0.5006806183 1.1697449815 1342.4000000000 896.7330000000
-0.4693992111 0.5029365759 0.1742172278 671.7560000000 1048.4200000000
-0.4510572950 0.3388608325 -0.5662143793 -0.3849500000 1056.1600000000

gimbalangles:
-0.1221108017 0.2632572822 3.1355201166

end: