T_CW:
-0.3411792828 -0.0260372671 -0.9396375672 0.3948949051
-0.5866831370 0.7869173032 0.1912172971 0.3642750350
0.7344382845 0.6165088959 -0.2837555066 -0.5008999316
0.0000000000 0.0000000000 0.0000000000 1.0000000000


target_points_pix:
1.2259993746 0.9389558745 -0.3692155935 949.7620000000 669.9780000000
1.2267350130 0.9356855104 -0.3676178387 949.7610000000 671.5120000000
1.2306584174 0.9399160762 -0.5109666492 1068.7100000000 630.1870000000
1.2314353548 0.9403264849 -0.5129180267 1069.4700000000 629.4680000000
1.2372043081 0.9341703535 -0.2429317858 830.5990000000 695.6020000000
1.2407637652 0.9395753594 -0.3278494880 905.4680000000 671.5560000000
1.2420801707 0.9396579574 -0.2527532029 836.5940000000 689.6030000000
1.2575905243 0.9396063337 -0.3889203764 949.7910000000 640.3580000000
1.2662788004 0.9404323136 -0.4727908910 1014.4400000000 612.9810000000
1.2687748083 0.9408194917 -0.5887842799 1106.0100000000 583.5110000000
1.2787820710 0.9386590380 -0.1838342150 754.7350000000 679.7030000000
1.2809451058 0.9419655388 -0.4688545806 1002.2800000000 603.5660000000
1.2823234598 0.9379363056 -0.2487446193 815.6650000000 658.4650000000
1.2858338743 0.9407885174 -0.3047168886 861.1950000000 641.6420000000
1.2864327098 0.9409975936 -0.3039218830 860.7150000000 641.8820000000
1.2874935777 0.9326009917 -0.3778032032 926.8290000000 617.3740000000
1.2887325475 0.9404090829 -0.4499370598 982.3410000000 601.5870000000
1.2910556160 0.9398154099 -0.3840161208 927.0680000000 617.6130000000
1.2938407169 0.9370948386 -0.2310983332 792.7090000000 652.6950000000
1.2985488023 0.9428766978 -0.1609050131 725.7770000000 671.7420000000
1.3005053422 0.9372884276 -0.2477258247 805.6980000000 642.6950000000
1.3034814510 0.9381015016 -0.2923530021 843.6390000000 631.6720000000
1.3062665519 0.9406568769 -0.3343618232 877.9810000000 618.8570000000
1.3063930301 0.9404090829 -0.3329757257 877.5820000000 618.6580000000
1.3083831254 0.9387571231 -0.0670625981 631.0160000000 688.6300000000
1.3102777168 0.9418545477 -0.5193400204 1027.4000000000 571.5630000000
1.3144721459 0.9410724480 -0.1620771302 720.3740000000 656.4040000000
1.3147121964 0.9384344747 -0.2259785484 781.6610000000 637.6440000000
1.3155562446 0.9422727000 -0.4134390733 938.4620000000 593.6380000000
1.3156207742 0.9406439709 -0.1625781387 719.7990000000 656.4050000000
1.3182561663 0.9423604604 -0.3560876756 889.5680000000 604.6660000000
1.3183749009 0.9458708749 -0.4188724723 941.2150000000 594.0670000000
1.3194589996 0.9421823585 -0.5749078177 1064.7500000000 551.5950000000
1.3207366872 0.9385377222 -0.2474328599 796.0450000000 630.4390000000
1.3218853155 0.9431090047 -0.4554659627 970.1940000000 578.0340000000
1.3222363569 0.9394798555 -0.1283126209 685.8400000000 659.8920000000
1.3236198733 0.9409330639 -0.1643818723 718.6060000000 650.1720000000
1.3239967266 0.9420791110 -0.3747574024 903.1450000000 596.0660000000
1.3243839047 0.9434058412 -0.8405377890 1250.6900000000 494.5360000000
1.3262423594 0.9361475429 -0.0388561591 595.9830000000 680.7060000000
1.3268437760 0.9370251465 -0.0384031608 595.9830000000 680.9940000000
1.3293991513 0.9385816024 -0.1878218910 738.7960000000 638.7650000000
1.3303903272 0.9408659530 -0.1896687305 738.9980000000 636.9660000000
1.3314486139 0.9419294021 -0.3990050746 919.9150000000 585.2670000000
1.3315905792 0.9387777726 -0.7146791028 1163.5700000000 512.7920000000
1.3329353778 0.9414209083 -0.3300538218 861.6330000000 599.6980000000
1.3335058201 0.9401251523 -0.7177636214 1163.9000000000 514.5730000000
1.3351629423 0.9459921907 -0.7188890190 1162.4200000000 513.6560000000
1.3384281440 0.9403264849 -0.3175479700 848.1070000000 601.0530000000
1.3384978361 0.9415112498 -0.1082740906 659.9410000000 653.0120000000
1.3386294766 0.9405329799 -0.3659684601 888.5860000000 587.6910000000
1.3392954229 0.9398412217 -0.1401930511 689.8370000000 643.8070000000
1.3421192417 0.9398128287 -0.1413791066 691.0370000000 643.0070000000
1.3421760278 0.9416196597 -0.3167400584 845.6680000000 596.7160000000
1.3448733684 0.9424508020 -0.2822089365 814.7190000000 603.7350000000
1.3449869406 0.9421720337 -0.2828981135 814.7590000000 603.0960000000
1.3469821983 0.9400606226 -0.1868376844 729.4200000000 624.9880000000
1.3478365713 0.9414363954 -0.3398958885 862.6410000000 587.7140000000
1.3500925288 0.9410698668 0.0266479182 525.3800000000 681.0700000000
1.3525188448 0.9390462161 -0.2085761846 747.4090000000 614.1830000000
1.3579754745 0.9401406394 0.0485557443 500.8730000000 680.8090000000
1.3634759843 0.9378408017 -0.2264883329 758.6860000000 601.7070000000
1.3636876417 0.9370148218 -0.2246784045 758.2070000000 600.9880000000
1.3655435152 0.9396657010 -0.2073351498 743.8220000000 604.5970000000
1.3708788291 0.9426805276 -0.5220657540 996.3620000000 531.6810000000
1.3728456937 0.9398721960 0.1164440642 426.6140000000 688.0600000000
1.3730650946 0.9426727840 -0.5436031797 1012.1200000000 525.2780000000
1.3766271329 0.9403393908 -0.6321224124 1075.7000000000 502.5090000000
1.3828865118 0.9439117539 -0.6350236668 1074.3600000000 501.2640000000
1.3829949217 0.9423191614 -0.4962796942 972.6280000000 528.9040000000
1.3838699441 0.9402567929 0.0944329906 447.5150000000 672.5160000000
1.3873106666 0.9395159921 -0.4284177024 915.4030000000 540.5980000000
1.3877210754 0.9410647044 -0.4286525904 917.5590000000 539.7330000000
1.3883405603 0.9435787807 -0.1554847782 685.8770000000 602.8490000000
1.3886451404 0.9449080921 -0.8043521261 1188.8700000000 465.6250000000
1.3903487239 0.9419887694 -0.4946432215 966.4470000000 525.7140000000
1.3911127553 0.9427786127 -0.4943644533 966.6470000000 525.3140000000
1.3911514731 0.9426056732 -0.0666111485 602.8800000000 623.9040000000
1.3915696254 0.9413873528 -0.3031604328 812.7540000000 566.7820000000
1.3931131754 0.9370922574 -0.2190880693 740.2450000000 581.8240000000
1.3939468988 0.9406233214 -0.1283959932 659.8880000000 605.8680000000
1.3961486515 0.9390771903 0.1409764414 396.9960000000 675.4520000000
1.3964867870 0.9396889317 0.1410551676 396.7560000000 674.4920000000
1.3965487355 0.9415344805 -0.1089846914 643.0930000000 607.0810000000
1.4000901243 0.9426108356 -0.5123088665 973.4370000000 515.7230000000
1.4006967033 0.9428173305 -0.1800674885 704.0350000000 588.8070000000
1.4012568209 0.9416583775 -0.1815986488 703.8760000000 587.8480000000
1.4056164460 0.9431167482 -0.2779809519 786.0400000000 563.1360000000
1.4096043802 0.9421023417 -0.3280972820 826.7430000000 549.7920000000
1.4096818158 0.9422159139 -0.1448159573 668.8960000000 590.8730000000
1.4109491787 0.9376652809 -0.0112575381 544.1760000000 620.5960000000
1.4112098786 0.9442731201 -0.7180243213 1116.0700000000 469.6780000000
1.4155927344 0.9436613787 -0.3967646042 878.0560000000 529.6970000000
1.4183959037 0.9426005108 -0.5242571819 975.0430000000 502.5400000000
1.4191083113 0.9438498054 -0.4713480074 935.5350000000 513.7550000000
1.4192063964 0.9425695366 -0.3464830782 836.7330000000 538.7970000000
1.4192812509 0.9429541334 -0.5246443600 974.4450000000 501.7410000000
1.4200194704 0.9454862781 -0.5223780777 974.0360000000 504.3140000000
1.4223580260 0.9415757795 -0.0694202545 596.9000000000 598.9250000000
1.4225929140 0.9409330639 0.0476993064 485.7830000000 628.8040000000
1.4235221414 0.9409537134 -0.5647147096 1003.3700000000 490.7350000000
1.4237183116 0.9414467201 -0.0711824310 598.7010000000 598.7230000000
1.4238396274 0.9409227391 0.1699585271 363.0730000000 661.3240000000
1.4260671919 0.9440975994 -0.6871817159 1088.1500000000 467.7020000000
1.4263872591 0.9424482208 -0.3968833388 874.4690000000 522.9890000000
1.4266686085 0.9405123304 0.3086428743 212.7680000000 697.3430000000
1.4304397230 0.9423733663 -0.1679098389 683.9020000000 572.8770000000
1.4311159940 0.9405407234 -0.0463462481 573.8930000000 597.9430000000
1.4334597120 0.9405278175 -0.2459073783 747.2220000000 549.9320000000
1.4339552999 0.9408117481 -0.2468373801 747.8610000000 549.8510000000
1.4353852776 0.9406955947 0.1745259378 355.1370000000 652.4490000000
1.4365493930 0.9420791110 0.0924003057 437.4560000000 630.7660000000
1.4377573886 0.9406207402 -0.3967568606 870.8830000000 514.6020000000
1.4378503113 0.9432845254 -0.1663784205 678.1510000000 565.8070000000
1.4379045163 0.9403368097 0.0046829188 523.8490000000 605.9790000000
1.4384001042 0.9413305667 -0.3355311010 820.7700000000 527.8220000000
1.4387098467 0.9419913506 -0.3367494214 821.7680000000 527.8210000000
1.4389653842 0.9424533831 -0.5039458201 950.5120000000 494.7690000000
1.4390092644 0.9432612947 -0.1318217449 647.9180000000 573.9030000000
1.4391822039 0.9430909364 -0.1313550662 647.9170000000 574.4620000000
1.4429533184 0.9403832710 0.1193726791 410.6350000000 631.0700000000
1.4433456588 0.9382899282 -0.0526084662 575.9010000000 587.9470000000
1.4437792983 0.9411653707 -0.1070908744 625.1200000000 575.9180000000
1.4437818794 0.9425153316 -0.1083231331 627.1840000000 575.3410000000
1.4459836321 0.9415809419 0.2733632081 252.0150000000 671.2570000000
1.4474110286 0.9388655330 -0.0095162950 533.8680000000 593.9750000000
1.4485777252 0.9391004210 -0.0025247289 526.9000000000 596.1400000000
1.4491017062 0.9466891113 -0.1314139173 642.9230000000 567.9110000000
1.4508569135 0.9399986741 0.2943043796 226.8810000000 673.4920000000
1.4515409281 0.9399909306 0.1237059762 404.6240000000 626.0740000000
1.4517887220 0.9404503819 0.3229323265 195.6910000000 680.3430000000
1.4526043772 0.9379982541 -0.0228381634 545.8840000000 586.7690000000
1.4526843940 0.9399367257 0.1226688552 405.7070000000 625.6090000000
1.4544034646 0.9416841894 0.1901594141 337.8090000000 642.1410000000
1.4553559227 0.9425282376 -0.7252542266 1098.3400000000 446.1250000000
1.4570620874 0.9395495476 0.0013554795 521.8580000000 591.5850000000
1.4573795734 0.9436304045 -0.4027426337 865.1430000000 502.3800000000
1.4574905645 0.9440821122 -0.4826949062 924.0610000000 489.3950000000
1.4576712476 0.9417564626 0.0313665865 493.0170000000 600.0040000000
1.4593748311 0.9438936856 -0.4828755893 923.5830000000 488.7960000000
1.4595787449 0.9459354046 -0.4824858300 924.7800000000 488.1960000000
1.4596226251 0.9433335680 -0.1259128912 636.4090000000 561.5200000000
1.4635305425 0.9427631256 -0.5127089505 945.5360000000 478.7930000000
1.4648934093 0.9399341445 0.2745144176 248.0130000000 656.2460000000
1.4652780062 0.9392423863 -0.0049535821 524.8670000000 582.9860000000
1.4660471999 0.9397431366 -0.0061657334 526.9100000000 581.7450000000
1.4675339638 0.9418881031 -0.6510915569 1043.2900000000 449.0420000000
1.4678101508 0.9401561266 0.0555943836 468.9820000000 597.6230000000
1.4703293895 0.9428612107 0.3945757575 114.1070000000 687.4790000000
1.4703474578 0.9400812721 0.3234253332 192.6940000000 664.3230000000
1.4722188185 0.9448745367 -0.6582414454 1043.2900000000 448.7630000000
1.4744902632 0.9480855335 -0.6569585954 1043.2900000000 448.5630000000
1.4756414726 0.9414363954 0.4152872033 91.9211000000 688.5190000000
1.4760415567 0.9401922632 0.1387109334 385.5850000000 612.0870000000
1.4762893506 0.9406129967 0.1387708169 385.9860000000 612.0870000000
1.4788653754 0.9402929295 0.2387053499 283.6010000000 636.1900000000
1.4793996812 0.9390952586 -0.0071233538 523.8730000000 572.9900000000
1.4804502243 0.9431786967 -0.5559464168 969.0890000000 460.6000000000
1.4825100117 0.9406749452 0.3579461304 156.8610000000 663.9700000000
1.4841387408 0.9427708692 -0.3195664584 788.8370000000 504.8690000000
1.4847117644 0.9439995143 -0.2441790154 727.1050000000 518.2950000000
1.4853699671 0.9469110934 -0.5286787555 947.5410000000 464.2100000000
1.4856384105 0.9410466361 0.4127602211 93.9553000000 678.4920000000
1.4881679740 0.9416041726 0.2430303871 278.1830000000 630.1900000000
1.4907982037 0.9396037525 0.0008602013 513.8660000000 566.9980000000
1.4908188532 0.9393482150 -0.0194718823 533.8420000000 561.5870000000
1.4909659809 0.9395805218 0.0008575220 513.9470000000 565.9180000000
1.4919365072 0.9389197379 -0.0205882200 533.8910000000 560.3870000000
1.4932683998 0.9407756115 0.3854848163 122.6260000000 663.9690000000
1.4944118657 0.9419913506 0.3894727504 121.1970000000 665.4220000000
1.4946106171 0.9410466361 0.3887732487 122.0450000000 664.2580000000
1.4950803932 0.9411705331 0.4125563073 94.7421000000 670.9380000000
1.4960225265 0.9426856900 -0.1678006547 660.9430000000 528.9270000000
1.4997420172 0.9423527168 0.4335361966 69.7486000000 674.5230000000
1.5005783219 0.9427063395 0.3419634194 172.5890000000 645.9200000000
1.5017037195 0.9428431424 -0.0889768772 591.5380000000 542.3600000000
1.5035286188 0.9356984163 0.2777718758 239.1910000000 625.7580000000
1.5037815751 0.9425282376 0.0702286823 445.5770000000 577.1920000000
1.5043055561 0.9425540494 0.0717851382 444.7510000000 577.0400000000
1.5043623423 0.9408891837 0.2873713109 232.9640000000 629.0320000000
1.5065899068 0.9404065017 0.3007263733 216.3120000000 629.5290000000
1.5082754220 0.9454191672 -0.5065605627 921.2110000000 455.8380000000
1.5116671019 0.9424998445 0.0283435000 483.6700000000 560.1770000000
1.5124001591 0.9422030080 -0.6088426854 991.6080000000 433.2590000000
1.5143102376 0.9424533831 0.2442569673 275.6690000000 610.1590000000
1.5146251424 0.9392398051 -0.2219988741 700.7360000000 502.7230000000
1.5156395490 0.9426960147 -0.2403136876 715.9250000000 501.9150000000
1.5176967552 0.9410053371 0.2065391117 312.3520000000 599.1380000000
1.5190338101 0.9422520505 0.2067768390 312.5530000000 598.9370000000
1.5203218225 0.9444305725 -0.7063186375 1053.3700000000 414.5190000000
1.5215556300 0.9408220728 0.1511912315 365.3070000000 583.2920000000
1.5269167557 0.9386229014 -0.5399120821 935.5900000000 433.8540000000
1.5272290794 0.9424249901 0.3453680053 168.5840000000 627.2950000000
1.5272574724 0.9443557181 -0.4521852738 871.7200000000 454.8700000000
1.5290849529 0.9411111658 0.0928853108 420.7080000000 563.0530000000
1.5292656360 0.9345162326 -0.7424268648 1076.3600000000 397.2440000000
1.5292940291 0.9413357291 0.1795569297 337.8570000000 583.3100000000
1.5306981949 0.9408014234 0.4035737759 107.5660000000 638.3050000000
1.5310027750 0.9443712052 -0.4419895845 863.7370000000 454.3390000000
1.5348771369 0.9394540437 0.2322861955 285.8100000000 589.1090000000
1.5351791358 0.9412995925 0.4269464257 79.9701000000 641.2270000000
1.5354217674 0.9428999285 0.2588259620 256.8700000000 599.2200000000
1.5356747238 0.9416041726 -0.4430788455 863.7400000000 449.8800000000
1.5356902109 0.9463432322 -0.9593962957 1203.7100000000 369.3360000000
1.5366375066 0.9415990102 -0.3299196001 778.9120000000 469.3480000000
1.5385863029 0.9418416418 0.1815805805 334.6810000000 577.2610000000
1.5402563310 0.9434806956 0.2392461086 277.6110000000 592.9580000000
1.5406693209 0.9470866141 -0.7585850965 1078.0300000000 398.2010000000
1.5415675741 0.9436949342 -0.0766813921 571.1410000000 519.5810000000
1.5419186155 0.9444073418 0.1647569187 351.1080000000 572.4970000000
1.5420502561 0.9437672074 -0.0768308429 570.1800000000 519.8210000000
1.5443759057 0.9418519665 -0.2270879427 696.3330000000 485.5060000000
1.5454264489 0.9436510540 -0.5298428709 920.6520000000 430.1390000000
1.5462859842 0.9463690441 -0.5284335427 920.6260000000 432.8640000000
1.5533842489 0.9426598781 0.2683970040 246.7480000000 589.1370000000
1.5542102288 0.9411627896 0.2690629503 246.0650000000 589.1780000000
1.5558260520 0.9381221511 -0.0268771276 522.6230000000 516.9640000000
1.5558415391 0.9419345645 0.4708627442 32.0043000000 636.9630000000
1.5563293835 0.9437259084 -0.3406470140 779.8750000000 460.7150000000
1.5640264836 0.9448951862 -0.4833995702 879.3190000000 430.6900000000
1.5656577939 0.9444047606 -0.4825116419 879.7180000000 430.8900000000
1.5666076708 0.9447712892 -0.1840845901 652.2900000000 482.3610000000
1.5676065902 0.9435116699 0.3118383840 203.3130000000 589.1690000000
1.5677614614 0.9430341503 0.3131676954 201.8250000000 588.2090000000
1.5682054256 0.9438678737 0.3115002485 202.7340000000 589.4580000000
1.5682054256 0.9452823643 -0.3868864009 808.8400000000 445.9130000000
1.5685383988 0.9455533889 -0.3862230358 807.6820000000 444.8750000000
1.5692508064 0.9380189036 -0.5746471178 945.1830000000 407.8770000000
1.5700019319 0.9423423921 0.0720192519 430.3050000000 531.4040000000
1.5706807841 0.9418958467 0.1769290231 335.4650000000 555.0960000000
1.5710576375 0.9436717035 0.1764546009 336.4280000000 554.7840000000
1.5713828670 0.9417796933 -0.6024387600 959.5490000000 405.4710000000
1.5719920272 0.9460205838 -0.4049856853 820.8230000000 439.9120000000
1.5735510643 0.9454914404 -0.1492568898 622.0510000000 486.6910000000
1.5749345806 0.9431993462 0.1574965555 352.3260000000 547.2840000000
1.5764729681 0.9471898616 -0.6668703541 1001.4500000000 394.8570000000
1.5782668932 0.9401819384 0.4183355853 91.0262000000 606.3370000000
1.5820070334 0.9464258302 -0.1718598296 638.9750000000 476.9690000000
1.5835428398 0.9393740268 0.3828132875 129.1400000000 593.0740000000
1.5844075375 0.9445028457 0.0588995937 442.5750000000 522.0370000000
1.5862040438 0.9406852699 0.3865844020 127.9310000000 592.9790000000
1.5863511714 0.9429876889 0.0221748757 476.2420000000 511.2230000000
1.5865679911 0.9438368995 0.0198714759 475.8410000000 511.0240000000
1.5865705723 0.9422907683 0.3835644130 127.9320000000 592.1140000000
1.5868828960 0.9354815966 -0.0405638726 527.9170000000 496.0050000000
1.5880392678 0.9380627838 0.4457916732 59.7531000000 604.3650000000
1.5889607517 0.9413434727 -0.0406562791 527.9170000000 495.6050000000
1.5891543407 0.9441285736 -0.8559707071 1115.1500000000 361.0160000000
1.5907030530 0.9440924370 0.1333828469 372.7970000000 531.6680000000
1.5907159589 0.9418751972 0.2591150549 253.1350000000 558.2850000000
1.5909766588 0.9445570507 0.0404407499 457.7290000000 512.6700000000
1.5914154606 0.9416480527 0.2598326250 252.3140000000 559.3430000000
1.5918129635 0.9458992680 -0.3587488796 779.8870000000 436.7350000000
1.5923575940 0.9415731983 0.2195149977 291.3290000000 549.6180000000
1.5926131315 0.9426418098 0.2605656821 252.1130000000 560.1440000000
1.5940740834 0.9423811099 0.1611148637 346.3110000000 535.2800000000
1.5974915752 0.9400089989 -1.0090660804 1203.3600000000 331.5500000000
1.5983330423 0.9433800293 -0.2801930293 718.9480000000 447.9530000000
1.5988802539 0.9436768659 -0.2785436507 718.7490000000 447.5530000000
1.6002121465 0.9402542117 0.1804580222 327.0440000000 534.0870000000
1.6028475386 0.9431941839 -0.0381313618 521.9120000000 489.0080000000
1.6078059992 0.9401922632 0.2636089018 248.1000000000 547.1320000000
1.6130612962 0.9431270730 -0.1898063077 643.9820000000 454.9770000000
1.6206086875 0.9453572187 -0.4477998368 834.8140000000 408.9320000000
1.6229136876 0.9454243296 -0.6096918960 942.8040000000 380.3050000000
1.6274333464 0.9420016754 0.4444804301 64.8235000000 579.3010000000
1.6277224393 0.9439607964 -0.0757769441 548.3450000000 468.0030000000
1.6289330161 0.9435065075 -0.5711573527 915.6650000000 382.9160000000
1.6306262749 0.9425514683 0.4153981943 95.2943000000 569.0540000000
1.6316845616 0.9465394024 -0.0966884320 563.9590000000 461.9990000000
1.6337133748 0.9478041841 -0.9123412536 1126.1400000000 335.8330000000
1.6357705809 0.9413305667 0.1885095193 316.2110000000 513.6770000000
1.6380471880 0.9464903599 0.0433990485 445.7940000000 485.0300000000
1.6404735039 0.9428353988 0.0436336785 444.7520000000 482.4300000000
1.6410852453 0.9386667816 0.1708245154 331.4700000000 505.0670000000
1.6487952514 0.9457469780 0.0578655701 431.7650000000 482.4320000000
1.6549978441 0.9442060092 0.2078766828 295.3290000000 508.0780000000
1.6558393111 0.9425643742 0.3408380218 169.7300000000 535.8320000000
1.6562084209 0.9444821963 -0.9085469085 1113.9900000000 322.6540000000
1.6564484713 0.9407497996 0.4196210165 90.0621000000 552.2220000000
1.6565878554 0.9477551416 -0.3364474225 739.9430000000 409.9680000000
1.6566962653 0.9477628851 -0.3370023777 741.5420000000 408.9280000000
1.6567014277 0.9476983555 -0.0494111497 520.9190000000 459.0100000000
1.6569079226 0.9425514683 0.2481473325 259.8080000000 515.6150000000
1.6572176651 0.9437284896 0.4417753460 67.8668000000 558.2500000000
1.6586941042 0.9466426499 0.2233911664 282.4730000000 510.0830000000
1.6640474863 0.9429722018 -0.3869302811 773.9110000000 393.9660000000
1.6649663890 0.9473937754 -0.2995725826 711.5670000000 410.3760000000
1.6651341661 0.9473679635 -0.3000862388 710.9670000000 410.9760000000
1.6653071057 0.9458373195 0.0962127192 395.3880000000 480.4230000000
1.6657768817 0.9453468940 0.0957308115 395.6770000000 479.5590000000
1.6658827104 0.9456230810 -0.9067168468 1110.2000000000 321.8570000000
1.6667938695 0.9468104271 -0.4159634743 794.8840000000 391.9600000000
1.6693182705 0.9460515580 -0.1680079240 609.9720000000 430.2670000000
1.6709986234 0.9438368995 0.2621763429 244.4710000000 509.8530000000
1.6724957119 0.9466762053 -0.1672033679 607.9870000000 428.9950000000
1.6730171117 0.9498717151 -0.5083286759 854.7930000000 373.9500000000
1.6796120450 0.9471021012 -0.7876415204 1030.4500000000 331.1010000000
1.6799063003 0.9465961885 -0.2198928835 647.9920000000 416.9900000000
1.6809594247 0.9469704607 -0.2201071220 647.9930000000 416.3900000000
1.6812640047 0.9460128402 -0.2195513924 647.9930000000 416.4380000000
1.6828152982 0.9468414013 -0.7751305062 1021.8300000000 331.1060000000
1.6831353654 0.9468981874 0.0054266879 467.8420000000 452.1780000000
1.6837212949 0.9406491333 0.3480756706 162.6180000000 518.1260000000
1.6842581819 0.9482817038 -0.7742761333 1020.4300000000 331.9060000000
1.6846582659 0.9414493013 0.3494436998 161.0390000000 518.5280000000
1.6858017318 0.9524116032 -0.7922308712 1030.2100000000 332.3000000000
1.6880318775 0.9491670510 -0.5476014387 874.7600000000 361.9510000000
1.6880860824 0.9457856958 0.1203457867 371.6090000000 472.0380000000
1.6887907465 0.9416351468 0.2014802429 299.3500000000 486.0580000000
1.6892760097 0.9459844472 -0.0178700750 487.0750000000 445.2150000000
1.6938472922 0.9461548055 -0.4108811168 780.9070000000 378.9720000000
1.6941467099 0.9487075996 -0.5843059202 898.7140000000 354.9470000000
1.6941492911 0.9427682880 0.4227519966 87.9120000000 528.9420000000
1.6947739384 0.9453185009 0.4235392587 90.0743000000 528.1710000000
1.6985218221 0.9441466419 0.2636114830 242.4480000000 493.9950000000
1.7007700362 0.9455843632 -0.0437485413 505.1030000000 434.4110000000
1.7010333173 0.9455224147 -0.1565921075 594.4170000000 416.4480000000
1.7045334071 0.9480648840 -0.4668076991 815.8610000000 366.9680000000
1.7106379147 0.9488624709 -1.0019755592 1141.5300000000 293.8570000000
1.7133429989 0.9446551358 0.4015372192 111.2500000000 513.1330000000
1.7157486653 0.9450190832 0.4010700244 111.0490000000 512.5310000000
1.7173464201 0.9449442288 0.4000994980 110.5650000000 511.3290000000
1.7201857260 0.9495413231 -0.4787121344 819.8580000000 357.9720000000
1.7203999646 0.9473628011 -0.4812029800 820.6570000000 357.5720000000
1.7232650823 0.9488005224 -0.2961008859 691.9850000000 383.9910000000
1.7251183747 0.9462632154 0.2265069175 274.0420000000 470.4450000000
1.7251545113 0.9448280753 0.2257121699 274.2430000000 471.0460000000
1.7275911520 0.9420300684 0.1519839141 339.5050000000 454.0280000000
1.7282028934 0.9446602982 0.1987163077 297.3430000000 464.0380000000
1.7282725854 0.9472905279 -0.1457289232 578.8580000000 404.6420000000
1.7290985653 0.9433929353 0.1514361861 339.1030000000 453.6280000000
1.7303039797 0.9459354046 0.2649098201 239.0730000000 475.2520000000
1.7309131399 0.9458399007 0.2804304986 224.9990000000 478.0560000000
1.7309518577 0.9446473922 -0.3857893963 753.9410000000 363.9860000000
1.7321366226 0.9471563062 0.0418856985 430.0380000000 433.7430000000
1.7330890807 0.9491618886 -0.7496180523 984.7330000000 316.7360000000
1.7341447862 0.9487282491 -0.5685142171 872.7710000000 340.9650000000
1.7344054861 0.9435787807 0.4453606150 68.7464000000 508.1660000000
1.7366046576 0.9497529804 -0.5685219606 873.3700000000 340.7650000000
1.7370357159 0.9434135848 0.3275113525 181.7470000000 483.0670000000
1.7451148317 0.9535576503 -1.0056356826 1123.8300000000 283.5570000000
1.7463047590 0.9444150854 0.2921671566 213.4960000000 470.9270000000
1.7486923571 0.9447403150 0.4535429783 61.8384000000 501.1190000000
1.7495983538 0.9402722800 0.3732138525 136.4440000000 484.0720000000
1.7562758850 0.9459199175 0.2338364565 266.2060000000 455.0280000000
1.7580801348 0.9443763676 0.2756553023 227.1060000000 461.4100000000
1.7605709804 0.9473963566 -0.3352910506 707.9800000000 361.1950000000
1.7644375988 0.9449235793 0.2214991562 275.2470000000 449.0210000000
1.7654055440 0.9435632936 0.2055079274 288.5050000000 444.0170000000
1.7663580021 0.9517482381 -0.5675385283 859.4800000000 328.2970000000
1.7664535060 0.9504782940 -0.6338569702 903.7170000000 318.9680000000
1.7707795757 0.9437826945 -0.3870206226 740.1180000000 347.0340000000
1.7744242120 0.9441621290 0.4821218826 33.5745000000 490.8990000000
1.7785773421 0.9479384059 0.0027001799 454.8190000000 405.0030000000
1.7831847612 0.9476802872 -0.0612652518 502.9010000000 392.0010000000
1.7853710267 0.9474505615 0.0236956079 436.7800000000 404.0010000000
1.7854768554 0.9476054327 0.0231164153 437.7820000000 404.4010000000
1.7867055005 0.9472466477 -0.4592215901 784.7130000000 332.6320000000
1.7889253215 0.9495335795 -0.2517793210 640.8000000000 360.0000000000
1.7904301536 0.9440459756 0.4092807807 104.7650000000 466.5980000000
1.7913258255 0.9506744643 -1.0129533482 1112.2300000000 263.8970000000
1.7924821974 0.9486301640 -0.2083400059 610.5550000000 365.7600000000
1.7929442299 0.9485733779 -0.2089267098 611.9950000000 365.0000000000
1.7931145882 0.9484907799 0.1041996866 371.6080000000 413.9990000000
1.7942993532 0.9492702984 -0.5970234293 870.7840000000 311.9810000000
1.8035064478 0.9482920285 -0.1612813502 573.9760000000 368.0000000000
1.8055946282 0.9467588033 0.2702064162 230.0230000000 434.9980000000
1.8091385982 0.9439995143 0.4263501715 89.0770000000 461.0250000000
1.8093889733 0.9440356509 0.4430556148 72.8187000000 462.2660000000
1.8112732400 0.9179475922 0.3502825857 152.6310000000 427.6480000000
1.8127367731 0.9476080139 -0.3518984088 704.9840000000 335.9990000000
1.8157257878 0.9487075996 0.1337325977 343.9160000000 407.9890000000
1.8164975628 0.9501737140 -0.8268265228 999.5150000000 275.9540000000
1.8178552672 0.9397250683 0.3286057758 177.7180000000 433.9860000000
1.8199486100 0.9233577605 0.3534574459 153.3570000000 428.3690000000
1.8222510290 0.9452359029 0.1432571784 336.4480000000 402.6060000000
1.8227156427 0.9470608022 0.1124437403 359.5670000000 400.3050000000
1.8228240525 0.9495645538 -0.1538521773 563.0070000000 361.4370000000
1.8230744277 0.9425979296 0.1665317430 315.4090000000 404.9790000000
1.8234177256 0.9480339098 0.1115733640 361.5740000000 400.9860000000
1.8234667681 0.9033767906 0.4168204285 88.7868000000 424.7410000000
1.8247754300 0.9491696321 -0.1373790408 551.9570000000 362.3970000000
1.8267655253 0.9038155924 0.3744812154 127.9710000000 414.6530000000
1.8273953350 0.9045744615 0.3750387518 127.9710000000 415.1340000000
1.8276328042 0.9052223394 0.3743831303 128.3740000000 414.9340000000
1.8284587841 0.9488418214 -0.2211716036 610.5540000000 348.4790000000
1.8290705255 0.9498846210 -0.3004476050 664.9980000000 337.0000000000
1.8290860126 0.9488624709 0.1413445187 336.4880000000 401.9820000000
1.8293544561 0.9461754550 0.2002598576 286.1370000000 411.2430000000
1.8294396352 0.9461986857 -0.4456703574 761.7010000000 316.7990000000
1.8299068301 0.9492393242 -0.2214279155 610.9940000000 348.9990000000
1.8303559567 0.9485114294 -0.0167891512 460.6270000000 377.2700000000
1.8308670317 0.8860183069 0.4427432912 58.2767000000 414.6240000000
1.8310244842 0.9517482381 -0.3031733387 665.2780000000 336.9600000000
1.8312129108 0.8858892476 0.4170733848 84.4249000000 411.1710000000
1.8326248202 0.9439685400 0.2354613139 258.1610000000 413.9750000000
1.8327125806 0.9483410711 -0.4480140754 761.9880000000 316.2230000000
1.8329784429 0.9571584064 -1.1822353462 1177.4900000000 235.0590000000
1.8330403913 0.9448590496 0.2348338273 258.3620000000 413.2540000000
1.8333475526 0.9504912000 -0.0159241696 460.8270000000 376.9890000000
1.8333965952 0.9566808868 -1.1834046240 1180.0800000000 234.8570000000
1.8343516344 0.8861163920 0.3748787182 122.1610000000 400.2190000000
1.8360603803 0.9494019390 -0.1122666709 530.9350000000 360.9940000000
1.8366204979 0.8615899516 0.4649285949 32.3424000000 398.2460000000
1.8375884431 0.9481423197 0.0433218711 413.7210000000 382.7830000000
1.8399373235 0.8622584790 0.4181832953 78.6032000000 388.6480000000
1.8401283313 0.9505583108 -1.0114407725 1091.3000000000 247.9180000000
1.8414628051 0.9500265863 -0.5568808065 829.2960000000 299.5150000000
1.8427275868 0.9477396545 0.1408618367 335.0010000000 394.5340000000
1.8447770494 0.8405532762 0.4425858388 47.7876000000 374.7660000000
1.8448286731 0.9446086744 0.1805664320 301.7520000000 397.1670000000
1.8454894570 0.9483643018 -0.3471877423 693.5900000000 324.0010000000
1.8459334212 0.9478067653 -0.6884181045 903.4730000000 279.9220000000
1.8518391775 0.9483152592 -0.1912884254 583.9800000000 342.9950000000
1.8518753141 0.9500007744 -0.1285214389 538.7420000000 351.5910000000
1.8541828954 0.9505531485 -0.2486065257 622.7960000000 332.3970000000
1.8542706558 0.8194314216 0.4210019517 63.4660000000 352.2510000000
1.8566530915 0.9512629749 -0.9648529254 1058.6500000000 247.0420000000
1.8568983043 0.9486120957 -0.6629727615 888.9580000000 279.5890000000
1.8573422685 0.9486327452 0.0643064065 394.2270000000 377.2540000000
1.8602874031 0.9522748003 -0.0905612099 512.3090000000 353.9880000000
1.8608242900 0.9522180142 -0.6628282150 887.7600000000 279.9890000000
1.8617535174 0.9489631372 -0.0766439649 499.0900000000 353.9850000000
1.8658034001 0.8009578650 0.3756556555 102.5110000000 324.9020000000
1.8665751750 0.7795030373 0.4434531177 32.0319000000 322.1750000000
1.8681471180 0.9519392460 -0.8477444636 990.5450000000 255.9660000000
1.8686736802 0.7804271023 0.4189240960 56.4537000000 317.5820000000
1.8686865861 0.9064380786 0.3182113351 179.9140000000 385.0980000000
1.8687020732 0.7810517496 0.4196365037 56.7430000000 316.4270000000
1.8698507015 0.9486740442 -0.7888598408 954.6260000000 260.9770000000
1.8703695202 0.7796604897 0.3763009523 95.9596000000 309.2510000000
1.8717091563 0.7809665704 0.3758492446 97.6537000000 309.2530000000
1.8770367266 0.9477370733 -0.0498187192 476.4910000000 351.3380000000
1.8782240727 0.7605493799 0.3560024964 112.1920000000 286.4550000000
1.8786731993 0.7601286464 0.3550139018 112.1440000000 286.4070000000
1.8856578917 0.9496084340 -0.3484938230 682.5530000000 306.7190000000
1.8860760441 0.9494019390 -0.3475078095 683.9920000000 308.0000000000
1.8876634742 0.9607075388 -1.0010437506 1062.1000000000 238.9790000000
1.8929703950 0.9506951138 -0.9294467810 1026.6700000000 238.7570000000
1.8931381722 0.9474686298 0.1513781094 321.9840000000 371.4640000000
1.8934066156 0.7425920608 0.3305416662 130.7380000000 263.0860000000
1.8940183570 0.9517921183 -0.4074533002 718.8240000000 298.9450000000
1.8975261903 0.9472621348 0.0952607773 365.5750000000 362.3510000000
1.9008998020 0.9481242513 0.2922626605 207.8860000000 390.9220000000
1.9026446845 0.6921040398 0.3961941618 56.3685000000 229.7390000000
1.9051484360 0.5669732483 0.3475749203 69.4421000000 118.4410000000
1.9065267900 0.9491102648 0.2686654475 225.7840000000 385.1210000000
1.9080212974 0.9499310824 0.1107360269 351.5280000000 360.9440000000
1.9082406983 0.9490457352 0.0914122273 365.9100000000 357.6420000000
1.9087517733 0.9498975269 0.0899765710 367.5800000000 357.9470000000
1.9090460287 0.9490973589 0.0910844165 366.7780000000 358.5070000000
1.9117872494 0.9512603938 -0.1055408715 512.9040000000 329.9760000000
1.9119111464 0.9515675550 -0.1063570429 511.1020000000 329.7350000000
1.9180440471 0.9521792964 -0.8805694208 990.5520000000 236.9720000000
1.9224165782 0.9543087758 -0.9181695743 1006.9400000000 233.2470000000
1.9247938516 0.9515236748 -0.8346991437 963.2140000000 238.7810000000
1.9265568024 0.9493554776 0.3239183400 180.1560000000 386.9740000000
1.9304182584 0.6868255121 0.3425570925 108.9920000000 205.3500000000
1.9331956158 0.9452126722 0.1917837552 285.8270000000 358.4700000000
1.9348682251 0.9470220844 0.2039155930 275.7020000000 359.9070000000
1.9356012822 0.9440588816 0.2600597694 227.9460000000 367.0920000000
1.9357355040 0.9489089322 0.0209483988 415.8720000000 336.9060000000
1.9359729732 0.9474144249 0.2030883225 276.4260000000 359.9070000000
1.9363524077 0.6883922927 0.4330173779 19.1690000000 217.2180000000
1.9364892106 0.9478016029 0.2046285169 275.7030000000 361.0600000000
1.9377694795 0.9505712168 0.0200938710 416.1120000000 335.9460000000
1.9387503306 0.5649857342 0.3144660325 104.7160000000 98.9283000000
1.9394549947 0.9513713848 0.0310986592 407.6900000000 337.1430000000
1.9412489198 0.9508757969 -0.0964504465 500.2810000000 317.9640000000
1.9413831415 0.9452565524 0.1766097302 296.9130000000 352.7080000000
1.9414657395 0.9458992680 0.1764117532 297.3950000000 352.7080000000
1.9416025424 0.9484701304 0.2844571505 211.2950000000 370.6890000000
1.9438481752 0.9507415751 -0.2565080559 607.9850000000 296.9850000000
1.9440107900 0.9535344196 -0.5617928057 799.1010000000 263.5220000000
1.9441579177 0.9532479079 -0.5622522570 800.3000000000 262.8020000000
1.9456524251 0.9454604662 0.2545166700 238.0780000000 362.7700000000
1.9508173806 0.9531317544 -0.9376962552 1008.5200000000 220.9690000000
1.9518472743 0.9551347557 -0.9757868342 1026.2000000000 217.4020000000
1.9519608465 0.6374293332 0.3314270134 105.8630000000 155.1630000000
1.9538657626 0.9502356624 0.2536659107 236.0270000000 361.8880000000
1.9570974090 0.9515752986 -0.2565072815 605.9830000000 292.7830000000
1.9580292175 0.9540893749 -0.8295625812 947.1720000000 228.9470000000
1.9584576946 0.9503595594 0.0978871353 355.5310000000 337.9190000000
1.9598128179 0.9525432438 0.1176897451 340.2780000000 340.7150000000
1.9616609479 0.9543139382 0.0966218373 355.9320000000 338.3200000000
1.9622391338 0.9503776277 -0.0794427461 483.4500000000 311.9530000000
1.9652642852 0.9468723756 -0.6222209785 831.4580000000 244.8020000000
1.9705324882 0.9506073534 -0.1056761257 500.9980000000 306.6760000000
1.9718695431 0.9557981208 -0.8300142890 943.6600000000 224.9880000000
1.9731472308 0.9539861274 -0.1067284757 501.8800000000 306.9570000000
1.9734879475 0.9564718106 -0.6460066182 839.8460000000 244.8010000000
1.9743732947 0.9526413289 -0.6296367292 831.8580000000 245.0020000000
1.9758729644 0.9538183502 -0.6681609477 852.3070000000 239.0410000000
1.9767221750 0.9554186863 -0.6288443047 830.7390000000 244.8020000000
1.9784335021 0.9524219280 -0.1808601711 550.0190000000 293.7260000000
1.9784489892 0.9544404163 -0.7922360336 919.7080000000 226.9930000000
1.9797163521 0.9526103546 -0.0958689050 493.0640000000 304.7520000000
1.9808211002 0.9562343414 -0.7901917333 920.1080000000 226.7930000000
1.9872353503 0.9509842067 -0.5789215637 797.9020000000 244.8010000000
1.9880793985 0.9511777958 -0.0072263690 429.7350000000 310.9280000000
1.9961585144 0.9526284230 -0.4929267321 743.9550000000 250.7980000000
1.9964372826 0.9509454889 -0.2097472692 567.3130000000 282.2050000000
1.9999476971 0.6016824722 -0.3921520227 693.9410000000 37.1905000000
2.0001464485 0.6177193880 -0.5370495455 791.8420000000 36.8212000000
2.0009543601 0.6025110333 -0.3934968212 692.7890000000 37.7666000000
2.0043047411 0.9525122695 -0.0218054562 436.9330000000 304.0530000000
2.0046945003 0.6196501160 -0.5375167404 791.8430000000 37.0215000000
2.0049939180 0.9532995316 -0.0225690230 437.5100000000 303.7650000000
2.0067723560 0.9570551589 -0.9050287504 970.7420000000 209.0700000000
2.0067930055 0.9531627287 -0.0722192939 471.8220000000 297.9360000000
2.0068549540 0.9509532325 -0.2423037829 585.5650000000 275.9680000000
2.0071388846 0.9532246772 -0.0718682524 472.1430000000 298.0170000000
2.0073686102 0.9532479079 -0.0707330463 471.5650000000 297.1520000000
2.0088269810 0.9512991116 -0.7147952562 869.5600000000 221.7590000000
2.0115320651 0.9503518159 0.1050667074 343.6370000000 318.1280000000
2.0149521381 0.9505531485 -0.1382700666 514.6900000000 284.3450000000
2.0153548033 0.9516346659 -0.1375491411 514.8350000000 285.0660000000
2.0154425637 0.9508525662 0.0461518847 387.2170000000 308.3020000000
2.0155561359 0.9486585571 -0.1200128136 502.6720000000 285.5400000000
2.0162427317 0.9512268383 0.0169798235 408.6350000000 302.3070000000
2.0214747981 0.9557051981 -0.2497907744 587.9660000000 272.3670000000
2.0223730512 0.9522051083 -0.6328399825 819.4750000000 228.0000000000
2.0258086113 0.6630166416 -0.3035630980 623.8670000000 81.3700000000
2.0263738913 0.6595294578 -0.3711282532 670.9260000000 73.2376000000
2.0267533258 0.6672652757 -0.5364739408 779.8650000000 63.8583000000
2.0273418365 0.9532298396 -0.5411871885 764.9360000000 236.9970000000
2.0281678164 0.9549282607 -0.5413523845 765.5350000000 236.3970000000
2.0295745634 0.6550407733 -0.5874885239 813.4350000000 50.2546000000
2.0297294347 0.6706776051 -0.2413286104 577.2700000000 91.9034000000
2.0299514167 0.9526155170 -0.3270699695 635.0240000000 259.1760000000
2.0359294462 0.9565105284 0.3091281375 188.7390000000 338.8120000000
2.0360920610 0.6526196197 -0.7231066789 894.7450000000 35.8609000000
2.0425940715 0.9537151027 -0.9017093437 958.6350000000 197.9850000000
2.0432445307 0.9551399181 -0.9013918577 957.2380000000 197.2650000000
2.0437917423 0.9532401643 -0.5876821130 786.9130000000 226.9970000000
2.0445609361 0.5847111666 -0.1069086426 468.9870000000 35.4696000000
2.0534376388 0.9163111195 -0.5250083074 751.6210000000 207.3440000000
2.0534763566 0.9596027907 -0.9720312069 988.8520000000 190.0570000000
2.0581302370 0.9568254333 -0.8648783840 931.6900000000 197.9900000000
2.0613644646 0.9208023852 -0.1791328407 531.8950000000 245.9200000000
2.0628847838 0.9239901513 -0.3991057409 672.4560000000 223.1680000000
2.0631480649 0.9244573462 -0.4004221464 673.1760000000 223.1690000000
2.0680471581 0.9253685053 -0.1811931443 533.8980000000 245.9210000000
2.0685143530 0.9250639252 -0.1801436336 533.8490000000 245.2970000000
2.0787848968 0.9499852873 -1.0105115452 1001.5500000000 175.1710000000
2.0835497683 0.7086778426 -0.8497603708 945.7540000000 51.7298000000
2.0864639286 0.9558213515 -1.0211305492 1001.7900000000 176.2270000000
2.0881933240 0.7111919189 -0.8520266531 944.8910000000 51.7298000000
2.0900388728 0.7124102393 -0.8356232087 934.2520000000 53.1713000000
2.1244202859 0.9589678186 -0.0075440874 410.9210000000 264.2460000000
2.1254011370 0.9590426731 -0.0073986633 411.6590000000 264.8630000000
2.1846471260 0.9675683343 -1.0904070315 1001.8000000000 146.8430000000
2.1922409787 0.8794698351 -1.0254204822 980.0090000000 106.7440000000
2.1949202510 0.6133520194 0.4164590623 31.4237000000 57.5412000000
2.2086237736 0.9617838938 -0.9707277074 938.0830000000 149.9760000000
2.2122451792 0.9643418503 -0.9741426180 937.6840000000 149.9760000000
2.2322338926 0.9628421806 -1.1024147142 993.1770000000 135.5600000000
2.2365548000 0.9595614917 0.1769584486 275.6080000000 246.8110000000
2.2372852759 0.9598609094 0.1772532202 277.0540000000 245.9470000000
2.3078626766 0.9627621638 -1.2608583073 1039.4900000000 105.9270000000
2.3356259258 0.9584980426 -0.1615647646 479.2760000000 182.6820000000
2.3435992130 0.9619490898 -0.1624619852 480.1420000000 182.9710000000
2.3544763357 0.9585315980 -0.0613390737 419.6110000000 185.7470000000
2.3657019187 0.9572074490 0.0431768083 350.7470000000 191.2000000000
2.3742508106 0.9625143698 0.0460001109 350.9890000000 191.6810000000
2.4161770337 0.9637920574 0.1444538167 287.1100000000 188.2300000000
2.4435169682 0.9582115308 0.0059067629 369.0240000000 166.4500000000
2.5577783805 0.9603616597 -0.1594172169 450.8270000000 125.6660000000
2.6870674645 0.9512397443 0.1566778029 263.8640000000 111.3360000000
3.0574420111 0.9652633341 -0.0741673158 360.6100000000 30.9412000000
3.0584228622 0.9641508425 -0.0692697713 360.1630000000 28.2511000000

gimbalangles:
-0.6502778262 0.0023584369 0.5705663750

end: