T_CW:
0.9761405391 0.1424124362 0.1639156670 -0.3320956216
-0.1456206997 0.9893108149 0.0076631177 0.1985865840
-0.1610722189 -0.0313497939 0.9864445908 -0.1588075184
0.0000000000 0.0000000000 0.0000000000 1.0000000000


target_points_pix:
-2.6696960749 -0.6150143039 3.1290699550 153.4540000000 502.7020000000
-1.9978698414 -2.1973284986 2.5207899684 116.5450000000 94.2038000000
-1.8646237975 -2.7271791131 2.8767330975 202.2760000000 20.9296000000
-1.7845734399 -2.0609850301 1.8990077918 -13.5850000000 -0.5104350000
-1.3860510473 -0.5244197967 1.4704765171 -10.7428000000 459.6150000000
-1.3669476810 -0.2930679909 1.4322568787 -11.0233000000 557.4660000000
-1.3624280223 -0.5181862297 1.4541479271 -9.6416400000 458.9410000000
-1.3455160840 -0.5548055320 1.5251770356 26.3608000000 443.5350000000
-1.3358701876 -0.8990610457 2.5981713785 314.0290000000 381.6840000000
-1.3209896435 -0.5313451219 1.5108127290 29.3006000000 451.4370000000
-1.2859061476 -0.2240813759 2.6248866657 354.2510000000 551.6340000000
-1.2816136333 -0.4148613074 1.4532367680 21.8954000000 497.1180000000
-1.2786246186 -0.9132859682 2.5940931028 328.3810000000 378.8040000000
-1.1561369628 0.1119731899 1.8382569706 238.9210000000 682.9070000000
-1.1547870019 0.0651711042 1.8490179399 239.8370000000 664.5840000000
-1.1546992415 0.1105767676 1.8361868585 238.9710000000 681.9560000000
-1.1546372930 0.1394135325 1.4493288507 99.5291000000 741.5480000000
-1.1384971297 -0.3114202317 1.7674498442 203.3110000000 530.1680000000
-1.1314530699 -1.1013099661 2.6554221099 364.7830000000 329.7690000000
-1.1305935345 0.1133799369 1.4555185375 108.8200000000 727.8280000000
-1.1200958463 -0.4743550904 1.4135794084 60.9307000000 458.4270000000
-1.1161982537 0.0655185320 1.4541737390 111.1770000000 705.1250000000
-1.1146882592 0.1291360196 1.4496514991 114.0790000000 734.3040000000
-1.1136093230 -0.0508070557 1.4564580896 105.8500000000 652.8550000000
-1.1037853246 -0.4536694565 1.4268286421 75.0365000000 467.4950000000
-1.1022675866 -0.4095130876 1.4273139053 78.4848000000 487.6430000000
-1.0995212034 -0.3033462782 1.4047414235 74.3647000000 536.1330000000
-1.0989017185 -0.3034753376 1.4075007126 74.0823000000 535.2670000000
-1.0962456769 -0.3651528049 1.4244771806 81.7807000000 507.7380000000
-1.0886673114 -0.4633179341 2.6499499931 394.2970000000 485.4780000000
-1.0872941198 -0.3416820700 1.4498709000 99.3936000000 518.3840000000
-1.0844754634 -0.2492722139 1.3694333643 65.8503000000 563.1350000000
-1.0803223333 -0.4011164857 1.3992176830 78.8287000000 490.8610000000
-1.0782418964 -0.3416201215 1.4443342535 98.5969000000 518.1650000000
-1.0731672825 -0.4304749086 1.4924604882 116.7020000000 477.2670000000
-1.0674757648 -0.3702661367 1.4880311711 121.0570000000 502.6610000000
-1.0649178083 -0.3667453974 1.5073178016 130.9860000000 505.0910000000
-1.0586687541 -0.2666985828 1.4561715778 118.7630000000 548.2470000000
-1.0553286979 -0.4384068967 1.5510792488 148.1360000000 474.2640000000
-1.0492758140 -0.3720368311 1.5489342823 152.6840000000 502.2210000000
-1.0433365024 -0.3269176794 1.5470887334 156.3390000000 521.0700000000
-1.0322399787 -0.3050601865 1.5625139079 168.6600000000 528.7990000000
-1.0157926541 -0.6843165981 2.6529183583 402.7580000000 426.3240000000
-1.0056821440 -0.7944403674 2.6386960170 400.4050000000 397.2180000000
-0.9936847860 -0.1426859616 1.9615241450 307.3730000000 579.3440000000
-0.9604210270 -0.6633186405 2.6734387963 420.8120000000 430.2860000000
-0.9603616597 -0.6615582709 2.6712189753 420.8120000000 430.2860000000
-0.9385248163 -0.1218578462 2.7205454621 448.7080000000 562.5710000000
-0.9351099056 -0.9704386144 2.6442713813 412.7140000000 351.6590000000
-0.9334760142 -0.1014344608 2.5898341439 434.9590000000 571.2890000000
-0.9311116467 -0.1283389490 2.7473898086 454.0070000000 561.3020000000
-0.9283084775 -0.1292516568 2.7477253629 453.7920000000 561.9150000000
-0.9254640092 -0.1267311275 2.7373231787 452.9390000000 562.5340000000
-0.9178779001 0.2852805493 1.4272338885 193.2180000000 805.5010000000
-0.9065800439 0.3207150867 1.4157011443 194.7750000000 824.9780000000
-0.8772784072 -0.1492796043 1.5370375906 227.1290000000 588.4260000000
-0.8725651594 -0.1474947133 1.5377319299 228.7240000000 588.6050000000
-0.8709364303 -0.1514119230 1.5272290794 223.5110000000 587.4330000000
-0.8679267661 0.2879494968 1.4465927923 224.6750000000 800.4400000000
-0.8492983383 -0.2298874983 2.6544412587 457.9550000000 533.2040000000
-0.8319088803 -0.2444792075 2.6972373420 466.9720000000 531.7070000000
-0.8196766344 -0.4546167521 2.7215005013 465.4600000000 477.2040000000
-0.8142561413 -0.2900738138 2.4390515144 438.3540000000 517.1570000000
-0.8106166674 -0.2885870500 2.4338839777 438.2680000000 518.2160000000
-0.7997292199 -0.4429446238 2.6865254152 465.7650000000 478.2770000000
-0.7972590238 0.3489765050 1.7856214019 354.3120000000 766.7220000000
-0.7962652668 0.3455538508 1.7843308083 354.3590000000 761.8350000000
-0.7836329368 -1.1215877725 2.6049340889 438.0310000000 304.4490000000
-0.7670333221 -0.0013890917 1.9808236814 388.9290000000 618.4790000000
-0.7657995146 -0.0069023268 2.0474183103 402.0510000000 610.5960000000
-0.7567911714 0.3476058946 1.5003718269 288.6810000000 814.5840000000
-0.7561123192 -0.0074942963 2.0298146138 402.2940000000 611.3390000000
-0.7495018988 -1.0568051370 2.6192080539 450.2330000000 318.5880000000
-0.7415105434 0.0204551339 1.7817238093 357.0920000000 634.9810000000
-0.7406071279 0.0205500184 1.7808436245 357.3360000000 635.7330000000
-0.7363326819 -0.9621168670 2.6049599007 454.4120000000 341.4360000000
-0.7305792157 0.0183853316 1.7696257850 358.6150000000 635.6970000000
-0.7053584359 0.0156619468 2.3219533774 459.6470000000 606.6290000000
-0.6935417611 -0.9131775583 2.6592938906 471.1980000000 355.8060000000
-0.6921918002 0.0183129035 2.3723175014 472.3510000000 602.0210000000
-0.6904417553 -1.0114356102 2.5849557002 459.9470000000 325.1920000000
-0.6784469785 -0.9052817067 2.6466202616 473.9430000000 356.9030000000
-0.6737982604 -0.9877145001 2.6761748547 477.2750000000 336.9580000000
-0.6492279398 -0.9781253898 2.7059617546 485.4830000000 339.4400000000
-0.6417373346 -1.0997122113 2.7211649470 484.8220000000 311.0690000000
-0.6345254977 -1.0935328492 2.7012898058 485.4410000000 310.6620000000
-0.6287823562 -0.9351847601 2.6973147776 491.2960000000 348.5210000000
-0.6055155351 -0.0174855555 2.5183404218 509.7660000000 583.9990000000
-0.6031692360 -0.0177004136 2.5191018720 511.6140000000 583.7800000000
-0.5972479926 -0.2365714825 2.6357792755 516.2320000000 522.1170000000
-0.5964994483 -0.2139546043 2.6321914253 515.9730000000 528.6470000000
-0.5872123369 -0.4176231777 2.6336368902 512.9270000000 476.7720000000
-0.5758396263 -0.0745160342 2.6373537997 528.1110000000 564.4270000000
-0.5740895814 -0.3446220422 2.6344112463 518.0760000000 493.9160000000
-0.5478130960 0.3715128501 1.4932580751 378.1490000000 820.5090000000
-0.5469458171 0.4281957203 1.4995871460 383.2000000000 844.3370000000
-0.5337766002 -0.6132771649 2.6295844263 518.7440000000 423.2080000000
-0.5333868409 -0.6130551828 2.6282163971 518.3310000000 422.7980000000
-0.5269932403 -0.3894882376 2.6336110783 529.1810000000 479.3570000000
-0.5253980666 -0.2334435999 2.6642239581 538.2340000000 518.4630000000
-0.5210590910 -0.3785156109 2.6423613028 530.2910000000 483.8690000000
-0.5158347682 -0.2362826476 2.6536927144 538.4350000000 520.0710000000
-0.5110285977 0.4107933564 1.5031595090 399.3740000000 833.9870000000
-0.5102000366 -0.6760903546 2.6348758600 521.8530000000 405.7470000000
-0.5095263468 0.4106229981 1.5024238707 398.4970000000 835.3160000000
-0.5075620633 0.3844187860 1.5015798225 398.0390000000 823.8910000000
-0.4998675444 0.4285132063 1.5032988931 403.6090000000 843.0740000000
-0.4949736135 0.8242272673 1.4325872707 415.5450000000 1064.1100000000
-0.4902422974 0.3826377668 1.5033995594 404.7040000000 819.6370000000
-0.4840319611 0.4298270306 1.5022354440 411.6520000000 842.8760000000
-0.4828859140 0.4303406868 1.5030769110 411.4010000000 842.6140000000
-0.4732503423 0.4503939299 1.2888745128 354.7010000000 916.7220000000
-0.4438661076 0.5193348580 1.2946641156 376.8040000000 953.9250000000
-0.4380016504 -0.9381453818 2.7097819116 539.4580000000 339.3760000000
-0.4325708326 -0.9232725813 2.7022190332 538.2420000000 340.3960000000
-0.4285441806 -0.9188664948 2.6918942845 538.2380000000 340.1050000000
-0.3822351016 -0.7603480473 2.6377926015 551.9950000000 378.6950000000
-0.3796745639 -0.7608358917 2.6342563751 552.1900000000 377.8780000000
-0.3738514057 -0.7452764955 2.6257900812 553.4210000000 378.8730000000
-0.3644687903 -0.5467573904 2.7896696544 575.6920000000 436.5120000000
-0.3638467242 -0.2227285757 2.6731548657 577.2810000000 518.4270000000
-0.3619572952 -0.5878886080 2.5570091867 556.6700000000 418.4680000000
-0.2958943909 0.4070377291 2.1823343823 585.7310000000 721.2580000000
-0.2956130415 0.0602405205 2.3717005976 582.8360000000 600.9970000000
-0.2943921399 -0.3567174853 2.6395478088 589.0910000000 478.7510000000
-0.2912895530 -0.3569162367 2.6257384574 589.8950000000 478.9530000000
-0.2775060135 0.1095564244 2.5670345177 606.3220000000 605.2700000000
-0.2714918474 0.3915273754 2.2973133647 600.5270000000 704.8610000000
-0.2652014943 -0.3553752680 2.6316235642 596.0800000000 478.0390000000
-0.2400966098 0.5315154802 2.6608167910 638.2020000000 712.6920000000
-0.2397499563 -0.2172665255 2.6806661203 609.5730000000 513.6050000000
-0.2395488819 0.3849040491 2.6820857733 633.8200000000 672.8680000000
-0.2374643151 0.5297241363 2.6485561520 637.4190000000 713.7550000000
-0.2347659420 0.5274991530 2.6372505522 636.2510000000 711.9390000000
-0.2317271104 0.3789879682 2.6393413138 633.4130000000 673.9030000000
-0.2310159933 0.3589811864 1.5381294328 525.8900000000 793.4680000000
-0.2267314807 -0.8856362912 2.6797627048 590.8720000000 339.9560000000
-0.2254370154 -0.6938669907 2.6755037460 596.6430000000 388.2130000000
-0.2253572567 0.0935742297 1.8468032813 558.0700000000 636.3200000000
-0.2246737583 -0.6918304340 2.6785495469 597.2480000000 388.0130000000
-0.2233934895 -0.7742477402 2.6598875636 594.5030000000 366.7540000000
-0.2186750794 -0.8827918230 3.1249400555 617.7340000000 366.0490000000
-0.2178940121 -0.8787574274 2.6556544167 591.1210000000 340.7030000000
-0.2146208087 0.1939849916 2.5809522789 627.8670000000 626.7310000000
-0.2140028725 0.0884846448 1.8200596011 557.7990000000 634.8900000000
-0.2137114564 0.1949955264 2.5808464502 628.6740000000 625.9150000000
-0.1946119620 -0.9368315575 2.6792464674 595.6320000000 325.0470000000
-0.1946047347 -0.9414518825 2.6868351577 593.6230000000 323.9810000000
-0.1918327978 -0.9367283100 2.6791690318 597.2540000000 324.4350000000
-0.1855896804 0.5705869104 1.9042656700 607.5750000000 813.3150000000
-0.1831166449 0.5688755833 1.9020174560 608.4580000000 814.9140000000
-0.1799567556 0.5721820840 1.4709127378 558.7270000000 915.8330000000
-0.1737030553 0.5708630974 1.4767875198 559.3450000000 915.8160000000
-0.1711407108 0.5626549222 1.8946275171 609.5300000000 813.2070000000
-0.1618133329 0.2574994899 2.6033595647 644.9640000000 639.9660000000
-0.1591330281 0.1075033481 2.5914344800 639.5620000000 600.3430000000
-0.1572952229 0.1155089001 2.5863753531 638.9600000000 600.3440000000
-0.1568205426 0.2511149234 2.5851105714 645.5690000000 639.3520000000
-0.1237583743 0.5234905693 1.9352657279 630.1090000000 789.2520000000
-0.1187741018 -0.8980414767 3.0855769512 639.2630000000 356.3540000000
-0.1176685794 -0.9332075707 2.6906295028 614.5200000000 324.5460000000
-0.1169492025 0.5221741639 1.9286036838 630.6010000000 790.0400000000
-0.1140288474 0.5192729095 1.9169857604 630.3950000000 789.8210000000
-0.1132937252 -0.6561868204 2.7197452941 628.8930000000 395.4390000000
-0.0793575670 -0.2147049554 2.6738259744 654.0000000000 508.0000000000
-0.0790702808 -0.2182721560 2.7051873984 653.7600000000 508.3200000000
-0.0691324521 0.5260614317 1.9344371668 649.1790000000 788.6820000000
-0.0603347338 -0.2228865443 2.6765104090 657.6000000000 505.2000000000
-0.0581515657 -0.5802353880 2.6118258586 640.9650000000 408.6270000000
-0.0440804820 0.0368660638 2.5876917586 668.0390000000 577.1550000000
-0.0438541118 -0.6203289683 2.7208552045 647.9910000000 402.5570000000
-0.0395355276 0.0961706458 2.5891888471 670.8680000000 593.0820000000
-0.0366686030 0.1830768947 2.5919507174 674.5290000000 617.3830000000
-0.0088211555 0.3474174679 1.9385928782 663.2410000000 719.8630000000
0.0166769212 0.6239219808 1.8838536419 685.4570000000 833.3770000000
0.0177521147 0.6249441309 1.8866439052 685.4500000000 832.6540000000
0.0180145182 0.6252590358 1.8898497397 685.4530000000 832.9250000000
0.0225721720 -1.3775641039 3.2010076413 656.8110000000 252.8950000000
0.0347373588 0.1855654172 2.5905310645 695.2560000000 615.6200000000
0.0400424728 0.2901693177 2.5984294972 701.2400000000 643.1770000000
0.0539455212 -0.5949429925 2.7463573337 675.7110000000 405.1630000000
0.0551728757 -0.5948216767 2.7449634927 675.1070000000 405.5690000000
0.0555734759 0.0878282489 2.6001072689 697.3690000000 587.0890000000
0.0600812612 0.2905281028 2.5907375594 706.4910000000 642.1840000000
0.0603845507 0.2269550116 2.5195122808 703.0930000000 627.2520000000
0.0619265519 0.2323798926 2.5941447265 703.5780000000 627.2550000000
0.0690366901 -1.0248422963 2.6373796116 660.1960000000 284.9540000000
0.0707766684 -0.8947917621 3.0885195046 678.2830000000 350.0410000000
0.0784195636 -0.5897289944 2.7452990470 682.1430000000 405.5530000000
0.0852566121 -0.9952644726 2.5581216784 659.7060000000 285.2090000000
0.0855627409 -0.9124522447 2.7125954056 669.8800000000 318.4830000000
0.0943287107 0.1466488583 2.6028691391 710.3140000000 602.5030000000
0.1016977419 0.0270807833 2.5878724417 707.2070000000 568.9840000000
0.1021143455 0.0293532605 2.6109740668 708.1700000000 568.1820000000
0.1079256303 0.0293511955 2.5681728212 706.9170000000 568.6940000000
0.1272553666 0.3409980554 1.9581505333 714.1420000000 708.6020000000
0.1273400296 0.5662298664 1.9177704413 725.6880000000 801.4720000000
0.1284912391 0.5656310310 1.9133333805 726.3090000000 801.2620000000
0.1391270208 0.5641107118 1.5012520117 719.1650000000 895.8580000000
0.1402033758 0.5635299447 1.4954004604 718.9610000000 896.3270000000
0.1404049665 0.5636822347 1.5032498506 719.6540000000 894.7320000000
0.1452963162 -0.9748859999 2.7223264812 683.3590000000 302.5970000000
0.1483390197 -1.0101785720 2.7273597962 683.4140000000 292.4820000000
0.1502596810 -1.0166108904 2.7395946234 683.6140000000 293.1150000000
0.1537783554 0.3421621708 1.9592088201 724.3520000000 707.6650000000
0.1597050192 -0.9224853192 2.7312832007 690.0850000000 313.2760000000
0.1691134464 -0.8791962292 2.6972631538 693.2460000000 322.8760000000
0.1694438384 0.0332880222 2.6216601817 727.5070000000 567.8450000000
0.1697236391 -0.2028317525 2.6741099049 718.6900000000 502.5540000000
0.1712240832 -0.2236714834 2.6730258063 718.1300000000 495.9810000000
0.1716205535 0.2275726896 2.5754698374 735.7210000000 622.9850000000
0.1723636773 -0.2236967790 2.6602747417 717.7280000000 495.5810000000
0.1728270004 -0.7684710433 2.6833247431 697.5060000000 349.3310000000
0.1736307821 0.2261850434 2.5734255371 736.3270000000 622.5820000000
0.1764907375 -0.8702937147 2.6624429389 693.6140000000 322.4150000000
0.1788700758 0.2268858357 2.5552049369 738.6200000000 623.0900000000
0.1857115124 0.0512048167 2.6192854895 733.3800000000 572.3030000000
0.1964492510 -0.4655919600 2.6593713262 715.2630000000 429.6920000000
0.1968395265 -0.4650602354 2.6580807326 715.4670000000 429.2880000000
0.2084757764 0.5665886515 1.4899980357 755.3140000000 898.4610000000
0.2318626227 -0.3302396673 2.6611007216 730.2620000000 464.8670000000
0.2331155310 -0.0633526578 2.6632689188 741.9490000000 537.7210000000
0.2383517272 0.1702600098 2.5800230515 751.8200000000 604.7960000000
0.2403482755 0.2425742913 2.0360868986 750.3330000000 659.0330000000
0.2442861347 0.1672526686 2.5918474699 754.2460000000 602.1180000000
0.2528933614 0.0911352659 2.6158783225 754.2840000000 580.0870000000
0.2603230505 0.2800200898 2.0238469091 762.8200000000 673.7050000000
0.2661255593 0.1378746288 2.6016043574 758.2830000000 593.9660000000
0.2671657777 0.1367703969 2.6054761382 759.2560000000 593.4860000000
0.2716492998 -0.0627011662 2.6719933315 752.4690000000 536.1390000000
0.2729940983 0.2627467853 2.0284285163 766.8190000000 666.4990000000
0.2736703694 -0.4658500787 2.6740582812 736.4770000000 426.5630000000
0.2754746192 -0.6022477522 2.6766136565 731.6550000000 390.0710000000
0.2839047765 -0.9733940737 2.7949352762 718.3820000000 300.3340000000
0.3097011610 -0.0622806908 2.6734129844 762.6100000000 535.1590000000
0.3309417502 -0.9681413578 2.8179852776 733.5940000000 302.1160000000
0.3337552442 -0.4544618809 2.6837635449 753.8250000000 427.1460000000
0.3341088669 -0.1544089394 2.6706769260 765.6190000000 509.0170000000
0.3343798915 0.5686949002 1.8886314194 808.4590000000 800.3390000000
0.3370772321 -0.7742116036 2.6999734004 742.5960000000 343.3470000000
0.3372553340 0.5823726110 1.9341351679 810.7810000000 799.5670000000
0.3383781505 0.4539843613 2.0294300169 801.4220000000 735.7040000000
0.3425803232 0.1882328160 2.6013462387 781.9020000000 604.4220000000
0.3429623389 0.4490129948 1.9874908879 806.8310000000 738.5610000000
0.3443019750 0.1921211164 2.6032046935 782.6550000000 605.8970000000
0.3462146347 0.5761261380 1.5153994986 832.7470000000 892.0690000000
0.3486951556 0.5745154772 1.5077204668 832.7880000000 892.9260000000
0.3504658500 0.0521327534 2.6492788844 778.0190000000 565.4750000000
0.3517332129 0.0506676716 2.6593455143 777.4070000000 565.6730000000
0.3529437896 0.4107339891 2.0231525697 804.7460000000 716.9550000000
0.3555533699 0.2786830349 2.0284827212 797.6740000000 668.3520000000
0.3571769366 -0.5206874001 2.6595003856 757.9130000000 408.1740000000
0.3602821048 -0.6869081101 2.6764587853 752.2500000000 363.2560000000
0.3609093332 -0.6822619732 2.6705994904 752.4570000000 363.0480000000
0.3609299827 -0.5178584189 2.6705478666 761.2890000000 408.6900000000
0.3637073401 0.2090542204 2.6015527337 787.8480000000 607.7150000000
0.3656329058 0.2116485717 2.5905310645 789.6850000000 610.2590000000
0.3752736398 0.5032618055 1.5452251163 839.4560000000 844.6630000000
0.3765410027 0.7196530505 1.5360748078 857.4840000000 957.1170000000
0.3771088639 -0.4054219059 2.6847702079 769.8640000000 438.6940000000
0.3856474310 0.6220764320 1.5481728320 853.3800000000 904.0900000000
0.3895940662 0.2249902119 2.6065086130 797.9600000000 613.4250000000
0.3970691843 0.1944650924 2.6104578294 798.8670000000 603.2210000000
0.3983597778 0.2262795149 2.6142263627 801.2470000000 612.2390000000
0.3993406290 0.6367788741 1.5409842258 861.7050000000 914.2190000000
0.3999446268 0.1965519823 2.6215569342 798.6510000000 602.4020000000
0.4050476338 0.5709121400 1.5256442304 860.7120000000 882.0110000000
0.4126776231 -0.5914351591 2.6657468585 770.3230000000 387.4590000000
0.4129434853 0.6575935674 1.5460536774 872.6060000000 922.0860000000
0.4134106802 0.6574748328 1.5512754190 870.9890000000 921.9810000000
0.4150445717 -1.0911659006 2.9767024765 751.4130000000 280.6420000000
0.4236089507 0.5442846131 1.5339711402 867.8040000000 864.6970000000
0.4240141971 0.4687797261 1.5299135140 863.7420000000 828.7040000000
0.4246156137 0.4683125313 1.5284344938 863.6850000000 827.5610000000
0.4349635931 -0.7708999405 2.6824471395 770.0290000000 337.1480000000
0.4445527034 0.5970595660 1.5276240010 885.3610000000 893.4390000000
0.4510005089 0.3080362953 2.0336709075 836.1750000000 674.9520000000
0.4516406433 0.2739362317 2.0330875592 834.6430000000 663.6220000000
0.4522136669 0.5248069748 1.5669896865 879.0060000000 843.5190000000
0.4526679558 0.5192264481 1.5276523941 884.9030000000 854.0470000000
0.4556595518 0.7912061399 1.5482631736 904.1120000000 992.9900000000
0.4564648822 0.7945229654 1.5524911582 904.7510000000 992.2750000000
0.4608890370 -0.3119132384 2.6880999394 794.3150000000 460.5880000000
0.4661159410 0.4151452380 2.0300598266 848.7320000000 714.6450000000
0.4678556611 0.6864099409 1.5380674843 904.9010000000 939.1310000000
0.4713996311 0.6048805631 1.5314699699 900.8180000000 895.1410000000
0.4737485114 0.6233489573 1.5321436597 902.8980000000 909.4950000000
0.4761257848 0.3280869572 2.0312161985 847.3340000000 681.7500000000
0.4808674256 -0.7464018931 2.9077073435 781.0410000000 356.6760000000
0.4824213003 -0.7364849720 2.8949304671 780.8380000000 356.4730000000
0.4826458636 0.8852026518 1.5557228045 926.1550000000 1040.0500000000
0.4952136639 -0.5366417179 2.6753746867 795.0920000000 396.9800000000
0.4990906070 0.4686429232 1.5281763751 904.6040000000 825.7180000000
0.4997359038 0.4700677385 1.5314544828 905.4710000000 825.3120000000
0.5004121749 0.3280869572 2.0315878894 856.6390000000 680.5310000000
0.5147919686 -0.4542063434 2.6658759179 804.7460000000 417.6910000000
0.5159044602 0.9139338461 1.5427833132 950.2630000000 1056.2100000000
0.5171356865 -0.5531613158 2.6774396364 801.3650000000 390.7530000000
0.5184107930 -0.5524979507 2.6558092879 801.1500000000 391.3710000000
0.5195697460 -0.4472371380 2.6669600165 807.1850000000 421.3330000000
0.5211958939 -0.0400644128 2.7670584548 821.4020000000 531.6680000000
0.5399869365 0.4156743814 2.0362159580 876.3280000000 709.9320000000
0.5406786947 0.4166603949 2.0390810758 875.4840000000 712.3680000000
0.5516409966 -0.4273336038 2.6639400275 815.2250000000 423.8960000000
0.5555747258 0.9115488292 1.6967924267 946.1790000000 996.4900000000
0.5664389426 0.2504030320 2.0540442178 876.2120000000 646.8690000000
0.5676959807 0.2502894598 2.0540829356 873.5310000000 648.4150000000
0.5697970671 0.2572653762 2.0935596121 874.4700000000 649.0390000000
0.5753517819 0.1866149279 2.8153008430 843.3740000000 589.4580000000
0.5763300518 -0.1158581347 2.7199259772 835.5260000000 509.0430000000
0.5771921683 -0.1148721212 2.7043356067 835.3180000000 508.8410000000
0.5833766928 -0.5244481898 2.6513954579 821.2210000000 394.1600000000
0.5918094313 -0.2843100229 2.7096528522 831.7150000000 461.3850000000
0.6090233685 -0.5704475263 2.6741099049 826.2000000000 382.7640000000
0.6117620081 -0.3261123490 2.7246495497 836.8010000000 450.3680000000
0.6147510228 -0.3254825394 2.6993022917 836.8020000000 450.1650000000
0.6172083130 -0.9487024373 2.6897002754 808.6270000000 281.4540000000
0.6182330443 -0.4545909403 2.6719675196 831.9870000000 413.4840000000
0.6202566950 -0.5873078408 2.7008510040 829.4070000000 377.7150000000
0.6435183538 -1.0185390373 2.6444520644 817.9750000000 256.3230000000
0.6453587402 -0.9940048532 2.5695021326 818.2620000000 255.2710000000
0.6541063835 0.9137686502 1.8884481551 969.5410000000 938.2160000000
0.6725050857 0.0703791655 2.7560884094 867.2390000000 556.9970000000
0.6738576277 0.0709423806 2.7756796200 867.0130000000 555.3600000000
0.7198105029 -0.3764506612 2.9228847241 856.2840000000 439.4150000000
0.7250245009 0.0205900268 2.7688136621 879.6410000000 540.7340000000
0.7253187563 0.0218698826 2.7678586228 878.7890000000 540.7290000000
0.7421945580 -0.2039354682 2.8602393115 871.3030000000 480.5070000000
0.7486475259 -0.1032872370 2.8459137228 878.2520000000 506.4110000000
0.7498839145 -0.1036023999 2.8447521885 877.6140000000 506.0020000000
0.7516984891 -0.1039402773 2.8571935107 879.0690000000 506.3130000000
0.7614992568 0.9109448314 1.5577077374 1088.1200000000 1049.4000000000
0.7622168268 0.9115772222 1.5769814620 1083.1900000000 1041.7000000000
0.7663931877 0.9182082921 1.5676814446 1088.9200000000 1049.9900000000
0.7738657245 0.0733346248 2.7703881863 894.9230000000 553.1420000000
0.7775697281 0.0733552743 2.7800160144 894.3600000000 552.6440000000
0.7817176959 0.5231808269 2.6597585043 922.9130000000 683.0770000000
0.7837542526 0.5235086376 2.6707027379 924.2690000000 683.9800000000
0.7841827296 -0.2032204793 2.8567288970 881.8980000000 478.9470000000
0.7848073769 0.9089444113 2.1330879124 992.0870000000 877.0260000000
0.7856333568 0.4079179139 2.6670890758 919.5980000000 650.1300000000
0.7881345272 0.4109327405 2.6683280457 920.4560000000 649.5230000000
0.7962678479 0.4571075978 2.4651447355 939.2930000000 677.2740000000
0.7972538614 0.7505524420 2.4304277681 956.4110000000 774.0900000000
0.7984360452 0.7470187968 2.3748470648 962.4700000000 780.0560000000
0.7991407093 0.9146669033 2.0430974030 1010.9400000000 896.6570000000
0.8016109054 0.6817431545 2.3870018752 957.9880000000 755.9220000000
0.8043211519 0.9229525141 2.0610237479 1010.7400000000 897.1230000000
0.8057898474 0.5479369930 2.3635646957 955.0250000000 714.9580000000
0.8102733695 0.7765449968 2.2083630737 985.0540000000 811.8320000000
0.8111612979 -0.3393047967 2.7128793362 891.9190000000 439.3730000000
0.8181718022 0.5893727906 2.1887202394 980.7270000000 750.8100000000
0.8206161865 0.9190316908 1.9409598268 1036.3200000000 924.5880000000
0.8226888798 0.9034748757 2.1129856267 1010.0200000000 875.4370000000
0.8231044509 0.4116503106 2.1139638967 982.5320000000 691.4820000000
0.8246531632 0.5249050599 2.1171026203 990.0660000000 734.4380000000
0.8263257725 0.4147838718 2.1242241156 980.4890000000 691.8250000000
0.8269530010 0.9073569812 2.1300369491 1010.1800000000 874.0190000000
0.8391491103 0.7288472391 2.1152080289 1006.2700000000 810.2510000000
0.8422052359 0.6371144284 2.1168574075 1001.4700000000 775.7550000000
0.8428608575 -0.4061910997 2.7078718331 899.5900000000 416.3650000000
0.8431835059 0.8090808610 2.1141471609 1012.9800000000 838.8200000000
0.8433848385 0.5824526278 2.1128720545 998.4360000000 754.2500000000
0.8454549506 0.5416027597 2.1161579057 996.8510000000 739.7060000000
0.8527777786 0.9168221946 2.1085588907 1021.0100000000 883.2800000000
0.8672892128 0.3881847380 2.5244991344 952.7700000000 649.0300000000
0.8698884683 0.4614801288 2.1110239245 1003.3600000000 709.1800000000
0.8708744818 -0.0962950590 2.8593875198 909.7930000000 503.9490000000
0.8736931382 0.3962664351 2.4069957510 966.6540000000 660.1290000000
0.8880600260 0.5400463038 2.1139329224 1014.2300000000 737.3720000000
0.8898358827 -0.4358566838 2.9163801324 899.5850000000 416.6130000000
0.9058753798 0.4602876204 2.1160494959 1016.6500000000 706.1690000000
0.9100491594 -0.1998107311 2.8728871287 917.0600000000 474.3180000000
0.9193182026 -0.2128880577 2.8493983254 918.5990000000 472.0420000000
0.9195117916 0.8431344633 2.1184861366 1044.1600000000 850.5430000000
0.9206113773 0.8484981703 2.1261496813 1044.1900000000 850.9720000000
0.9216412710 0.7954883294 2.1177763101 1042.7400000000 833.9530000000
0.9347640266 0.5042039388 2.1209279396 1030.2600000000 721.4320000000
0.9359926717 -0.0376848164 2.7553914888 935.9890000000 516.3270000000
0.9372497098 0.3562761023 2.6868093458 961.1030000000 629.1870000000
0.9438007628 0.1939204620 2.7777703816 946.5270000000 578.5770000000
0.9439478905 0.1246999913 2.1275925649 1011.8300000000 578.4480000000
0.9451610485 0.1244627802 2.1323161374 1010.1600000000 578.1640000000
0.9459818660 -0.0204089823 2.6661598485 946.5770000000 522.4110000000
0.9466787865 -0.0216421961 2.6706511141 945.9360000000 521.8130000000
0.9490818718 -0.1572898024 2.8507921665 929.4440000000 484.3480000000
0.9511364968 -0.0831059670 2.8640336567 930.0500000000 502.4550000000
0.9549282607 0.5188315265 2.1152880457 1040.8200000000 726.6880000000
0.9579895487 -0.2301476820 2.8582001737 928.4860000000 464.7460000000
0.9586632385 -0.7871769067 2.9700172018 900.3740000000 327.6640000000
0.9615903048 0.8349933990 2.1270505156 1059.4600000000 844.7520000000
0.9696616771 0.3574014999 2.1234187852 1035.7600000000 663.8750000000
0.9702837432 0.0840948198 2.6420515603 960.6110000000 550.6710000000
0.9714297903 0.9201338577 1.9411069545 1108.6300000000 920.9770000000
0.9728623492 0.0839613724 2.6634237901 958.3190000000 551.1720000000
0.9741916605 -0.1356615189 2.8609620440 936.6700000000 489.0670000000
0.9761069014 0.0841639956 2.6627526814 958.9530000000 550.2790000000
0.9761688499 0.3606486333 2.1331421173 1036.2800000000 664.9830000000
0.9773123158 -0.3405076299 2.7209068283 937.7150000000 431.4870000000
0.9799270584 0.6559674195 2.1242757394 1057.0600000000 777.0420000000
0.9843202390 0.5586024584 2.1298459413 1054.3400000000 738.8790000000
0.9862380611 -0.9075041089 2.7757570556 913.3550000000 279.1840000000
0.9895755361 -0.3572956712 2.6660566010 946.6980000000 424.2560000000
0.9931608050 0.6659153148 2.1582957862 1057.5700000000 777.3060000000
1.0006901280 -0.3555920877 2.6881773750 946.7170000000 423.2540000000
1.0119879842 -0.3685160918 2.6966178570 950.0980000000 420.8540000000
1.0144917358 -0.8645892911 3.1858560727 900.8340000000 322.0320000000
1.0151396138 -0.8665793864 3.1882823886 900.5360000000 323.0650000000
1.0165076430 0.7711038542 2.1266891494 1078.1000000000 819.2870000000
1.0207511147 -0.3856887300 2.6982181931 950.1390000000 412.6620000000
1.0243286401 0.1388763875 2.0753751485 1052.4600000000 582.6510000000
1.0273847657 -0.8631851252 2.7154088996 929.0240000000 285.0540000000
1.0350947717 0.6016411732 2.0974701107 1080.6200000000 758.7360000000
1.0353296598 0.6597411151 2.1191211086 1080.5700000000 777.3570000000
1.0374436521 0.5566665680 2.1233749051 1075.4300000000 737.7240000000
1.0375081817 0.9185851454 1.9483575092 1134.1100000000 917.5370000000
1.0431351698 0.6146968179 2.1231425982 1080.6800000000 759.5580000000
1.0448129414 0.6868203497 2.1273628392 1085.2200000000 786.2020000000
1.0454866313 0.5541576541 2.1098107665 1078.7700000000 737.7630000000
1.0485401757 -0.5894837816 2.7083880705 950.7250000000 357.7300000000
1.0506412621 -0.7225517236 2.7010574990 945.4510000000 320.5620000000
1.0559120462 0.4545444789 2.1257805715 1076.2800000000 699.0110000000
1.0564282837 0.4517851898 2.1273576769 1075.3200000000 697.5330000000
1.0656844209 0.6955886425 2.1256386062 1095.4000000000 789.2780000000
1.0710997515 -1.2864352909 3.2324723129 896.8050000000 227.6690000000
1.0724935926 -1.2847058955 3.2278519879 897.3430000000 229.5670000000
1.0729633687 0.7548501187 2.1069637171 1105.1500000000 815.6490000000
1.0737686991 0.7513861655 2.0933453736 1106.9000000000 817.2470000000
1.0763240744 -1.3310459487 3.1603281316 899.7800000000 209.6610000000
1.0794731227 0.9187451790 2.1315650119 1113.0200000000 873.3800000000
1.0860319193 -0.4537443109 2.7077169619 967.5320000000 394.2400000000
1.0939277708 0.8460899226 2.0458850851 1133.7100000000 864.4390000000
1.1040589305 -0.3056280477 2.4190782881 1007.0900000000 422.0540000000
1.1058063942 -0.1094998964 2.7090849911 989.0730000000 488.8590000000
1.1074015679 -0.0765985360 2.2705851716 1043.2300000000 497.5180000000
1.1135086567 -0.8595379078 2.7226104118 958.2570000000 281.7660000000
1.1167196535 0.8100952676 2.0697146051 1136.0600000000 843.5740000000
1.1199254880 -0.3656974354 2.4514205633 1008.3700000000 404.8150000000
1.1204004264 -0.1939147833 2.7111757527 989.2600000000 465.0060000000
1.1208237411 -0.2975386071 2.7166994932 983.5390000000 435.9480000000
1.1216368151 0.9175371834 2.0043486212 1159.0800000000 900.7700000000
1.1224705385 0.6800318274 2.1270608403 1116.2700000000 783.9270000000
1.1226383157 -0.2850017810 2.7248818565 984.1720000000 438.6660000000
1.1248400684 0.8131797863 2.0667720517 1139.7200000000 844.5820000000
1.1278342455 -0.6948994655 2.7083622586 970.0630000000 324.4950000000
1.1322764686 -0.1147884907 2.0576682045 1084.1200000000 476.8240000000
1.1335335067 -0.0188703366 2.7354905358 998.8780000000 513.3340000000
1.1440724939 0.4130648011 2.6883580581 1026.1100000000 636.3160000000
1.1443306127 -0.1021182173 2.0549347273 1089.9800000000 480.6430000000
1.1450817381 -0.1023115482 2.0605952708 1090.4600000000 481.2840000000
1.1521541910 0.1070346045 2.4858406942 1037.6200000000 552.5950000000
1.1531866658 0.4160228416 2.7096270404 1027.6500000000 636.5740000000
1.1532795886 0.5236325346 2.1276390263 1120.2800000000 720.2190000000
1.1536667666 0.7332868811 2.1222004649 1135.5700000000 801.7250000000
1.1564828418 0.4190299247 2.7264305688 1026.9800000000 636.8610000000
1.1610876797 0.1365071158 2.0470904995 1116.0300000000 575.3460000000
1.1658602948 0.1484838243 1.9733382386 1134.4600000000 583.5960000000
1.1689190016 0.1487651737 1.9824059491 1134.4700000000 583.8590000000
1.1699308270 -0.8229005371 2.7003605784 975.3380000000 286.6410000000
1.1705322436 -0.7158948419 2.7337095166 979.4720000000 318.0370000000
1.1709916949 0.4971159989 2.1528804556 1121.9000000000 706.5720000000
1.1732812079 0.5911615533 2.1457537978 1128.2700000000 743.4260000000
1.1738748810 0.4978671243 2.1589798008 1121.9200000000 706.7980000000
1.1754132685 -0.8171728828 2.6625719983 981.7010000000 283.4560000000
1.1779066953 -0.8239459179 2.6811307340 981.2640000000 283.0390000000
1.1784280951 -0.8320585892 2.7554173007 974.3440000000 287.2620000000
1.1788178544 0.8797899023 2.0284982084 1174.2300000000 878.8860000000
1.1790733919 0.9198137905 2.0088218186 1184.9200000000 900.2300000000
1.1839311862 0.8104153348 2.0733695661 1164.2200000000 840.8770000000
1.1977947424 0.5705894916 2.1604794706 1135.9300000000 733.2160000000
1.2125049281 0.6808578073 2.1705280322 1146.9200000000 771.7270000000
1.2208834616 0.7703320793 2.0955109896 1170.9600000000 819.4580000000
1.2236892121 0.8248699829 2.0643534793 1183.6100000000 846.0520000000
1.2599987720 0.9106660632 2.0103653685 1220.0100000000 892.7890000000
1.2815904026 -0.7001599250 2.6654371161 1019.2500000000 310.7080000000
1.2842877432 0.5465173400 2.1841283074 1165.0600000000 718.4130000000
1.2866030681 -0.8080845228 2.6577193664 1019.6000000000 280.0420000000
1.2920855096 0.4044565419 2.1689173714 1161.7900000000 666.2360000000
1.2977950957 0.1305221171 2.0354777385 1178.7900000000 565.7620000000
1.3100221793 -0.4313396063 2.1702028026 1117.7700000000 351.9620000000
1.3121464963 0.6964017165 2.1684114588 1189.1000000000 775.4530000000
1.3210231990 0.5323569472 2.1699188721 1181.9000000000 714.4540000000
1.3225460994 0.5329841757 2.1757549362 1182.7300000000 712.8580000000
1.3269625106 -0.0537385100 2.0519637809 1177.4400000000 492.9740000000
1.3320629365 -0.6897370912 2.7167511169 1029.5400000000 316.7690000000
1.3375505404 -1.2729950494 3.0146975516 979.3630000000 190.4630000000
1.3401368899 0.0719668538 2.0271585722 1197.7500000000 539.6980000000
1.3467085925 -0.0319780697 2.0473847549 1189.5900000000 497.3830000000
1.3587549930 -0.4773750794 2.6966952926 1052.6900000000 374.5630000000
1.3641625801 -1.3378628641 2.9144700539 991.9780000000 159.6810000000
1.3694953128 0.1825023224 1.9865358486 1231.0000000000 585.8640000000
1.3822980011 0.0297677991 2.0273908791 1212.6900000000 519.7810000000
1.3847940091 0.8643131040 2.1829306366 1226.2500000000 836.4310000000
1.3855890148 0.0290587470 2.0353899781 1213.6600000000 519.7840000000
1.3856690316 0.6476250226 2.1639795604 1217.3900000000 754.9950000000
1.3864666184 0.0968667920 2.0217071049 1221.2200000000 547.3140000000
1.3910662939 0.6465125309 2.1672525057 1219.2600000000 754.2350000000
1.4016156059 -1.3269754166 2.9081719572 1002.3600000000 162.3810000000
1.4104329413 0.5354414659 2.1674667443 1220.9200000000 710.9740000000
1.4162664242 0.1803568396 1.9620068270 1258.8800000000 584.0180000000
1.4287929256 0.6020593255 2.1686540903 1232.6900000000 736.4700000000
1.4332454734 0.0349136539 2.0255840481 1238.6300000000 520.5530000000
1.4348793649 -0.0317692517 2.0364276153 1231.8200000000 492.5040000000
1.4399488165 0.7443963106 2.1690102942 1246.3400000000 790.2610000000
1.4474600712 0.6490524191 2.1693742416 1243.4200000000 753.5150000000
1.4510092035 0.6023664868 2.1657941350 1243.3800000000 734.8110000000
1.4596458558 0.1847097537 1.9822949581 1273.7700000000 582.7550000000
1.4614036442 0.0505254482 2.0252201007 1252.9100000000 523.9940000000
1.4684064050 0.0751381003 2.0051797635 1262.0900000000 534.2220000000
1.4688839246 0.0130291359 2.0133982634 1256.1700000000 507.7500000000
1.4702829281 0.5848892685 2.1676964699 1248.5700000000 730.8120000000
1.4715141544 0.0702064841 2.0160104249 1261.5100000000 531.6920000000
1.4744773572 -0.4138752939 2.1103450722 1202.4900000000 341.2150000000
1.4887797153 0.1182754165 2.0034090691 1276.1100000000 551.1090000000
1.4950571625 -0.0522711051 2.0271198544 1261.5300000000 480.8770000000
1.4995097104 -0.5993877968 2.7751117588 1078.3900000000 335.2490000000
1.5052631766 0.9171319370 2.1720741633 1285.4800000000 854.2240000000
1.5119019900 -1.0992914778 2.9088172540 1043.4700000000 214.9910000000
1.5147051592 -1.2571568849 2.9589697207 1031.8800000000 179.9400000000
1.5205773600 -0.4233895498 2.0976817680 1226.2600000000 334.5590000000
1.5286642194 0.6043436761 2.1660729032 1277.4200000000 734.5330000000
1.5373654014 0.6650093181 2.1786536094 1280.2900000000 755.8870000000
1.5391231898 -0.3763809691 2.0239991991 1258.7100000000 341.5170000000
1.5465337782 0.5754834224 2.1597489946 1285.4200000000 723.0330000000
1.5550904136 0.6049141185 2.1615738940 1289.6400000000 732.8930000000
1.5551549433 0.5789938370 2.1722419405 1284.8800000000 723.2380000000
1.5606967522 0.6853774661 2.1656779815 1299.6800000000 763.4700000000
1.5653274020 0.2313678091 1.9871088722 1328.8700000000 595.9310000000
1.5667496361 0.6855245937 2.1735222093 1298.1000000000 764.3410000000
1.5835789764 0.5449660466 2.1633420072 1300.3200000000 707.8050000000
1.5921562614 0.8802054734 2.1697485137 1321.2200000000 838.0640000000
1.6190599752 0.7647025101 2.1665994654 1326.2700000000 793.6630000000
1.6219044435 -1.4004437469 3.0737293021 1043.7400000000 154.1820000000
1.6229317560 0.5444885269 2.1631329310 1315.5900000000 707.2530000000
1.6262201884 0.4149413242 2.1428706117 1315.6100000000 657.7440000000
1.6307475907 0.6023922986 2.1571497391 1325.2100000000 730.1120000000
1.6566807782 -0.6918330152 2.7684264840 1123.5300000000 301.6430000000
1.6595975197 0.7011407761 2.1656908875 1343.4300000000 766.2420000000
1.6602170046 0.4128918616 2.1364950794 1333.2700000000 656.5030000000
1.6607977717 0.4141411562 2.1372152307 1333.6300000000 657.0770000000
1.6626226710 0.7004851545 2.1673764027 1341.1100000000 766.5490000000
1.6648708850 0.6824220068 2.1697459325 1340.6800000000 759.3790000000
1.6668016130 0.5379813541 2.1645758146 1333.8500000000 702.6600000000
1.6709624868 0.6060704904 2.1701847343 1338.8600000000 728.4320000000
1.6846918213 0.6066383515 2.1751870751 1343.0000000000 728.6320000000
1.6894670176 -0.6193713478 2.7204938383 1145.6800000000 318.4020000000
1.6967975891 0.4067254055 2.1334931588 1350.3700000000 652.4240000000
1.7447689526 -0.9657356914 2.9237881396 1114.8300000000 238.4250000000
1.7574838806 -0.8547368996 2.8307879660 1137.0200000000 256.3840000000
1.7637122852 -0.9731875787 2.9583244239 1115.4900000000 239.5280000000
1.7662186180 -0.8626637254 2.8573225700 1136.2600000000 256.2080000000
1.7769692625 -1.1303689713 2.9214650711 1118.2100000000 192.2840000000
1.7797285516 -1.1406343526 2.9509164167 1113.0800000000 194.3170000000
1.8327977598 -0.6529551741 2.9366940754 1153.1800000000 317.9870000000
1.8337037564 -0.8506818546 2.8189661287 1161.2700000000 253.0360000000
1.8374155036 -0.8550130867 2.8326980445 1161.7600000000 253.4640000000
1.8432696361 -0.6938721530 2.7354131002 1190.1100000000 287.0690000000
1.8703178964 -1.2062274809 2.9348614325 1140.8500000000 169.3870000000
1.8949295160 -0.7088791752 2.7281341523 1207.1600000000 279.2800000000
1.9214434706 -0.6346984372 2.7320575568 1218.2700000000 300.5390000000
1.9255191652 -0.6362781238 2.7403431676 1217.6700000000 300.5750000000
1.9256404810 -0.6367091820 2.7440084534 1217.9400000000 300.5590000000
1.9924570920 -0.8949079155 2.8291101943 1209.8000000000 230.0560000000
1.9957997293 -0.8955196569 2.8453716735 1207.0400000000 234.2640000000
2.0305709017 -0.9107047810 2.7878886353 1230.7000000000 220.1960000000
2.0524025827 -0.8263567467 2.7564239637 1247.9900000000 239.0510000000
2.1097126814 -1.1993460359 2.8965308031 1219.4900000000 150.1120000000
2.1907025911 -0.6378268361 2.7414530781 1306.2000000000 283.7360000000
2.1990320821 -0.6414146862 2.7539202121 1305.9900000000 282.8040000000
2.2019384989 -0.8570548057 2.7395429996 1299.9600000000 217.5950000000
2.3837728100 -0.8531339824 2.7689427215 1351.9200000000 212.3830000000

gimbalangles:
-0.6502778262 0.0023584369 0.5705663750

end: