T_CW:
-0.3152938085 -0.2873147304 -0.9044556706 0.3777595245
-0.7073745928 0.7064913206 0.0221630167 0.4773788201
0.6326223200 0.6467768236 -0.4259914796 -0.4089271478
0.0000000000 0.0000000000 0.0000000000 1.0000000000


target_points_pix:
1.2111575484 0.9373323078 -0.0787546017 419.6250000000 663.0650000000
1.2167277503 0.9387313112 0.0405703255 282.3510000000 677.0260000000
1.2224373363 0.9365605328 0.0049138318 323.3310000000 666.1700000000
1.2247268493 0.9363772685 -0.0546352144 390.7630000000 652.8930000000
1.2259993746 0.9389558745 -0.3692155935 698.2610000000 610.3910000000
1.2261258528 0.9374252305 -0.0539359708 390.0890000000 653.2780000000
1.2320238655 0.9394488813 -0.3284354175 659.8850000000 609.8650000000
1.2334873986 0.9378485452 0.0928840202 213.3710000000 668.4620000000
1.2363060550 0.9380292283 0.0637238325 251.0240000000 659.7660000000
1.2374624268 0.9408685342 -0.1652192094 503.8100000000 625.9890000000
1.2380173821 0.9376730245 0.1321676239 165.3100000000 669.9680000000
1.2385439442 0.9370716079 0.1315491715 166.1330000000 669.1020000000
1.2404127238 0.9377298106 0.1795336990 100.2530000000 675.8360000000
1.2410786700 0.9435968491 -0.5378497135 830.7090000000 581.7490000000
1.2418504450 0.9389532933 -0.0452004591 377.9720000000 639.4620000000
1.2420801707 0.9396579574 -0.2527532029 588.8900000000 608.9250000000
1.2526940123 0.9371025821 -0.3375702389 663.8970000000 592.8760000000
1.2535638724 0.9375181533 0.1041774884 200.7610000000 649.2920000000
1.2540594603 0.9369761040 0.1055129947 197.4630000000 648.2940000000
1.2553526351 0.9412582935 -0.8122583024 1013.0600000000 545.4070000000
1.2574201660 0.9408091669 -0.1314642504 468.0550000000 615.1890000000
1.2575905243 0.9396063337 -0.3889203764 705.4780000000 583.0510000000
1.2594644662 0.9369915911 0.2257093306 35.8426000000 662.9490000000
1.2621747128 0.9377478789 -0.2496591339 583.1010000000 592.7390000000
1.2625722156 0.9394333942 -0.1628685222 496.8180000000 605.0000000000
1.2630265045 0.9376756057 -0.1622304527 496.6180000000 604.8000000000
1.2635195113 0.9380318095 -0.0197164498 345.0530000000 620.5240000000
1.2639892873 0.9373787692 -0.0395881838 365.5220000000 618.1050000000
1.2645364990 0.9445596319 -0.8861422039 1055.1900000000 534.8290000000
1.2650475741 0.9404219888 0.0100627065 310.3230000000 624.1560000000
1.2660955361 0.9384009193 0.0158547873 303.4240000000 623.9700000000
1.2662788004 0.9404323136 -0.4727908910 770.2190000000 567.4160000000
1.2666504913 0.9366844298 0.1787575361 102.0690000000 647.4110000000
1.2686689797 0.9384654490 -0.1392602100 471.3830000000 601.2200000000
1.2718051221 0.9370845138 0.1816781493 97.6409000000 641.2040000000
1.2774372725 0.9397766920 -0.8744236142 1043.2300000000 526.4510000000
1.2787820710 0.9386590380 -0.1838342150 512.8510000000 587.9930000000
1.2788698314 0.9398154099 0.1392155555 154.4860000000 629.3130000000
1.2804856545 0.9373168207 -0.2930989652 614.9210000000 574.9260000000
1.2805785773 0.9393094972 -0.2932589988 615.5210000000 574.7260000000
1.2823234598 0.9379363056 -0.2487446193 575.9090000000 576.9530000000
1.2824112201 0.9370870950 -0.0094003739 330.4140000000 606.1280000000
1.2831726704 0.9400064177 -0.4374260456 734.8700000000 557.8530000000
1.2858338743 0.9407885174 -0.3047168886 621.5240000000 569.9250000000
1.2864327098 0.9409975936 -0.3039218830 622.0040000000 570.1640000000
1.2864946582 0.9397121624 -0.0070946510 325.7990000000 603.7300000000
1.2866675978 0.9390074983 -0.0077650370 327.7270000000 603.2010000000
1.2885621892 0.9410595421 -0.4493408056 742.6660000000 551.8530000000
1.2910556160 0.9398154099 -0.3840161208 687.9110000000 556.8880000000
1.2920545354 0.9403626215 -0.3845478453 689.9100000000 556.6860000000
1.2922997482 0.9388164904 0.0799698246 225.3110000000 606.7410000000
1.2923616967 0.9387390548 0.0526221465 258.3140000000 603.2540000000
1.2938407169 0.9370948386 -0.2310983332 554.9030000000 567.9710000000
1.2945686117 0.9377143235 0.2107108264 58.9221000000 624.4150000000
1.2949635333 0.9406181591 0.0806293179 224.5400000000 605.0120000000
1.2955959242 0.9372006673 0.1145055926 184.4630000000 609.3720000000
1.2961689477 0.9424921009 -0.1615428245 485.8240000000 575.0140000000
1.2978363947 0.9349292225 -0.8426053200 1018.8400000000 512.3320000000
1.3005053422 0.9372884276 -0.2477258247 569.9170000000 560.9640000000
1.3009364004 0.9369451297 -0.5632795695 827.7550000000 531.1730000000
1.3013493904 0.9390384725 -0.4442403797 734.8790000000 544.8650000000
1.3029316581 0.9381350570 0.1219195365 173.8420000000 602.6520000000
1.3035924420 0.9401432206 -0.5693763336 828.9520000000 531.4120000000
1.3062665519 0.9406568769 -0.3343618232 643.1350000000 550.7230000000
1.3063930301 0.9404090829 -0.3329757257 642.9350000000 550.9230000000
1.3069170111 0.9378020839 0.0758296004 229.9790000000 593.1940000000
1.3080811265 0.9480932771 -0.5754834224 829.1920000000 532.0350000000
1.3083831254 0.9387571231 -0.0670625981 388.4190000000 576.0750000000
1.3105926216 0.9412737806 -0.6082954737 854.7080000000 524.8010000000
1.3144721459 0.9410724480 -0.1620771302 483.6700000000 559.8890000000
1.3155562446 0.9422727000 -0.4134390733 705.5120000000 536.2930000000
1.3156207742 0.9406439709 -0.1625781387 483.6710000000 558.7370000000
1.3176960487 0.9377788532 -0.0377645751 357.1300000000 568.8920000000
1.3181606624 0.9379233997 -0.0641745078 387.2210000000 566.4730000000
1.3183749009 0.9458708749 -0.4188724723 705.5120000000 537.0130000000
1.3197816479 0.9398231534 0.1472696338 142.4390000000 590.2580000000
1.3207366872 0.9385377222 -0.2474328599 562.9620000000 547.1740000000
1.3233669169 0.9386977558 0.0500383782 258.3340000000 574.9550000000
1.3243839047 0.9434058412 -0.8405377890 1000.3800000000 498.7260000000
1.3245491006 0.9385661153 0.0486300825 259.7810000000 574.7140000000
1.3252356964 0.9395288981 -0.0118703894 327.7520000000 565.1620000000
1.3262423594 0.9361475429 -0.0388561591 356.5320000000 562.0890000000
1.3268437760 0.9370251465 -0.0384031608 355.2080000000 561.6890000000
1.3270399463 0.9397637861 -0.0122375632 327.0300000000 564.1060000000
1.3271457749 0.9380472966 -0.4438712700 727.8990000000 525.8880000000
1.3272464412 0.9406129967 -0.4319384417 715.9100000000 525.8950000000
1.3303903272 0.9408659530 -0.1896687305 506.7510000000 544.3270000000
1.3315905792 0.9387777726 -0.7146791028 921.1800000000 500.9020000000
1.3341304674 0.9413254043 -0.3308720582 631.9500000000 528.9440000000
1.3351629423 0.9459921907 -0.7188890190 921.1800000000 501.3820000000
1.3384281440 0.9403264849 -0.3175479700 619.1510000000 528.4320000000
1.3384978361 0.9415112498 -0.1082740906 424.5250000000 547.2490000000
1.3413577915 0.9384009193 0.1803057321 100.1290000000 575.0630000000
1.3441067558 0.9410905163 -0.3708469038 661.9490000000 518.9330000000
1.3442229092 0.9396244020 0.1985996380 77.4275000000 573.9740000000
1.3448733684 0.9424508020 -0.2822089365 585.9450000000 525.9710000000
1.3449869406 0.9421720337 -0.2828981135 586.7450000000 525.5700000000
1.3469821983 0.9400606226 -0.1868376844 499.0670000000 531.6130000000
1.3480714593 0.9417487190 -0.3387833968 634.1320000000 518.3490000000
1.3489568065 0.9411085846 0.0277629910 280.9150000000 551.3530000000
1.3500925288 0.9410698668 0.0266479182 281.4940000000 550.1990000000
1.3525188448 0.9390462161 -0.2085761846 519.4960000000 524.4040000000
1.3583626525 0.9397663673 0.1738757368 106.1890000000 559.2270000000
1.3584529941 0.9403187414 0.1598877673 125.5400000000 555.8080000000
1.3596997075 0.9421694525 -0.8425872516 988.2260000000 477.3640000000
1.3599836381 0.9438007628 -0.9584696495 1055.0500000000 471.4670000000
1.3602365944 0.9424740326 -0.8432970781 987.2690000000 476.4060000000
1.3602365944 0.9438059252 -0.9585445039 1054.0500000000 471.3230000000
1.3634759843 0.9378408017 -0.2264883329 532.7140000000 514.0800000000
1.3636876417 0.9370148218 -0.2246784045 532.7140000000 513.6000000000
1.3648182016 0.9452875266 -0.7842756524 949.5260000000 478.7910000000
1.3651769867 0.9415009251 -0.4361070590 707.9340000000 497.9230000000
1.3657190360 0.9398747772 0.1765867577 104.9840000000 551.0110000000
1.3699315334 0.9386642004 0.1537009198 133.4040000000 545.1850000000
1.3708788291 0.9426805276 -0.5220657540 771.4710000000 489.4940000000
1.3725953186 0.9312226378 -0.7326080288 921.2020000000 469.2620000000
1.3728456937 0.9398721960 0.1164440642 178.4240000000 539.2900000000
1.3734884093 0.9423578792 -0.5446485605 785.8520000000 487.8870000000
1.3766271329 0.9403393908 -0.6321224124 846.9560000000 476.2620000000
1.3768103972 0.9415809419 0.0820641998 216.9430000000 532.1280000000
1.3823212318 0.9439401469 -0.6351759569 846.7570000000 475.8630000000
1.3868331470 0.9397457178 -0.4291791526 695.9490000000 483.9390000000
1.3877210754 0.9410647044 -0.4286525904 695.9500000000 483.5390000000
1.3886451404 0.9449080921 -0.8043521261 954.7230000000 464.2060000000
1.3901706220 0.9414493013 -0.4956395598 744.6780000000 476.8480000000
1.3903487239 0.9419887694 -0.4946432215 743.9100000000 478.9190000000
1.3911127553 0.9427786127 -0.4943644533 745.1090000000 477.5190000000
1.3911514731 0.9426056732 -0.0666111485 372.8050000000 507.6570000000
1.3955472349 0.9436742847 -0.6591629292 858.7390000000 466.8650000000
1.3961486515 0.9390771903 0.1409764414 146.8300000000 519.9740000000
1.3964867870 0.9396889317 0.1410551676 146.1050000000 520.9360000000
1.3965487355 0.9415344805 -0.1089846914 415.8830000000 499.7210000000
1.3966674701 0.9406362274 -0.1140649840 420.7350000000 500.0400000000
1.3968042730 0.9410001748 -0.1110431882 419.7330000000 499.2400000000
1.3997158521 0.9478712950 -1.0390568940 1080.3900000000 447.3370000000
1.3999068600 0.9397070000 0.2397473752 23.8660000000 528.2010000000
1.4056164460 0.9431167482 -0.2779809519 566.7380000000 482.1060000000
1.4070541672 0.9425282376 -0.1749017587 473.8450000000 488.0230000000
1.4103864799 0.9325777610 -0.5126057030 757.1050000000 458.3280000000
1.4109491787 0.9376652809 -0.0112575381 315.4120000000 494.0620000000
1.4112098786 0.9442731201 -0.7180243213 890.6810000000 453.8590000000
1.4121055505 0.9419035903 -0.1749784199 473.8460000000 483.6230000000
1.4128566760 0.9430599621 -0.2901435059 574.9610000000 474.9930000000
1.4192812509 0.9429541334 -0.5246443600 756.9060000000 457.9290000000
1.4193044815 0.9374407177 -0.0165834564 319.8300000000 486.0550000000
1.4200194704 0.9454862781 -0.5223780777 755.9060000000 459.2880000000
1.4211887482 0.9409821065 0.0129234621 287.2980000000 491.0640000000
1.4222418725 0.9416196597 0.0119603437 287.2980000000 490.8640000000
1.4238576957 0.9415809419 0.1700070534 111.2530000000 500.1070000000
1.4244565311 0.9421126664 -0.7381756496 898.6680000000 445.8630000000
1.4268544540 0.9393740268 0.1105328875 181.1430000000 492.0810000000
1.4300757756 0.9409382263 -0.9561594870 1027.7500000000 430.5970000000
1.4304397230 0.9423733663 -0.1679098389 464.9540000000 472.3430000000
1.4307081664 0.9477190050 -0.8694961279 975.4880000000 437.8240000000
1.4311159940 0.9405407234 -0.0463462481 349.5380000000 476.0430000000
1.4315677018 0.9414880191 -0.5830050018 795.4610000000 445.1210000000
1.4316425562 0.9373142395 -0.9954399933 1050.4900000000 426.0270000000
1.4334597120 0.9405278175 -0.2459073783 532.7320000000 462.2470000000
1.4339552999 0.9408117481 -0.2468373801 533.9330000000 463.0070000000
1.4341359830 0.9433413115 -0.4868196432 724.9420000000 450.9480000000
1.4353852776 0.9406955947 0.1745259378 106.2150000000 490.8890000000
1.4358189170 0.9412737806 0.1753947654 105.3440000000 490.8410000000
1.4365493930 0.9420791110 0.0924003057 200.4600000000 483.6660000000
1.4366526405 0.9413925152 0.0928971843 200.4600000000 483.9060000000
1.4377573886 0.9406207402 -0.3967568606 657.5810000000 451.1740000000
1.4379045163 0.9403368097 0.0046829188 296.3380000000 475.0480000000
1.4384001042 0.9413305667 -0.3355311010 607.9810000000 454.9880000000
1.4387098467 0.9419913506 -0.3367494214 608.3810000000 454.7880000000
1.4429533184 0.9403832710 0.1193726791 170.6770000000 479.0610000000
1.4431649757 0.9411266529 0.2239799352 46.6607000000 488.2500000000
1.4433456588 0.9382899282 -0.0526084662 352.5490000000 466.0360000000
1.4437792983 0.9411653707 -0.1070908744 406.5070000000 464.4300000000
1.4437818794 0.9425153316 -0.1083231331 407.5180000000 464.8620000000
1.4486474173 0.9394256506 -0.0010662110 299.3510000000 466.8400000000
1.4490681508 0.9402671176 -0.0014109750 299.3510000000 467.0400000000
1.4526043772 0.9379982541 -0.0228381634 322.4430000000 461.0340000000
1.4542021320 0.9390694468 -0.2235189352 511.9110000000 448.0110000000
1.4544034646 0.9416841894 0.1901594141 88.7951000000 476.7000000000
1.4573795734 0.9436304045 -0.4027426337 656.6250000000 438.8920000000
1.4574905645 0.9440821122 -0.4826949062 714.1970000000 436.2820000000
1.4576712476 0.9417564626 0.0313665865 264.3970000000 463.2370000000
1.4581874850 0.9435400629 -0.3896663395 644.9870000000 439.9830000000
1.4635305425 0.9427631256 -0.5127089505 734.9400000000 431.9560000000
1.4635563543 0.9403652027 0.1568334485 126.5320000000 465.1560000000
1.4649501954 0.9409692005 0.1555376925 127.9820000000 464.4350000000
1.4658639357 0.9430393126 -0.0553878886 353.7940000000 451.0340000000
1.4660471999 0.9397431366 -0.0061657334 303.4960000000 452.7630000000
1.4675339638 0.9418881031 -0.6510915569 829.2580000000 421.5560000000
1.4676733479 0.9416816082 -0.1228722527 413.0050000000 446.4210000000
1.4676888350 0.9459663789 -0.1229419448 414.7290000000 447.0210000000
1.4678204755 0.9426547157 -0.0571363848 353.5530000000 450.0250000000
1.4704920043 0.9442834448 -0.5948707192 790.8770000000 423.9390000000
1.4741314782 0.9460696264 -0.7378530012 880.7230000000 417.9020000000
1.4742321445 0.9437104213 -0.0995300609 392.6720000000 444.0210000000
1.4793867752 0.9461109254 -0.7115713534 862.7600000000 414.9140000000
1.4841387408 0.9427708692 -0.3195664584 582.9780000000 427.0000000000
1.4847117644 0.9439995143 -0.2441790154 519.9230000000 428.0090000000
1.4881679740 0.9416041726 0.2430303871 24.4843000000 451.9940000000
1.4894508240 0.9455482266 -0.8528526330 944.5860000000 404.8800000000
1.4907982037 0.9396037525 0.0008602013 293.3250000000 434.4070000000
1.4908188532 0.9393482150 -0.0194718823 313.9050000000 433.7370000000
1.4909659809 0.9395805218 0.0008575220 293.0840000000 433.7340000000
1.4919365072 0.9389197379 -0.0205882200 314.7720000000 432.0070000000
1.4960225265 0.9426856900 -0.1678006547 451.0120000000 426.0120000000
1.5000130419 0.9421126664 -0.5541008679 752.9310000000 406.9650000000
1.5037815751 0.9425282376 0.0702286823 220.7320000000 430.5500000000
1.5060220456 0.9409175768 0.1551056018 127.9770000000 431.9690000000
1.5089155564 0.9486714630 -0.1095716534 395.6790000000 420.0060000000
1.5173818503 0.9431554660 0.0214919710 269.2140000000 417.5830000000
1.5176967552 0.9410053371 0.2065391117 69.9054000000 425.9380000000
1.5272574724 0.9443557181 -0.4521852738 671.9910000000 394.9910000000
1.5292656360 0.9345162326 -0.7424268648 870.9600000000 380.0990000000
1.5292940291 0.9413357291 0.1795569297 101.1650000000 416.9280000000
1.5310027750 0.9443712052 -0.4419895845 663.5460000000 392.2490000000
1.5348771369 0.9394540437 0.2322861955 42.0447000000 413.8950000000
1.5402356815 0.9421023417 0.1645635878 118.2960000000 407.9150000000
1.5406693209 0.9470866141 -0.7585850965 870.7600000000 379.9390000000
1.5415675741 0.9436949342 -0.0766813921 361.9750000000 398.3840000000
1.5420502561 0.9437672074 -0.0768308429 362.4560000000 399.1530000000
1.5443759057 0.9418519665 -0.2270879427 495.8260000000 388.8000000000
1.5449231174 0.9468568884 -0.9380266471 971.5360000000 374.2950000000
1.5454264489 0.9436510540 -0.5298428709 722.2710000000 380.1460000000
1.5458316953 0.9417796933 -0.2102720245 479.3830000000 388.7980000000
1.5492956485 0.9434781144 0.1049314532 180.7260000000 399.9260000000
1.5505681737 0.9452539712 -0.2904609919 542.5420000000 385.3450000000
1.5511050607 0.9460954382 -0.2901383435 542.9500000000 386.0010000000
1.5516600159 0.9423940158 0.2255823362 49.7113000000 401.8660000000
1.5558260520 0.9381221511 -0.0268771276 313.3160000000 387.3190000000
1.5563293835 0.9437259084 -0.3406470140 581.9810000000 381.6010000000
1.5640264836 0.9448951862 -0.4833995702 683.9900000000 373.1950000000
1.5656577939 0.9444047606 -0.4825116419 683.9900000000 372.9950000000
1.5666076708 0.9447712892 -0.1840845901 453.4120000000 377.9890000000
1.5685383988 0.9455533889 -0.3862230358 613.4350000000 372.9600000000
1.5692508064 0.9380189036 -0.5746471178 749.9460000000 363.5870000000
1.5700019319 0.9423423921 0.0720192519 213.7160000000 383.9130000000
1.5710576375 0.9436717035 0.1764546009 104.7390000000 387.2200000000
1.5713828670 0.9417796933 -0.6024387600 763.1320000000 364.7840000000
1.5714706274 0.9430315691 0.0730486293 213.4740000000 382.9510000000
1.5719920272 0.9460205838 -0.4049856853 625.9980000000 371.0000000000
1.5735510643 0.9454914404 -0.1492568898 421.3720000000 378.4140000000
1.5748597262 0.9424895198 0.1567536898 124.4740000000 383.4790000000
1.5764729681 0.9471898616 -0.6668703541 802.6820000000 363.5740000000
1.5770227610 0.9452333217 -0.0953668641 371.1180000000 375.8060000000
1.5811526605 0.9444615468 -0.0915905873 369.5920000000 372.9630000000
1.5820070334 0.9464258302 -0.1718598296 439.7810000000 370.9810000000
1.5865679911 0.9438368995 0.0198714759 264.3750000000 371.9190000000
1.5889607517 0.9413434727 -0.0406562791 322.4240000000 366.9380000000
1.5891543407 0.9441285736 -0.8559707071 912.6850000000 353.9410000000
1.5895105445 0.9456334057 0.0295705964 254.0030000000 369.9900000000
1.5910566756 0.9452746207 -0.2319599335 488.0340000000 364.3080000000
1.5917432714 0.9418803596 0.2168137853 57.7663000000 371.7890000000
1.5918129635 0.9458992680 -0.3587488796 586.9840000000 359.9990000000
1.5919704159 0.9452307405 0.0384434273 246.0830000000 368.9050000000
1.5923575940 0.9415731983 0.2195149977 56.5063000000 371.3060000000
1.5940740834 0.9423811099 0.1611148637 120.2890000000 368.8270000000
1.5974915752 0.9400089989 -1.0090660804 994.2950000000 343.1110000000
1.5983330423 0.9433800293 -0.2801930293 524.9270000000 358.9920000000
1.6090707809 0.9395366416 0.2098696175 68.6541000000 358.5610000000
1.6133065090 0.9503879525 -0.6756799459 794.7770000000 345.5850000000
1.6200046897 0.9474841169 -0.8288604983 885.3480000000 338.3630000000
1.6206086875 0.9453572187 -0.4477998368 647.0000000000 343.0000000000
1.6219973662 0.9442576330 -0.2684357218 511.1050000000 342.7020000000
1.6229136876 0.9454243296 -0.6096918960 753.9460000000 338.9940000000
1.6238506586 0.9398205722 0.1666169222 113.4180000000 346.8080000000
1.6252935422 0.9457986017 -0.8089518017 874.7700000000 334.9680000000
1.6277224393 0.9439607964 -0.0757769441 350.5160000000 342.9230000000
1.6280967115 0.9455946879 -0.6134449421 753.0670000000 336.9550000000
1.6302700711 0.9428612107 -0.7902898185 862.7930000000 331.9740000000
1.6337133748 0.9478041841 -0.9123412536 927.6610000000 331.9510000000
1.6357705809 0.9413305667 0.1885095193 90.1832000000 339.5690000000
1.6363410233 0.9417409755 0.1891375221 90.0230000000 340.7320000000
1.6386150492 0.9466374875 0.0435490155 237.0170000000 338.8490000000
1.6389015610 0.9448719555 0.0169445645 262.1450000000 338.8660000000
1.6410852453 0.9386667816 0.1708245154 108.5690000000 334.5330000000
1.6476698538 0.9464309926 0.0566789984 223.5800000000 333.9100000000
1.6487952514 0.9457469780 0.0578655701 223.3390000000 333.4290000000
1.6549978441 0.9442060092 0.2078766828 67.8191000000 329.6790000000
1.6567014277 0.9476983555 -0.0494111497 322.4030000000 327.8880000000
1.6586941042 0.9466426499 0.2233911664 52.3972000000 329.4210000000
1.6649663890 0.9473937754 -0.2995725826 526.7210000000 320.3740000000
1.6653071057 0.9458373195 0.0962127192 184.6990000000 321.3720000000
1.6656400788 0.9438833608 -0.0598130759 330.6320000000 322.4450000000
1.6657768817 0.9453468940 0.0957308115 184.4580000000 322.3340000000
1.6667938695 0.9468104271 -0.4159634743 611.9910000000 318.9930000000
1.6719562438 0.9468439825 -0.1671212862 419.6170000000 317.8820000000
1.6724957119 0.9466762053 -0.1672033679 419.7130000000 316.7290000000
1.6730171117 0.9498717151 -0.5083286759 672.9960000000 315.0000000000
1.6736856392 0.9485088482 -0.2489010392 486.5770000000 315.3170000000
1.6745374310 0.9494225885 -0.2499970113 484.6550000000 317.9580000000
1.6799063003 0.9465961885 -0.2198928835 461.8090000000 312.9450000000
1.6800792398 0.9485320789 -0.6587318709 767.9340000000 311.9990000000
1.6801360259 0.9486301640 -0.6595113895 767.9340000000 311.9990000000
1.6809594247 0.9469704607 -0.2201071220 461.8090000000 313.1450000000
1.6812640047 0.9460128402 -0.2195513924 461.1840000000 312.7120000000
1.6818705837 0.9435400629 0.2007923565 77.8882000000 311.6370000000
1.6828152982 0.9468414013 -0.7751305062 836.4840000000 308.1510000000
1.6842581819 0.9482817038 -0.7742761333 834.8460000000 307.9910000000
1.6865089771 0.9484004384 0.0082133892 267.1480000000 309.8200000000
1.6892760097 0.9459844472 -0.0178700750 290.2540000000 307.8350000000
1.6938472922 0.9461548055 -0.4108811168 601.1830000000 303.5860000000
1.6941338040 0.9445751190 0.0825412032 197.4820000000 303.8740000000
1.6941467099 0.9487075996 -0.5843059202 717.9770000000 305.0010000000
1.6953159877 0.9471717933 -0.5848557130 717.0970000000 303.8410000000
1.7007700362 0.9455843632 -0.0437485413 311.3390000000 299.8380000000
1.7067119290 0.9496419894 -0.9084384987 902.7260000000 298.9780000000
1.7106379147 0.9488624709 -1.0019755592 948.5870000000 298.0430000000
1.7125763863 0.9451713732 0.1089459736 170.1770000000 293.6950000000
1.7167914649 0.9509067711 -0.3450892371 551.1730000000 295.4560000000
1.7251183747 0.9462632154 0.2265069175 51.6156000000 286.3250000000
1.7281099706 0.9447299902 0.1991029695 79.4669000000 283.9560000000
1.7282028934 0.9446602982 0.1987163077 80.8787000000 283.5570000000
1.7282725854 0.9472905279 -0.1457289232 394.4250000000 286.6800000000
1.7290262921 0.9389842676 -0.9781925007 937.0980000000 283.6540000000
1.7299348700 0.9479280811 -0.2707020041 490.6040000000 286.7840000000
1.7309518577 0.9446473922 -0.3857893963 577.9620000000 283.9700000000
1.7310938230 0.9464593856 0.0426076566 230.9350000000 281.7320000000
1.7321366226 0.9471563062 0.0418856985 232.2230000000 283.1290000000
1.7330890807 0.9491618886 -0.7496180523 806.2910000000 285.6000000000
1.7338066507 0.9507596434 -0.5690691723 696.3700000000 286.8460000000
1.7341447862 0.9487282491 -0.5685142171 696.9860000000 286.9980000000
1.7366046576 0.9497529804 -0.5685219606 696.9460000000 286.5580000000
1.7371312198 0.9410930975 0.1734067351 105.0720000000 275.5660000000
1.7392968358 0.9484881987 -0.9969654749 936.6590000000 283.9740000000
1.7414366400 0.9472156735 -0.0109173892 279.1780000000 278.7740000000
1.7472597982 0.9502537308 -0.0142897103 278.7760000000 278.1730000000
1.7562758850 0.9459199175 0.2338364565 45.5301000000 268.2550000000
1.7570270105 0.9456798671 0.2052549710 73.8249000000 267.3360000000
1.7634283546 0.9463045144 0.0804202417 194.7030000000 265.6550000000
1.7644375988 0.9449235793 0.2214991562 57.6382000000 263.4580000000
1.7663580021 0.9517482381 -0.5675385283 687.5870000000 271.1940000000
1.7676460145 0.9497349121 -0.5663924812 687.9870000000 271.9940000000
1.7707795757 0.9437826945 -0.3870206226 568.7460000000 263.4730000000
1.7714300349 0.9485501472 -0.4982388153 642.2280000000 267.8220000000
1.7719282040 0.9506383276 -0.7890069684 817.7970000000 267.8420000000
1.7785773421 0.9479384059 0.0027001799 261.1490000000 257.4730000000
1.7853710267 0.9474505615 0.0236956079 244.9810000000 254.0880000000
1.7854768554 0.9476054327 0.0231164153 244.3530000000 253.7020000000
1.7867055005 0.9472466477 -0.4592215901 614.3770000000 259.1690000000
1.7877999239 0.9485011047 -0.0491174106 307.2810000000 253.7550000000
1.7889253215 0.9495335795 -0.2517793210 466.3470000000 255.6340000000
1.7922679589 0.9503543971 -0.4638315903 615.1450000000 259.1690000000
1.7924821974 0.9486301640 -0.2083400059 435.1690000000 253.8820000000
1.7925802825 0.9472363230 -0.5581275199 677.9850000000 255.9860000000
1.7929442299 0.9485733779 -0.2089267098 435.3140000000 254.2670000000
1.7938269959 0.9481474820 -0.2107722586 435.7150000000 253.8670000000
1.7943690452 0.9483488146 -0.0051464226 269.1010000000 250.7080000000
1.7953060162 0.9505066871 -0.6133107204 708.4570000000 257.7540000000
1.8035064478 0.9482920285 -0.1612813502 396.6020000000 247.8270000000
1.8062502497 0.9513094363 -0.6252925912 714.9730000000 252.9930000000
1.8116191190 0.9473163398 -0.8282461758 826.8650000000 251.0020000000
1.8119443486 0.9459534729 0.0674443557 202.7180000000 238.3980000000
1.8127367731 0.9476080139 -0.3518984088 535.9010000000 245.9230000000
1.8133046343 0.9491412391 -0.5980249300 693.9800000000 247.9870000000
1.8142209557 0.9364495418 0.1684671172 112.0560000000 227.4290000000
1.8146107150 0.9468001023 0.1455226863 131.4210000000 234.6830000000
1.8151863197 0.9504240891 -0.3543737673 535.0990000000 245.9220000000
1.8157257878 0.9487075996 0.1337325977 142.3040000000 235.6630000000
1.8164975628 0.9501737140 -0.8268265228 826.6650000000 250.8020000000
1.8179998137 0.9475073476 0.0691332265 201.7500000000 237.1930000000
1.8204545227 0.9488986075 -0.1119608002 353.4490000000 237.7720000000
1.8230434534 0.9500601417 -0.1113604161 353.6890000000 237.3710000000
1.8230744277 0.9425979296 0.1665317430 112.0560000000 227.4290000000
1.8234177256 0.9480339098 0.1115733640 162.8470000000 232.3250000000
1.8290705255 0.9498846210 -0.3004476050 496.6340000000 237.4900000000
1.8290860126 0.9488624709 0.1413445187 136.2480000000 228.4720000000
1.8293544561 0.9461754550 0.2002598576 78.9863000000 225.7340000000
1.8302578716 0.9434729521 0.0050709487 259.9560000000 227.7430000000
1.8310244842 0.9517482381 -0.3031733387 495.7690000000 238.3540000000
1.8315045850 0.9473085962 -1.0066836446 916.5120000000 243.5920000000
1.8326248202 0.9439685400 0.2354613139 45.4485000000 222.2900000000
1.8329784429 0.9571584064 -1.1822353462 994.3390000000 249.5670000000
1.8330403913 0.9448590496 0.2348338273 44.9641000000 222.4900000000
1.8360603803 0.9494019390 -0.1122666709 353.4430000000 231.7610000000
1.8375884431 0.9481423197 0.0433218711 223.2250000000 226.3950000000
1.8389822842 0.9490225045 0.0009346453 259.6650000000 227.1650000000
1.8436413270 0.9493967766 -0.7121314710 755.9430000000 237.5960000000
1.8454894570 0.9483643018 -0.3471877423 526.6790000000 231.5030000000
1.8465296755 0.9515546491 -0.7157502955 756.8070000000 236.7320000000
1.8467077774 0.9557387535 -0.5655561766 665.2610000000 238.4390000000
1.8511990431 0.9515520679 -0.6962649135 744.9510000000 234.9930000000
1.8518391775 0.9483152592 -0.1912884254 412.9090000000 224.4460000000
1.8541828954 0.9505531485 -0.2486065257 454.7780000000 224.4820000000
1.8542474251 0.9499362447 -0.2495145874 454.5370000000 224.2420000000
1.8543377667 0.9442421458 -0.0714593924 320.7040000000 215.6940000000
1.8566530915 0.9512629749 -0.9648529254 886.8090000000 236.1580000000
1.8568983043 0.9486120957 -0.6629727615 724.7630000000 230.3880000000
1.8573422685 0.9486327452 0.0643064065 203.1680000000 215.5380000000
1.8592600906 0.9409072520 -0.6222442091 704.1310000000 226.0600000000
1.8602874031 0.9522748003 -0.0905612099 334.1560000000 219.3170000000
1.8608242900 0.9522180142 -0.6628282150 723.9640000000 230.9880000000
1.8617535174 0.9489631372 -0.0766439649 320.4150000000 215.6940000000
1.8738231486 0.9510771295 -0.7888288665 789.5100000000 226.7980000000
1.8752737758 0.9515314184 -0.7886765765 789.9100000000 226.9980000000
1.8846099298 0.9482765414 -0.0922547268 332.3340000000 206.6900000000
1.8856578917 0.9496084340 -0.3484938230 519.6950000000 211.5550000000
1.8860760441 0.9494019390 -0.3475078095 520.8580000000 212.8780000000
1.8860992747 0.9453081761 -0.3683844513 534.1160000000 210.1240000000
1.8876634742 0.9607075388 -1.0010437506 891.1220000000 228.9570000000
1.8893670577 0.9500523982 -0.1896553083 407.5980000000 207.7740000000
1.8929703950 0.9506951138 -0.9294467810 860.2150000000 220.7990000000
1.8954715654 0.9522799627 -0.7684039325 773.9250000000 217.9930000000
1.8978410952 0.9449571347 0.1643240537 111.9850000000 188.8990000000
1.8984992979 0.9498949457 0.1140709207 159.1610000000 195.0070000000
1.8996272767 0.9480261662 -0.1497545427 373.4810000000 200.7250000000
1.9087517733 0.9498975269 0.0899765710 178.4870000000 190.2260000000
1.9090460287 0.9490973589 0.0910844165 177.0360000000 189.5010000000
1.9112374566 0.9490612223 -0.1537233761 376.2860000000 196.5200000000
1.9131810905 0.9508732157 -0.1508019884 375.3230000000 197.0000000000
1.9159971657 0.9498304161 0.1055037024 165.3900000000 186.3910000000
1.9239446410 0.9468568884 -0.1747574703 390.7260000000 189.3220000000
1.9326716348 0.9613063742 -0.9311271338 844.8310000000 214.2700000000
1.9348682251 0.9470220844 0.2039155930 77.6463000000 170.1580000000
1.9357355040 0.9489089322 0.0209483988 236.4310000000 179.4910000000
1.9359729732 0.9474144249 0.2030883225 78.0486000000 169.5560000000
1.9377694795 0.9505712168 0.0200938710 236.4310000000 179.4910000000
1.9438481752 0.9507415751 -0.2565080559 446.6830000000 185.7750000000
1.9440107900 0.9535344196 -0.5617928057 645.0800000000 194.3350000000
1.9441579177 0.9532479079 -0.5622522570 644.3600000000 194.3350000000
1.9456008013 0.9523599795 -0.7404935556 745.9420000000 197.9780000000
1.9477122124 0.9476312446 0.1593766922 117.9910000000 167.2340000000
1.9507270390 0.9520218440 -0.7251483979 737.2270000000 195.8140000000
1.9508173806 0.9531317544 -0.9376962552 847.8340000000 200.9960000000
1.9514110536 0.9483772077 0.0768693025 189.5240000000 169.3810000000
1.9529003986 0.9493219222 0.2522418698 30.1591000000 162.0120000000
1.9546530247 0.9569751421 -0.9822811011 868.8020000000 201.9960000000
1.9555486967 0.9495852033 -0.2642541986 450.8870000000 178.5670000000
1.9570974090 0.9515752986 -0.2565072815 444.8730000000 179.7630000000
1.9580292175 0.9540893749 -0.8295625812 790.4650000000 195.8270000000
1.9582641056 0.9519547331 -0.2568281231 444.6720000000 179.7630000000
1.9584576946 0.9503595594 0.0978871353 169.9850000000 166.1340000000
1.9616609479 0.9543139382 0.0966218373 170.3880000000 166.3360000000
1.9705324882 0.9506073534 -0.1056761257 333.3680000000 168.0860000000
1.9714513908 0.9463148391 0.1731380335 104.6470000000 152.7510000000
1.9720321579 0.9453443128 0.1724325950 104.4060000000 153.2320000000
1.9734879475 0.9564718106 -0.6460066182 686.3600000000 185.9480000000
1.9741487314 0.9528968664 0.0702286823 193.5360000000 161.3630000000
1.9743732947 0.9526413289 -0.6296367292 677.9600000000 184.7430000000
1.9745617213 0.9481707127 0.1723688397 104.8500000000 153.1530000000
1.9758729644 0.9538183502 -0.6681609477 698.0690000000 183.1190000000
1.9767221750 0.9554186863 -0.6288443047 675.6080000000 184.8380000000
1.9777340004 0.9526516536 -0.6287694503 677.9590000000 183.9420000000
1.9784489892 0.9544404163 -0.7922360336 765.5250000000 187.1770000000
1.9834255181 0.9637042971 -1.0205988246 874.1620000000 193.5300000000
1.9872353503 0.9509842067 -0.5789215637 645.9510000000 176.9190000000
1.9880793985 0.9511777958 -0.0072263690 255.9020000000 156.4580000000
1.9895067950 0.9492728796 0.2018472877 77.9920000000 145.4590000000
1.9895893930 0.9500627229 0.2012474198 78.2354000000 145.9420000000
1.9904824838 0.9519573143 -0.2863517419 460.4980000000 166.5560000000
1.9904928085 0.9503234228 0.0654181238 196.5400000000 152.9420000000
1.9932624224 0.9677799916 -0.8264470883 776.9160000000 187.9800000000
1.9961585144 0.9526284230 -0.4929267321 593.1960000000 171.2390000000
1.9992559390 0.9531524039 -0.8637452429 799.0930000000 179.9810000000
2.0028386267 0.9501608080 0.1547873414 120.9580000000 141.1430000000
2.0049939180 0.9532995316 -0.0225690230 265.3450000000 152.1020000000
2.0064961690 0.9502356624 0.2423907689 44.2408000000 136.9360000000
2.0067930055 0.9531627287 -0.0722192939 303.9380000000 153.1260000000
2.0071388846 0.9532246772 -0.0718682524 304.4190000000 152.1650000000
2.0074228152 0.9581521635 -0.8730323543 798.2300000000 181.4220000000
2.0088269810 0.9512991116 -0.7147952562 718.5070000000 172.7510000000
2.0115320651 0.9503518159 0.1050667074 160.9910000000 141.7930000000
2.0124458054 0.9497581428 -0.0459921092 283.0300000000 148.4810000000
2.0133621268 0.9498175101 0.0162938472 233.9550000000 143.3810000000
2.0145701224 0.9470427339 -0.1072924651 330.4470000000 147.8730000000
2.0153548033 0.9516346659 -0.1375491411 351.8490000000 149.9250000000
2.0154425637 0.9508525662 0.0461518847 211.0130000000 142.1340000000
2.0155974349 0.9502537308 -0.0103394356 255.1980000000 144.8630000000
2.0162427317 0.9512268383 0.0169798235 234.7600000000 143.3820000000
2.0212889526 0.9530078575 0.0855364128 179.3970000000 139.2620000000
2.0223730512 0.9522051083 -0.6328399825 670.7500000000 165.5220000000
2.0233487400 0.9535834622 -0.4412436214 554.2630000000 158.2320000000
2.0299514167 0.9526155170 -0.3270699695 480.9280000000 150.9500000000
2.0461870840 0.9556819674 -0.9023959395 806.8820000000 167.9760000000
2.0529007518 0.8549330699 -0.1653286517 378.3260000000 77.4403000000
2.0534763566 0.9596027907 -0.9720312069 836.2470000000 166.7810000000
2.0613644646 0.9208023852 -0.1791328407 379.7910000000 114.7430000000
2.0685143530 0.9250639252 -0.1801436336 379.5500000000 114.7430000000
2.0725616545 0.9301127273 -0.4064930986 527.7940000000 126.7560000000
2.1244202859 0.9589678186 -0.0075440874 245.8500000000 102.9530000000
2.1254011370 0.9590426731 -0.0073986633 247.1550000000 103.6790000000
2.1578673092 0.9621194482 -1.2734028769 944.0730000000 142.7720000000
2.1706622540 0.9606997952 -0.9221084659 784.8900000000 126.9380000000
2.1922409787 0.8794698351 -1.0254204822 847.0150000000 85.1150000000
2.1938671266 0.9558136079 -1.0583693364 843.8290000000 121.9510000000
2.1985700496 0.8864648523 -0.9286724249 800.2600000000 82.6947000000
2.2086237736 0.9617838938 -0.9707277074 799.0740000000 116.5730000000
2.2122451792 0.9643418503 -0.9741426180 800.8730000000 117.9350000000
2.2184193789 0.9421720337 -1.9550066474 1179.9700000000 136.6520000000
2.2192866578 0.9592259373 -2.0908880834 1215.1000000000 145.8210000000
2.2222498607 0.8985551330 -1.0560256185 846.5360000000 84.8746000000
2.2250710983 0.9622278580 -2.0943004128 1213.8800000000 144.9740000000
2.2292732710 0.9261815792 -1.0906961245 856.8070000000 98.9327000000
2.2322338926 0.9628421806 -1.1024147142 852.2970000000 115.1470000000
2.2365548000 0.9595614917 0.1769584486 99.4757000000 48.7896000000
2.2372852759 0.9598609094 0.1772532202 99.7673000000 49.0799000000
2.3078626766 0.9627621638 -1.2608583073 901.7450000000 98.9404000000
2.3356259258 0.9584980426 -0.1615647646 336.0290000000 33.7809000000
2.3435992130 0.9619490898 -0.1624619852 336.0700000000 34.2226000000
2.3619643597 0.9283342893 -2.1985158447 1215.9400000000 100.5900000000
2.4164067594 0.9284375368 -2.0846854906 1169.1000000000 84.4970000000
2.6678634320 0.9626047114 -2.1675415987 1123.7600000000 45.4181000000
2.6681731745 0.9612547505 -2.2528111167 1146.7100000000 46.4566000000
2.6898551467 0.9423320673 -2.1157191039 1108.2000000000 31.4893000000

gimbalangles:
-0.7168586387 -0.2598943973 0.5682269592

end: