T_CW:
0.1676852827 -0.1275539306 -0.9775539068 -0.4971340726
0.0140906063 0.9918031198 -0.1269961668 0.0611141511
0.9857398748 0.0075210609 0.1681080987 -1.0367576449
0.0000000000 0.0000000000 0.0000000000 1.0000000000


target_points_pix:
1.8901130208 0.4037622026 0.8358658403 -82.6238000000 778.5140000000
1.8902859603 0.0500479286 0.7559084054 -6.9558700000 545.7060000000
1.8923818843 0.7410356049 0.4876146489 94.0173000000 1070.4100000000
1.9136069864 -0.0410021581 0.4723495080 183.8270000000 507.0900000000
1.9267994340 -0.0404221654 0.4846230530 182.8220000000 506.6530000000
1.9296361587 -0.1011822788 0.4699748158 198.7970000000 465.3400000000
1.9299175081 0.2390274821 0.4395994052 190.4950000000 706.8460000000
1.9345662262 0.0427075485 0.7007716663 56.2630000000 544.7980000000
1.9487162942 -0.1026504581 0.4896408808 199.5370000000 465.1360000000
1.9646009201 -0.0780429683 0.4325914821 240.0540000000 487.7180000000
1.9658347275 -0.0780770400 0.4357379492 238.8480000000 487.0680000000
2.0398605943 0.7090004910 0.2729811924 302.5510000000 1004.7900000000
2.0506964180 0.8956125796 0.8608026895 -11.1497000000 1024.2800000000
2.0703418335 -0.0354448622 0.4334200431 284.9500000000 517.9460000000
2.0728920465 -0.2301012206 0.3996942516 321.8800000000 398.6520000000
2.0810847345 0.5901548903 0.5869929360 161.7630000000 873.0580000000
2.1048394000 0.5756795927 -0.0893759287 553.9310000000 952.5610000000
2.1275770778 0.0933179178 -0.0428394472 569.4590000000 636.9080000000
2.1282172122 0.0800284175 -0.0324142903 563.9400000000 627.1730000000
2.1290044743 0.0804060452 -0.0326703441 564.6680000000 627.1680000000
2.1316166357 0.5141853896 -0.3287632283 714.1370000000 940.0010000000
2.1454079187 0.6285423058 0.4135526455 277.1800000000 895.6440000000
2.1754632621 0.5864612114 0.3537465389 323.1390000000 873.6140000000
2.1787646005 0.0308224722 0.5467006043 265.1500000000 547.5650000000
2.1934334872 0.5946668055 0.3660355710 322.6220000000 873.0880000000
2.2115973012 0.5838722807 0.4970411444 267.2920000000 842.4870000000
2.2426825383 -0.1703273788 0.4243729821 364.1710000000 444.6170000000
2.2459425777 0.6273317291 0.7907879876 144.6680000000 825.6820000000
2.2477597335 0.6271768578 0.7904705016 145.9170000000 825.5770000000
2.2478449126 0.6047592473 0.7896522652 146.6750000000 814.9100000000
2.2687989901 0.5472478160 -0.9910984365 1138.7500000000 1006.3300000000
2.2839737894 0.4977638768 0.9483410711 105.6900000000 741.1740000000
2.2846035991 0.9522231766 1.0738590406 28.3258000000 940.4590000000
2.2877139296 0.9544094421 1.0776559669 28.5299000000 941.1830000000
2.2892290865 0.4997049296 0.9481629692 106.2740000000 740.4460000000
2.3249836911 -0.1726179243 0.4512637900 373.9620000000 448.9190000000
2.3430029587 0.4918194028 -0.1472273023 624.3590000000 836.0170000000
2.3468050474 0.4864298840 -0.1240763765 613.4120000000 828.8040000000
2.3471431829 0.4935384734 -0.1462709725 624.3990000000 836.3770000000
2.3486893141 0.0466637341 0.2013220162 480.5570000000 575.2130000000
2.3575866662 0.4953943470 -0.1420713810 623.1570000000 836.6700000000
2.3588669351 0.0360708001 0.0285275387 569.9820000000 583.4390000000
2.3597935812 0.5015711279 0.9334424587 141.4210000000 732.7150000000
2.3649791863 0.0418967976 0.1244932382 524.2080000000 577.4020000000
2.3712437275 0.5130625732 -0.3213603835 716.5640000000 859.8250000000
2.3732002674 0.0454921332 -0.7251716286 978.7810000000 647.1670000000
2.3733861129 0.5145467558 -0.4339130499 777.3960000000 871.9750000000
2.3765067682 0.0470756916 -0.7284471551 979.3320000000 647.1850000000
2.3768707155 0.5146887211 -0.4344783299 776.4980000000 870.7830000000
2.3780967794 0.5125282674 -0.2727669539 692.0390000000 852.6380000000
2.3782155141 0.5101406693 -0.3949990722 754.7140000000 863.1110000000
2.3809154358 0.5147326013 -0.4346925684 776.2370000000 870.6620000000
2.3844129444 0.5121307646 -0.3944053991 754.4780000000 862.2760000000
2.3848698146 -0.0106737510 -0.7923650929 1019.8200000000 620.7320000000
2.3861888012 0.5141982955 -0.4847675994 804.2490000000 874.1530000000
2.3864520823 0.5162709888 -0.5630317755 846.3110000000 884.5630000000
2.3893249436 0.0430988565 0.0333288049 569.7370000000 584.2460000000
2.3913924745 0.0376231260 -0.6221822607 916.8770000000 631.7750000000
2.3924404365 0.0107626987 0.1277370162 529.3730000000 560.2360000000
2.3924636672 -0.0852147969 0.1429340137 527.4190000000 513.9750000000
2.3937620044 0.5143118678 -0.4512147475 785.4140000000 868.3480000000
2.3969007280 0.5150475061 -0.4949865194 808.8360000000 872.1300000000
2.3988340371 -0.0111972674 -0.8025840129 1018.8100000000 621.0120000000
2.3997322903 0.5104839672 -0.3550371324 734.4330000000 853.4670000000
2.4019521112 -0.0948196525 0.0396367101 577.0990000000 513.5920000000
2.4020501964 0.0440309232 0.1594683244 511.3850000000 572.8270000000
2.4026387070 -0.0694236100 0.0487039044 572.8760000000 526.0130000000
2.4032504484 -0.0942825074 0.0396994330 577.0510000000 514.9380000000
2.4071402975 0.0380252750 -0.9195685777 1089.3700000000 658.9630000000
2.4071635281 -0.0951435914 0.0404182936 577.3400000000 514.0730000000
2.4080798496 0.0398114565 -0.9193130402 1089.3700000000 658.9630000000
2.4104235675 0.0499093188 -0.6782946885 942.4540000000 642.0580000000
2.4105681140 -0.0951048736 0.1388056630 532.4890000000 506.9430000000
2.4116212384 0.0421905367 0.1526847064 516.0360000000 573.5290000000
2.4133635397 -0.0775471223 0.1495934766 527.4190000000 514.7790000000
2.4156040102 -0.0787143351 0.1486812851 527.9070000000 515.5030000000
2.4168145870 0.0515517282 -0.6548033041 930.1240000000 639.6170000000
2.4341188657 0.5263840801 -0.4449373003 780.5430000000 861.5140000000
2.4430317050 -0.1047567068 0.1894341005 514.7050000000 501.0040000000
2.4431839950 -0.1046723020 0.1899136851 515.1950000000 501.4880000000
2.4442939055 -0.1050886475 0.1902254925 515.1940000000 500.8840000000
2.4452721755 -0.1041787790 0.1245301492 542.4960000000 505.3870000000
2.4455819179 -0.1037108098 0.1252903088 543.2240000000 505.1470000000
2.4493117334 -0.1574258310 0.1258545564 546.8120000000 479.3550000000
2.4500757648 -0.0194911380 -0.3116215643 749.6850000000 574.3440000000
2.4682344165 -0.0725424585 -0.8692483339 1048.9200000000 590.2980000000
2.4753275188 0.5032979421 1.0168018983 156.0510000000 710.7710000000
2.4814707443 -0.0389480494 -0.0676622079 633.5980000000 547.2100000000
2.4821908955 -0.0451945223 -0.0486804156 624.9540000000 545.7700000000
2.4862227099 0.0532003325 -0.5518836282 862.5440000000 628.2090000000
2.4958298885 -0.1689356027 0.2000753028 521.9530000000 473.4640000000
2.4998358910 -0.3412768236 0.1953313389 535.2690000000 393.4400000000
2.5049156673 0.9690757476 0.1581444335 473.9760000000 985.9220000000
2.5099747942 -0.2203631758 -0.3258387432 769.9700000000 474.8580000000
2.5168459144 0.3736449107 -0.0118411703 586.9890000000 731.2710000000
2.5178732269 0.3738075255 -0.0124141939 586.4980000000 731.2760000000
2.5214817266 0.0345014383 -0.0591721671 626.3790000000 579.6970000000
2.5221296046 0.3693653024 -0.2193358633 680.5500000000 746.4490000000
2.5228626617 0.3696440706 -0.2216661590 681.2870000000 746.4550000000
2.5237118723 0.3739107730 -0.0134582066 586.4960000000 731.5800000000
2.5282057191 -0.3473193828 0.2042865096 536.0010000000 393.2020000000
2.5316567664 0.5853074208 0.0018313575 569.0230000000 822.0980000000
2.5618256820 0.0342954595 -0.0478353349 624.9370000000 578.9740000000
2.5898341439 0.0403826732 -0.1727240111 680.9410000000 587.7020000000
2.6040822971 -0.1216565136 0.9791449587 243.1750000000 456.2210000000
2.6199307863 0.6771228295 0.8881374616 241.3850000000 773.5930000000
2.6200856575 -0.2329485282 -0.8280835610 1006.7100000000 503.1840000000
2.6221247954 -0.5402966790 -0.9095432468 1065.9800000000 361.5030000000
2.6252480319 -0.5444936893 -0.8843715095 1055.8300000000 359.3270000000
2.6275194766 -0.5425655425 -0.8838010671 1054.9100000000 360.1570000000
2.6295328026 -0.1982576307 -0.7807987932 980.1090000000 516.9010000000
2.6399607987 -0.2328078535 -0.9014279943 1038.8100000000 508.1440000000
2.6430582233 -0.2123769827 -0.9671398572 1070.1600000000 519.8810000000
2.6433679658 -0.2582581008 -0.8275415117 1006.3200000000 491.8020000000
2.6438325795 -0.5507324187 -0.8919034137 1055.8200000000 359.5460000000
2.6453554799 -0.2572713129 -0.8305847313 1005.6100000000 492.6500000000
2.6454587274 -0.2501412996 -0.8171186779 999.2060000000 494.7330000000
2.6458717173 -0.2136208568 -0.9667294484 1071.2400000000 521.1250000000
2.6472139347 -0.2336986211 -0.9457831146 1061.9700000000 510.6370000000
2.6482722214 -0.6385753803 -0.8206858785 1020.9500000000 315.9360000000
2.6494595675 -0.2927298554 -0.8142690472 998.3870000000 475.9410000000
2.6522214378 -0.6398608116 -0.8202444955 1022.0800000000 316.1400000000
2.6534862195 -0.2709601228 -0.9451894415 1060.3700000000 493.3110000000
2.6538733976 0.0435608890 -1.0838043548 1112.7800000000 651.0820000000
2.6547251893 -0.5753027393 -0.9305179737 1073.4000000000 351.0290000000
2.6567127034 -0.2704748597 -0.9199764053 1048.2700000000 492.3350000000
2.6572805646 -0.3177983452 -0.8328587572 1006.6600000000 463.9300000000
2.6587002176 -0.3123184848 -0.8830525229 1030.5700000000 471.2280000000
2.6594745737 -0.6412675586 -0.8223610690 1022.0800000000 316.1400000000
2.6597585043 -0.3554862590 -0.8083787781 998.1140000000 447.3700000000
2.6605070486 -0.4872068213 -0.8865087325 1044.8500000000 390.3600000000
2.6605586723 -0.2990124650 -0.8539986801 1016.3500000000 473.9550000000
2.6616169591 -0.3194167495 -0.8325464336 1007.1000000000 465.1920000000
2.6616427709 -0.4883786803 -0.8888576128 1044.4900000000 390.6850000000
2.6621073846 -0.3336081166 -0.8388083936 1009.5500000000 458.8080000000
2.6651531855 -0.6263818522 -0.9712671755 1095.9600000000 330.7640000000
2.6656694229 -0.2989040551 -0.8991049259 1037.6400000000 477.5220000000
2.6666760859 -0.3005611773 -0.8978840243 1037.3600000000 477.0140000000
2.6676569370 -0.6274427201 -0.9722635137 1094.2900000000 329.5140000000
2.6692056493 -0.3769643174 -0.7922799138 990.0480000000 438.4060000000
2.6705994904 -0.3339772263 -0.9062444896 1042.1600000000 463.3910000000
2.6718126484 -0.3764713107 -0.7939086429 989.0580000000 438.1220000000
2.6730516182 -0.3397074619 -0.9210914781 1049.4300000000 460.7080000000
2.6828343176 -0.6317842769 -0.9817029152 1095.6900000000 331.0020000000
2.6865770390 -0.6527486791 -0.8846967391 1048.6100000000 316.0100000000
2.6945529073 -0.3775115291 -0.9654930598 1069.6600000000 447.0120000000
2.7013672414 -0.6454335947 -0.8076483022 1007.0900000000 319.8390000000
2.7086720011 -0.2375156807 -0.6469358456 908.9830000000 492.4300000000
2.7117178020 -0.2378881460 -0.6477618255 909.2490000000 491.6870000000
2.7127502768 -0.5912415701 -1.0448929582 1117.2800000000 355.1120000000
2.7133439499 -0.2377201108 -0.6489078726 908.7660000000 492.2250000000
2.7437503347 -0.5083183512 -0.8176400777 997.2940000000 385.8330000000
2.7845589038 0.0034109614 -0.1618494695 687.8320000000 565.1410000000
2.7866238535 0.0031436537 -0.1630685642 689.0930000000 565.0870000000
2.7903923868 0.0268430559 -0.1791186441 693.7350000000 574.9400000000
2.8004073930 -0.6605361208 -0.8007771819 989.8050000000 325.4830000000
2.8055955792 -0.5493566459 -0.8323915623 997.6510000000 376.5500000000
2.8097771024 -0.6672368827 -0.8062105809 990.5610000000 324.3540000000
2.8165398128 -0.5487603917 -0.8391955717 996.7430000000 377.1420000000
2.8342983805 -0.0108154840 -0.8006532849 946.7540000000 595.6730000000
2.8563675308 -0.4594926147 -0.9059837897 1015.2400000000 417.2320000000
2.8676473187 0.2913644074 -0.9453623811 989.1510000000 723.3630000000
2.8684732986 0.3953630195 -0.9451326554 983.6500000000 764.8400000000
2.8693509022 -0.6885420015 -0.8144006878 990.2820000000 325.4160000000
2.8695832091 0.3952468661 -0.9455482266 983.1060000000 764.1660000000
2.8829021349 -0.2529978995 -0.4341789122 809.0660000000 478.1520000000
2.8936914972 -0.0013699651 -0.8182337507 948.0700000000 597.0510000000
2.9159929544 -0.2813339141 -0.4604941153 817.4910000000 470.2070000000
2.9169996173 -0.5496896191 -0.8883594437 1005.9700000000 386.0470000000
2.9326932353 -0.3132967548 -0.7359325979 925.2220000000 470.7310000000
2.9387848370 -0.4282550876 -0.0110311163 659.6410000000 399.6050000000
2.9473285666 -0.1161756207 -0.8349469376 955.3220000000 554.3770000000
2.9532911089 -0.4317190408 -0.2239623832 735.8470000000 408.0240000000
2.9617057791 -0.4468525412 -0.2940540044 761.7070000000 404.7830000000
2.9623768877 -0.4476010854 -0.2916818934 762.3930000000 405.7160000000
2.9647515799 -0.4631372510 -0.2326929906 741.1960000000 397.6430000000
2.9658873023 -0.4642136060 -0.1672704788 716.3460000000 394.9240000000
2.9660163616 -0.4668877159 0.0206629453 651.6860000000 387.8720000000
2.9680813114 0.8075786101 -1.8706611943 1364.4800000000 996.2450000000
2.9734501807 -0.5113460837 0.1081501936 623.8560000000 369.4230000000
2.9745084674 -0.5131167781 0.1104084742 623.8560000000 369.6280000000
2.9775026445 0.7057636823 -1.7171760618 1290.2800000000 938.6130000000
2.9800063961 0.5063747172 -1.7170444212 1301.2900000000 853.5960000000
2.9810646828 -0.5129902999 -0.4008480423 804.5700000000 386.4120000000
2.9871562845 -0.5131735642 -0.4007189829 803.9240000000 387.6630000000
2.9872337202 0.3857351914 -1.5775519044 1239.0700000000 793.1890000000
2.9891696105 -0.5682096370 -0.7555134838 939.6130000000 380.1540000000
2.9963969346 -0.6068345218 -0.3975054049 807.2000000000 354.9570000000
2.9989781218 -0.6058175340 -0.4018366370 807.6970000000 355.1970000000
2.9993911117 -0.4292720754 -0.7779646497 944.9880000000 434.4690000000
3.0018432395 -0.6078102105 0.1098044764 629.8720000000 338.6170000000
3.0079348412 -0.6652622745 -0.0451583857 684.7230000000 324.8930000000
3.0087091974 -0.6091679150 -0.4001098227 807.6920000000 355.4060000000
3.0088382567 -0.0260609562 0.5934046049 449.3690000000 519.8540000000
3.0107225234 -0.5691879069 -0.7775619845 946.9220000000 382.8910000000
3.0135102055 -0.6567133826 0.0588792023 649.5920000000 325.3830000000
3.0145168685 -0.6121698356 0.1094820862 629.8720000000 338.4090000000
3.0171754913 -0.6700039153 0.0426863828 654.2330000000 320.8470000000
3.0190339461 -0.6565223747 -0.3320439172 785.0670000000 337.3500000000
3.0194211241 -0.4239599922 -0.7939138052 944.9630000000 435.6750000000
3.0233187168 -0.6594726717 -0.1612810921 724.3320000000 330.8570000000
3.0321980006 -0.7184527984 0.0442823308 657.9340000000 306.9410000000
3.0331014161 -0.7200582968 -0.0359298672 685.1190000000 310.6930000000
3.0372313156 -0.6601644298 -0.1668223847 725.0590000000 331.6010000000
3.0376701174 -0.7275876198 -0.3534238905 793.7050000000 314.3540000000
3.0427292442 -0.7337876314 -0.1578971557 727.5670000000 310.2070000000
3.0441488972 -0.7304811306 -0.3078659370 779.6070000000 313.1700000000
3.0442005209 -0.6623532765 -0.3386414316 785.1340000000 338.1040000000
3.0451813721 -0.7334804701 -0.1597891659 727.8330000000 308.8320000000
3.0467042725 -0.7221490584 -0.0392619218 686.2990000000 310.0750000000
3.0472979455 -0.7347220211 -0.1572035907 727.5760000000 309.5980000000
3.0730581935 -0.8372054764 -0.4665031191 839.0000000000 282.8280000000
3.0739099852 0.0447825649 -1.8210430334 1343.8100000000 666.8150000000
3.0772139048 -0.7325822170 -0.0413676542 686.8790000000 309.0990000000
3.0828408928 -0.9480752088 0.2087589326 614.1800000000 233.8240000000
3.0887001877 -0.5257336210 -0.5744586911 862.5060000000 397.2000000000
3.0906618899 -0.2597035656 -0.5754240551 851.0760000000 489.0500000000
3.0908683849 -1.0609660107 2.9277373560 -85.1892000000 165.7260000000
3.0925203447 -0.2508596440 -0.5744432040 850.5700000000 489.0530000000
3.1154670986 -0.9010743717 -0.5827520455 879.7510000000 270.6630000000
3.1178934145 -0.5685297042 -0.5760177282 864.3600000000 383.6730000000
3.1205520373 -0.9442060092 2.7871917147 -46.4009000000 200.7740000000
3.1232106601 -0.6904185246 -0.7803548291 941.9590000000 347.0510000000
3.1276503020 -0.9452720395 -0.5981514081 886.9130000000 258.4210000000
3.1338709631 -0.9196537569 2.7766604711 -40.9711000000 208.9570000000
3.1390849612 -0.6308550495 -0.5815646994 866.7530000000 364.4000000000
3.1436794743 -1.0244989984 2.8038661838 -41.6318000000 183.9310000000
3.1691557917 -0.8540373979 2.5919765293 5.5536700000 233.0400000000
3.1703947615 -0.9792043260 2.5589579830 16.5493000000 201.3520000000
3.1880500817 -0.3489481119 -0.6991145442 891.6280000000 465.5940000000
3.1929801492 -0.8367021449 2.5559689683 21.3604000000 242.5360000000
3.1957678314 -0.3173208256 -0.8314391043 936.8010000000 481.0690000000
3.1981425236 -0.3213242468 -0.8332640036 936.5900000000 480.7720000000
3.2076412923 -0.1232488479 -0.6932991295 878.4720000000 539.4680000000
3.2129069142 0.0552438583 -1.5996649348 1205.3900000000 645.6940000000
3.2321883823 -0.0471699049 -1.5700948546 1195.3600000000 608.0000000000
3.3189420830 0.6383792101 -1.5205773600 1127.8000000000 827.6340000000
3.3363909082 -0.1268867731 -0.8388574362 918.1620000000 544.3780000000
3.4513311728 -1.0037772278 2.6505178542 72.8083000000 226.1810000000
3.4561579928 -0.4188260109 2.7957354442 31.0304000000 360.4010000000
3.5232688591 -0.5631092112 2.7491192040 60.1309000000 333.2710000000
3.6514248020 -0.8393194687 2.7845330919 90.3431000000 280.9490000000
3.6535155636 -0.8418980747 2.7892566645 89.4989000000 280.4250000000
3.7024290604 -0.4718255270 2.8628979343 77.5956000000 361.4660000000
3.7192584007 -0.3242461507 2.8714932876 73.8705000000 394.2560000000
3.7204715587 -0.5490778777 2.8766040382 76.6430000000 345.4240000000
3.7206006180 -0.3220934406 2.8708221789 74.8939000000 392.9370000000
3.8473627198 -0.1770611799 0.8538128346 485.6010000000 477.1670000000
3.9449832184 -0.8632290054 2.8199727917 140.9320000000 297.7670000000
3.9453445847 -0.1895897461 1.2565632119 408.8160000000 465.6030000000
4.0221349029 -0.2907216918 2.7614572787 151.4330000000 414.9020000000
4.1047070803 -0.5870858587 2.7789835395 169.3690000000 360.2690000000
4.1184389961 -0.5919926955 2.7964839885 167.7760000000 359.0360000000
4.1253049539 -0.5884461444 2.7929993858 169.3200000000 359.3770000000
4.1466255599 -0.7263718806 3.1847977859 114.4290000000 330.3710000000
4.1645906226 -0.8838165543 1.4883899561 408.9100000000 328.3150000000
4.1667330080 -0.8824252944 1.4938620729 407.9120000000 325.7630000000
4.1882084852 -0.9789771816 1.0918137786 488.1310000000 315.8120000000
4.1986364813 -1.0175685109 1.4904523246 416.4070000000 302.9170000000
4.2061219241 -0.8921770195 1.9154267233 336.9220000000 321.1460000000
4.2090902894 -1.0201109802 1.4927082822 414.9200000000 304.7220000000
4.2167564153 -0.9310522794 1.5097544422 409.6480000000 318.7290000000
4.2383351400 -0.4092601313 0.8967689515 512.7960000000 434.1960000000
4.2390578724 -0.5285290467 0.9062264213 514.6190000000 411.6150000000
4.2530995306 -0.8231018697 3.0947917894 148.4090000000 319.1830000000
4.2540287579 -0.5573325143 1.0624682617 484.3810000000 404.3540000000
4.2545708073 -0.8231999548 3.1945804853 133.2650000000 317.8180000000
4.2570745588 -0.5577635725 1.0619804173 486.7250000000 403.2800000000
4.2577456675 -0.8228076144 3.0980440852 148.9740000000 319.8970000000
4.2588297661 -0.7231531402 0.7283593948 553.4210000000 375.6510000000
4.2593201916 -0.2084631286 1.0847464881 472.9710000000 472.4350000000
4.2667023869 -0.9544507411 1.1022366123 490.3570000000 325.1340000000
4.2906816157 -0.8346268704 2.7807129349 203.4590000000 325.0770000000
4.2926175061 -0.6615376214 1.1102253866 483.2920000000 382.8430000000
4.3039489178 -0.6659437079 1.1152535392 484.0520000000 383.5990000000
4.5222141046 -0.7882919796 1.0902599039 505.8280000000 369.5750000000
4.5639002773 -1.0005842993 1.0931198593 512.3750000000 331.1250000000
5.2617758517 -0.6332658783 3.3356165521 243.1990000000 386.2200000000
5.2742171738 -0.6350365727 3.3393334616 243.4480000000 386.4450000000
5.2880523370 -0.8499307291 3.3410628570 249.3320000000 357.3650000000
5.2934212063 -0.8507438031 3.3483676167 247.6870000000 357.9900000000
5.3014745103 -1.0120938129 3.2981377144 260.8790000000 336.0560000000
5.3740316815 -1.0285901801 3.3494775272 260.1640000000 336.0200000000
5.6287690431 -1.4398042700 3.3702560839 289.4190000000 291.3180000000
5.6468631651 -1.4480821373 3.3836524453 288.3130000000 292.3640000000
5.7554020855 -1.2806895683 3.3625383342 298.2690000000 319.5290000000
5.9657688396 -1.0586661730 3.3802969019 309.9740000000 353.4490000000
6.0631054076 -1.0326968489 3.3757023888 316.7220000000 360.8430000000
6.7303164784 -1.5671987626 1.6213598130 549.6970000000 333.7990000000
6.7322523688 -2.4852186281 3.4091545745 379.6070000000 221.4170000000
6.7613423482 -2.4963228953 3.4222153815 379.3540000000 221.6740000000
6.8627055682 -1.5969856626 1.6659111035 549.9920000000 333.8030000000
6.8761019296 -1.6376471040 3.4472270852 371.2990000000 316.1570000000
6.9619005910 -0.9922057658 -2.5460778591 1040.4400000000 452.9560000000
7.1853023403 -1.7994075226 -1.3857154929 900.8630000000 348.5590000000

gimbalangles:
-0.8199110858 0.0045436983 0.4541581737

end: