T_CW:
0.9834670428 0.1761324824 0.0420704684 -0.8231309000
-0.1771526311 0.9839404653 0.0218656374 0.2873394831
-0.0375435873 -0.0289570280 0.9988753524 0.0295264387
0.0000000000 0.0000000000 0.0000000000 1.0000000000


target_points_pix:
-1.8823952712 -2.8260902053 2.8426614269 -23.0228000000 41.8759000000
-1.8513874697 -2.9965776177 3.0687476109 25.2118000000 39.6677000000
-1.8388945238 -1.9345068589 2.9698365187 42.8517000000 243.7450000000
-1.8212314601 -1.9184415499 2.9509164167 44.1871000000 243.6000000000
-1.7924976845 -2.0616045150 2.4269973703 -84.4575000000 149.9620000000
-1.7850380536 -2.3656425514 3.0068249308 48.3483000000 155.2480000000
-1.3091884558 -0.4210948744 2.6114386805 140.3380000000 544.3370000000
-1.2885054030 -0.8141503126 2.6013204268 125.6860000000 448.6850000000
-1.2786246186 -0.9132859682 2.5940931028 125.3440000000 422.7650000000
-1.2314714914 -1.0613196334 2.6342563751 137.7420000000 382.5840000000
-1.2262807240 -1.1015732472 2.6270806748 136.7400000000 376.7800000000
-1.2246907127 -1.1511036478 2.6267709323 134.7940000000 367.0730000000
-1.2040876768 -0.3614100836 1.9469946424 -4.2442900000 566.7680000000
-1.1735341643 -1.0856240917 2.6297909213 149.8330000000 378.6130000000
-1.1701657150 0.1341765619 1.8701449569 6.3058100000 735.0910000000
-1.1483727518 0.0651125112 1.8363339862 -1.9634300000 714.4250000000
-1.1164537912 -1.1404407636 2.6303845943 161.4040000000 363.1070000000
-1.0715746900 -1.6086990899 2.7081299518 166.8520000000 256.6110000000
-1.0056821440 -0.7944403674 2.6386960170 201.7860000000 440.2580000000
-0.9978043607 -0.1426289174 1.9620481259 74.4938000000 624.8300000000
-0.9965137672 -0.8922905917 2.6242155570 198.5060000000 416.7510000000
-0.9816667786 -1.5796452472 2.6417418179 176.0360000000 254.0410000000
-0.9604210270 -0.6633186405 2.6734387963 222.6100000000 471.4920000000
-0.9603616597 -0.6615582709 2.6712189753 222.9050000000 471.7520000000
-0.9551399181 -0.6628875823 2.6683538576 223.1480000000 471.7540000000
-0.9351099056 -0.9704386144 2.6442713813 212.7960000000 395.0630000000
-0.9311116467 -0.1283389490 2.7473898086 261.2900000000 595.5550000000
-0.8769480152 -0.1473989513 1.5277788722 -36.6912000000 641.8020000000
-0.8462964176 -0.2459819746 2.7357228426 275.2790000000 564.0520000000
-0.8142561413 -0.2900738138 2.4390515144 232.8810000000 556.1150000000
-0.7997292199 -0.4429446238 2.6865254152 272.6090000000 517.5600000000
-0.7972590238 0.3489765050 1.7856214019 114.9600000000 799.4670000000
-0.7962652668 0.3455538508 1.7843308083 113.9500000000 799.0740000000
-0.7922231276 -1.5939992290 2.6762781022 226.3500000000 244.9940000000
-0.7866193703 -1.5177122423 3.0131488393 277.8500000000 289.5400000000
-0.7696764577 -1.4959605780 2.9834651869 279.8780000000 292.0360000000
-0.7657995146 -0.0069023268 2.0474183103 179.1700000000 649.8540000000
-0.7555599451 -1.5256106750 2.8850961440 269.5960000000 278.1610000000
-0.7518327109 -1.1492787484 2.6649208786 250.6880000000 345.4000000000
-0.7429585894 -1.4699447926 2.9262660793 279.4060000000 292.0100000000
-0.7418719096 -1.5083063962 2.8596198266 268.6270000000 277.8380000000
-0.7415105434 0.0204551339 1.7817238093 116.5410000000 677.2710000000
-0.7406071279 0.0205500184 1.7808436245 114.6330000000 678.4960000000
-0.7363326819 -0.9621168670 2.6049599007 251.7510000000 385.6330000000
-0.7349052854 -0.4686016242 2.5954611320 274.3120000000 508.1380000000
-0.7305792157 0.0183853316 1.7696257850 115.8470000000 678.3910000000
-0.7283800443 -1.4981545871 2.8327496682 270.0720000000 278.1890000000
-0.7075421203 0.0165093764 2.3241551300 250.7090000000 639.6640000000
-0.7053584359 0.0156619468 2.3219533774 253.1070000000 639.3620000000
-0.6980923940 -0.9825701941 2.6422838672 266.4620000000 381.6830000000
-0.6737982604 -0.9877145001 2.6761748547 278.2270000000 382.0650000000
-0.6667567818 -0.9833832680 2.6680957388 278.1540000000 381.8480000000
-0.6385882863 -1.5813952921 3.1671166538 326.8320000000 282.4160000000
-0.6287823562 -0.9351847601 2.6973147776 292.5050000000 389.9770000000
-0.6079908936 -2.3944976427 3.1278567970 301.0590000000 115.1500000000
-0.6055155351 -0.0174855555 2.5183404218 309.2810000000 615.7660000000
-0.6011791407 -0.0184195065 2.5162083612 309.9090000000 616.2150000000
-0.5998111115 -0.0309977348 2.6398059275 327.1910000000 607.3350000000
-0.5987037822 -0.0307948535 2.6345144938 326.9810000000 606.7090000000
-0.5972479926 -0.2365714825 2.6357792755 319.1170000000 557.1450000000
-0.5947261728 -0.2139718982 2.6298941688 320.2430000000 564.0350000000
-0.5872123369 -0.4176231777 2.6336368902 314.9090000000 514.3490000000
-0.5269932403 -0.3894882376 2.6336110783 329.5940000000 516.4020000000
-0.5145674053 -0.4138701315 2.6254029031 330.7280000000 511.1990000000
-0.5110285977 0.4107933564 1.5031595090 133.5630000000 857.9350000000
-0.5102000366 -0.6760903546 2.6348758600 321.2720000000 447.5560000000
-0.5034192579 0.4186866268 1.1855857271 -4.4907000000 950.9270000000
-0.4994287426 0.3710379117 1.4667802571 124.9900000000 847.3060000000
-0.4949736135 0.8242272673 1.4325872707 145.3270000000 1063.6000000000
-0.4528770320 0.3872142117 1.5149064918 162.9690000000 839.2910000000
-0.4497899321 0.8971896850 1.4937459194 191.2510000000 1069.0600000000
-0.4380016504 -0.9381453818 2.7097819116 339.8790000000 383.7000000000
-0.4325708326 -0.9232725813 2.7022190332 341.2930000000 386.0590000000
-0.3839051297 0.2836776320 2.5796358734 385.7020000000 680.5340000000
-0.3748864618 0.1372195235 2.5694866455 379.3610000000 642.3910000000
-0.2985530137 -0.7550282206 2.6390315713 368.7070000000 419.1290000000
-0.2848340039 -0.5657523468 2.7725563835 394.1750000000 465.7580000000
-0.2714918474 0.3915273754 2.2973133647 385.3220000000 725.6990000000
-0.2648994954 -0.3555507887 2.6429807877 394.5500000000 514.2080000000
-0.2397499563 -0.2172665255 2.6806661203 408.3800000000 545.7250000000
-0.2395488819 0.3849040491 2.6820857733 435.3470000000 692.7930000000
-0.2317271104 0.3789879682 2.6393413138 434.8990000000 693.4430000000
-0.2253572567 0.0935742297 1.8468032813 312.4560000000 666.2990000000
-0.2251949000 -0.7903156303 2.6639658394 389.4440000000 407.4660000000
-0.2242646402 -0.7122837611 2.6843055942 394.7640000000 428.4330000000
-0.2178940121 -0.8787574274 2.6556544167 386.3210000000 384.9040000000
-0.2140028725 0.0884846448 1.8200596011 310.7910000000 666.6720000000
-0.1946047347 -0.9414518825 2.6868351577 392.6920000000 370.6270000000
-0.1855896804 0.5705869104 1.9042656700 366.7140000000 823.5080000000
-0.1831166449 0.5688755833 1.9020174560 365.5080000000 824.7310000000
-0.1591330281 0.1075033481 2.5914344800 434.9640000000 624.7840000000
-0.1568205426 0.2511149234 2.5851105714 440.4770000000 662.1180000000
-0.1533258733 0.7045814986 1.2976815234 245.5700000000 1035.3500000000
-0.1187741018 -0.8980414767 3.0855769512 447.8170000000 395.7180000000
-0.1169492025 0.5221741639 1.9286036838 388.2290000000 800.6370000000
-0.1132937252 -0.6561868204 2.7197452941 426.0030000000 436.5120000000
-0.1106588494 0.5122753111 1.9638265639 397.6050000000 791.1440000000
-0.0793575670 -0.2147049554 2.6738259744 450.3890000000 539.0930000000
-0.0575555696 0.1839872794 2.5896534608 462.6700000000 640.7200000000
-0.0464577553 0.0359925901 2.5893953421 459.5960000000 602.7310000000
-0.0446948045 0.0373536501 2.5948674589 459.7000000000 603.0820000000
-0.0433187736 -0.5627297766 2.5984811209 436.6100000000 453.4720000000
-0.0424811784 0.8143129274 1.4693614443 353.5160000000 1017.9500000000
-0.0395355276 0.0961706458 2.5891888471 463.5620000000 617.0500000000
-0.0366686030 0.1830768947 2.5919507174 467.3450000000 639.6770000000
-0.0305919722 -0.4893775997 2.6091672358 441.2920000000 470.2520000000
-0.0220578963 -0.4834357069 2.5688852289 440.2780000000 469.7570000000
-0.0092081271 -0.5790170677 2.7226620355 453.7920000000 450.0860000000
-0.0063218952 -0.5767352982 2.7129309599 454.0030000000 450.2920000000
0.0063744740 0.6349410688 1.9163688567 434.2610000000 835.0100000000
0.0180145182 0.6252590358 1.8898497397 434.8890000000 835.5720000000
0.0218862990 -1.3801633593 3.2051375408 466.1740000000 298.6790000000
0.0225721720 -1.3775641039 3.2010076413 466.6040000000 298.9040000000
0.0374628343 0.0893888347 2.5989457346 483.4550000000 611.2090000000
0.0551728757 -0.5948216767 2.7449634927 469.4060000000 444.1110000000
0.0555734759 0.0878282489 2.6001072689 486.5620000000 611.5770000000
0.0731794955 0.1547468168 2.6541831400 498.9080000000 625.5600000000
0.1284912391 0.5656310310 1.9133333805 473.3400000000 802.8190000000
0.1391270208 0.5641107118 1.5012520117 419.7580000000 882.7500000000
0.1402033758 0.5635299447 1.4954004604 419.0050000000 884.2170000000
0.1480726411 -1.0158881580 2.7414272663 474.0210000000 341.2760000000
0.1502596810 -1.0166108904 2.7395946234 473.6160000000 341.8930000000
0.1597050192 -0.9224853192 2.7312832007 479.0210000000 359.9940000000
0.1611662293 -0.9154954644 2.7113564358 479.0350000000 360.7410000000
0.1646286337 -0.9079351672 2.6895454042 478.6260000000 361.1480000000
0.1691134464 -0.8791962292 2.6972631538 478.9250000000 370.7280000000
0.1694438384 0.0332880222 2.6216601817 515.5940000000 592.7230000000
0.1723636773 -0.2236967790 2.6602747417 506.8080000000 526.1680000000
0.1736307821 0.2261850434 2.5734255371 522.2300000000 642.8990000000
0.1755137581 -0.6829847056 2.6498725574 487.3870000000 416.3810000000
0.1788700758 0.2268858357 2.5552049369 522.6440000000 642.6870000000
0.1846671641 0.0374525096 2.5832004929 515.2900000000 593.6040000000
0.1857115124 0.0512048167 2.6192854895 519.6920000000 596.9130000000
0.1943073819 -0.0634801685 2.6669600165 518.9180000000 565.4920000000
0.1968382359 -0.3317496618 2.6574096240 507.8530000000 498.9430000000
0.2043595572 0.2315149368 2.5103800406 525.3140000000 645.6150000000
0.2102167871 0.8168605592 1.4781787796 466.2450000000 996.8530000000
0.2310776837 0.2419770046 2.0334876432 498.9180000000 677.5020000000
0.2318626227 -0.3302396673 2.6611007216 516.2420000000 497.9430000000
0.2453826230 -1.0338170841 2.9475866853 508.4680000000 346.1410000000
0.2560119517 0.5692111376 1.9037545950 512.9280000000 801.4090000000
0.2661255593 0.1378746288 2.6016043574 541.8700000000 614.4540000000
0.2671657777 0.1367703969 2.6054761382 542.6060000000 614.2030000000
0.2690732750 -0.9830296454 2.8031434514 507.4370000000 346.3300000000
0.2736703694 -0.4658500787 2.6740582812 522.0740000000 463.6940000000
0.2764399832 -0.6165217172 2.6720449552 515.6980000000 426.2270000000
0.3202349859 -0.1468323807 2.6941657292 550.3630000000 537.7390000000
0.3321187716 -0.0124557768 2.6861640490 557.5300000000 570.3280000000
0.3325188556 -0.3488526080 2.6779300619 540.4630000000 489.9210000000
0.3341088669 -0.1544089394 2.6706769260 549.5520000000 538.1430000000
0.3370436767 0.9107770542 1.4993883946 531.9900000000 1021.1600000000
0.3370772321 -0.7742116036 2.6999734004 525.5830000000 387.4120000000
0.3383781505 0.4539843613 2.0294300169 544.5020000000 740.4030000000
0.3408922268 0.4540411474 2.0282297649 544.5020000000 740.4030000000
0.3414858998 -0.7779749745 2.6494337556 524.4580000000 382.4840000000
0.3425803232 0.1882328160 2.6013462387 564.2730000000 624.0030000000
0.3429623389 0.4490129948 1.9874908879 544.2830000000 741.0500000000
0.3433546793 0.9037613875 1.5018766590 531.7740000000 1018.1800000000
0.3486951556 0.5745154772 1.5077204668 510.6050000000 872.4280000000
0.3498308779 -0.5799230644 2.6665212147 534.1300000000 432.4480000000
0.3529437896 0.4107339891 2.0231525697 546.6420000000 725.0040000000
0.3541801783 0.7808813912 1.6061798512 542.1150000000 933.0750000000
0.3555533699 0.2786830349 2.0284827212 540.1250000000 683.0240000000
0.3585707777 -0.5192909778 2.6593713262 540.3180000000 446.6310000000
0.3602821048 -0.6869081101 2.6764587853 534.6020000000 405.1380000000
0.3609093332 -0.6822619732 2.6705994904 533.9170000000 406.0680000000
0.3609299827 -0.5178584189 2.6705478666 541.9390000000 447.1970000000
0.3666860301 -0.9680045549 2.7646579508 528.0150000000 343.3540000000
0.3707539811 0.7688659650 1.5541947417 542.4000000000 944.3410000000
0.3755988694 -1.0998696637 3.0095609892 538.0570000000 328.1120000000
0.3765590710 -1.0852111018 2.9754376948 538.0570000000 328.1120000000
0.3771088639 -0.4054219059 2.6847702079 551.0870000000 472.1720000000
0.3833811487 0.0524587574 2.6860349897 572.0160000000 584.7890000000
0.3993406290 0.6367788741 1.5409842258 541.8190000000 887.8670000000
0.4019760211 0.6030117836 1.5395258550 538.2990000000 873.4800000000
0.4050476338 0.5709121400 1.5256442304 537.1820000000 858.8150000000
0.4053393079 0.5727886630 1.5341905412 537.9400000000 859.0690000000
0.4129434853 0.6575935674 1.5460536774 548.7610000000 895.5000000000
0.4137126791 -0.5921475668 2.6663921553 549.3380000000 426.4780000000
0.4150187598 -1.0974639973 2.9904085804 544.2510000000 327.0060000000
0.4150445717 -1.0911659006 2.9767024765 544.2160000000 327.9990000000
0.4472242321 -0.2170455759 2.6617976422 574.6240000000 517.2260000000
0.4537881911 0.7873885641 1.5443113760 576.8490000000 948.0670000000
0.4608890370 -0.3119132384 2.6880999394 574.8240000000 492.9700000000
0.4654758066 0.5743631872 1.5178180710 564.6260000000 859.7410000000
0.4661159410 0.4151452380 2.0300598266 584.7080000000 721.2690000000
0.4665676487 0.4141566433 2.0300598266 585.5200000000 721.8950000000
0.4725766525 0.7173738622 1.5284422373 577.4430000000 918.8280000000
0.4737485114 0.6233489573 1.5321436597 571.8360000000 879.6470000000
0.4808674256 -0.7464018931 2.9077073435 569.4100000000 397.2040000000
0.4824213003 -0.7364849720 2.8949304671 569.6490000000 396.6370000000
0.4952136639 -0.5366417179 2.6753746867 572.6610000000 435.6930000000
0.5004121749 0.3280869572 2.0315878894 590.1090000000 690.7560000000
0.5031714639 0.8768189559 1.5411442594 602.5180000000 982.2760000000
0.5034579757 0.6467293506 1.5224254900 585.6980000000 887.2450000000
0.5063179311 0.6315777819 1.5306130157 585.6500000000 877.4040000000
0.5077608147 0.1806751000 2.7783640546 609.8080000000 607.4870000000
0.5137414254 0.9023314098 1.9925603394 628.1510000000 882.2130000000
0.5147919686 -0.4542063434 2.6658759179 582.8130000000 456.8640000000
0.5159044602 0.9139338461 1.5427833132 612.0230000000 1000.4500000000
0.5171356865 -0.5531613158 2.6774396364 576.6750000000 430.6670000000
0.5195697460 -0.4472371380 2.6669600165 584.2230000000 457.0680000000
0.5211958939 -0.0400644128 2.7670584548 603.2720000000 555.9340000000
0.5249231282 -0.1980942416 2.6835054262 593.9260000000 518.0160000000
0.5261646792 0.8327374414 2.0362933936 628.0130000000 853.7620000000
0.5303926638 0.3239260835 2.0395482706 602.3510000000 685.4520000000
0.5399869365 0.4156743814 2.0362159580 606.9100000000 715.1100000000
0.5406786947 0.4166603949 2.0390810758 607.2310000000 715.7820000000
0.5411355648 0.3156766093 2.0325248604 602.9610000000 685.2400000000
0.5454538909 0.7272494843 2.0625027681 628.4960000000 816.3690000000
0.5506704702 0.7216224963 2.0421733380 629.2430000000 816.4100000000
0.5728299620 -0.4983936865 2.6745487068 592.8300000000 441.8100000000
0.5763300518 -0.1158581347 2.7199259772 611.9650000000 535.2270000000
0.5771921683 -0.1148721212 2.7043356067 610.9630000000 535.0280000000
0.5952346666 -1.5622970882 3.2232316628 575.8410000000 241.2880000000
0.6099964760 -0.5696060592 2.6711415397 598.8040000000 422.6810000000
0.6117620081 -0.3261123490 2.7246495497 610.7670000000 482.3800000000
0.6147510228 -0.3254825394 2.6993022917 610.9680000000 482.9810000000
0.6260875968 -0.8459866751 2.6849508910 594.4440000000 357.5160000000
0.6274169082 -0.5297680165 2.6863963559 604.6620000000 431.7750000000
0.6335756208 -0.9267081414 2.7456604132 592.5710000000 339.2240000000
0.6429427490 -0.7910925677 2.6891582261 600.0720000000 371.8650000000
0.6435183538 -1.0185390373 2.6444520644 587.9650000000 309.7260000000
0.6453587402 -0.9940048532 2.5695021326 588.1710000000 309.9380000000
0.6503972176 -0.6452554927 2.7267403113 606.9920000000 405.1140000000
0.6537192055 -0.6321275748 2.6789367249 606.0280000000 405.5970000000
0.6738576277 0.0709423806 2.7756796200 644.9900000000 576.1400000000
0.6742706177 -0.9937080167 2.7759635505 601.3200000000 324.4650000000
0.7198105029 -0.3764506612 2.9228847241 638.3930000000 470.3800000000
0.7236358222 0.1230340931 2.7688136621 658.8230000000 584.5990000000
0.7253187563 0.0218698826 2.7678586228 655.2070000000 561.6710000000
0.7486475259 -0.1032872370 2.8459137228 656.0020000000 531.0070000000
0.7516984891 -0.1039402773 2.8571935107 656.6420000000 529.9260000000
0.7663931877 0.9182082921 1.5676814446 721.3160000000 977.3490000000
0.7775697281 0.0733552743 2.7800160144 668.0340000000 572.1260000000
0.7841827296 -0.2032204793 2.8567288970 658.8000000000 506.4000000000
0.7848073769 0.9089444113 2.1330879124 714.9210000000 850.4070000000
0.7856333568 0.4079179139 2.6670890758 687.3680000000 658.5010000000
0.7881345272 0.4109327405 2.6683280457 686.7590000000 657.8810000000
0.7952637661 0.7433457675 2.3442135355 706.5900000000 769.3860000000
0.7984360452 0.7470187968 2.3748470648 707.2060000000 769.1320000000
0.8206987845 -0.3408147911 2.7577145573 660.0050000000 471.5830000000
0.8224720601 -0.1998646779 2.8531152350 669.0030000000 505.0000000000
0.8231044509 0.4116503106 2.1139638967 700.5780000000 691.0150000000
0.8250868027 -0.2020979210 2.8515148989 669.6030000000 504.0000000000
0.8263257725 0.4147838718 2.1242241156 701.5580000000 691.5230000000
0.8454549506 0.5416027597 2.1161579057 713.3890000000 733.9890000000
0.8688017885 0.8000518683 2.1148776369 736.3720000000 815.0400000000
0.8698884683 0.4614801288 2.1110239245 718.2060000000 706.5430000000
0.9058753798 0.4602876204 2.1160494959 728.5940000000 703.0940000000
0.9100491594 -0.1998107311 2.8728871287 688.0220000000 501.9980000000
0.9128884653 0.5531432475 2.1201355152 735.9650000000 732.1650000000
0.9195117916 0.8431344633 2.1184861366 754.4170000000 824.4440000000
0.9206113773 0.8484981703 2.1261496813 754.4220000000 824.6700000000
0.9213986394 0.5850828575 2.1190385106 739.2240000000 742.9000000000
0.9359926717 -0.0376848164 2.7553914888 701.3570000000 538.6090000000
0.9459379858 0.1056993564 2.4006744236 716.6710000000 581.1060000000
0.9556226001 0.6827317492 2.1139742214 757.9700000000 771.5790000000
0.9586632385 -0.7871769067 2.9700172018 675.5580000000 369.0190000000
0.9702837432 0.0840948198 2.6420515603 717.2310000000 569.2170000000
0.9714297903 0.9201338577 1.9411069545 785.2950000000 876.6350000000
0.9723461117 0.0841203735 2.6529699820 716.6260000000 569.0140000000
0.9761688499 0.3606486333 2.1331421173 744.0980000000 667.0200000000
0.9799270584 0.6559674195 2.1242757394 762.9650000000 759.9570000000
0.9858018404 -0.9045951110 2.7677811872 677.3410000000 330.8170000000
0.9862380611 -0.9075041089 2.7757570556 678.3560000000 330.1900000000
1.0150750841 0.1178244831 2.6604296130 729.9650000000 576.3210000000
1.0273847657 -0.8631851252 2.7154088996 688.4690000000 334.9140000000
1.0279448833 0.8107844446 2.1264774920 786.6450000000 807.4370000000
1.0326426439 0.9191194511 1.9439410980 805.6260000000 873.1370000000
1.0330298220 0.1434394102 2.0757494207 753.9350000000 599.7760000000
1.0375081817 0.9185851454 1.9483575092 805.2740000000 872.1120000000
1.0431351698 0.6146968179 2.1231425982 780.7440000000 744.8340000000
1.0448129414 0.6868203497 2.1273628392 784.4580000000 767.6670000000
1.0454866313 0.5541576541 2.1098107665 777.9300000000 725.5050000000
1.0485401757 -0.5894837816 2.7083880705 706.3270000000 399.3800000000
1.0552383564 0.4661262657 2.1252772400 774.9300000000 695.0030000000
1.0559120462 0.4545444789 2.1257805715 774.3350000000 694.9920000000
1.0568825726 0.4675975424 2.1293580969 775.3040000000 693.7510000000
1.0604497733 -1.4351529707 2.9127148467 672.7210000000 219.9540000000
1.0608395325 -1.4369004345 2.9157348356 673.9600000000 220.1670000000
1.0691328869 -1.2787510967 3.2090609453 681.0410000000 278.5060000000
1.0724935926 -1.2847058955 3.2278519879 681.4820000000 278.7080000000
1.0729633687 0.7548501187 2.1069637171 798.8320000000 791.1610000000
1.0737686991 0.7513861655 2.0933453736 799.0430000000 791.1680000000
1.0737893486 0.8980776134 2.0094619530 814.8400000000 850.4410000000
1.0752657876 0.1976652483 1.9761594762 774.3780000000 617.2330000000
1.0929856375 0.7698519785 2.0903537776 808.0890000000 795.4680000000
1.1094071503 0.5817582884 2.1296884889 799.8360000000 731.1610000000
1.1109584438 0.8407210533 2.0459186406 819.1760000000 824.3660000000
1.1134776824 -1.2218720563 2.9297248701 695.1380000000 265.0810000000
1.1135086567 -0.8595379078 2.7226104118 710.7270000000 333.2260000000
1.1203565462 -1.2381103048 2.8253932848 697.2180000000 252.6720000000
1.1224705385 0.6800318274 2.1270608403 809.5190000000 761.2240000000
1.1256557235 -0.1248342131 2.4479617725 752.8360000000 508.8130000000
1.1280252533 -0.8909174002 2.7504614213 712.5060000000 324.9760000000
1.1371497500 -1.2826874072 2.9401528662 696.1920000000 252.4660000000
1.1443306127 -0.1021182173 2.0549347273 774.7790000000 512.0390000000
1.1450817381 -0.1023115482 2.0605952708 773.5570000000 512.4410000000
1.1513953219 -0.1160315905 2.0488611939 776.9790000000 506.8870000000
1.1532795886 0.5236325346 2.1276390263 811.2100000000 709.3070000000
1.1624841020 0.8662438320 2.0371555101 841.3620000000 834.8360000000
1.1658602948 0.1484838243 1.9733382386 801.8910000000 597.1360000000
1.1680672098 -0.7074543599 2.6727676876 730.8720000000 362.4520000000
1.1689190016 0.1487651737 1.9824059491 802.2940000000 596.3250000000
1.1705838673 0.1995115715 1.9854414252 805.1620000000 611.4710000000
1.1732812079 0.5911615533 2.1457537978 820.1150000000 727.6610000000
1.1738748810 0.4978671243 2.1589798008 811.5650000000 698.3180000000
1.1754132685 -0.8171728828 2.6625719983 728.3000000000 334.5520000000
1.1778731399 0.5955934516 2.1606653161 820.0820000000 725.0500000000
1.1784280951 -0.8320585892 2.7554173007 724.6050000000 337.3300000000
1.1858567518 0.4921678631 2.1615480821 814.7330000000 694.3470000000
1.1935228777 -1.2688496628 2.9521295747 709.5450000000 254.4810000000
1.2008018255 0.8615099348 2.0378859861 851.6710000000 826.9610000000
1.2008379621 0.5723369553 2.1678487600 825.9810000000 719.0710000000
1.2125049281 0.6808578073 2.1705280322 834.6110000000 750.7590000000
1.2454382952 -0.4385488620 2.7139376229 762.6200000000 425.6270000000
1.2469689392 -0.5482389919 2.7009284396 756.9680000000 399.8410000000
1.2505025844 -0.5987528247 2.7110466933 756.0440000000 389.8580000000
1.2516279820 -0.6047360166 2.7811775486 755.5880000000 390.5570000000
1.2596038503 -0.3893282039 2.1868953401 788.4710000000 419.0780000000
1.2696369249 -1.4259974999 3.0249448647 719.2290000000 224.9650000000
1.2815904026 -0.7001599250 2.6654371161 758.6340000000 359.2650000000
1.2828242101 0.4589479842 2.1631819736 844.6610000000 679.9540000000
1.2847962371 -0.6993132956 2.6703413717 759.4550000000 359.0480000000
1.2949764393 -0.4563358228 2.1433455502 797.5990000000 394.4920000000
1.2977950957 0.1305221171 2.0354777385 841.2490000000 580.1100000000
1.3105100236 0.6974161230 2.1683159548 866.7540000000 750.8830000000
1.3225460994 0.5329841757 2.1757549362 859.5670000000 700.0800000000
1.3454463919 0.0713220732 2.0524129075 853.7120000000 557.3090000000
1.3506474841 -0.8538980138 2.9254400994 760.7790000000 337.2920000000
1.3601256034 -0.4779584277 2.7083364468 788.5320000000 412.9730000000
1.3767019874 0.4089168334 2.1706080490 870.1200000000 659.2610000000
1.3778531968 0.0798985838 2.0204423232 866.1990000000 559.0320000000
1.3823986674 0.8495590382 2.1450801080 897.4620000000 797.5760000000
1.3879404763 0.8682778075 2.1856976692 897.3490000000 798.7830000000
1.3900286567 0.8480671120 2.1737674221 900.2010000000 794.2200000000
1.4016156059 -1.3269754166 2.9081719572 753.4970000000 227.6020000000
1.4071703207 -0.0090658004 2.0303127830 866.2880000000 529.2010000000
1.4082105391 0.1857339687 1.9848838888 885.6320000000 594.0050000000
1.4104329413 0.5354414659 2.1674667443 888.2930000000 696.5160000000
1.4216507807 -1.2381103048 2.9134633909 762.4270000000 248.1470000000
1.4399488165 0.7443963106 2.1690102942 908.6390000000 760.4220000000
1.4410174280 -0.3945602703 2.1207885555 850.7040000000 404.0590000000
1.4665608562 0.5876046774 2.1717205407 909.1780000000 709.6170000000
1.4684064050 0.0751381003 2.0051797635 897.0630000000 552.1340000000
1.4733829339 -0.0125761376 2.0219316682 891.5140000000 522.3760000000
1.4746425532 -0.0292603377 2.0308935501 890.1540000000 520.4570000000
1.4928631534 0.5054222592 2.1648261898 910.1620000000 685.9300000000
1.4950571625 -0.0522711051 2.0271198544 896.2080000000 508.8700000000
1.4987818156 0.4097608816 2.1537012731 911.3760000000 653.0490000000
1.4995097104 -0.5993877968 2.7751117588 813.9690000000 379.4660000000
1.5000801527 0.4174037768 2.1762995667 910.3280000000 653.0190000000
1.5052631766 0.9171319370 2.1720741633 939.3550000000 810.2770000000
1.5119019900 -1.0992914778 2.9088172540 788.7120000000 274.2700000000
1.5186879310 -0.9672121304 2.9327706709 794.4410000000 305.2200000000
1.5249085921 -0.9718401990 2.9401270544 796.7010000000 304.4400000000
1.5368749758 0.4114128413 2.1534612227 921.8580000000 652.3040000000
1.5442158721 0.5755634392 2.1577408310 933.7140000000 703.4840000000
1.5465337782 0.5754834224 2.1597489946 935.6440000000 702.4260000000
1.5565049042 0.6793658811 2.1467965974 945.2030000000 734.7710000000
1.5706214168 0.9294312939 1.9805655627 989.0220000000 839.7660000000
1.5785121060 0.6276982576 2.1646713186 946.5440000000 716.3070000000
1.5835789764 0.5449660466 2.1633420072 944.9920000000 689.3910000000
1.5910515133 0.5337559507 2.1691367723 944.1810000000 688.1570000000
1.5970837477 0.8617680535 2.1705486817 965.8940000000 787.2460000000
1.6010794254 0.6868229309 2.1680810668 956.3300000000 732.0390000000
1.6121114194 -0.6769705395 2.7134988211 838.2870000000 354.5550000000
1.6190599752 0.7647025101 2.1665994654 966.8480000000 757.9720000000
1.6219044435 -1.4004437469 3.0737293021 792.7570000000 219.2470000000
1.6257813866 0.4114515592 2.1414535400 951.4900000000 648.1850000000
1.6262201884 0.4149413242 2.1428706117 952.8620000000 650.6700000000
1.6275262691 0.4112760384 2.1384412946 952.7350000000 647.9700000000
1.6408142206 0.5462101788 2.1637420912 962.1300000000 687.8060000000
1.6547371442 0.7905969797 2.1730601768 979.7020000000 762.0590000000
1.6566807782 -0.6918330152 2.7684264840 846.7970000000 351.2300000000
1.6607977717 0.4141411562 2.1372152307 966.4040000000 649.2770000000
1.6626226710 0.7004851545 2.1673764027 977.8600000000 734.4680000000
1.6712541609 -0.7014737492 2.8166172484 847.2150000000 351.4290000000
1.6733036235 0.6012488327 2.1610292635 976.5050000000 703.1780000000
1.6760190324 0.8657688936 2.1717489338 989.2820000000 785.1280000000
1.7320049821 0.1430233228 1.9914349418 993.2560000000 559.7040000000
1.7394000833 -0.3810142001 2.1246087125 944.1150000000 391.6830000000
1.7568153531 0.4208083626 2.1197251064 999.1580000000 644.1800000000
1.7599463332 0.4182271755 2.1071108447 1000.3900000000 643.6660000000
1.7678989708 -0.0040319950 0.9879803624 1323.1600000000 499.4600000000
1.7700516809 0.7633602927 2.1436243184 1020.9900000000 751.1520000000
1.7709086350 0.8628650580 2.1773010674 1018.3500000000 778.4560000000
1.7839281431 0.7454958964 2.1594444145 1019.3000000000 743.2320000000
1.7855026673 0.6029782281 2.1591940394 1011.9800000000 697.6230000000
1.7892918501 0.7512209695 2.1679339391 1018.8400000000 743.4270000000
1.7897745321 -0.4171817947 2.1423130753 955.8550000000 378.7380000000
1.7943458145 0.9438885232 1.2505774388 1305.8500000000 1024.5400000000
1.8082506698 0.9379233997 1.4410716329 1227.2900000000 951.9510000000
1.8126567563 0.5878731208 2.1616900474 1020.1200000000 691.9000000000
1.8353350667 -0.6363271663 2.7554689244 892.3340000000 354.6830000000
1.8374155036 -0.8550130867 2.8326980445 877.8570000000 310.2550000000
1.8383060132 -0.8505476329 2.7541008952 885.5540000000 305.1570000000
1.8449164335 0.5120146112 2.1229593339 1031.7900000000 670.2200000000
1.8660537752 -0.4416127312 2.1669324385 975.6880000000 367.9570000000
1.8673030698 -0.4371859952 2.1654276064 975.1200000000 368.6140000000
1.8847312455 0.5830385573 2.1165967076 1048.3000000000 690.6380000000
1.8904150197 0.8687011222 2.1102315000 1068.9500000000 782.7000000000
1.8923147734 -0.1152794325 2.0886243822 1015.2800000000 464.9450000000
1.9068107206 0.1245595748 2.0791049640 1034.8500000000 541.9680000000
1.9085607655 -0.1141687477 2.1112562313 1015.3600000000 464.4810000000
1.9106850825 0.4158886199 2.1087369926 1048.1100000000 635.1360000000
1.9169341366 0.7723324993 2.1083446522 1072.9200000000 750.0580000000
1.9224449712 0.1266392373 2.1007946797 1035.1400000000 543.0290000000
1.9255191652 -0.6362781238 2.7403431676 916.6120000000 352.4690000000
1.9256404810 -0.6367091820 2.7440084534 916.8450000000 352.0390000000
1.9467210365 0.7702701308 2.1008333975 1084.8900000000 749.6270000000
1.9588964964 0.5040180933 2.0943339683 1073.4300000000 662.2100000000
1.9669368944 0.5447105090 2.0882036487 1081.1100000000 673.7510000000
1.9859602439 0.4160486535 2.1045270764 1074.7700000000 631.5230000000
1.9929165433 0.7088559445 2.0960917567 1098.1500000000 726.7570000000
1.9940238726 0.7067961572 2.0955419638 1096.1500000000 726.6350000000
1.9940341973 0.5443413993 2.0891922434 1088.6900000000 672.7850000000
1.9948601772 0.8847122262 2.0770890568 1113.9300000000 786.0640000000
1.9974181337 0.4182116883 2.1117182638 1075.7500000000 631.7740000000
2.0074563706 0.8733085413 2.0985103291 1110.6200000000 779.5730000000
2.0082513762 0.6091059665 2.0897084808 1097.3200000000 694.2570000000
2.0251555710 -0.7084326298 2.7464605812 937.2870000000 329.4530000000
2.0294351793 -0.9090786331 2.7864431704 926.1000000000 284.8740000000
2.0305709017 -0.9107047810 2.7878886353 925.8380000000 285.7550000000
2.0391301183 0.5055642245 2.0789681610 1102.8600000000 659.1010000000
2.0509932545 0.9393791892 1.7590867978 1223.3300000000 856.9070000000
2.0539332267 0.3421105471 2.0932188954 1096.9200000000 605.2980000000
2.0554587083 0.9437439767 1.7732291223 1222.1000000000 857.9630000000
2.0609230816 0.6577252079 2.0759094543 1121.9900000000 707.9260000000
2.0773032953 0.1374603482 2.0043253906 1109.3800000000 537.5340000000
2.0807259495 0.1384347464 2.0057450435 1108.1800000000 538.0420000000
2.0878474449 0.4168668898 2.0176055985 1129.2200000000 630.4150000000
2.0883636823 0.5441271607 2.0760565819 1122.7800000000 670.4140000000
2.0927929995 0.4164771306 2.0156645458 1129.9400000000 629.5600000000
2.1097126814 -1.1993460359 2.8965308031 922.2620000000 225.2720000000
2.1116588965 0.7522999057 2.0633132609 1147.1300000000 738.9670000000
2.1168290144 0.0288367649 2.2977134487 1056.3500000000 499.6140000000
2.1238498435 0.6595062271 2.0689505737 1142.3000000000 706.8450000000
2.1444864349 0.5957689724 2.0641314972 1148.6200000000 684.6630000000
2.1504180030 -1.2261103657 2.9223168629 930.8750000000 219.6110000000
2.1559752990 0.9183373514 2.0610547221 1174.8200000000 788.2600000000
2.1659722369 0.5133439226 2.0552393074 1150.9300000000 656.7910000000
2.1676035472 -1.2402526901 2.9504776149 932.5150000000 219.2440000000
2.1688218675 0.5155250257 2.0580941004 1150.3000000000 657.5210000000
2.1704170412 0.5149700705 2.0579134173 1151.2000000000 657.0260000000
2.1839940857 -0.8223171888 2.7597795070 969.9970000000 297.1830000000
2.1990320821 -0.6414146862 2.7539202121 981.7530000000 338.4840000000
2.2012002793 -0.6423774690 2.7574048148 981.7640000000 338.2250000000
2.2019384989 -0.8570548057 2.7395429996 976.6040000000 284.3820000000
2.2029890420 -0.6382837062 2.7587728440 983.1290000000 338.3850000000
2.2106913046 0.8967612079 2.0869698413 1184.1000000000 778.5890000000
2.2411493131 0.6973722428 2.1197328500 1172.1300000000 707.4440000000
2.2788372269 -0.5211158771 2.7720917698 1005.5500000000 364.3730000000
2.2931783028 -0.5275611015 2.8010010661 1005.0900000000 364.3890000000
2.3479691628 0.8417561094 2.1371171455 1211.9900000000 746.7570000000
2.3778670538 0.5415485547 2.0686176005 1223.2900000000 650.9390000000
2.4839719147 -0.3237944430 2.8109128248 1062.2800000000 405.0670000000
2.4963822626 -0.4848269668 2.8781011267 1046.2400000000 370.6460000000
2.5452544604 -0.4359134699 2.6958951246 1088.5900000000 367.7230000000
2.5680592490 -0.1217695695 2.7328835367 1102.3400000000 446.8610000000
2.5787918252 0.0591969465 2.7521391930 1110.2500000000 490.8640000000
2.5900406389 -0.1217120091 2.7624381298 1103.3400000000 446.6270000000
2.6040822971 -0.4486103296 2.7757054318 1088.5400000000 368.8190000000
2.6052696432 -0.3284560670 2.7817454098 1093.5800000000 396.9900000000
2.6306685249 -0.5668932315 2.7526554304 1093.0600000000 337.1910000000
2.6531764770 -0.1474167615 2.7604764275 1117.2700000000 438.7730000000
2.6541315163 -0.7949307930 2.7487578378 1088.6800000000 280.1150000000
2.6626236220 -0.7985805916 2.7547203802 1089.1900000000 279.8570000000
2.6852606335 -0.5696344523 2.6172205398 1128.2600000000 322.0460000000
2.7701300675 -0.3252244207 2.7572241317 1137.3500000000 389.6200000000
2.9053068395 0.0578108490 2.8260127697 1180.2100000000 478.3390000000
2.9272985541 0.0547304602 2.8570644513 1178.3700000000 477.2960000000
2.9335192152 0.0566547352 2.8591294011 1178.6400000000 477.2930000000
2.9814776728 -0.7934904905 2.8658662996 1153.2800000000 275.6920000000
3.0034435756 -0.7992981617 2.8895615978 1152.2200000000 275.9910000000
3.0440714616 -0.9409769441 2.8580711143 1159.0900000000 238.5790000000
3.0572613280 -0.7731042743 2.8688088529 1168.3300000000 278.8250000000
3.0937076908 -0.0252183535 2.8002783337 1225.5900000000 449.9720000000
3.1205520373 -0.9442060092 2.7871917147 1191.8900000000 225.5420000000
3.1289408956 -1.0800177532 2.7630059910 1192.0900000000 191.1930000000
3.1703947615 -0.9792043260 2.5589579830 1252.7000000000 186.2010000000
3.1784996892 -0.4498518806 2.8511535327 1218.2400000000 347.2800000000
3.2021691755 0.2086845944 2.5523114261 1324.1700000000 500.2860000000
3.2237995240 0.2282254719 2.8079960833 1267.7800000000 505.3040000000
3.2311300956 -0.9953057716 2.6247834182 1251.2500000000 188.0460000000
3.3846332964 -0.9816796845 2.5552875349 1306.3900000000 174.9220000000
3.4561579928 -0.4188260109 2.7957354442 1298.7900000000 337.9920000000
3.4608299415 -0.4951129976 2.7981875721 1295.6800000000 319.4910000000
3.4755168965 -0.3407554238 2.8473333757 1296.6000000000 358.9860000000
3.5305219951 -0.4229997905 2.8884516873 1299.4200000000 336.5670000000
3.6535155636 -0.8418980747 2.7892566645 1329.4800000000 227.2190000000
3.7024290604 -0.4718255270 2.8628979343 1340.4100000000 317.8370000000

gimbalangles:
-1.0304686495 0.0053858157 0.4402799534

end: