T_CW:
-0.0080471820 0.2501256512 -0.9681799427 -0.1162277766
-0.9991790650 -0.0404547711 -0.0021465020 1.3495658755
-0.0397043931 0.9673678567 0.2502458612 0.0464499681
0.0000000000 0.0000000000 0.0000000000 1.0000000000


target_points_pix:
1.1272534784 0.9376910928 0.1947947100 555.5070000000 562.7730000000
1.1729817902 0.9432509700 0.5361022498 210.5970000000 498.3250000000
1.1731831228 0.9410337302 0.0748435869 691.1350000000 516.8780000000
1.1907506827 0.9360365518 0.3644455597 372.8580000000 485.6140000000
1.1928956492 0.9382228174 0.3857300290 353.7910000000 483.8880000000
1.2050298101 0.9369296426 0.2315361025 511.3920000000 475.2120000000
1.2113872741 0.9358042450 0.0336209953 736.0480000000 475.1260000000
1.2137645474 0.9392836853 0.3930709253 346.5290000000 459.0320000000
1.2139762048 0.9377788532 -0.1427664947 961.4160000000 477.8630000000
1.2219675603 0.9370096594 0.4430607772 295.9770000000 450.7440000000
1.2224373363 0.9365605328 0.0049138318 771.7250000000 462.1580000000
1.2241331763 0.9412066697 -0.2548958464 1110.7700000000 466.2470000000
1.2247268493 0.9363772685 -0.0546352144 843.6110000000 462.1190000000
1.2273235236 0.9386254826 -0.0437859685 832.6900000000 457.8090000000
1.2285057074 0.9351176492 0.3571227317 380.0360000000 445.2210000000
1.2320238655 0.9394488813 -0.3284354175 1216.8000000000 459.2120000000
1.2374624268 0.9408685342 -0.1652192094 987.2910000000 446.2060000000
1.2380173821 0.9376730245 0.1321676239 621.5870000000 439.1890000000
1.2385439442 0.9370716079 0.1315491715 622.0670000000 439.1890000000
1.2387375333 0.9399909306 -0.1654819742 987.0510000000 446.2060000000
1.2419382054 0.9363643626 0.3605453859 377.6280000000 428.4100000000
1.2503373884 0.9410672856 -0.3055273814 1184.0300000000 431.6760000000
1.2515660335 0.9374381365 0.3819021285 353.7910000000 416.4460000000
1.2523300649 0.9393120784 -0.3067147275 1184.5100000000 431.6760000000
1.2524668678 0.9359487915 0.3823564174 354.5530000000 415.9980000000
1.2526940123 0.9371025821 -0.3375702389 1234.3000000000 433.3600000000
1.2535638724 0.9375181533 0.1041774884 653.9910000000 421.1870000000
1.2540594603 0.9369761040 0.1055129947 653.1750000000 421.6190000000
1.2561579655 0.9376368879 0.4481586219 290.1870000000 411.8210000000
1.2568213306 0.9375620335 0.4475520429 289.7050000000 412.7820000000
1.2594644662 0.9369915911 0.2257093306 517.1210000000 411.6060000000
1.2599368235 0.9439737024 -0.2529953183 1107.9300000000 417.3550000000
1.2605821203 0.9376136572 0.2245204358 518.3220000000 411.2700000000
1.2625722156 0.9394333942 -0.1628685222 985.8740000000 416.2430000000
1.2630265045 0.9376756057 -0.1622304527 984.4380000000 416.2920000000
1.2635195113 0.9380318095 -0.0197164498 801.6590000000 411.2080000000
1.2650475741 0.9404219888 0.0100627065 764.3170000000 409.1600000000
1.2651766334 0.9373400514 0.2635908335 476.7880000000 404.3560000000
1.2666504913 0.9366844298 0.1787575361 568.7720000000 404.4030000000
1.2671925406 0.9389171567 0.0163621713 757.3650000000 408.9230000000
1.2677991196 0.9357732708 0.5146087043 225.0660000000 398.8220000000
1.2686689797 0.9384654490 -0.1392602100 954.2810000000 407.3920000000
1.2700705643 0.9348801800 -0.1380738964 953.5630000000 406.6730000000
1.2712191926 0.9373632820 0.2838944517 455.8200000000 397.1990000000
1.2718051221 0.9370845138 0.1816781493 565.1700000000 398.4030000000
1.2718773953 0.9376549562 0.2837060251 454.8580000000 397.4390000000
1.2719445062 0.9391107458 0.4407506147 297.4130000000 395.9640000000
1.2723781456 0.9379595363 0.1660327996 584.9820000000 398.0020000000
1.2740868915 0.9387287301 -0.0285226344 811.0580000000 398.3500000000
1.2760976363 0.9438833608 -0.1635231113 984.6890000000 397.0650000000
1.2761492601 0.9373245642 0.4186530714 319.0990000000 388.7630000000
1.2766938906 0.9373374702 -0.2371633487 1088.8000000000 399.3920000000
1.2770526756 0.9389429686 0.3391086264 398.8510000000 388.7850000000
1.2787820710 0.9386590380 -0.1838342150 1013.4100000000 394.6490000000
1.2795383588 0.9391546259 0.4169701373 319.0990000000 387.3210000000
1.2796080509 0.9376136572 -0.0394849363 824.9580000000 393.0680000000
1.2823053915 0.9372832652 0.4024406348 333.5520000000 383.0010000000
1.2829868249 0.9388061657 0.0119688616 761.6870000000 387.3330000000
1.2833662594 0.9375568711 0.4736401016 262.6910000000 381.5320000000
1.2839263770 0.9363333884 0.5205918961 217.9390000000 381.9110000000
1.2858338743 0.9407885174 -0.3047168886 1182.6300000000 386.8060000000
1.2864146414 0.9364185675 0.4528563825 286.0780000000 377.9370000000
1.2864327098 0.9409975936 -0.3039218830 1182.6300000000 385.6550000000
1.2864946582 0.9397121624 -0.0070946510 786.1390000000 381.8570000000
1.2870676818 0.9340903367 0.0697408379 693.5840000000 383.9900000000
1.2922997482 0.9388164904 0.0799698246 680.8240000000 371.5160000000
1.2945686117 0.9377143235 0.2107108264 532.7380000000 372.9580000000
1.2949635333 0.9406181591 0.0806293179 680.3920000000 370.7960000000
1.2961689477 0.9424921009 -0.1615428245 982.3100000000 371.8920000000
1.2963264002 0.9412221569 -0.1624449494 982.7420000000 371.4120000000
1.2979577105 0.9370354713 0.5015375725 238.0800000000 365.6550000000
1.3005053422 0.9372884276 -0.2477258247 1105.1000000000 367.8800000000
1.3027974364 0.9360417142 0.5180339397 223.5980000000 359.3000000000
1.3028593849 0.9352286403 0.5137517501 225.0450000000 358.4350000000
1.3029316581 0.9381350570 0.1219195365 632.3990000000 362.4000000000
1.3034814510 0.9381015016 -0.2923530021 1168.2900000000 364.0910000000
1.3036879460 0.9383389708 0.3068799235 431.7600000000 359.9710000000
1.3040931923 0.9387158241 0.1210680029 634.1750000000 361.1520000000
1.3053992731 0.9291370385 0.1207027649 633.5990000000 361.4400000000
1.3063930301 0.9404090829 -0.3329757257 1226.4600000000 360.9250000000
1.3083831254 0.9387571231 -0.0670625981 862.0580000000 355.9280000000
1.3088761322 0.9356855104 -0.3097605283 1194.1400000000 357.3570000000
1.3091652251 0.9360520390 0.1967538311 547.7280000000 354.2340000000
1.3144721459 0.9410724480 -0.1620771302 983.0410000000 348.3920000000
1.3156207742 0.9386667816 0.1738096584 574.5350000000 349.9160000000
1.3156207742 0.9406439709 -0.1625781387 982.7540000000 348.9680000000
1.3157704831 0.9372419662 0.3628090870 373.9950000000 345.5370000000
1.3158504999 0.9369322238 0.3637538015 373.5940000000 345.9370000000
1.3184833108 0.9392191556 -0.0382196384 825.8520000000 344.9770000000
1.3197816479 0.9398231534 0.1472696338 604.7910000000 341.9970000000
1.3207366872 0.9385377222 -0.2474328599 1103.6800000000 341.1250000000
1.3221666649 0.9448332377 0.2862484944 453.4010000000 338.3620000000
1.3233669169 0.9386977558 0.0500383782 718.5350000000 338.3980000000
1.3236198733 0.9409330639 -0.1643818723 988.3130000000 338.3180000000
1.3237592574 0.9405433046 -0.1305739990 943.1120000000 336.9010000000
1.3245491006 0.9385661153 0.0486300825 718.8230000000 336.9590000000
1.3262423594 0.9361475429 -0.0388561591 824.9760000000 334.0630000000
1.3268437760 0.9370251465 -0.0384031608 824.1140000000 333.4870000000
1.3270399463 0.9397637861 -0.0122375632 791.9040000000 332.3900000000
1.3278530202 0.9393301467 0.3937988201 343.3570000000 333.4110000000
1.3284544368 0.9390178230 0.3935974875 342.6820000000 332.3060000000
1.3293991513 0.9385816024 -0.1878218910 1020.6300000000 329.9080000000
1.3329353778 0.9414209083 -0.3300538218 1221.4600000000 323.7650000000
1.3341304674 0.9413254043 -0.3308720582 1222.3300000000 324.6270000000
1.3354804283 0.9387106617 0.2859645638 452.5300000000 324.8150000000
1.3360353835 0.9408091669 -0.2971927280 1172.6300000000 320.9300000000
1.3392954229 0.9398412217 -0.1401930511 955.7630000000 316.7490000000
1.3393702774 0.9417642062 -0.1810178817 1010.3500000000 318.1620000000
1.3413577915 0.9384009193 0.1803057321 567.5640000000 317.9840000000
1.3421192417 0.9398128287 -0.1413791066 957.2020000000 311.9520000000
1.3421760278 0.9416196597 -0.3167400584 1201.6500000000 312.5600000000
1.3436447233 0.9357758519 0.1849565152 561.5580000000 316.7820000000
1.3442229092 0.9396244020 0.1985996380 547.7200000000 314.4730000000
1.3448733684 0.9424508020 -0.2822089365 1149.9500000000 309.1500000000
1.3449869406 0.9421720337 -0.2828981135 1149.6600000000 309.4380000000
1.3449998466 0.9362353033 0.5118597400 225.7350000000 312.9910000000
1.3452992643 0.9438214123 0.1987034018 547.1420000000 312.4560000000
1.3478365713 0.9414363954 -0.3398958885 1235.8500000000 303.6070000000
1.3543334194 0.9390358913 0.2833524024 457.7170000000 305.2160000000
1.3549167677 0.9410621233 0.0108112250 764.3390000000 300.0010000000
1.3552445784 0.9388190716 0.3348599924 402.2810000000 302.3040000000
1.3563028652 0.9382305609 0.0642576220 699.5860000000 300.0000000000
1.3583626525 0.9397663673 0.1738757368 575.3890000000 297.1920000000
1.3584529941 0.9403187414 0.1598877673 590.3750000000 297.5810000000
1.3610883862 0.9394643684 0.1015095734 656.3950000000 292.7940000000
1.3634759843 0.9378408017 -0.2264883329 1070.6900000000 285.0310000000
1.3636876417 0.9370148218 -0.2246784045 1070.6900000000 285.0310000000
1.3657190360 0.9398747772 0.1765867577 572.3590000000 287.9700000000
1.3693017237 0.9405820224 -0.0638874798 859.0120000000 278.3950000000
1.3728456937 0.9398721960 0.1164440642 639.3510000000 279.9220000000
1.3780829225 0.9362895082 -0.2387783975 1092.4800000000 262.7110000000
1.3808034938 0.9390358913 0.3955411215 338.4270000000 275.8220000000
1.3818643617 0.9381815184 0.4392199707 297.3380000000 274.8240000000
1.3826619485 0.9398721960 0.3052434508 431.7160000000 270.6050000000
1.3833175701 0.9395469664 0.3046936579 432.9190000000 269.8850000000
1.3838699441 0.9402567929 0.0944329906 663.5410000000 266.0990000000
1.3872383934 0.9401948444 0.2644142322 475.0110000000 265.1060000000
1.3915696254 0.9413873528 -0.3031604328 1182.7500000000 246.0900000000
1.3916289927 0.9357009975 0.3587953410 373.9420000000 261.9100000000
1.3925788696 0.9392320616 -0.0389000393 824.9870000000 252.0020000000
1.3931131754 0.9370922574 -0.2190880693 1062.0900000000 245.3130000000
1.3953484834 0.9399418880 0.3887035567 346.2410000000 257.7990000000
1.3961486515 0.9390771903 0.1409764414 610.5320000000 251.9630000000
1.3964867870 0.9396889317 0.1410551676 609.9560000000 252.2510000000
1.3965564790 0.9394901803 0.3416407710 394.4020000000 256.6390000000
1.3966674701 0.9406362274 -0.1140649840 920.7270000000 245.3670000000
1.3968042730 0.9410001748 -0.1110431882 921.3020000000 244.7910000000
1.3995945363 0.9441208300 -0.1423424056 960.3880000000 240.1730000000
1.3999068600 0.9397070000 0.2397473752 501.4520000000 251.9080000000
1.4006967033 0.9428173305 -0.1800674885 1010.3900000000 236.7000000000
1.4011509922 0.9398025039 -0.1929349647 1027.6200000000 236.1170000000
1.4012439149 0.9400657850 -0.1919667614 1027.6200000000 236.6930000000
1.4012568209 0.9416583775 -0.1815986488 1010.3900000000 236.1250000000
1.4019563226 0.9379776046 0.5060959490 231.7070000000 252.8700000000
1.4026429184 0.9404503819 0.3251134296 410.0420000000 248.2390000000
1.4030559083 0.9432871066 -0.1576052235 977.3430000000 236.1370000000
1.4032598221 0.9407317313 0.3497611859 386.6440000000 248.6520000000
1.4033166082 0.9413641222 0.2169588480 526.9270000000 244.7160000000
1.4033269330 0.9398179910 0.4645543227 271.2730000000 251.7130000000
1.4037786407 0.9402516305 0.4162809603 319.7290000000 249.3590000000
1.4042716475 0.9426108356 -0.2778260807 1144.8400000000 229.7120000000
1.4042922970 0.9383338084 0.4171146838 317.2700000000 248.5870000000
1.4096818158 0.9422159139 -0.1448159573 961.5410000000 227.5030000000
1.4109491787 0.9376652809 -0.0112575381 789.6060000000 229.8220000000
1.4121055505 0.9419035903 -0.1749784199 1004.6400000000 223.1700000000
1.4125520959 0.9404374760 0.4434505365 292.9630000000 240.1930000000
1.4127560097 0.9401793572 0.4434427929 293.2050000000 240.9150000000
1.4127792404 0.9421100852 -0.2902983771 1166.1300000000 217.8740000000
1.4129031374 0.9375155721 0.3822557511 352.2470000000 240.2550000000
1.4143795764 0.9412040885 -0.3211538885 1210.0700000000 214.3940000000
1.4163103044 0.9398050851 0.2970456004 440.3500000000 233.1220000000
1.4170330368 0.9449313228 -0.3043839155 1184.2100000000 211.5390000000
1.4178048118 0.9394101635 0.5309914992 209.5730000000 236.3380000000
1.4190308757 0.9392656170 -0.2132047694 1054.9300000000 210.1890000000
1.4192063964 0.9425695366 -0.3464830782 1246.0100000000 208.5970000000
1.4193044815 0.9374407177 -0.0165834564 798.2360000000 219.4530000000
1.4217798400 0.9419268210 0.3501148085 387.1530000000 226.5850000000
1.4225929140 0.9409330639 0.0476993064 721.1610000000 215.9800000000
1.4237183116 0.9414467201 -0.0711824310 865.0080000000 213.5980000000
1.4240745154 0.9413228232 0.0469530852 721.4010000000 215.9800000000
1.4266686085 0.9405123304 0.3086428743 428.0680000000 220.6140000000
1.4276468785 0.9413899340 0.3080801755 428.7890000000 220.1340000000
1.4308217387 0.9400632038 0.3415323612 394.3670000000 216.9760000000
1.4312657029 0.9393017536 0.3426551776 394.1260000000 217.2160000000
1.4315651206 0.9412557123 -0.1128680875 919.8720000000 200.1520000000
1.4326492192 0.9380989204 -0.2259369913 1074.5700000000 193.1410000000
1.4339552999 0.9408117481 -0.2468373801 1102.3400000000 191.4440000000
1.4345231611 0.9387158241 0.1142707046 641.0510000000 203.8450000000
1.4358189170 0.9412737806 0.1753947654 571.5990000000 205.8240000000
1.4365493930 0.9420791110 0.0924003057 666.9670000000 201.9520000000
1.4378503113 0.9432845254 -0.1663784205 991.4380000000 190.0560000000
1.4384001042 0.9413305667 -0.3355311010 1233.1000000000 181.2510000000
1.4387098467 0.9419913506 -0.3367494214 1234.5400000000 179.5210000000
1.4390092644 0.9432612947 -0.1318217449 945.7430000000 190.0670000000
1.4391822039 0.9430909364 -0.1313550662 944.8810000000 190.0670000000
1.4428500709 0.9375878453 -0.2269792747 1074.2000000000 179.6520000000
1.4429533184 0.9403832710 0.1193726791 636.4370000000 194.3310000000
1.4431649757 0.9411266529 0.2239799352 518.2430000000 198.5780000000
1.4437792983 0.9411653707 -0.1070908744 914.1250000000 184.7900000000
1.4440503229 0.9400554603 -0.2473038006 1101.7800000000 177.9080000000
1.4452144383 0.9405562106 0.4174476569 317.2190000000 203.5690000000
1.4459836321 0.9415809419 0.2733632081 465.7390000000 196.8110000000
1.4465050319 0.9383260649 -0.0169646462 797.6550000000 185.7440000000
1.4479221037 0.9408504659 0.2123731109 531.4590000000 193.0610000000
1.4486474173 0.9394256506 -0.0010662110 777.5140000000 184.2990000000
1.4491017062 0.9466891113 -0.1314139173 944.0680000000 177.5850000000
1.4494914655 0.9400038365 0.4630856272 272.6570000000 201.2010000000
1.4499896346 0.9401587077 0.4639116071 273.0600000000 201.6030000000
1.4507149482 0.9406646204 0.4622854592 274.1000000000 198.3160000000
1.4508569135 0.9399986741 0.2943043796 443.2020000000 192.7430000000
1.4515409281 0.9399909306 0.1237059762 630.6690000000 184.2380000000
1.4517887220 0.9404503819 0.3229323265 413.6000000000 192.7540000000
1.4518532517 0.9411214906 -0.0229872527 805.0860000000 177.5810000000
1.4526043772 0.9379982541 -0.0228381634 805.1340000000 177.9650000000
1.4526843940 0.9399367257 0.1226688552 630.6690000000 184.8140000000
1.4536162026 0.9410208243 0.4888510375 247.9200000000 195.5520000000
1.4542021320 0.9390694468 -0.2235189352 1072.1900000000 165.5400000000
1.4543802340 0.9477215861 0.1896751834 556.8870000000 183.8680000000
1.4543905587 0.9417951804 -0.2454525731 1101.3200000000 164.9230000000
1.4553714098 0.9398489653 0.4154988606 318.9390000000 191.1600000000
1.4570620874 0.9395495476 0.0013554795 774.6340000000 172.7710000000
1.4575292823 0.9483230028 0.0317573782 738.6580000000 172.7590000000
1.4576712476 0.9417564626 0.0313665865 739.1380000000 172.7590000000
1.4603427763 0.9461057630 -0.0426456000 829.0560000000 166.7800000000
1.4636673454 0.9419423081 -0.1021850700 908.6640000000 160.6860000000
1.4652780062 0.9392423863 -0.0049535821 782.9040000000 161.9660000000
1.4662820880 0.9398954267 0.5332887558 205.6550000000 184.4550000000
1.4669583590 0.9424172465 -0.0568929788 848.2780000000 157.2250000000
1.4676346301 0.9410311490 0.4364864935 299.1550000000 179.5860000000
1.4676888350 0.9459663789 -0.1229419448 932.8130000000 152.6180000000
1.4678204755 0.9426547157 -0.0571363848 849.4280000000 156.9370000000
1.4680192269 0.9406801076 0.4907636972 245.8900000000 183.5170000000
1.4697589471 0.9413486350 0.1102987738 645.0620000000 162.6240000000
1.4703474578 0.9400812721 0.3234253332 412.3730000000 171.3120000000
1.4738914277 0.9383028342 -0.0990329243 904.0640000000 146.8560000000
1.4748051680 0.9412660370 -0.2441457181 1099.5100000000 136.7150000000
1.4760415567 0.9401922632 0.1387109334 611.9200000000 157.0750000000
1.4760751121 0.9400399731 0.2228439548 518.2100000000 160.5070000000
1.4762893506 0.9406129967 0.1387708169 613.3600000000 155.3940000000
1.4771927661 0.9464000183 0.1150672590 640.9350000000 153.8910000000
1.4789479734 0.9436329857 -0.2689054979 1134.4700000000 130.6880000000
1.4793996812 0.9390952586 -0.0071233538 784.6970000000 145.3940000000
1.4817356556 0.9439504717 -0.2954684950 1172.5100000000 124.2690000000
1.4825100117 0.9406749452 0.3579461304 376.7210000000 158.0410000000
1.4831320778 0.9394695308 0.3106949181 422.9480000000 156.9450000000
1.4835244183 0.9459018492 -0.3204156690 1208.7300000000 120.7740000000
1.4846782089 0.9392707794 -0.2240687281 1070.7800000000 124.3410000000
1.4856384105 0.9410466361 0.4127602211 322.2280000000 158.5670000000
1.4867509022 0.9437930193 -0.3293233459 1220.7200000000 114.9970000000
1.4881679740 0.9416041726 0.2430303871 496.5580000000 148.0810000000
1.4893346706 0.9442214963 -0.1159482181 924.1900000000 126.1070000000
1.4926902139 0.9404865185 -0.0903245150 892.5610000000 123.8000000000
1.4931367593 0.9439401469 -0.2440866089 1098.0800000000 112.2230000000
1.4944118657 0.9419913506 0.3894727504 344.9070000000 147.8940000000
1.4957695702 0.9439685400 -0.1691531967 994.6190000000 115.1480000000
1.5005783219 0.9427063395 0.3419634194 392.5890000000 137.8570000000
1.5035286188 0.9356984163 0.2777718758 459.2990000000 127.5530000000
1.5043055561 0.9425540494 0.0717851382 692.3230000000 118.6820000000
1.5043623423 0.9408891837 0.2873713109 452.0360000000 130.4780000000
1.5047262896 0.9395082486 0.5191825679 219.4630000000 140.9460000000
1.5049895707 0.9422288199 0.1783303496 567.2090000000 123.6300000000
1.5060220456 0.9409175768 0.1551056018 594.3090000000 120.7700000000
1.5065899068 0.9404065017 0.3007263733 435.9110000000 129.2550000000
1.5106423706 0.9424198277 0.5294118127 208.8270000000 136.1100000000
1.5112644367 0.9431141671 0.0285337335 742.7070000000 107.8980000000
1.5114477010 0.9369115743 0.5281573557 208.5860000000 136.3100000000
1.5141398792 0.9438988480 -0.2424423927 1097.3800000000 85.0816000000
1.5143102376 0.9424533831 0.2442569673 497.3900000000 117.2090000000
1.5176967552 0.9410053371 0.2065391117 537.3930000000 111.3380000000
1.5190338101 0.9422520505 0.2067768390 536.9120000000 110.6160000000
1.5221363971 0.9407265689 -0.0822675974 882.4910000000 86.3248000000
1.5238838608 0.9403961770 0.0052134044 771.4830000000 89.8903000000
1.5272290794 0.9424249901 0.3453680053 388.2100000000 107.5380000000
1.5281273325 0.9455301582 -0.1049983059 910.5300000000 77.9196000000
1.5284164255 0.9484417374 -0.1041026340 908.3730000000 77.6791000000
1.5290849529 0.9411111658 0.0928853108 666.6170000000 89.1005000000
1.5292940291 0.9413357291 0.1795569297 567.4210000000 95.7403000000
1.5323449923 0.9413486350 0.4463776027 288.4280000000 108.8150000000
1.5324430774 0.9409175768 0.4460601167 289.2950000000 108.2380000000
1.5335504067 0.9386022519 0.2539214482 480.6210000000 94.6766000000
1.5351791358 0.9412995925 0.4269464257 306.6540000000 104.8040000000
1.5354217674 0.9428999285 0.2588259620 480.0440000000 94.6759000000
1.5371537440 0.9406568769 0.3238538103 412.4670000000 96.3136000000
1.5391386770 0.9429954324 0.1824778011 561.4010000000 84.6723000000
1.5396910510 0.9417616250 0.1658363712 583.8910000000 80.9453000000
1.5402356815 0.9421023417 0.1645635878 585.4290000000 81.3316000000
1.5409042090 0.9409821065 -0.0766839733 875.2960000000 63.2556000000
1.5419186155 0.9444073418 0.1647569187 584.4670000000 80.3687000000
1.5454057994 0.9432380640 -0.3323923774 1228.9700000000 34.2492000000
1.5465854019 0.9407291501 0.4874907519 249.5550000000 96.4590000000
1.5469648364 0.9444357349 -0.2099924820 1051.8400000000 41.3270000000
1.5492956485 0.9434781144 0.1049314532 650.7520000000 67.4496000000
1.5495640919 0.9388113280 -0.0251070269 807.6810000000 54.5786000000
1.5497938176 0.9476957743 0.0121710202 763.0700000000 58.6405000000
1.5499409452 0.9424146653 0.0105610047 762.8700000000 58.8407000000
1.5503281233 0.9397792732 -0.0262346701 808.5450000000 55.1559000000
1.5516600159 0.9423940158 0.2255823362 516.9100000000 71.6312000000
1.5533842489 0.9426598781 0.2683970040 468.8010000000 71.5657000000
1.5537920765 0.9425179128 0.0249275828 747.2340000000 55.9860000000
1.5548994058 0.9457211661 -0.2937855610 1170.5000000000 29.7526000000
1.5560222222 0.9429876889 0.1129940494 642.6740000000 58.4970000000
1.5676065902 0.9435116699 0.3118383840 423.4510000000 58.4613000000
1.5677614614 0.9430341503 0.3131676954 423.0490000000 58.2601000000
1.5682054256 0.9438678737 0.3115002485 422.8090000000 58.5004000000
1.5689075086 0.9408788590 0.4007886750 333.1970000000 64.1180000000
1.5700019319 0.9423423921 0.0720192519 691.0610000000 38.1499000000
1.5706807841 0.9418958467 0.1769290231 569.7690000000 46.4395000000
1.5711583038 0.9432122522 0.1752440241 570.0080000000 45.7181000000
1.5719894460 0.9432509700 0.0729025341 691.0610000000 37.7651000000
1.5727896141 0.9398980078 0.5356557044 199.9840000000 69.8494000000
1.5748597262 0.9424895198 0.1567536898 592.4950000000 39.3946000000
1.5862040438 0.9406852699 0.3865844020 348.1960000000 42.4757000000
1.5880392678 0.9380627838 0.4457916732 285.6470000000 45.9566000000
1.5914154606 0.9416480527 0.2598326250 479.0870000000 31.1533000000
1.5917432714 0.9418803596 0.2168137853 524.0620000000 25.9269000000

gimbalangles:
-1.5719871289 0.2537251463 0.0466867431

end: