T_CW:
0.3089026567 0.1235812777 0.9430306551 0.0144452766
-0.0757495425 0.9915693783 -0.1051293245 0.1654946322
-0.9480723366 -0.0389594131 0.3156596405 0.4559605345
0.0000000000 0.0000000000 0.0000000000 1.0000000000


target_points_pix:
-3.5166868318 -0.2977296150 1.3538120196 678.0090000000 501.5990000000
-3.0242737560 -0.1359774562 1.7357554470 774.7810000000 514.8570000000
-3.0174852338 -0.1371204059 1.7332413707 774.0470000000 514.1310000000
-2.2140726597 -1.9164024121 2.7553140532 975.1670000000 150.4000000000
-2.1289760812 -1.8201783357 -0.8200870431 172.3160000000 98.9931000000
-2.1184035386 -1.8162729995 -0.8183008616 171.9210000000 98.0695000000
-1.8479932086 -2.5514777026 2.8035822532 1022.0900000000 -21.4372000000
-1.8388945238 -1.9345068589 2.9698365187 1071.5600000000 105.5340000000
-1.8360681239 -1.9356116070 2.9635642338 1070.7200000000 105.0270000000
-1.8038084467 -1.8523244407 2.9717982209 1080.7700000000 117.8320000000
-1.8032147736 -1.6037277234 3.0995411738 1107.4500000000 171.0640000000
-1.7920072590 -1.0772713701 0.3514673506 552.5740000000 272.1760000000
-1.7845166538 -1.1581786818 0.5913422364 616.9040000000 249.6800000000
-1.7830815137 -0.8045766894 0.4859136465 602.5550000000 347.3280000000
-1.7814889212 -0.9296403700 0.5862598789 624.8170000000 311.4450000000
-1.7803583613 0.2578817637 0.0542343560 509.7470000000 675.2040000000
-1.7709628400 -1.1543894990 0.5826797722 617.1450000000 248.9030000000
-1.7673078790 -1.7133920414 3.0222604300 1099.3500000000 142.2280000000
-1.7631702359 -1.1519347900 0.5791641953 617.1480000000 249.3360000000
-1.7538573126 -1.1638908490 0.0672830315 464.4450000000 241.8910000000
-1.7413101618 -0.8822730043 0.1833092015 514.2500000000 323.3000000000
-1.7299606818 0.0582764951 0.6794020178 691.3350000000 585.8610000000
-1.7256681676 -1.0845090189 0.1121925908 485.5760000000 261.1380000000
-1.7238226187 0.1897779147 0.6795930256 696.2970000000 623.5540000000
-1.6962503774 -1.2543614592 1.2189759643 784.6310000000 213.1130000000
-1.6912686862 -1.8612992284 1.1389230255 742.7020000000 57.6267000000
-1.6766359362 0.4905701082 0.8658385856 759.6140000000 702.2920000000
-1.6496831798 -1.5818960424 1.1227467256 753.6400000000 120.3680000000
-1.6480802625 0.4131009378 2.8458620990 1166.5600000000 596.2810000000
-1.6399650101 -1.2331028017 1.1981586898 784.3060000000 212.4120000000
-1.6399624289 0.6313119197 1.3897705380 899.9610000000 715.4490000000
-1.6317336042 -0.4027116594 1.6189515653 914.9610000000 429.7700000000
-1.6226891244 0.6176290465 1.3910637128 899.9490000000 715.1390000000
-1.6055706911 0.5149365151 1.1917625080 855.1670000000 695.7010000000
-1.6034696047 0.5085171026 1.1860090418 854.2650000000 695.4200000000
-1.5586601955 0.5893598846 1.3480921088 904.2520000000 711.2720000000
-1.5561693499 0.2682860129 0.6920833903 720.7460000000 652.4240000000
-1.5499486888 -0.9577598230 1.1540513635 799.2980000000 277.4240000000
-1.5364800542 0.2652014943 0.6857130204 721.9600000000 651.9410000000
-1.5225829425 -0.8565953544 1.1694300767 810.6160000000 301.3520000000
-1.5187137429 -1.2368429419 0.7845053780 692.8500000000 190.6860000000
-1.5138972477 -0.9317569435 1.1640947628 808.6270000000 281.4540000000
-1.5104591063 -0.8986145003 1.1571281386 807.3190000000 291.1040000000
-1.5065408642 -0.8438933324 1.1615703617 811.7960000000 304.3750000000
-1.5007048000 -1.2268563288 0.7669920231 692.8570000000 189.9860000000
-1.4957747326 0.8817799976 1.2514937603 904.4370000000 807.0620000000
-1.4930076999 -0.9236855712 1.1513901596 808.6630000000 280.1680000000
-1.4788705378 -0.6355553914 1.1575024108 823.4510000000 362.1410000000
-1.4424112691 -0.9207172060 0.7772031995 712.3970000000 274.8270000000
-1.4423054404 -0.2016635072 1.1711852839 849.1330000000 489.7460000000
-1.4389963584 0.4735265293 0.5964349187 717.1780000000 735.1850000000
-1.4388595555 0.4725017980 0.5648360254 708.2630000000 733.9320000000
-1.4352355687 -0.5249824955 1.1675019298 836.2760000000 392.6880000000
-1.4174692575 -0.5997001204 1.1670889399 837.7320000000 368.6160000000
-1.4172808308 0.4798891557 0.5911125107 717.9110000000 734.6830000000
-1.4120513456 -0.3158340617 1.1631990908 848.5850000000 452.7160000000
-1.3636798981 -0.2967461826 1.1669598805 859.4090000000 456.2980000000
-1.3625312698 -0.2957343573 1.1639657034 857.3280000000 457.0500000000
-1.3624280223 -0.5181862297 1.4541479271 924.4330000000 384.8390000000
-1.3455160840 -0.5548055320 1.5251770356 942.7350000000 370.2550000000
-1.3431129988 -0.8896939174 2.5969324086 1154.8200000000 275.8180000000
-1.3418920972 -0.5221793262 -1.0414315862 -26.4253000000 438.6150000000
-1.3410532114 -0.5566588244 1.5173302266 942.5000000000 370.6840000000
-1.3367168170 -0.1881817085 -0.7468019771 146.2200000000 574.9750000000
-1.3326153105 -0.8949130779 2.5908408069 1153.7800000000 272.4490000000
-1.3310485299 -0.2736832753 1.2173911154 878.9590000000 459.8180000000
-1.3231578408 0.1389731820 0.4164306692 660.1670000000 636.8080000000
-1.3223292797 -0.2554275710 2.6825761988 1199.0400000000 434.8420000000
-1.3196913064 -0.3459849090 0.7839684911 756.6200000000 449.6740000000
-1.3116534896 -0.3369946341 0.7359842217 741.7330000000 450.7550000000
-1.3105719721 0.0129661549 1.1812751446 886.1470000000 554.2960000000
-1.3098156843 0.0278489446 0.0279596775 507.9240000000 617.7660000000
-1.3098053595 -0.4927512114 2.6071280980 1180.0800000000 374.0160000000
-1.3091884558 -0.4210948744 2.6114386805 1184.0300000000 391.9870000000
-1.3090955331 -0.2510005768 0.7500336234 750.6710000000 482.2990000000
-1.3075700515 -0.1950370835 1.2079517139 886.1790000000 485.5540000000
-1.3048881980 -0.4215310950 2.6063279299 1184.3500000000 391.9760000000
-1.3037602192 -0.0199011854 0.0186864271 506.3650000000 598.9680000000
-1.3001981809 0.0161347945 1.1705451495 885.1190000000 554.0410000000
-1.2983371450 -0.1908261348 1.2019865904 887.2430000000 486.7780000000
-1.2973562938 -0.0233467863 0.0204618967 505.3130000000 598.0740000000
-1.2964193229 -0.0231568884 0.0205913948 506.6650000000 598.6710000000
-1.2899121501 -0.2303454009 2.6289649414 1201.5600000000 441.0300000000
-1.2888203079 -0.6903023712 2.6107675719 1180.3200000000 322.1550000000
-1.2883608566 -0.6911773936 2.6117226111 1181.3900000000 321.8690000000
-1.2859061476 -0.2240813759 2.6248866657 1201.8700000000 441.2920000000
-1.2844116402 -0.5309011577 0.3005224595 590.0060000000 392.8590000000
-1.2834514386 0.0294825779 0.0127773669 508.1640000000 618.2540000000
-1.2816136333 -0.4148613074 1.4532367680 945.4370000000 408.2440000000
-1.2802714160 0.5009645489 0.4909005002 707.5840000000 766.1430000000
-1.2786246186 -0.9132859682 2.5940931028 1169.4800000000 263.8280000000
-1.2767532579 0.5018215031 0.4903894251 708.3760000000 767.5840000000
-1.2705532463 0.5138188610 0.6762581318 770.3490000000 754.9340000000
-1.2659200153 0.2134848282 0.4442171491 679.4960000000 661.5570000000
-1.2594851157 0.5680934836 0.5712915745 738.7640000000 785.3490000000
-1.2479756022 0.6798795374 0.6174354575 761.7660000000 823.5150000000
-1.2473328865 0.0054893075 0.7879357758 786.0300000000 570.5850000000
-1.2453014922 -0.4216756415 1.4575112140 955.1270000000 405.2650000000
-1.2443025728 0.6778662114 0.6152259612 761.9770000000 823.5210000000
-1.2335467659 0.7460869882 0.7197175801 800.7940000000 842.5200000000
-1.2300311890 -0.6446437514 -0.0004182711 469.7580000000 349.3210000000
-1.2285005450 -0.0147162515 2.4766723174 1200.7600000000 499.7490000000
-1.2267324318 -0.6730368102 2.6237509433 1199.6400000000 319.7770000000
-1.2262807240 -1.1015732472 2.6270806748 1183.9900000000 207.7710000000
-1.2246907127 -1.1511036478 2.6267709323 1182.0000000000 195.1320000000
-1.2208757181 0.5410142490 0.6226210625 760.7810000000 774.2620000000
-1.2205066083 -0.6277808556 0.0317194347 484.9110000000 354.1320000000
-1.2200213451 -1.0929443385 2.6163945599 1183.9200000000 208.4860000000
-1.2198638927 -0.0151438251 2.4613374844 1199.4300000000 499.3080000000
-1.2195309196 -0.6127376968 0.0296821037 484.0930000000 358.3010000000
-1.2066456332 -0.6091859833 0.4635141043 656.7010000000 354.5830000000
-1.2064262323 -0.7026610953 -0.0535175604 446.8960000000 323.0580000000
-1.1962305430 0.6621596875 0.5984972872 761.6350000000 823.9980000000
-1.1931692550 -0.6896854674 -0.5135633235 228.5990000000 333.0150000000
-1.1890316120 0.0196023097 -0.7337153581 136.8670000000 677.3950000000
-1.1826689856 -0.4197733066 -0.1764465992 404.2500000000 440.4390000000
-1.1801549093 0.3111750189 0.7922282900 813.7140000000 683.0150000000
-1.1790914602 0.3121507077 0.7918591803 814.4830000000 683.7460000000
-1.1711723780 -0.4190608989 -0.1769496726 402.9530000000 439.9290000000
-1.1697656310 -0.2031972486 0.1257923497 549.0820000000 521.9230000000
-1.1684492255 -0.0999422765 1.9115936604 1098.0500000000 487.7160000000
-1.1655040910 -0.7583863451 2.6334045833 1217.1100000000 289.5240000000
-1.1597222317 0.6383688854 1.1672257428 944.1930000000 771.1550000000
-1.1582948352 -0.8668452486 2.6336885139 1216.1100000000 260.3150000000
-1.1573604455 -0.7513267982 2.6184336977 1217.0600000000 290.2210000000
-1.1565628586 0.6374706322 1.1629874335 945.8230000000 771.2470000000
-1.1547870019 0.0651711042 1.8490179399 1094.5200000000 542.5670000000
-1.1546992415 0.1105767676 1.8361868585 1094.1300000000 556.5220000000
-1.1546372930 0.1394135325 1.4493288507 1001.9300000000 582.5700000000
-1.1485844091 0.0670610494 1.8353608786 1093.0400000000 542.5510000000
-1.1449217045 -0.4155711339 0.0312253955 496.4920000000 434.0610000000
-1.1443977235 0.0670984766 1.4528728206 999.8420000000 558.2780000000
-1.1418655789 0.6295747807 0.7112616110 809.0750000000 811.5740000000
-1.1400458420 -0.3985611104 0.0055191460 487.0250000000 442.2280000000
-1.1399374321 0.4161622257 0.7121288899 800.2320000000 730.3160000000
-1.1370000411 0.6284906821 0.7007716663 809.1510000000 811.3070000000
-1.1367315976 0.4142444037 0.7098135650 800.5360000000 729.1260000000
-1.1359649850 -0.3963593578 0.0050338054 485.2570000000 441.5710000000
-1.1347079469 -0.4578638856 2.6481173502 1241.5200000000 368.6810000000
-1.1319125212 -0.6402815451 -0.4910140724 233.4780000000 346.5020000000
-1.1305935345 0.1133799369 1.4555185375 1005.2700000000 574.3190000000
-1.1294010261 0.4936236526 0.6977052160 801.4380000000 761.7570000000
-1.1277129297 -0.3957037363 -0.1643756774 409.4860000000 447.4080000000
-1.1264791222 0.4924672808 0.6955938049 802.1510000000 761.6480000000
-1.1207024253 0.1996359847 0.7063702613 790.2080000000 648.2410000000
-1.1206585451 -1.1428180370 2.6375861065 1216.8800000000 180.7450000000
-1.1203694522 0.5445788685 0.7028934022 807.6040000000 780.8600000000
-1.1186761934 0.5440445627 0.7011278702 806.9890000000 781.5000000000
-1.1164537912 -1.1404407636 2.6303845943 1216.6100000000 180.7670000000
-1.1161982537 0.0655185320 1.4541737390 1006.4600000000 556.8490000000
-1.1136919210 0.2873738920 0.4951826897 724.1450000000 700.2710000000
-1.1128530352 0.2877300959 0.5582230238 748.2720000000 696.3660000000
-1.1126310531 0.2926137020 0.6906456691 792.0210000000 684.7710000000
-1.1112191437 0.6278737784 0.7940583517 844.2020000000 805.1600000000
-1.1110281358 -0.0686957153 1.4559521769 1003.4800000000 513.3420000000
-1.1066426988 -0.3587850162 0.6976251992 763.8280000000 433.4740000000
-1.1056282923 -0.4004634454 1.4536445956 986.7240000000 403.0440000000
-1.1031090536 -0.2234533730 0.6948530042 769.6690000000 483.7090000000
-1.1015603413 -1.0547530932 2.6246543588 1220.3700000000 202.5550000000
-1.1011757444 0.2542373856 0.0901448644 561.4220000000 723.5350000000
-1.0987210354 0.1317479229 0.1671525186 584.8730000000 660.5290000000
-1.0981196188 -0.4371033972 1.4464327587 986.9610000000 389.4840000000
-1.0978511753 -0.2820127663 -0.8269736505 41.5921000000 534.5580000000
-1.0977376031 -0.4967262396 0.6912599916 754.7140000000 380.2630000000
-1.0958972167 0.2806834549 0.1406395965 584.6140000000 729.7530000000
-1.0956365167 -0.5014033507 0.6875146890 755.1290000000 379.6450000000
-1.0955952178 0.1307598445 0.1688333876 585.3540000000 661.2680000000
-1.0949989635 -0.4260017112 0.3922526890 650.4010000000 416.1090000000
-1.0947382636 -0.3275965317 -0.1224600371 434.9370000000 474.6210000000
-1.0926991258 -0.2906390938 -0.1277323700 431.5000000000 490.5100000000
-1.0924255199 -0.2917051241 -0.1255159046 432.9810000000 490.7180000000
-1.0922164438 -0.3281024443 -0.1250574858 433.7190000000 474.6140000000
-1.0914988737 -0.2549539231 -0.0098219334 488.3220000000 501.9590000000
-1.0910781402 -0.3269744656 1.4364848633 992.1150000000 424.7970000000
-1.0909542432 -0.5192161234 -0.4417985767 258.8790000000 393.5940000000
-1.0905928770 -0.3137768556 0.4007628631 660.0090000000 458.3550000000
-1.0905670652 -0.3139136585 0.4028562059 659.5290000000 457.8740000000
-1.0903270147 -0.3139110773 0.4013926728 660.0090000000 458.9570000000
-1.0886673114 -0.4633179341 2.6499499931 1257.3000000000 365.2010000000
-1.0881484928 -0.3261252550 1.4446052782 993.7510000000 425.3710000000
-1.0877484088 -0.3128837648 0.4026445485 660.1060000000 457.8740000000
-1.0868708051 -0.2934112888 -0.8623152652 17.4582000000 529.8330000000
-1.0858615609 0.2122959334 -0.2083007719 420.0380000000 730.7660000000
-1.0855027759 -0.1987230188 0.1819463347 575.8320000000 518.4280000000
-1.0848006930 -0.4537520544 1.4683470377 996.3800000000 381.7690000000
-1.0842560625 0.1139986475 0.1115640717 561.9420000000 660.0030000000
-1.0827899482 -0.2341185803 0.0087486758 498.2920000000 508.3420000000
-1.0826892819 0.2120958914 -0.2088580502 420.1910000000 730.1550000000
-1.0815251665 -0.0011910346 -0.2088366264 408.3480000000 629.9160000000
-1.0803429828 0.0781232433 -0.2088885082 412.5120000000 667.4950000000
-1.0801287442 0.0777319353 -0.2085028789 411.4760000000 667.5250000000
-1.0797854464 0.1302898103 -0.0086059878 510.3680000000 675.1920000000
-1.0789620476 -0.3990747667 0.3937471964 649.7270000000 424.8740000000
-1.0782418964 -0.0814041903 -0.2085547607 402.6450000000 592.6990000000
-1.0778134194 -0.0547906019 -0.2099684769 405.0050000000 605.0690000000
-1.0776508046 -0.0549144989 -0.2075955916 404.3470000000 605.7020000000
-1.0775010957 0.0862168137 0.0811760133 548.3650000000 648.5340000000
-1.0774262413 -0.5104349246 0.2442851022 587.0250000000 380.6160000000
-1.0754980945 -0.1172207434 -0.2494936798 382.0750000000 579.1650000000
-1.0742746118 -0.2922471734 -0.8518924314 17.8562000000 529.8300000000
-1.0740784415 -0.0089593265 -0.2472459820 387.5820000000 629.1530000000
-1.0740164930 -0.1342155378 -0.2133240202 399.6540000000 567.5000000000
-1.0738203228 -0.7232305759 -0.6998192083 95.1042000000 298.7830000000
-1.0732240686 0.1304782369 -0.0171305907 508.7650000000 677.2250000000
-1.0725503787 -0.5227342815 0.1576831753 549.7830000000 381.5380000000
-1.0724522936 0.1278503303 -0.0048211930 509.9860000000 675.7000000000
-1.0720212354 0.1301006092 -0.1162156291 460.1430000000 684.3590000000
-1.0716624503 0.0393063182 0.1674039262 583.9340000000 621.2140000000
-1.0701601994 -0.3420021372 1.4813613834 1008.0100000000 418.6060000000
-1.0701318064 -0.3390879769 -0.9292041494 -40.1005000000 508.5600000000
-1.0698298075 -0.7348175251 -0.7111351328 84.3471000000 290.9550000000
-1.0677880884 -0.2054224901 -0.0933359861 452.9520000000 528.3460000000
-1.0677777637 -0.2680666120 -0.2108153644 393.0450000000 503.9480000000
-1.0676280548 -0.2034721451 1.2653779660 957.1610000000 471.7580000000
-1.0668795105 -0.4786889037 -0.2062058804 381.8350000000 405.8190000000
-1.0665078196 0.1284236119 -0.1195221299 459.3620000000 685.1380000000
-1.0664949136 0.0284046742 -0.9193311085 -16.9663000000 713.9920000000
-1.0659967445 -0.6610084780 -0.7034741693 93.9467000000 326.1780000000
-1.0657360446 -0.2009157373 -0.1723370911 415.3870000000 533.3960000000
-1.0655269684 -0.2002175262 -0.1731633291 414.8740000000 533.6030000000
-1.0650675171 -0.1857610712 -0.2062461469 399.8090000000 542.9140000000
-1.0639782561 -0.2187439971 0.0360271780 511.9470000000 515.0700000000
-1.0624114755 -0.0369713763 -0.2439753597 386.3100000000 616.9120000000
-1.0622178865 0.0263053947 -0.9214838186 -18.2994000000 713.3990000000
-1.0617274609 -0.6725463847 -0.7034148020 91.8359000000 321.9590000000
-1.0603955684 0.0266435302 -0.4235702329 295.9810000000 663.8410000000
-1.0590249580 -0.4085322365 1.5379642368 1022.9400000000 394.7200000000
-1.0584235414 -0.7135407992 -0.7381756496 66.9076000000 300.8980000000
-1.0578711673 -0.4771376102 -0.2469736667 361.8150000000 405.6510000000
-1.0576620911 0.0587607259 -0.1050969073 461.4440000000 651.2030000000
-1.0536225332 0.0426244343 -0.0939500505 467.1120000000 645.1080000000
-1.0516969676 -0.6790200021 -0.7733004445 43.3149000000 315.2460000000
-1.0513562509 -0.1743842306 -0.2674497083 365.9890000000 552.7110000000
-1.0502515028 0.0921039854 -0.6370111809 171.2280000000 721.7140000000
-1.0501559989 -0.4874081539 0.3987598619 653.2020000000 386.3870000000
-1.0495261892 -0.2194948644 0.0251560178 511.3340000000 513.6590000000
-1.0492758140 -0.5982340061 -0.7022042252 92.4133000000 360.4320000000
-1.0490331824 -0.3709191771 1.5500287056 1029.4000000000 404.6870000000
-1.0482304332 0.0918737435 -0.6370111809 170.2010000000 723.2420000000
-1.0479361779 -0.4763709976 1.5662514670 1030.6000000000 369.9200000000
-1.0459951252 -0.4854800071 0.3996710209 653.7820000000 385.2150000000
-1.0457034510 -0.5374754414 -0.6933197790 101.6890000000 387.0650000000
-1.0435016983 0.0719309753 -0.7253600553 112.5260000000 718.8680000000
-1.0433313400 -0.2018857474 -0.4914631990 243.3160000000 552.9030000000
-1.0426602313 -0.6276440527 -0.7551211433 54.6739000000 342.3420000000
-1.0417542346 -0.7428217865 -0.9192226986 -65.8787000000 281.7470000000
-1.0414780476 0.0725156141 -0.7263899490 112.2710000000 719.8170000000
-1.0400429075 -0.5891972698 -0.7560400459 54.1290000000 361.7570000000
-1.0391523980 0.2882282650 0.0597751324 550.4060000000 743.3770000000
-1.0379160093 -0.7423804035 -0.9193801511 -66.9893000000 281.5840000000
-1.0378618044 -0.1879150719 1.2725872218 966.8910000000 475.4690000000
-1.0366176722 0.1788347136 -0.5608351853 221.5080000000 759.0990000000
-1.0357503933 0.0648401960 -0.4375499426 286.5290000000 687.6090000000
-1.0341371513 -0.7410381861 -0.9217858175 -66.6929000000 281.0280000000
-1.0339951860 -0.5446692100 -0.7367069541 69.3724000000 383.6890000000
-1.0338738702 -0.5456010186 -0.7370244401 68.4109000000 383.9260000000
-1.0336725376 -0.3944260486 -0.5526295913 192.2610000000 455.6200000000
-1.0335641278 0.0675220495 -0.4378416168 287.5010000000 687.7820000000
-1.0335615466 -0.1954170343 -0.8013785985 43.4394000000 579.5630000000
-1.0291012551 -0.2066397780 1.3007608797 976.2900000000 467.4310000000
-1.0285875989 -0.2513100612 -0.6340015167 146.9630000000 538.4400000000
-1.0276583715 -0.1866735209 -0.8353031415 16.3742000000 590.8520000000
-1.0267962550 -0.5847989269 -0.7990374618 21.2193000000 364.3870000000
-1.0262232315 -0.6730393914 -0.8646409148 -27.5292000000 316.7850000000
-1.0259057454 0.1386639558 -0.1963803333 420.1000000000 699.6590000000
-1.0253482090 -0.1853091053 1.2546970135 967.4320000000 475.2160000000
-1.0234897542 -0.1867713479 -0.8991926862 -31.2035000000 594.8940000000
-1.0216209747 -0.3971827565 -0.5645675819 183.4260000000 456.1830000000
-1.0213680184 0.1449971566 -0.4615937011 273.8110000000 734.1540000000
-1.0202813386 -0.8545846096 2.6242929926 1259.5900000000 246.5140000000
-1.0173620159 -0.2927634108 1.5860181983 1052.9400000000 429.7550000000
-1.0123235386 -0.7962368737 2.6424387384 1267.9000000000 262.4750000000
-1.0121635050 -0.2701496301 -0.4535042605 255.6490000000 514.5570000000
-1.0115104646 -0.5902090952 -0.8845960728 -43.3240000000 359.9720000000
-1.0111258677 -0.5912157582 -0.8831015654 -43.3240000000 359.9720000000
-1.0093112931 0.1993386319 1.1378802259 956.9530000000 625.2760000000
-1.0069495069 0.2068656318 -0.4942250692 255.7020000000 774.1060000000
-1.0063351843 0.2435030025 -0.4200727243 306.2710000000 780.5270000000
-1.0042779782 -0.5516719708 -0.9005865273 -59.1954000000 381.6740000000
-1.0042702346 -0.5327905867 -0.9189310245 -68.9967000000 391.7310000000
-1.0038056209 -0.2667347195 -0.4332006422 266.3710000000 515.5060000000
-1.0016245178 0.1372504977 -0.6193352112 175.1250000000 748.7270000000
-0.9996628155 -0.5356427985 -0.9193052966 -70.0064000000 391.1430000000
-0.9978043607 -0.1426289174 1.9620481259 1158.8800000000 468.6930000000
-0.9965137672 -0.8922905917 2.6242155570 1265.1900000000 234.2870000000
-0.9965034424 0.1675962246 -0.4140069345 302.0130000000 741.9100000000
-0.9960517347 0.2421042572 -0.4119729590 306.4550000000 782.7920000000
-0.9946578936 -0.1427122897 1.9608969165 1158.3700000000 468.2600000000
-0.9919347411 0.1326386906 -0.1965589515 418.8250000000 699.6250000000
-0.9911500602 -0.3190089220 -0.5039819567 216.4520000000 491.5010000000
-0.9906622159 -0.2609193048 -0.2871596535 346.5090000000 509.8960000000
-0.9900711240 0.2409984766 -0.4122827014 306.5330000000 780.7810000000
-0.9836852669 0.1621339163 -0.3847672462 315.2250000000 737.8950000000
-0.9827353901 -0.2464156141 -0.3549700216 309.2020000000 520.2150000000
-0.9824101605 -0.5291407880 -0.9080590641 -69.5128000000 392.8870000000
-0.9802135702 -0.3650676258 -0.3758363386 290.0720000000 459.0890000000
-0.9679529312 0.1601484672 -0.3506310459 337.0030000000 736.7450000000
-0.9636939723 -0.6289294839 2.6622622558 1296.5300000000 305.4150000000
-0.9603616597 -0.6615582709 2.6712189753 1298.5100000000 295.9270000000
-0.9546236806 0.1154841207 -0.3438089683 336.7200000000 710.0790000000
-0.9531007802 -0.1245014980 2.7408852169 1338.8500000000 451.9610000000
-0.9311116467 -0.1283389490 2.7473898086 1347.3400000000 449.3320000000
-0.9294777552 0.1806180558 -0.5454306602 213.7540000000 777.3800000000
-0.9283084775 -0.1292516568 2.7477253629 1347.8800000000 450.2520000000
-0.9272605155 -0.9658492636 2.6287842583 1287.7300000000 200.4520000000
-0.9253633429 -1.5155517886 2.5446530438 1242.6000000000 35.5855000000
-0.9201003023 0.2208840593 -0.6542380241 138.7370000000 818.3310000000
-0.9065800439 0.3207150867 1.4157011443 1076.2600000000 659.0480000000
-0.9057334145 0.2014379115 -0.6616950738 123.3440000000 810.4440000000
-0.8961675349 0.3140865980 1.4022609027 1076.1700000000 657.1540000000
-0.8709364303 -0.1514119230 1.5272290794 1095.4700000000 473.7120000000
-0.8679267661 0.2879494968 1.4465927923 1098.6300000000 644.1970000000
-0.8667987873 0.8899365490 0.7933717559 923.4940000000 964.9440000000
-0.8430183099 0.7084171427 1.0561185412 1010.8600000000 853.6800000000
-0.8282668252 0.4328237889 1.0645874163 1003.2000000000 736.1210000000
-0.8142561413 -0.2900738138 2.4390515144 1328.1100000000 398.7990000000
-0.8136237504 -0.2888709806 2.4438860780 1326.7800000000 398.5120000000
-0.7972590238 0.3489765050 1.7856214019 1219.0600000000 647.3580000000
-0.7962652668 0.3455538508 1.7843308083 1217.6800000000 645.8500000000
-0.7922231276 -1.5939992290 2.6762781022 1315.9700000000 -10.5032000000
-0.7657995146 -0.0069023268 2.0474183103 1278.1800000000 504.3140000000
-0.7590858468 -1.0663865038 2.6346435532 1349.5600000000 141.9700000000
-0.7585567034 -0.9124315952 2.5668357663 1343.9000000000 189.5570000000
-0.7561123192 -0.0074942963 2.0298146138 1277.7800000000 503.6600000000
-0.7495018988 -1.0568051370 2.6192080539 1350.4600000000 142.7960000000
-0.7456894854 -0.9316356277 2.5816775925 1350.0000000000 181.2310000000
-0.7415105434 0.0204551339 1.7817238093 1223.6800000000 523.8480000000
-0.7318362539 -0.9640863128 2.5880015011 1355.8500000000 169.2890000000
-0.7305792157 0.0183853316 1.7696257850 1225.9500000000 523.6990000000
-0.7289117688 -1.5561306321 2.6062763062 1329.6500000000 -19.7152000000
-0.7268906993 0.4728450959 0.9340929179 994.5840000000 780.9520000000
-0.7219580506 0.5486055205 0.4931951755 818.9110000000 877.7840000000
-0.7202776977 0.4661133598 0.9214554255 993.6480000000 780.8910000000
-0.7187367290 0.4667612378 0.9218813214 994.2850000000 780.6610000000
-0.7068684304 0.3503961579 1.2081375594 1090.3300000000 701.6710000000
-0.6926435079 0.6709925100 1.0188900787 1053.0900000000 872.3040000000
-0.6473462543 0.6830156798 0.3979287196 810.9280000000 989.0670000000
-0.6292289016 0.6911825560 1.0373120115 1090.6900000000 891.3760000000
-0.6185453679 0.7055417002 1.0455253491 1096.8700000000 900.9640000000
-0.6145884080 0.6701562053 1.0257741049 1089.2600000000 886.8780000000
-0.6104843204 0.6710234842 1.0348676273 1093.6700000000 888.1630000000
-0.5772231426 0.3713192611 1.0602845773 1095.6000000000 740.1400000000
-0.5468064330 0.6160390352 1.3845281468 1242.9700000000 830.1780000000
-0.5366184873 0.4643116911 0.3037876612 776.1160000000 909.9230000000
-0.5224916499 0.3759395861 0.1730492406 696.5350000000 880.7830000000
-0.5209506812 0.3760479960 0.1721272406 695.4190000000 882.9690000000
-0.5191361066 0.3482537726 0.1349320754 671.5350000000 869.8000000000
-0.5052312513 0.8974245730 1.4627897417 1314.1800000000 961.8880000000
-0.5027920294 0.4700290207 0.1869651950 715.7260000000 951.8810000000
-0.5026758760 0.2650775973 -0.1291940963 478.0370000000 871.1240000000
-0.5018447337 0.3158624548 -0.0557270566 538.2550000000 892.7020000000
-0.4994597168 0.4363961519 0.1155512315 667.1880000000 942.5980000000
-0.4976812788 0.4407454523 0.0926829457 654.0720000000 953.1310000000
-0.4966797782 0.4540308227 0.1416083160 686.6260000000 953.3590000000
-0.4921549571 0.2998074706 0.0428807462 609.8070000000 861.9570000000
-0.4828859140 0.4303406868 1.5030769110 1303.3500000000 732.4860000000
-0.4764329461 0.5006806183 1.1697449815 1201.2700000000 809.3570000000
-0.4732503423 0.4503939299 1.2888745128 1241.6700000000 768.4780000000
-0.4693992111 0.5029365759 0.1742172278 719.7840000000 991.5880000000
-0.4656358402 0.4476785210 1.2810070543 1243.2600000000 768.7750000000
-0.4579361588 0.7188167458 1.1561472875 1225.8500000000 935.7800000000
-0.4552104252 0.7218831962 1.1574275563 1226.1700000000 936.4010000000
-0.4492194898 0.5211442702 1.3025728731 1268.0600000000 808.4970000000
-0.4438661076 0.5193348580 1.2946641156 1267.2500000000 808.4390000000
-0.4403763425 0.5224839063 1.1953090592 1234.7900000000 824.6470000000
-0.4387372887 0.5208500149 1.1925755820 1234.5600000000 825.1080000000

gimbalangles:
-0.0044862645 0.0037748960 -0.9002745804

end: