T_CW:
-0.9757068216 0.2188536003 -0.0099649325 0.6807983855
0.2189402087 0.9757001388 -0.0086269413 -0.1683564978
0.0078347488 -0.0105990899 -0.9999131342 0.0684630083
0.0000000000 0.0000000000 0.0000000000 1.0000000000


target_points_pix:
-0.9484881987 -0.5665809079 -3.1037226970 1174.3300000000 34.3158000000
-0.9215225364 -0.5518087737 -3.0401480571 1176.4800000000 36.9577000000
-0.9176094567 -0.4458897583 -2.9720821515 1195.6200000000 66.9783000000
-0.8956874340 -0.3821731531 -2.9259563368 1201.8700000000 89.6523000000
-0.7883229538 -0.1537602871 -2.6250157250 1239.7400000000 157.0450000000
-0.7463244574 -0.1834168370 -2.5349529424 1236.2600000000 142.5950000000
-0.6661372969 -0.4830743407 -2.7736921058 1134.3300000000 53.8209000000
-0.6605593515 -0.3217398180 -2.3198445475 1238.7500000000 69.3280000000
-0.5120997904 -0.2291722513 -2.4534700259 1152.4300000000 141.4790000000
-0.5037573934 -0.2722945966 -2.6920491557 1104.5300000000 141.5140000000
-0.4996455623 -0.4565603861 -2.8791336016 1056.4200000000 89.1870000000
-0.4987524715 -0.2922574982 -2.4079275595 1151.8300000000 108.7250000000
-0.4906991676 -0.3219463130 -2.3961160471 1144.2800000000 96.8582000000
-0.4823025657 -0.3336855522 -2.3934522619 1141.6900000000 91.0553000000
-0.4739343569 -0.1963124481 -2.4402930654 1140.4400000000 154.6930000000
-0.4672852188 -0.4843494471 -2.8365698252 1046.4900000000 75.8986000000
-0.4469609510 -0.3320852161 -2.4010280462 1124.2500000000 96.6416000000
-0.4452651110 -0.2722532976 -2.4477939953 1121.3000000000 126.8960000000
-0.4088523037 -0.3263240064 -2.4803195348 1095.2100000000 109.3420000000
-0.4070067549 -0.3274752159 -2.6632947307 1063.8300000000 128.3310000000
-0.3975802593 -0.6641136462 -2.8960403776 1001.5900000000 23.8445000000
-0.3973944138 -0.0968887321 -2.4814036334 1113.8300000000 207.2750000000
-0.3965452033 -0.0966491979 -2.4818424352 1108.0800000000 208.7190000000
-0.3798036233 -0.3162754448 -2.5975002698 1063.8800000000 127.8020000000
-0.3756995357 -0.2427332925 -2.5703874798 1071.0000000000 157.1380000000
-0.3729350843 -0.2882489145 -2.6638884038 1055.4400000000 143.9420000000
-0.3709449889 0.1025926395 -2.0075131567 1225.8100000000 280.5920000000
-0.3701887011 -0.1210468371 -2.5568388284 1084.1400000000 205.1340000000
-0.3661336561 -0.4285958043 -2.7467186999 1025.9500000000 98.4225000000
-0.3604447196 0.0920040935 -1.9849871363 1222.9500000000 274.8390000000
-0.3451202113 0.0866834924 -1.9593972467 1224.1500000000 273.3980000000
-0.3366229432 -0.2791115119 -2.6862414846 1037.7200000000 154.0330000000
-0.3019292065 -0.4004479583 -2.6439100151 1019.0500000000 105.0540000000
-0.2740833593 0.0762536894 -1.9087182179 1195.6500000000 273.4250000000
-0.2674445459 -0.5199414370 -2.5733971441 1000.3800000000 53.1666000000
-0.2571861338 -0.4682557451 -2.5135574820 1008.7600000000 69.5040000000
-0.2436147679 -0.3578170710 -2.5900406389 1006.3500000000 122.3490000000
-0.2405529637 -0.5090720578 -2.5136349176 998.3690000000 53.4553000000
-0.2385220856 -0.3110330536 -2.5823745130 1008.7400000000 141.5580000000
-0.2258753010 -0.2727798598 -2.6246285469 1001.7900000000 160.6710000000
-0.2249156156 0.1943386143 -1.7302084758 1237.8200000000 343.6030000000
-0.2222100152 0.0119013636 -1.9262651283 1155.1300000000 246.8730000000
-0.2129714301 0.2806834549 -1.7184976296 1246.7800000000 394.4690000000
-0.2097583683 0.2731231577 -1.7070500645 1245.8200000000 394.2300000000
-0.2077166492 0.0451137312 -1.9661573759 1142.7500000000 267.4730000000
-0.1962406911 0.0513452332 -2.0003142257 1129.5800000000 273.4790000000
-0.1941029519 0.0616222299 -1.9833790567 1132.4500000000 279.2330000000
-0.1872563529 -0.4739033827 -2.7235138273 954.3780000000 94.9776000000
-0.1851741092 0.3480008162 -1.7819509537 1217.0500000000 438.8390000000
-0.1845884379 0.1958865522 -1.7824826783 1196.4500000000 348.8200000000
-0.1843145739 0.1952797151 -1.7822297220 1196.5400000000 348.9630000000
-0.1819422048 0.3405566724 -1.7921621302 1212.0300000000 434.0500000000
-0.1815333447 0.2824928671 -1.7809210601 1208.4700000000 400.0160000000
-0.1790954135 0.2128805723 -1.7774777564 1196.9300000000 360.7510000000
-0.1760960740 0.2568087642 -1.7818812617 1199.9000000000 387.7180000000
-0.1755065308 -0.5051254226 -2.5193574095 974.5060000000 60.3795000000
-0.1700661626 0.0264486505 -2.0565660376 1100.0000000000 266.0160000000
-0.1625789130 -0.3703125981 -2.6735420438 961.5610000000 132.4440000000
-0.1592189817 -0.4947129136 -2.6454329155 953.5160000000 81.1403000000
-0.1554148280 -0.3628013434 -2.6274420410 962.1360000000 133.0210000000
-0.1548113465 -0.4884044922 -2.6171431042 954.3790000000 80.5637000000
-0.1477133399 0.5681786627 -2.0977979214 1141.1500000000 543.8660000000
-0.1456569081 0.3957501976 -1.8254981624 1189.2600000000 468.8210000000
-0.1420757690 0.3941446992 -1.8144971427 1188.3100000000 469.0610000000
-0.1271562490 0.3866876495 -1.8623730023 1166.5300000000 464.0460000000
-0.1258793358 0.4376506089 -1.8278367180 1182.8600000000 494.5880000000
-0.1254913833 0.4367007320 -1.8262802622 1181.1000000000 494.9490000000
-0.1250887181 0.2248214022 -1.8579953089 1146.2600000000 372.9790000000
-0.1228554750 0.1216490281 -2.0202461530 1094.2400000000 319.8700000000
-0.1223333008 -0.6526557563 -2.9119921142 898.7430000000 52.8867000000
-0.1222819352 0.3482511914 -1.8674140608 1158.1700000000 442.4830000000
-0.1221647493 -0.6548523466 -2.9240204464 898.3030000000 51.7250000000
-0.1175513935 0.3819511710 -1.8428824580 1165.3300000000 463.3280000000
-0.1169510093 0.1069858201 -2.5369146446 1003.4500000000 323.0580000000
-0.1119711249 0.4565319930 -1.8478254314 1171.0400000000 506.4600000000
-0.1110576428 -0.3293775508 -2.5499031785 959.6430000000 142.7700000000
-0.1093643840 0.4384456145 -1.8656846654 1161.8600000000 495.5390000000
-0.1073399589 0.4373640971 -1.8633693406 1162.4400000000 494.9640000000
-0.0975683587 0.4379371207 -1.8814428131 1150.9500000000 495.2120000000
-0.0907757065 -0.6544161260 -2.9227298529 888.2370000000 54.6070000000
-0.0894469114 0.3490720089 -1.9315101006 1123.0700000000 444.7070000000
-0.0884892909 0.1524493021 -2.0348376041 1077.8300000000 339.7040000000
-0.0843823640 0.4393361241 -1.9115188060 1136.9900000000 494.6240000000
-0.0826039261 0.1082219506 -2.4283783055 1003.8800000000 323.9210000000
-0.0629951634 0.5166839788 -1.8850900306 1141.3400000000 543.1460000000
-0.0621725391 0.5165084580 -1.8828237482 1140.8600000000 542.4280000000
-0.0557206036 -0.6295902678 -2.9020545437 876.9740000000 67.1010000000
-0.0511371896 0.4743938082 -1.9773029421 1107.8600000000 513.6990000000
-0.0503365053 0.4728115405 -1.9725225835 1108.0600000000 512.6200000000
-0.0500755473 0.4416101500 -1.9719340728 1104.0800000000 495.6490000000
-0.0365170873 0.5054480710 -1.5253448127 1231.6700000000 580.4240000000
-0.0350202569 0.2575704725 -2.0397057231 1061.2800000000 398.8120000000
-0.0222452647 0.2140550124 -2.0617851981 1045.3400000000 378.8460000000
-0.0149515009 0.2003636214 -2.1109051899 1031.3800000000 371.8620000000
-0.0058861650 -0.2025929927 -2.4522258937 936.6800000000 199.9900000000
-0.0039139057 -0.2033658002 -2.4456980714 937.1190000000 200.1500000000
-0.0039118924 0.2861452470 -2.0981308946 1037.3300000000 416.8080000000
0.0031426728 -0.3369197797 -2.9055133345 880.5830000000 175.1880000000
0.0073091477 -0.2994693351 -2.4857451902 921.3130000000 160.7820000000
0.0212637941 -0.2906494186 -2.4036686007 921.7130000000 160.9820000000
0.0221388423 -0.7008258713 -2.9421920041 842.2080000000 48.8248000000
0.0252439847 -0.3389537552 -2.9032160779 871.7970000000 175.9880000000
0.0356461948 0.5246262917 -2.1214054593 1041.2100000000 538.7700000000
0.0599571061 0.5187540909 -1.8397179225 1080.8200000000 564.6170000000
0.0618886085 0.0396627801 -2.4259726390 935.6520000000 308.3620000000
0.0624657619 0.5186637493 -1.8418809574 1080.5400000000 564.0420000000
0.0627520156 0.5193916441 -1.8449086899 1080.3000000000 563.5630000000
0.0723357054 0.5006857807 -2.2078390927 1006.1400000000 524.0850000000
0.1193339613 -0.7100691025 -2.9531878614 806.2430000000 56.2604000000
0.1506440198 -0.0147890667 -2.4176870282 891.3500000000 293.9830000000
0.1611158961 0.1199808068 -2.4427271249 900.9110000000 352.7470000000
0.1632123363 -0.6164004014 -2.9262918911 799.0640000000 89.9033000000
0.1753268802 0.0355388174 -2.4365580876 883.9170000000 318.2150000000
0.1851095796 -0.4592628891 -3.0209698364 798.2230000000 153.7570000000
0.1851810784 -0.6122033911 -2.9299055532 791.8720000000 94.7060000000
0.1882137152 -0.0599558155 -2.4079533714 874.1540000000 276.4730000000
0.1930201439 0.6517445973 -2.0205352460 994.2820000000 631.5300000000
0.1947771580 0.6466390091 -1.9943774952 995.7580000000 631.6890000000
0.1970021413 0.0214375854 -2.4461575227 871.7810000000 313.9800000000
0.1972837488 0.6398169314 -1.9780695547 996.3320000000 631.9760000000
0.1974396525 -0.7406561704 -2.9759281204 775.0620000000 55.0419000000
0.2055853630 0.0236601940 -2.4267573199 872.1810000000 313.1800000000
0.2130883579 -0.2942011321 -2.4656609729 836.2010000000 181.4280000000
0.2172969835 -0.2956595028 -2.4542985870 833.6120000000 181.4280000000
0.2209116780 0.5018679644 -2.3101005659 924.0290000000 532.5380000000
0.2231389844 -0.4329864037 -2.9252594163 793.0940000000 160.7680000000
0.2341831100 0.1854435852 -2.4466685977 872.7530000000 388.9310000000
0.2355586246 0.1498337851 -2.4414804115 869.7660000000 371.9460000000
0.2356205731 -0.4233482508 -2.9137731334 787.8670000000 162.4000000000
0.2370993352 -0.1897283559 -2.5179635685 829.3010000000 233.2810000000
0.2391167911 0.5098102773 -2.4180329073 905.0680000000 530.2520000000
0.2391738354 0.5085377521 -2.4120342283 905.5940000000 530.1560000000
0.2400576338 0.5053912849 -2.3993218815 906.5920000000 529.7550000000
0.2458183274 -0.1798202108 -2.5461888501 825.8660000000 239.0010000000
0.2489604065 -0.0607438520 -2.5079537246 837.4460000000 286.7970000000
0.2510692364 0.6493699051 -2.3604569463 918.2280000000 597.2510000000
0.2559974971 -0.0234885967 -2.4929105658 838.8410000000 299.9930000000
0.2651163151 0.7022429430 -2.0362598382 959.3450000000 662.5160000000
0.2694940085 0.4992764525 -2.4059374642 891.2750000000 530.2620000000
0.2879443344 0.6012359268 -2.1664007140 919.5040000000 598.6480000000
0.2977580080 -0.1776295573 -2.5268970572 803.4150000000 243.3610000000
0.3028635962 -0.7585618658 -3.0638949790 732.8420000000 63.1881000000
0.3103309707 -0.1090102451 -2.5201059538 807.4900000000 272.4020000000
0.3148041681 0.6449818869 -2.1028080057 918.6780000000 629.6030000000
0.3154391401 0.6457923797 -2.1058305759 918.7730000000 630.3220000000
0.3158082499 0.6438435834 -2.0990833526 918.1980000000 630.3230000000
0.3199949355 0.2371189523 -2.4344053775 842.1960000000 420.3990000000
0.3209190005 0.6916549133 -2.0825766607 923.4380000000 658.3570000000
0.3257742135 -0.0368038572 -2.5031785284 811.0830000000 302.3960000000
0.3285360838 0.6000666490 -2.0876486935 909.5170000000 610.6390000000
0.3303558207 0.4947619562 -2.4142308186 863.6840000000 533.7350000000
0.3316257648 0.4503758616 -2.3848414215 860.2470000000 516.4790000000
0.3323510784 0.5970544036 -2.0723474160 909.1170000000 611.6380000000
0.3356782287 0.7152392204 -2.0817584244 918.7340000000 670.0090000000
0.3359492533 0.4936468833 -2.3972337011 865.1210000000 532.5830000000
0.3377999645 0.4937243189 -2.3953442721 863.6830000000 533.7830000000
0.3441935651 0.0012236970 -2.4924562769 804.8480000000 321.1120000000
0.3643113379 -0.1228043675 -2.5287477684 782.7040000000 271.2980000000
0.3861946427 0.7176990918 -2.1120718865 889.4220000000 673.4890000000
0.3881769945 0.7155205698 -2.0989852675 889.9010000000 673.9680000000
0.3962277172 0.6468868030 -2.1278119658 875.5690000000 636.8340000000
0.3973969950 0.6449560750 -2.1251946420 874.5710000000 636.6350000000
0.4233017894 -0.5475653020 -3.0681797497 707.9370000000 145.1210000000
0.4250311848 0.6158402838 -2.1535851197 855.2250000000 622.4730000000
0.4253667392 0.6151536880 -2.1532469842 854.9850000000 623.1930000000
0.4253693204 0.6148620138 -2.1503612169 854.9850000000 623.4800000000
0.4572314947 0.2107242485 -2.4353216989 780.9480000000 421.5770000000
0.4585943616 -0.0575465354 -2.5034314847 751.1510000000 307.2010000000
0.4596603919 -0.0581360786 -2.5107181761 750.1920000000 306.7210000000
0.4627449105 0.7302772168 -2.1928320705 844.8720000000 676.4110000000
0.4702303533 0.7140260624 -2.2497369228 836.6230000000 661.6390000000
0.4706252750 0.5788389657 -2.4230868718 807.5890000000 582.9670000000
0.4754082148 0.4693811427 -2.1138787175 817.0960000000 559.6590000000
0.4761774086 0.4745977220 -2.1287334496 817.6710000000 559.9470000000
0.4763658352 0.4674555771 -2.0983838509 819.7460000000 560.7840000000
0.4964371466 -0.1405446088 -2.5265434346 725.7300000000 276.4800000000
0.5094256805 -0.0647694715 -2.5024093346 728.9690000000 308.0010000000
0.5228633408 -0.1366865083 -2.5348755068 715.6560000000 280.8000000000
0.5245953174 0.6179129771 -2.1327523580 808.9780000000 636.1800000000
0.5272616838 0.0688554907 -2.4696205140 734.3590000000 367.1890000000
0.5299435372 0.7201950998 -2.1076528940 818.6270000000 689.6220000000
0.5302171431 0.7177791086 -2.1044057606 819.2260000000 689.6220000000
0.5389751111 0.6712093297 -2.1529914466 806.0790000000 660.6320000000
0.5726828344 0.5428004305 -2.5209887198 758.8340000000 567.8240000000
0.5842052539 -0.8817954847 -3.0803371413 625.3670000000 44.6271000000
0.5855371464 -0.8754096277 -3.0566676549 626.2330000000 45.7825000000
0.5875530536 0.2547115496 -2.4501041578 728.3390000000 451.1470000000
0.5905652990 -0.8782979761 -3.0606943069 626.2340000000 46.5040000000
0.6535075481 -0.7636571293 -3.0633787416 611.8630000000 88.5716000000
0.6583756671 -0.9513275046 -3.0634819891 595.7770000000 24.6195000000
0.6857517382 -0.1578352072 -2.6071797217 646.5540000000 287.9910000000
0.7372386786 -0.5691337020 -2.4121400570 583.0570000000 112.5860000000
0.7399282756 -0.5635944743 -2.4057748494 582.8560000000 111.7840000000
0.7414537573 -0.7254684651 -2.4103642002 567.1240000000 45.7145000000
0.7466316187 -0.6392258395 -2.3901276928 574.3720000000 78.9150000000
0.7641604608 -0.2975618378 -2.3840748089 597.5540000000 229.1410000000
0.7649916030 -0.2990924818 -2.3972750001 597.5540000000 228.9000000000
0.7670023478 -0.6892724775 -2.4029845861 557.7670000000 59.6550000000
0.7733778801 -0.6434176875 -2.4018488638 559.6660000000 80.9188000000
0.7742812957 -0.5672184611 -2.4127414736 567.2010000000 114.9750000000
0.7836406803 -0.2258892394 -2.3836824685 594.6870000000 262.0430000000
0.7863354397 -0.2013720912 -2.4515289732 598.7750000000 277.1730000000
0.7985986600 0.5804238147 -2.4541746900 668.8790000000 611.8550000000
0.8086601275 0.7212843607 -2.4446655965 675.4640000000 673.7140000000
0.8338525143 -0.3660820323 -2.3936871499 559.9070000000 206.8980000000
0.8441230580 0.7389938859 -2.3941414389 663.4020000000 692.1910000000
0.8660528242 -0.3875936462 -2.4038183096 545.6440000000 200.0400000000
0.8683062006 0.5803257296 -2.4439867443 637.8840000000 618.8770000000
0.8756677464 0.3909440271 -2.4262049459 617.9450000000 537.9470000000
0.8765582560 0.6446463326 -2.4433130544 640.6580000000 646.4120000000
0.8783573434 0.6443133594 -2.4457342080 641.8560000000 647.8500000000
0.8784993087 0.6501520048 -2.4567662019 641.8570000000 646.8510000000
0.8816483570 0.4923201531 -2.4470196392 623.7230000000 582.2510000000
0.8819348688 0.4936546269 -2.4549851828 623.9160000000 581.9150000000
0.8821026460 0.4947851868 -2.4528892588 623.9160000000 581.9150000000
0.9007594668 -0.3357117841 -2.3145247207 528.8760000000 221.8940000000
0.9027082631 -0.3362925512 -2.3179835115 529.0760000000 221.8940000000
0.9029379888 -0.3901438591 -2.3220101635 521.8490000000 199.0610000000
0.9053720483 0.2622253855 -2.4607179995 592.7660000000 484.7840000000
0.9064148479 -0.5479679672 -2.3212383885 504.7530000000 127.7330000000
0.9064897023 -0.5206693318 -2.3196690267 510.9780000000 140.1620000000
0.9076744673 -0.4696676545 -2.3241706172 513.4040000000 163.0030000000
0.9079661414 -0.4435124850 -2.3232491333 515.8190000000 175.0230000000
0.9080745513 -0.6800963571 -2.3229419721 492.8560000000 69.1936000000
0.9084307551 -0.6291953462 -2.3275416476 497.9360000000 91.8124000000
0.9110609848 -0.7083190576 -2.3256625433 487.7870000000 57.1565000000
0.9115333421 0.7261421550 -2.4428613467 633.8170000000 686.8280000000
0.9120237676 -0.7080609389 -2.3228903483 486.9200000000 56.5778000000
0.9134795572 0.2725114163 -2.4540069128 591.5630000000 490.7820000000
0.9173642439 0.3569188179 -2.4324565812 596.3470000000 527.9640000000
0.9255698379 0.7322673121 -2.4682111858 629.0980000000 686.7130000000
0.9313723466 0.5735449509 -2.4439041463 609.8830000000 621.8990000000
0.9344284722 0.6590183827 -2.4556356419 617.8500000000 656.8670000000
0.9347666078 -0.4427665219 -2.3202446315 503.8000000000 176.9350000000
0.9418416418 0.3616294845 -2.4520761848 587.4630000000 530.4640000000
0.9425979296 0.6656520337 -2.4341395152 615.0080000000 666.8710000000
0.9438498054 0.3618179111 -2.4478972428 586.9420000000 531.9680000000
0.9471175883 -0.6382708003 -2.3179654432 480.8570000000 90.8282000000
0.9516475718 -0.5558328445 -2.3195451298 485.7140000000 128.1130000000
0.9527858754 0.7268029389 -2.4431969010 616.6140000000 691.0440000000
0.9574216875 0.3356420921 -2.4243516535 575.9410000000 523.9770000000
0.9594737313 -0.3354252723 -2.3117886623 503.8400000000 227.8830000000
0.9638849802 -0.1195611058 -2.3353523200 524.0790000000 326.8570000000
0.9664842357 -0.7086778426 -2.3198032485 463.5740000000 62.5350000000
0.9665874831 0.5164826462 -2.4425025616 588.8960000000 600.9300000000
0.9666442693 -0.7604358077 -2.2845468130 454.5420000000 32.5578000000
0.9774052386 0.4426323001 -2.4462710949 578.7950000000 570.1940000000
0.9783189788 0.4445268915 -2.4477113973 577.9140000000 570.9540000000
0.9891986827 -0.4941734455 -2.3172323861 474.9240000000 159.3590000000
0.9967331681 0.2978999733 -2.4464027354 557.9370000000 509.9900000000
0.9969861244 0.2869944575 -2.4484754287 556.3540000000 504.5680000000
1.0119105486 -0.3349993765 -2.3115150565 479.8000000000 233.8740000000
1.0178033989 -0.6266915946 -2.3176040770 448.5920000000 103.6150000000
1.0187584382 0.5890578857 -2.4463846671 574.4190000000 637.8410000000
1.0408250073 -0.4671174416 -2.3153765125 453.2910000000 176.8870000000
1.0429441619 -0.5473097645 -2.3175188978 444.5890000000 140.8100000000
1.0431145203 -0.6253932575 -2.3158333826 435.5600000000 106.6040000000
1.0490589943 0.6663696038 -2.4349087090 569.8210000000 674.3060000000
1.0513691568 0.6680860932 -2.4397639221 568.8200000000 674.9060000000
1.0558500978 -0.4941269841 -2.3152706838 443.6560000000 166.5380000000
1.0663529483 -0.3878078847 -2.3111717586 448.9970000000 215.8250000000
1.0665671869 0.2586375353 -2.4493581948 524.0710000000 499.6860000000
1.0673337995 -0.4800078903 -2.3144627722 440.0540000000 173.7480000000
1.0760453061 0.1988014869 -2.3846788067 509.6610000000 478.0930000000
1.0821136772 -0.5721459474 -2.3143466188 424.3630000000 133.5700000000
1.0949550833 -0.6219912528 -2.3100411986 412.4970000000 111.5830000000
1.1042551007 -0.1189694977 -2.3281843632 462.0600000000 341.2470000000
1.1081862488 -0.5712322072 -2.3118454484 412.3310000000 136.4400000000
1.1155400510 -0.2087447361 -2.2836976024 443.7630000000 299.9240000000
1.1212960984 -0.5447543892 -2.3127204709 408.4950000000 149.4230000000
1.1228189988 -0.6235812641 -2.3126456165 400.4620000000 114.5730000000
1.1489018951 -0.6482909688 -2.3127695134 386.4020000000 106.5320000000
1.1491393643 -0.6492976318 -2.3153636065 386.7630000000 106.0920000000
1.2003759296 -0.3053725102 -2.2978554140 395.6130000000 265.8530000000
1.2022008289 -0.6709202367 -2.2997035440 359.2900000000 99.4706000000
1.2046581191 -0.4907895091 -2.3063526821 376.2690000000 182.0920000000
1.2052079120 -0.5692008129 -2.3052479340 368.0340000000 146.4840000000
1.2112453088 -0.2492128466 -2.3002249438 396.6350000000 291.8880000000
1.2115421453 -0.3014671740 -2.2980180288 391.2820000000 267.6920000000
1.2161521456 0.3101296381 -2.3250224089 454.2520000000 546.0820000000
1.2174659698 -0.3853505945 -2.3100618481 383.5480000000 233.7940000000
1.2478362180 0.3697628052 -2.3277481426 447.3570000000 576.0380000000
1.2479833457 0.3766623185 -2.2932841315 444.9500000000 579.6400000000
1.2552751995 0.5654400232 -2.3306313286 463.3940000000 663.8600000000
1.2560676239 -0.0598499868 -2.3280940217 398.8500000000 383.5970000000
1.2575724560 0.3943228011 -2.2702212242 439.7300000000 593.0440000000
1.2785755760 -0.4881979972 -2.3665304798 352.1960000000 194.0870000000
1.2815258729 0.4370001497 -2.2874712980 431.6980000000 613.2510000000
1.2862804197 0.0074983745 -2.3284011829 392.0690000000 416.4030000000
1.2906710191 0.0449273695 -2.3114014842 391.6690000000 434.0150000000
1.2917318870 -0.3448336996 -2.3817543217 360.6950000000 260.2160000000
1.2918248097 -0.7923805801 -2.3629968345 314.6260000000 61.6734000000
1.2933038300 0.3109504556 -2.2784423053 413.6950000000 557.0560000000
1.3003866076 -0.2171410798 -2.3249940159 363.1450000000 316.6980000000
1.3051953593 -0.5619863947 -2.3710243266 332.8840000000 166.4010000000
1.3057632204 0.0437648028 -2.2970397588 382.6830000000 434.8950000000
1.3104325880 -0.5673733323 -2.3633220641 328.0590000000 162.7860000000
1.3114031144 -0.7795314303 -2.3277378178 302.8130000000 64.0576000000
1.3115941223 -0.4616530684 -2.3619643597 338.3610000000 209.7030000000
1.3117722242 -0.7806723151 -2.3346889549 302.5750000000 65.2612000000
1.3174121181 -0.7069768403 -2.3789021098 315.1110000000 105.4120000000
1.3186175325 -0.5002314918 -2.3362118553 329.3030000000 191.6540000000
1.3223938094 -0.4725430970 -2.3512266210 331.1030000000 205.3170000000
1.3246084680 0.1813511129 -2.2901892881 387.0080000000 499.7290000000
1.3290945712 -0.7087501159 -2.3644810171 307.2300000000 103.0710000000
1.3329044035 0.2034385896 -2.3009141208 390.1830000000 508.0840000000
1.3338852546 0.2055680690 -2.3128546926 390.6560000000 509.0520000000
1.3432343145 0.3736707226 -2.2359482210 393.2180000000 596.4770000000
1.3531589792 0.3808644912 -2.2605288664 392.7370000000 596.2380000000
1.3545708886 0.4964707021 -2.0656337481 378.2220000000 676.9130000000
1.3561144385 0.4130570576 -2.0809789059 372.5300000000 633.1050000000
1.3570772213 0.4116838660 -2.0883585200 372.7310000000 632.5040000000
1.3582103625 0.4222718958 -2.0676961167 370.3170000000 639.7090000000
1.3589072830 0.4954020906 -2.2460561499 400.5900000000 652.0830000000
1.3598623223 0.5511712205 -2.2706419577 407.5840000000 674.4800000000
1.3599758945 0.4959699518 -2.2494271804 400.3900000000 651.6830000000
1.3652544223 0.0217902014 -2.2823992652 352.3480000000 430.5700000000
1.4050769779 0.4687874697 -2.0710335917 353.6770000000 667.1450000000
1.4057429242 0.4695824753 -2.0749105348 353.4360000000 667.3370000000
1.4075497552 0.2305562839 -2.2962628215 358.9790000000 528.8400000000
1.4111814855 -0.6145342031 -2.3191915071 272.9790000000 148.4640000000
1.4299079984 0.3815794801 -2.0808859831 333.4100000000 624.1350000000
1.4300525449 0.3219101763 -2.2749964204 352.3100000000 576.0980000000
1.4476459166 0.1296445135 -2.2972772281 330.6700000000 486.7740000000
1.4489468350 0.0446857704 -2.3068585948 320.8450000000 449.3040000000
1.4579396911 -0.4444055757 -2.3240647885 270.0810000000 229.6640000000
1.4654690140 0.0058213256 -2.2824483078 305.3750000000 434.4090000000
1.4762712823 0.3542601951 -2.0682484907 301.6940000000 618.1590000000
1.4779284045 0.1308233417 -2.2986478385 315.4130000000 492.0600000000
1.4815420665 -0.2601113932 -2.2887644728 273.9840000000 314.2330000000
1.4819911931 -0.4276201156 -2.3196793515 259.4400000000 239.6730000000
1.4841232537 0.4543818641 -2.0672237594 310.0750000000 670.9880000000
1.4845517307 0.1296274776 -2.3130379569 315.0110000000 492.0600000000
1.4899515743 -0.4933603715 -2.3299989378 250.9610000000 212.7190000000
1.4928037861 0.0416280960 -2.2844384031 294.8210000000 452.7620000000
1.5003924764 0.0409198183 -2.2944275974 294.5310000000 452.1860000000
1.5120491176 0.3897024761 -2.0769780657 292.2360000000 639.1830000000
1.5152033284 0.4855032378 -2.0783228643 301.2180000000 688.2120000000
1.5207219065 0.3543247248 -2.2446132663 310.1410000000 601.3410000000
1.5395955471 0.4732090433 -2.0809943930 285.1540000000 684.2290000000
1.5460278655 0.4733768205 -2.0805994713 284.7530000000 684.2290000000
1.5494943999 -0.7036806643 -2.3059913159 199.4970000000 121.2410000000
1.5643104142 -0.3447278709 -2.3028500112 229.3290000000 285.3380000000
1.5835531645 -0.4937398060 -2.3279314069 210.4210000000 221.3240000000
1.5862066249 -0.3663091768 -2.3069282869 216.2870000000 277.6280000000
1.5942599289 -0.3816672404 -2.3110143062 213.3840000000 271.8520000000
1.6671216803 -0.4392922439 -2.3206705274 174.9610000000 254.0010000000
1.6686987856 0.3852266975 -2.0849978143 214.8390000000 652.6000000000
1.6755337692 -0.3864166248 -2.3128624362 174.9900000000 276.8590000000
1.6895857522 -0.6942309380 -2.2383848617 122.9560000000 133.1160000000
1.7148633181 0.2902286850 -2.2985291038 225.7600000000 588.1910000000
1.7177000428 -0.4800517705 -2.2478242631 134.7610000000 236.2290000000
1.7217550878 0.2987595086 -2.3665046679 232.2750000000 587.7060000000
1.7247802392 -0.5352014155 -2.2523155288 126.5470000000 213.0070000000
1.7282674231 -0.5999375896 -2.2565873936 119.0320000000 183.2940000000
1.7335046518 -0.6967346896 -2.2628416101 108.4440000000 140.8080000000
1.7336337112 -0.6967140401 -2.2644987322 107.2810000000 140.2270000000
1.7518827044 -0.7951063137 -2.3449336867 111.7950000000 105.7770000000
1.7680512609 -0.8000828426 -2.2955349267 89.1597000000 99.1110000000
1.7722456900 -0.9436949342 -2.3631826800 89.5735000000 43.2581000000
1.7754437809 -0.9462812837 -2.3685980107 88.6035000000 43.0138000000
1.8228601892 -0.8472049955 -2.2463504053 47.5036000000 77.8621000000
1.8251135656 -0.8471766024 -2.2466369170 46.0483000000 77.8575000000
1.8258466227 -0.7117468742 -2.2517425053 61.4206000000 139.9950000000
1.8266313036 -0.6725179916 -2.2543624102 66.6408000000 160.3730000000
1.8295506263 -0.9251671727 -2.2729211460 43.0307000000 45.9974000000
1.8386260804 -0.9876138338 -2.3175601968 45.9158000000 27.3823000000
1.8431018589 -0.4824703429 -2.2685563585 82.8056000000 250.0140000000
1.8476989533 -0.7055649309 -2.2527620742 53.3564000000 146.0000000000
1.8485481638 -0.2500328898 -2.3274874427 114.8790000000 358.3580000000
1.8499290990 -0.6295205758 -2.2573049636 60.5096000000 181.1630000000
1.8506724809 -0.7047647629 -2.2516779756 50.1256000000 146.5950000000
1.8530678226 -0.5310818408 -2.2660629317 70.2704000000 227.4520000000
1.8564207847 -0.2738975138 -2.2913792154 100.3540000000 346.7970000000
1.8570944746 -0.6909399244 -2.2545895547 50.6270000000 153.1040000000
1.8574300289 -0.3452363648 -2.2927265951 94.0304000000 315.2660000000
1.8643192174 -0.6546845695 -2.2554955514 50.1850000000 170.6970000000
1.8755886806 -0.6735427229 -2.2515669845 41.6821000000 163.4460000000
1.8784692855 0.0943269038 -2.3067889028 133.7790000000 514.2080000000
1.8793107525 -0.3079691844 -2.2875977762 86.1106000000 333.2110000000
1.8799612117 -0.2856083600 -2.2941436668 90.4307000000 345.3440000000
1.8849145098 -0.5074175168 -2.2753035817 60.9930000000 241.3080000000
1.8852603889 -0.5078072761 -2.2751719412 59.6220000000 242.3890000000
1.8869433230 -0.6049889729 -2.2596538439 46.3679000000 197.9190000000
1.8883113521 -0.4714306054 -2.2797741979 64.6976000000 259.4560000000
1.8921805517 -0.6577381139 -2.2531828077 36.1254000000 171.8690000000
1.8976681556 -0.5192083798 -2.2720461235 51.5375000000 238.1600000000
1.9002570864 -0.5204396061 -2.2711014090 51.5378000000 238.3610000000
1.9018083798 -0.5532748880 -2.2635514365 45.4488000000 222.4910000000
1.9044515155 -0.5551436676 -2.2657944882 44.4385000000 222.2880000000
1.9143039069 0.2405960695 -2.2713956643 123.5830000000 587.7890000000
1.9162346349 -0.6555131305 -2.2535828917 27.1633000000 176.6680000000
1.9193320595 -0.6203341306 -2.2525917158 28.8972000000 192.0970000000
1.9206794392 -0.6203702673 -2.2528498345 27.1995000000 192.1330000000
1.9382831357 -0.5181371871 -2.2696507818 33.3660000000 242.7040000000
1.9529649283 0.2407604911 -2.2593595886 101.8090000000 592.1370000000
1.9581608581 0.3422809055 -2.0709406690 59.5889000000 665.7970000000
1.9650164912 0.3425699984 -2.0773084577 60.0742000000 665.3150000000
1.9769338323 -0.2371948392 -2.2890019420 49.5320000000 374.7670000000

gimbalangles:
0.0216594269 0.2613964387 1.6087731712

end: