T_CW:
-0.9556775362 -0.2912289878 -0.0431986505 0.6437784968
-0.2408382521 0.8576994890 -0.4542560103 0.0853245276
0.1693439785 -0.4237183773 -0.8898232148 -0.2398514652
0.0000000000 0.0000000000 0.0000000000 1.0000000000


target_points_pix:
-0.4404976583 -0.8745371864 -2.9794385349 1235.5700000000 676.0910000000
-0.3953010711 -0.9053255869 -2.9797740892 1218.6300000000 659.4160000000
-0.3793674027 -2.0153754528 -3.0723354611 1227.2300000000 299.2990000000
-0.2641845065 -0.8723431773 -2.9971712908 1158.0100000000 656.0000000000
-0.2488852940 -0.9078112702 -3.0101804741 1149.4000000000 643.0650000000
-0.1869605489 -1.0620217163 -2.9951063410 1135.0900000000 576.9380000000
-0.1856998971 -1.0596263746 -2.9890921749 1133.9300000000 576.5000000000
-0.1794092858 -2.4748706487 -3.0921331666 1168.4500000000 165.4720000000
-0.1566026904 -2.0492870898 -3.0952047794 1147.5300000000 274.6650000000
-0.1262698694 -0.8616854555 -2.9891696105 1102.9700000000 645.0170000000
-0.0890019147 -1.6066651144 -3.0898875338 1109.1500000000 394.5830000000
-0.0851012247 -1.6023700190 -3.0840282389 1107.1500000000 397.7800000000
-0.0715889680 -1.5876107908 -3.0580873079 1106.5100000000 397.2220000000
-0.0400669940 -0.8883852556 -2.9917507977 1069.0000000000 624.4360000000
-0.0336016364 -1.5198262346 -3.0758974993 1086.3900000000 417.3720000000
-0.0319292853 -1.5176993363 -3.0699607689 1087.5900000000 416.1720000000
-0.0254233256 -1.5088897445 -3.0587842284 1086.1100000000 417.9470000000
-0.0167084117 -0.9648142076 -3.0277325468 1059.9300000000 597.1270000000
-0.0131056939 -0.8403312941 -2.9938157474 1054.9100000000 640.5510000000
0.0183652241 -2.0526039153 -3.0961340067 1089.3700000000 261.9930000000
0.0221388423 -0.7008258713 -2.9421920041 1040.2300000000 686.2860000000
0.0251358329 -2.0450513617 -3.0843121695 1088.9000000000 260.3140000000
0.0894536225 -0.7132155697 -2.9557432367 1010.0800000000 674.8100000000
0.1139625108 -0.8779624218 -3.0098965435 1004.8700000000 612.7500000000
0.1193339613 -0.7100691025 -2.9531878614 998.5920000000 673.3830000000
0.1540800961 -0.9649200362 -3.0466784606 991.4940000000 581.3700000000
0.1695509577 -0.9092128548 -3.0204019753 982.8620000000 598.6310000000
0.1850264653 -0.9202061309 -3.0324819312 975.6850000000 594.0370000000
0.1974396525 -0.7406561704 -2.9759281204 967.0110000000 656.1580000000
0.2356863934 -0.7138118239 -3.0817567942 940.1880000000 667.9260000000
0.2417981284 -1.1763424959 -3.0865578023 966.4650000000 502.7460000000
0.2613503630 -1.8284149039 -3.0784012509 1000.5000000000 301.9390000000
0.2647317182 -2.0400619269 -3.0847767832 1007.5100000000 243.5640000000
0.2695198204 -2.0356455156 -3.0764911724 1006.0700000000 243.3240000000
0.3028635962 -0.7585618658 -3.0638949790 918.1870000000 641.8260000000
0.4390186381 -1.3953329963 -3.0610814850 914.0540000000 411.7300000000
0.4410319641 -1.4734939249 -3.0636110484 916.9400000000 387.2720000000
0.4539559682 -0.9679167945 -3.0677667598 876.8430000000 550.5510000000
0.5842052539 -0.8817954847 -3.0803371413 820.5380000000 570.0120000000
0.5855371464 -0.8754096277 -3.0566676549 820.5390000000 568.5740000000
0.5905652990 -0.8782979761 -3.0606943069 819.7400000000 568.7740000000
0.6074901433 -1.0139600112 -3.0884678808 826.5620000000 524.2220000000
0.6141289567 -1.0135237906 -3.0891648014 818.8490000000 521.6870000000
0.6577690881 -1.1795999541 -3.0575452586 821.8120000000 459.4940000000
0.6583756671 -0.9513275046 -3.0634819891 801.8760000000 535.5070000000
0.6687985009 -2.0244896247 -3.0559707344 878.1860000000 214.5580000000
0.6784495597 -1.6018821746 -3.0499565683 846.8220000000 327.9800000000
0.7127716055 -0.4125692132 -2.4167087583 737.0370000000 679.4020000000
0.7353518308 -0.9718143872 -2.4083792673 793.3130000000 426.1770000000
0.7432218705 -0.8890873385 -2.4161538030 778.9160000000 462.1540000000
0.7450209579 -0.8059421374 -2.4079740209 771.8660000000 496.8870000000
0.7497496928 -0.9620239442 -2.4056148158 788.2780000000 429.5360000000
0.7511461151 -0.7731765475 -2.4010280462 765.3720000000 507.9130000000
0.7516881644 -0.8513194078 -2.4057541999 773.1580000000 473.6670000000
0.7638816926 -0.3723026934 -2.3999000674 708.7730000000 690.7420000000
0.7670023478 -0.6892724775 -2.4029845861 747.4680000000 541.0600000000
0.7709231711 -0.4830949902 -2.4000368704 722.1210000000 635.6880000000
0.7715374937 -1.5491743327 -2.9107273325 815.8740000000 311.9930000000
0.7718756292 -0.8954783579 -2.4071144856 767.8940000000 453.9270000000
0.7733778801 -0.6434176875 -2.4018488638 739.4460000000 561.4460000000
0.7744439104 -0.9249451906 -2.3945337793 773.1740000000 439.1360000000
0.7753499071 -0.8911961684 -2.3986275422 767.8950000000 453.5270000000
0.7852126233 -1.2161031030 -2.4854767468 793.8990000000 343.9860000000
0.7952560226 -0.4023631991 -2.4013223016 697.8020000000 671.7720000000
0.7960226352 -0.4043610380 -2.4058419603 698.2020000000 671.7720000000
0.7970086487 -0.7865290288 -2.3503335303 746.4000000000 485.4800000000
0.8027285594 -1.1390520849 -2.6522988734 776.0670000000 398.8420000000
0.8035209839 -1.3510862859 -2.1426976722 814.8800000000 214.9970000000
0.8068662024 -1.3422250704 -2.1306667588 812.0430000000 215.9970000000
0.8210007834 -0.7982063195 -2.3655315603 735.5180000000 481.1210000000
0.8586990219 -1.3952503983 -2.1377598611 791.9020000000 189.9850000000
0.8652242631 -0.3870335286 -2.4019985726 662.2270000000 669.4120000000
0.8660528242 -0.3875936462 -2.4038183096 662.2270000000 669.4120000000
0.8855382061 -2.2458986975 -3.0579582485 824.2570000000 145.1650000000
0.8886149812 -0.7714394086 -2.2941307609 701.9510000000 472.7440000000
0.9027082631 -0.3362925512 -2.3179835115 633.8240000000 680.8330000000
0.9029379888 -0.3901438591 -2.3220101635 641.8500000000 653.8450000000
0.9036684648 -0.4420825073 -2.3179293066 649.8730000000 627.8590000000
0.9064148479 -0.5479679672 -2.3212383885 661.9110000000 575.8910000000
0.9064897023 -0.5206693318 -2.3196690267 661.1000000000 590.2800000000
0.9065877875 -1.2712372609 -2.1055440641 758.9390000000 223.9920000000
0.9067245904 -0.4168126849 -2.3201671959 643.5440000000 639.2150000000
0.9070033586 -0.6539824865 -2.3229316473 677.9360000000 527.9170000000
0.9070988625 -1.3427258207 -2.1072992714 766.0070000000 197.2630000000
0.9071298368 -1.3414687825 -2.1065920261 766.7270000000 196.7830000000
0.9071375803 -0.6274995062 -2.3229574592 674.3310000000 539.9110000000
0.9072666397 -0.6011636536 -2.3242919330 670.7240000000 551.9040000000
0.9076744673 -0.4696676545 -2.3241706172 653.6420000000 616.1850000000
0.9080745513 -0.6800963571 -2.3229419721 681.9410000000 515.9240000000
0.9120237676 -0.7080609389 -2.3228903483 682.5080000000 502.4930000000
0.9174390983 -1.2788749937 -2.1154248486 753.5430000000 221.9910000000
0.9185386840 -0.5300596907 -2.3275674595 656.3070000000 584.2890000000
0.9197337737 -1.2799900666 -2.1173865508 753.0630000000 221.7500000000
0.9339870892 -1.0533902264 -2.0171048482 718.9750000000 286.0000000000
0.9340954991 -1.0571535973 -2.0187981070 719.9740000000 285.1200000000
0.9347666078 -0.4427665219 -2.3202446315 634.9200000000 623.3960000000
0.9451920227 -1.2788233700 -2.1157707277 744.7170000000 219.4440000000
0.9509842067 -2.2963609066 -3.0483046085 809.8680000000 126.9470000000
0.9513868719 -1.0934967126 -2.0245231801 715.3670000000 269.5660000000
0.9516475718 -0.5558328445 -2.3195451298 643.1240000000 566.3120000000
0.9518772975 -0.5567465848 -2.3222424703 643.6040000000 565.8320000000
0.9564537423 -1.3575857152 -2.1262839030 744.9410000000 192.9750000000
0.9571480817 -1.3345537821 -2.0990110794 745.1410000000 193.1750000000
0.9594737313 -0.3354252723 -2.3117886623 605.8340000000 671.8690000000
0.9623104560 -0.4692598269 -2.3205905106 624.8560000000 606.1370000000
0.9628163687 -1.0683817615 -2.0308599946 706.7810000000 279.5980000000
0.9629686587 -0.4691952973 -2.3161018261 625.4320000000 606.4250000000
0.9758513639 -0.7708044365 -2.2923006992 662.3760000000 462.2070000000
0.9884733691 -0.4949348957 -2.3183835955 616.7090000000 590.3150000000
0.9891986827 -0.4941734455 -2.3172323861 616.9090000000 590.9140000000
1.0163863272 -0.5742160595 -2.3167858407 615.5380000000 549.5410000000
1.0348676273 -0.8733679086 -2.4099486291 650.8680000000 431.9840000000
1.0426266759 -0.5467470657 -2.3167135674 598.7300000000 557.9470000000
1.0558500978 -0.4941269841 -2.3152706838 584.3100000000 580.7450000000
1.0614383680 -1.0824853681 -2.0047719359 659.9870000000 255.9820000000
1.0623159716 -1.0810786211 -2.0035355473 659.9870000000 255.5820000000
1.0623340399 -1.0825447354 -2.0038168967 659.5060000000 254.8610000000
1.0663529483 -0.3878078847 -2.3111717586 561.4590000000 630.6570000000
1.0673337995 -0.4800078903 -2.3144627722 575.9030000000 585.5480000000
1.0679197289 -0.9662106298 -1.9906037996 640.7950000000 299.9930000000
1.0703486261 -1.1558375450 -2.0157213319 665.2580000000 228.0650000000
1.0707048299 -0.3408535090 -2.3076329510 550.6310000000 652.7360000000
1.0720263977 -1.1539945774 -2.0138293217 665.2580000000 227.4880000000
1.0722948412 -1.1140765179 -2.0040775966 661.1820000000 239.9740000000
1.0723955075 -1.0810502281 -2.0062767681 655.1860000000 255.5800000000
1.0729762746 -1.0269278956 -1.9979008157 646.5510000000 275.0260000000
1.0735776912 -1.1497640116 -2.0090902621 665.9780000000 227.9690000000
1.0749870194 -1.0328284894 -2.0019790914 646.2630000000 274.7380000000
1.0753509668 -0.9025301612 -1.9888924725 626.3970000000 326.8770000000
1.0771732849 -0.9880913534 -1.9922996395 639.3530000000 290.2940000000
1.0797054296 -0.9681516826 -1.9863887209 635.9940000000 296.9910000000
1.0855827927 -0.9034877817 -1.9926842364 621.5950000000 326.3960000000
1.0859157659 -0.9021042653 -1.9931720808 620.9950000000 326.9960000000
1.0940955480 -1.0833862025 -2.0020642706 644.5270000000 250.5340000000
1.0968264440 -0.5978674775 -2.3128624362 581.7030000000 527.0130000000
1.1017565115 -1.1383603267 -2.0128768636 647.9770000000 229.9630000000
1.1020172114 -1.1228886909 -2.0122083362 646.5390000000 236.1270000000
1.1026212092 -1.0428770511 -2.0022888339 633.9860000000 266.9790000000
1.1040563493 -1.1200803592 -2.0093716115 645.9790000000 236.9670000000
1.1068027324 -1.0676512855 -2.0036491195 636.4640000000 256.2950000000
1.1156871787 -2.4578141639 -3.0549382595 771.4780000000 80.2775000000
1.1212960984 -0.5447543892 -2.3127204709 561.5210000000 547.1750000000
1.1223776158 -0.9745891634 -1.9953841582 614.8670000000 290.8640000000
1.1299688873 -0.9813260619 -2.0082642822 613.4260000000 292.0170000000
1.1325113566 -1.0438811329 -2.0036336324 620.6210000000 263.4930000000
1.1336083612 -1.0263574532 -2.0007246345 616.3010000000 270.6960000000
1.1342252649 -1.0445161049 -2.0035897522 619.9800000000 262.9730000000
1.1364321799 -1.1246568041 -2.0124716173 630.9730000000 231.9580000000
1.1364605730 -1.1224137524 -2.0112507157 631.1730000000 231.5580000000
1.1366438373 -0.9698165483 -1.9936728311 607.1830000000 291.5830000000
1.1399193638 -1.0728497964 -2.0043434589 622.0570000000 250.5260000000
1.1443048008 -0.2795090147 -2.3035520941 505.2070000000 672.4550000000
1.1489018951 -0.6482909688 -2.3127695134 564.9470000000 497.9910000000
1.1509926567 -1.0535115422 -1.9981615156 613.4150000000 255.7100000000
1.1613225678 -0.9280348716 -1.9903585868 587.4960000000 305.2630000000
1.1761953682 -0.6232353850 -2.3117215515 547.9320000000 504.9960000000
1.2003759296 -0.3053725102 -2.2978554140 481.7580000000 650.0040000000
1.2042038302 -0.5426765335 -2.3057461032 521.8930000000 536.4000000000
1.2112453088 -0.2492128466 -2.3002249438 466.2650000000 676.8160000000
1.2348399407 -0.3949680979 -2.3487641685 488.8270000000 609.9890000000
1.2696472496 -0.4889542850 -2.3561231331 486.5530000000 561.6150000000
1.2702718969 -0.9439091727 -1.9909754905 538.4830000000 286.5170000000
1.2785755760 -0.4881979972 -2.3665304798 483.6700000000 560.1770000000
1.2895688522 -0.7903956471 -2.3593263864 527.9320000000 428.4080000000
1.3003866076 -0.2171410798 -2.3249940159 420.0850000000 682.6270000000
1.3051953593 -0.5619863947 -2.3710243266 484.6490000000 525.6200000000
1.3096608131 -0.7811291852 -2.3226012554 513.9960000000 423.3680000000
1.3104325880 -0.5673733323 -2.3633220641 482.2480000000 519.8610000000
1.3113205164 -0.5640410197 -2.3820976196 483.6880000000 525.3320000000
1.3114031144 -0.7795314303 -2.3277378178 513.5150000000 423.6090000000
1.3115941223 -0.4616530684 -2.3619643597 464.1940000000 567.6280000000
1.3117722242 -0.7806723151 -2.3346889549 513.9160000000 423.0080000000
1.3169939658 -1.2010573630 -2.0798535082 563.9070000000 200.8940000000
1.3186175325 -0.5002314918 -2.3362118553 464.6390000000 544.3490000000
1.3223938094 -0.4725430970 -2.3512266210 459.4370000000 561.6310000000
1.3245052205 -0.7057662635 -2.3570884971 499.8920000000 459.0140000000
1.3262113852 -1.2222050295 -2.1171361757 563.9070000000 200.2930000000
1.3290945712 -0.7087501159 -2.3644810171 499.0910000000 458.4150000000
1.3354597788 -1.2009825086 -2.0787952215 555.4960000000 199.0860000000
1.3460013472 -1.3411616213 -2.1103683029 571.8820000000 154.8420000000
1.3466621311 -1.3433323997 -2.1123170992 571.5610000000 153.9200000000
1.3819985834 -1.2832707555 -2.1235323575 548.5100000000 175.5310000000
1.3838467134 -1.2767197024 -2.1157449158 547.8690000000 175.8510000000
1.3935648831 -1.3413423044 -2.1098056041 551.3720000000 149.5760000000
1.3943727947 -1.3344918336 -2.1029964324 550.8510000000 149.8160000000
1.3963757959 -1.2740610797 -2.1115427431 541.2980000000 174.0830000000
1.4041116139 -1.2969949276 -2.1140542382 539.8500000000 166.8720000000
1.4111814855 -0.6145342031 -2.3191915071 441.7860000000 481.0300000000
1.4190437816 -2.1553403269 -3.0292554472 658.2900000000 126.0120000000
1.4191341232 -2.1522222528 -3.0270614381 658.7230000000 127.0700000000
1.4192528578 -2.1627612400 -3.0402771164 658.0030000000 126.5890000000
1.4382581389 -2.5177002874 -3.0095351773 683.8610000000 40.0673000000
1.4491997913 -0.3918990664 -2.3324949458 385.5300000000 577.5180000000
1.4513292707 -0.3934994024 -2.3423654055 384.9520000000 577.2300000000
1.4815420665 -0.2601113932 -2.2887644728 339.2650000000 630.8540000000
1.4817021001 -0.4281208659 -2.3202704433 376.3970000000 554.4750000000
1.4819911931 -0.4276201156 -2.3196793515 375.4340000000 554.4760000000
1.4824996870 -0.9573958756 -2.3987824134 475.0480000000 349.8970000000
1.4972821459 -1.3473822823 -2.1419878457 512.1870000000 147.3760000000
1.5002298616 -1.3537113533 -2.1496875270 511.7870000000 147.7760000000
1.5030123814 -1.3588814712 -2.1563882889 510.9840000000 146.6540000000
1.5031027229 -0.3838483436 -2.3125552749 355.4910000000 572.0620000000
1.5031104665 -0.3875704155 -2.3173098217 357.5300000000 571.0920000000
1.5177457977 -0.3385588336 -2.3025738241 340.4630000000 588.1110000000
1.5259591353 -0.4064698679 -2.3166696872 350.8750000000 558.8100000000
1.5271516438 -0.9502511496 -2.3806728042 454.8060000000 343.9670000000
1.5443862305 -0.4904642795 -2.2794825237 357.5560000000 512.0640000000
1.5487381120 -0.3675145912 -2.3129940767 332.4450000000 572.1080000000
1.5526795848 -0.3813032930 -2.3099663442 334.6890000000 565.1580000000
1.5615408004 -0.2944928062 -2.2960253523 310.3810000000 603.2140000000
1.5643104142 -0.3447278709 -2.3028500112 320.5170000000 578.9990000000
1.5862066249 -0.3663091768 -2.3069282869 315.6090000000 566.8980000000
1.6097393083 -0.4038344758 -2.3108181359 313.3070000000 547.3020000000
1.6110066712 -0.3880918153 -2.3125320442 310.4120000000 554.5090000000
1.6151520578 -1.2475961676 -2.3380625665 464.7570000000 219.8440000000
1.6169434017 -1.2557527191 -2.3504961451 462.9530000000 219.4420000000
1.6173279986 -1.2238208526 -2.3463507585 459.1120000000 228.8110000000
1.6317955527 -1.1477351985 -2.3607666888 442.7360000000 258.8780000000
1.6332694106 -1.1528304620 -2.3560327915 442.1020000000 259.0780000000
1.6472387955 -1.1638753619 -2.3499824888 436.8970000000 246.9620000000
1.6487410464 -1.2357562621 -2.3489293645 449.0030000000 222.7470000000
1.6531006716 -0.4223209383 -2.3165070725 298.2760000000 534.0510000000
1.6566833594 -0.4248634077 -2.3183319718 298.1330000000 531.6970000000
1.6671216803 -0.4392922439 -2.3206705274 296.9300000000 524.4910000000
1.6741941331 -0.2958995533 -2.2983535831 259.7750000000 584.8040000000
1.6755337692 -0.3864166248 -2.3128624362 279.1820000000 546.1650000000
1.6895857522 -0.6942309380 -2.2383848617 322.5710000000 397.4130000000
1.7177000428 -0.4800517705 -2.2478242631 272.2560000000 489.0890000000
1.7187092870 -0.4796000627 -2.2496543248 271.3880000000 488.2240000000
1.7282674231 -0.5999375896 -2.2565873936 293.3250000000 436.0090000000
1.7286313704 -1.1577734354 -2.3191037467 400.5000000000 236.5500000000
1.7335046518 -0.6967346896 -2.2628416101 312.1620000000 397.4100000000
1.7336337112 -0.6967140401 -2.2644987322 311.3910000000 397.1700000000
1.7398776029 -1.2305809818 -2.3286567205 412.4140000000 209.7820000000
1.7424174911 -1.1629822711 -2.3399287648 399.9230000000 237.4140000000
1.7448851060 -1.2318999685 -2.3430184458 410.6130000000 213.7870000000
1.7477941040 -1.2431462010 -2.3391363404 411.6110000000 208.7790000000
1.7651887243 -1.2103470556 -2.3285663789 398.4600000000 217.2210000000
1.7680512609 -0.8000828426 -2.2955349267 322.5560000000 357.6230000000
1.7698890661 -1.2480349695 -2.3238608747 401.3340000000 202.7990000000
1.7722456900 -0.9436949342 -2.3631826800 353.7540000000 318.1340000000
1.7732213788 -1.2527998410 -2.3308739602 402.7780000000 202.5600000000
1.7736498558 -1.2253644026 -2.3341262561 397.0100000000 212.3150000000
1.7738047270 -0.9703172986 -2.3143827554 352.4960000000 297.8660000000
1.7754437809 -0.9462812837 -2.3685980107 354.5160000000 317.8940000000
1.7762697608 -0.8421613558 -2.3509814083 330.6490000000 352.7250000000
1.8228601892 -0.8472049955 -2.2463504053 300.3100000000 323.8680000000
1.8251135656 -0.8471766024 -2.2466369170 300.2700000000 323.8680000000
1.8256556149 -0.8473960033 -2.2451449909 299.9800000000 323.0020000000
1.8258466227 -0.7117468742 -2.2517425053 274.2650000000 378.6530000000
1.8262570315 -0.8893454572 -2.2615226234 310.3820000000 309.4530000000
1.8262828433 -0.6740331485 -2.2548244427 266.1930000000 393.9510000000
1.8266313036 -0.6725179916 -2.2543624102 265.5900000000 393.5500000000
1.8295506263 -0.9251671727 -2.2729211460 316.1580000000 298.6400000000
1.8304617854 -0.5018266654 -2.2821308218 234.0470000000 471.0470000000
1.8312258168 -0.5157934692 -2.2712872545 236.0570000000 463.0370000000
1.8320750273 -0.9124883813 -2.2660990683 312.3450000000 302.8440000000
1.8463076934 -0.2330486782 -2.2951064497 165.6370000000 592.0820000000
1.8476989533 -0.7055649309 -2.2527620742 263.1720000000 377.9270000000
1.8485481638 -0.2500328898 -2.3274874427 176.6550000000 589.4780000000
1.8504840542 -0.5331364658 -2.2677200538 228.0140000000 452.0210000000
1.8506724809 -0.7047647629 -2.2516779756 261.8220000000 378.3590000000
1.8530678226 -0.5310818408 -2.2660629317 227.1060000000 452.7580000000
1.8545132874 -1.0007959567 -2.3248985119 328.1930000000 281.8230000000
1.8564207847 -0.2738975138 -2.2913792154 171.4500000000 572.1750000000
1.8574300289 -0.3452363648 -2.2927265951 187.4080000000 538.7090000000
1.8646367035 -0.8461286404 -2.2412370735 282.4260000000 317.8450000000
1.8651477785 -1.4942802252 -2.3660426354 409.9130000000 129.2210000000
1.8659247159 -0.7035232118 -2.2464949517 255.1320000000 375.9200000000
1.8662086464 -0.8449361320 -2.2409660488 282.2260000000 318.8470000000
1.8663067316 -1.4152442741 -2.3670492984 396.4980000000 150.6510000000
1.8675844192 -1.4869548160 -2.3617707706 407.5020000000 126.6120000000
1.8712910040 -0.2260779242 -2.2907210127 154.0410000000 589.2070000000
1.8725815976 -0.9153199436 -2.2558233622 295.9070000000 292.1330000000
1.8740786861 -0.9252652578 -2.2660526069 296.8710000000 292.6150000000
1.8749614521 -1.2894165621 -2.3815349208 373.8750000000 194.1130000000
1.8755886806 -0.6735427229 -2.2515669845 245.3280000000 387.2930000000
1.8777981768 -1.3228403547 -2.3784245902 377.4750000000 183.2950000000
1.8793107525 -0.3079691844 -2.2875977762 169.7220000000 553.1390000000
1.8798037592 -0.7031102219 -2.2517863854 247.9270000000 374.8910000000
1.8824701256 -0.7005522654 -2.2479842967 248.0970000000 375.9170000000
1.8849145098 -0.5074175168 -2.2753035817 209.1510000000 460.8330000000
1.8869433230 -0.6049889729 -2.2596538439 227.9670000000 416.1300000000
1.8883113521 -0.4714306054 -2.2797741979 201.6680000000 476.4560000000
1.8897232615 -0.6055852272 -2.2627202943 227.0990000000 416.4180000000
1.8943900479 -1.4279256467 -2.3637892590 386.8170000000 143.6230000000
1.8947927131 -0.6574954823 -2.2543056241 234.0310000000 391.9350000000
1.8969763975 -0.8602838709 -2.2932557385 282.6210000000 319.5280000000
1.8981043763 -1.4531722384 -2.3646823497 390.4580000000 135.6090000000
1.9012353563 -1.4272416321 -2.3928611700 386.5360000000 149.9720000000
1.9018083798 -0.5532748880 -2.2635514365 210.5960000000 437.7580000000
1.9044515155 -0.5551436676 -2.2657944882 209.9120000000 436.9970000000
1.9137954130 -0.6650351300 -2.2458109371 226.9910000000 385.9220000000
1.9151634422 -0.9254046419 -2.2609495999 279.9910000000 287.7920000000
1.9162346349 -0.6555131305 -2.2535828917 225.0620000000 390.1680000000
1.9193320595 -0.6203341306 -2.2525917158 216.3800000000 404.5880000000
1.9206794392 -0.6203702673 -2.2528498345 214.9320000000 404.3470000000
1.9259528046 -0.8562468941 -2.2331218210 258.3020000000 307.0080000000
1.9279067633 -0.8563888594 -2.2335141615 256.5640000000 305.6600000000
1.9382831357 -0.5181371871 -2.2696507818 188.3870000000 448.8120000000
1.9476476827 -0.6990371085 -2.2435343301 218.9370000000 367.8880000000
1.9501772462 -0.5481925305 -2.2547805625 187.7810000000 431.9840000000
1.9511400290 -0.6988744938 -2.2465878745 219.2590000000 368.5290000000
1.9548569385 -0.5467702964 -2.2587426848 185.9690000000 431.9840000000
1.9638136580 -1.2306351868 -2.4488316326 341.3840000000 219.3250000000
1.9658244028 -0.6512696588 -2.2501344256 201.6470000000 386.3110000000
1.9666013401 -0.6541476825 -2.2510584907 201.8890000000 385.8300000000
1.9672776111 -0.6634786741 -2.2486631490 204.7830000000 380.0620000000
1.9720528074 -0.8851768399 -2.2408731261 247.0310000000 291.7690000000
1.9722747895 -0.8885607763 -2.2436014409 247.4330000000 291.3680000000
1.9724864468 -0.5856223256 -2.2551935525 185.9640000000 413.2320000000
1.9725664637 -0.9262383654 -2.2578134575 257.0720000000 280.5560000000
1.9736195880 -0.8539418940 -2.2284137356 239.4800000000 300.7390000000
1.9737538097 -0.2782648825 -2.2687060673 117.5150000000 549.7050000000
1.9754057695 -0.8387541887 -2.2313562890 234.1770000000 306.9870000000
1.9769338323 -0.2371948392 -2.2890019420 112.2760000000 572.2160000000
1.9847677354 -0.6582801632 -2.2401632996 194.6410000000 377.1710000000
1.9859266884 -0.6630914961 -2.2407466479 194.8020000000 376.8910000000
1.9876044601 -0.6536598382 -2.2462265083 193.1940000000 381.4980000000
2.0006936602 -0.5201272824 -2.2576534239 161.0430000000 438.9030000000
2.0017622717 -1.0621172202 -2.3956282027 292.9850000000 260.6810000000
2.0044854242 -0.5824861832 -2.2506145265 171.4710000000 410.3410000000
2.0044957489 -0.4691075369 -2.2727094886 148.2880000000 462.2720000000
2.0088166562 -1.1507422816 -2.3925720771 304.0400000000 228.9020000000
2.0327158682 -0.4898318887 -2.2632520188 141.2770000000 447.6030000000
2.0343936399 -0.6652880863 -2.2438001923 175.8000000000 371.3890000000
2.0345536735 -1.1310220116 -2.3848956264 290.0590000000 231.5320000000
2.0347059635 -0.4879682715 -2.2650665934 141.0350000000 447.8440000000
2.0349253644 -0.5859372305 -2.2516134459 159.8720000000 404.5660000000
2.0352712435 -0.8214370040 -2.2479249294 210.0430000000 309.3700000000
2.0356326097 -0.4876585291 -2.2676322935 141.4780000000 448.0040000000
2.0362469322 -0.5846388933 -2.2504932107 157.5530000000 406.0080000000
2.0366418539 -0.5883274098 -2.2518767270 160.5980000000 405.9290000000
2.0386009749 -0.2359349617 -2.2902047752 82.6643000000 563.5800000000
2.0399147992 -0.4386546907 -2.2683601882 129.3930000000 470.0460000000
2.0406401128 -0.9147701508 -2.2758611181 231.9380000000 279.7290000000
2.0447029014 -0.2381550408 -2.3025222004 82.9550000000 563.2910000000
2.0517082434 -0.6504075423 -2.2425405730 165.6150000000 374.8700000000
2.0517469612 -1.0442450803 -2.3723484756 266.0930000000 256.7170000000
2.0519741057 -1.0410650577 -2.3689826076 265.4910000000 257.4780000000
2.0527278123 -1.1101273015 -2.3768190918 277.0430000000 235.8460000000
2.0537396377 -0.6943574162 -2.2368232434 173.1810000000 355.8040000000
2.0541629524 -0.6944658261 -2.2366993464 172.8910000000 355.5150000000
2.0647613069 -0.6066615822 -2.2311936742 148.8460000000 390.4200000000
2.0656853719 -0.5627246143 -2.2454315026 141.2660000000 410.3290000000
2.0665500696 -1.0519266933 -2.3668118292 261.0620000000 251.7010000000
2.0674302544 -0.5652619212 -2.2484076114 141.0240000000 408.8860000000
2.0687234292 -0.5637751574 -2.2461619786 140.4600000000 408.9260000000
2.0711394204 -0.6098570919 -2.2428399907 148.5070000000 388.6880000000
2.0770916380 -0.9451997663 -2.3307242514 230.7720000000 280.5300000000
2.0777111229 -0.6540934776 -2.2441409090 155.7950000000 371.3760000000
2.0792391857 -1.0244706054 -2.3771520649 251.0200000000 260.3480000000
2.0823185420 -0.6611556057 -2.2389320733 154.0510000000 365.6030000000
2.0857979823 -1.0186732590 -2.3485602547 246.9940000000 256.6960000000
2.0899278818 -1.0298343123 -2.3629555355 248.1200000000 256.0160000000
2.0904492816 -1.0276248161 -2.3616210618 247.3960000000 256.4960000000
2.0954154857 -1.0897694783 -2.3672067508 257.0230000000 236.0620000000
2.1157474970 -0.2815016912 -2.2649943202 55.7727000000 531.1930000000
2.1162172731 -1.0006539914 -2.3535135529 230.9130000000 261.6890000000
2.1173994568 -0.9991026979 -2.3526927354 229.3040000000 261.7670000000
2.1195418421 -0.3002152982 -2.2762766893 59.7326000000 522.8920000000
2.1287231249 -0.2389786976 -2.2658332060 42.5673000000 548.0180000000
2.1333408687 -0.9830735256 -2.3473057977 220.8580000000 263.6820000000
2.1389059083 -1.0624140567 -2.3483537597 234.9050000000 236.6360000000
2.1417400518 -1.0639653502 -2.3517376961 233.6180000000 237.2360000000
2.1610189387 -1.1101040708 -2.3512188775 234.8820000000 219.5940000000
2.1783103115 -1.0519137873 -2.3459790675 216.5270000000 236.3470000000
2.1783438670 -1.0069778999 -2.3428661558 207.5630000000 250.1940000000
2.1786381223 -1.0929882187 -2.3433178636 225.6320000000 221.5860000000
2.1787362074 -1.0044560801 -2.3405972923 207.7650000000 250.6350000000
2.1793737607 -1.0994231183 -2.3497450196 226.9340000000 220.7700000000
2.1799596901 -1.0515472587 -2.3475355234 217.2020000000 236.0110000000
2.1807830888 -1.0945111191 -2.3488003051 224.8290000000 222.5880000000
2.1969000215 -0.9611179475 -2.3300247497 189.6660000000 261.6390000000
2.1975272500 -1.1282085176 -2.3412503326 223.8010000000 207.5480000000
2.1976021044 -0.9654362737 -2.3351019448 190.4800000000 262.2980000000
2.1996644730 -1.1324339210 -2.3468437652 223.4400000000 208.3490000000
2.2050359235 -0.4916258137 -2.2125807336 56.8253000000 418.9550000000
2.2095581634 -0.6245079103 -2.2305432151 91.3679000000 366.1350000000
2.2096304366 -0.4168178473 -2.1972097640 33.5732000000 444.9370000000
2.2169042221 -0.4919768552 -2.2269605273 57.7941000000 418.9150000000
2.2188426936 -1.0108780737 -2.3373785519 193.0640000000 242.9560000000
2.2213051462 -1.1122103195 -2.3445413463 213.3040000000 211.2220000000
2.2218239648 -0.9986845456 -2.3344850411 190.6530000000 246.6030000000
2.2254350456 -0.7802490004 -2.2281039932 120.2270000000 302.6610000000
2.2262068206 -0.7790487483 -2.2281736852 119.4210000000 303.2620000000
2.2317099117 -0.5631685785 -2.1977363262 63.8279000000 380.8180000000
2.2382558023 -0.3940182210 -2.3814600663 61.4375000000 483.6770000000
2.2382841954 -0.5381801055 -2.1961695455 50.9973000000 391.5180000000
2.2564221976 -0.3508685152 -2.3487822368 36.6035000000 494.1070000000
2.3446316878 -0.5161316047 -2.3376779696 36.4713000000 414.6140000000
2.3527391967 -0.5196575064 -2.3704487219 43.6615000000 416.9040000000
2.3620082398 -2.0031380445 -2.9972745382 373.7430000000 97.8898000000
2.3805669756 -0.5206693318 -2.3689748640 35.5828000000 414.8950000000
2.3819298424 -0.6129364482 -2.3680275683 52.7241000000 377.8020000000
2.4996268148 -2.2198132200 -2.9948224104 362.1970000000 41.2993000000
2.5297157136 -0.8514278177 -2.3842503297 54.0299000000 280.3090000000
2.5388995776 -0.9656376063 -2.4014797540 79.8904000000 244.2300000000
2.5429159048 -1.9827131104 -2.9879564526 322.1160000000 90.3798000000
2.5473994269 -1.9862777299 -2.9911829365 321.6730000000 90.0982000000
2.5498025122 -1.1108268032 -2.3970891546 103.0420000000 195.1440000000
2.5505665436 -1.1010466850 -2.4043732648 103.9380000000 199.3200000000
2.5604447469 -1.1521257979 -2.3931373571 108.3380000000 180.4620000000
2.5632427537 -1.1554787600 -2.3970555992 108.5280000000 178.9690000000
2.5656793944 -1.1575695216 -2.4030542782 107.9340000000 180.2600000000
2.5692130397 -0.8715094539 -2.5514131730 79.8974000000 304.6190000000
2.5808490314 -0.7808684853 -2.5078065970 47.6256000000 323.6380000000
2.5813420382 -0.7780265982 -2.5096805388 47.7396000000 324.5050000000
2.5987134278 -0.7826082055 -2.4659655530 35.8988000000 312.7900000000
2.6021980305 -0.8904785983 -2.4991880130 61.3048000000 285.1350000000
2.6069216030 -1.5641813548 -2.9923186589 248.9120000000 186.5300000000
2.6072829692 -1.5623125753 -2.9914410552 248.5100000000 186.7300000000
2.6116709874 -0.8485807683 -2.6786269825 82.6248000000 333.2080000000
2.7788028564 -1.9960139679 -2.9805742573 258.7560000000 72.1934000000
2.7801708856 -1.7594352581 -2.9666616584 225.6650000000 122.2980000000
2.7855655668 -1.7671194523 -2.9761604272 226.6720000000 122.9020000000
2.8011559373 -2.0234287568 -3.0179756593 260.8490000000 72.6395000000
3.0783496272 -1.5680712039 -2.8649112603 102.1720000000 129.8530000000
3.0937335027 -1.2584603844 -2.8816631650 46.3893000000 208.0380000000
3.0986119464 -1.2595160900 -2.8814566701 45.4197000000 208.0360000000
3.1032064596 -1.3748022336 -2.9304217906 73.2436000000 187.6160000000
3.1049358550 -1.3533783801 -2.9332869084 69.6226000000 193.6310000000
3.1100724174 -1.9805526567 -2.8778688199 157.8160000000 33.3378000000
3.1211198985 -1.5675033427 -2.8723708912 91.2722000000 128.6210000000
3.1245528774 -1.6420196351 -2.8650403197 100.7070000000 108.9620000000
3.1253530455 -1.5711350731 -2.8759845533 89.8191000000 128.6180000000
3.1600958247 -1.6572667077 -2.8985957528 97.0322000000 108.3890000000
3.3717789843 -1.5590628607 -2.9532911089 35.1298000000 130.8840000000
3.4288748444 -1.7753379522 -2.9542977719 55.1825000000 77.6852000000

gimbalangles:
0.4661825254 -0.2622825885 -1.5038044501

end: