T_CW:
-0.1982953886 -0.1435931051 0.9695668925 -0.0336163428
-0.0538077573 0.9893133975 0.1355128290 0.1404092844
-0.9786642244 -0.0252986509 -0.2039027076 0.5521905014
0.0000000000 0.0000000000 0.0000000000 1.0000000000


target_points_pix:
-3.3251885559 -0.7293350835 -2.5331073936 372.6990000000 402.1860000000
-3.3157155990 -0.7299365001 -2.5302009768 372.7180000000 402.9390000000
-3.2732550701 -0.7270584764 -2.9091269965 317.2770000000 396.4000000000
-3.2401126269 -1.8809343192 -2.4004550227 412.1240000000 225.6940000000
-3.0364827713 -0.1348213425 1.7198140351 1107.1600000000 600.4500000000
-2.8105514586 -1.8919559884 -1.4210958254 531.5360000000 194.1960000000
-2.7458152844 -1.8545778171 -1.4560012195 517.9740000000 194.1160000000
-2.5770133873 -1.8900923713 -1.1709013533 561.2180000000 172.3000000000
-2.5377974107 -1.8711180644 -1.4739353079 501.6330000000 169.3480000000
-2.3127927441 -1.8579101297 -1.4189973203 492.0920000000 144.4040000000
-2.1252643341 -1.7230405190 -2.4275290949 278.3700000000 145.2090000000
-2.0817945610 -1.7950814529 -2.6839700399 226.4300000000 123.3220000000
-2.0791798184 -0.0352293330 -2.4320203606 212.2360000000 493.2560000000
-2.0703366712 0.2877636513 -2.4182755389 202.2110000000 562.0110000000
-2.0690073598 -0.3194270743 -2.4300405900 219.6160000000 431.0470000000
-2.0648413237 -0.1763330270 -2.3977215455 220.8370000000 461.8280000000
-2.0603448956 0.0015657946 -2.4161925208 211.0550000000 499.0400000000
-2.0578153322 -1.6785124592 -2.3496159602 278.2410000000 143.7520000000
-2.0559052537 -0.3197161672 -2.4204566420 218.6330000000 430.8060000000
-2.0507196487 0.0878285070 -2.4558085815 199.2980000000 517.0470000000
-2.0119940976 0.3217966041 -2.4152503875 191.7730000000 566.5070000000
-1.9941090517 -0.4420360459 -2.4041925817 218.2620000000 402.2400000000
-1.9892719070 0.4456238961 -2.1196037906 236.6490000000 605.4230000000
-1.9375371726 -1.8409388241 -1.6352207881 409.4900000000 96.0759000000
-1.9342822956 -0.2323656961 -2.4043293846 197.8730000000 445.6530000000
-1.8229789238 -2.1354651858 -2.2594809044 273.9910000000 8.1571300000
-1.8142157933 -1.7840649460 1.4636957384 1276.9500000000 92.2020000000
-1.7969812066 -2.2275800122 -2.5202195260 220.1270000000 -16.4022000000
-1.7958351595 -1.7290391980 1.4126888988 1261.9900000000 103.9180000000
-1.7867622866 -1.9306324969 1.3453741187 1246.7300000000 38.0459000000
-1.7831357187 -1.8846021862 1.1197215742 1165.1600000000 52.8197000000
-1.7723850741 -1.8720808472 1.3527563140 1251.6400000000 55.6270000000
-1.7714351972 -0.8360749164 0.5810794362 939.2080000000 359.9800000000
-1.7709628400 -1.1543894990 0.5826797722 951.8400000000 265.5820000000
-1.7631702359 -1.1519347900 0.5791641953 951.6890000000 265.8140000000
-1.7625068708 -0.8134146743 0.4404073168 894.5200000000 361.6900000000
-1.7620551631 -0.8800273715 0.4092601313 889.0220000000 343.6510000000
-1.7595462491 -0.9127774743 0.5134445889 924.9590000000 335.7880000000
-1.7590971226 -1.1489922367 0.5791822636 951.0150000000 265.6300000000
-1.7546239252 -0.8745500923 0.4130854506 889.8790000000 344.0470000000
-1.7540121839 -0.8532346487 0.3708339979 874.1230000000 348.3770000000
-1.7372809286 -1.8984166999 1.1596215654 1186.6900000000 36.7504000000
-1.7362458726 0.1366157838 0.6819961109 935.2230000000 660.8640000000
-1.7353063205 0.1903917210 0.6822361613 932.9050000000 677.5590000000
-1.7325728432 -1.1583025788 0.0548166719 790.3470000000 250.7610000000
-1.7297619304 -0.8393504429 0.1217662140 800.1560000000 346.9820000000
-1.7270232908 -0.0433218711 -2.2948121943 168.4330000000 487.0370000000
-1.7256681676 -1.0845090189 0.1121925908 804.8900000000 272.3010000000
-1.7238226187 0.1897779147 0.6795930256 932.6460000000 677.8060000000
-1.6912686862 -1.8612992284 1.1389230255 1188.3600000000 38.1170000000
-1.6908969952 -0.1593018378 -2.3025531746 165.4820000000 456.9390000000
-1.6899471184 -0.1636410715 -2.3063397762 163.9240000000 455.5990000000
-1.6757841444 -0.5503813772 -2.3122842503 174.4540000000 360.5110000000
-1.6746974646 0.1185717368 0.3693498153 837.0700000000 642.2660000000
-1.6698009525 -1.7513561423 -1.6460307999 367.2860000000 70.7033000000
-1.6567117524 -2.0338412658 -2.5580416616 177.7920000000 2.1660600000
-1.6556637904 0.5522398320 0.4222744769 837.4470000000 782.5950000000
-1.6546468027 -0.5205273665 0.1058859762 780.9200000000 431.0090000000
-1.6531600389 0.1167932988 0.3660510581 836.5590000000 642.0080000000
-1.6473472054 0.6291101670 1.3965125989 1189.3700000000 887.5430000000
-1.6406645118 -1.5600282247 1.1519322089 1190.7100000000 123.9330000000
-1.6386769977 -1.5576509513 1.1483417775 1191.0500000000 123.1640000000
-1.6369734141 0.3251624722 1.1061961534 1090.3200000000 759.4980000000
-1.6289459221 -2.0081765218 -2.5185417544 177.6180000000 1.4250500000
-1.6276062859 0.3252502325 1.1037259573 1091.7700000000 758.7760000000
-1.6273972098 -1.8184773333 -1.7087949471 348.5930000000 44.5210000000
-1.6243720584 -2.0129517181 -2.7573790029 132.4540000000 1.3307200000
-1.6079428021 -1.9257721215 -2.5679585827 161.6200000000 18.0443000000
-1.6055500416 -0.2184311572 -1.2030655266 398.5970000000 477.6710000000
-1.6026152318 -0.4465557046 -2.3122016523 153.5890000000 381.3410000000
-1.6015517827 -1.1671018458 1.1705322436 1190.6300000000 247.4210000000
-1.5958989828 -1.7922679589 -1.6776167873 347.7850000000 44.9595000000
-1.5948923198 -0.4458975019 -2.2952251843 156.4400000000 381.9050000000
-1.5917510150 -1.9809656467 -2.7052648340 131.5800000000 2.4793900000
-1.5895389376 0.0834523623 1.2878730122 1184.8700000000 688.9990000000
-1.5499486888 -0.9577598230 1.1540513635 1184.7200000000 313.3770000000
-1.5492466059 -0.9601138657 1.1540642695 1185.6100000000 311.9440000000
-1.5470190414 -0.0951260394 -2.3136703478 126.9580000000 466.7780000000
-1.5364800542 0.2652014943 0.6857130204 946.8710000000 716.7110000000
-1.5291391579 -1.8090947180 -3.0400448096 45.4587000000 31.8801000000
-1.5274510615 -1.5134842577 -3.0890873658 21.0284000000 101.5200000000
-1.5252699583 -1.5076998173 -3.0787109934 23.0965000000 103.4670000000
-1.5225829425 -0.8565953544 1.1694300767 1191.5500000000 348.6880000000
-1.5065408642 -0.8438933324 1.1615703617 1191.7700000000 348.4490000000
-1.5039622582 -1.1932208788 0.7720537311 1053.4400000000 215.4690000000
-1.5007048000 -1.2268563288 0.7669920231 1055.2100000000 203.9700000000
-1.4865211766 -0.2026794625 1.1887631685 1179.2400000000 584.4080000000
-1.4814078448 -0.2015359966 1.1868892267 1180.2900000000 583.5390000000
-1.4788705378 -0.6355553914 1.1575024108 1187.7700000000 420.6550000000
-1.4769423910 -0.3833295250 -2.3165096536 120.4170000000 389.3390000000
-1.4732719428 -0.5122185250 -2.3084486061 127.3270000000 355.9760000000
-1.4607325356 -0.5542867134 1.1746105193 1194.8200000000 452.4330000000
-1.4583913988 -0.9248445243 0.7773141906 1050.3300000000 302.5410000000
-1.4571808220 -0.5141492530 -2.2791547130 125.6420000000 357.2980000000
-1.4544473448 -0.5502394119 1.1683408157 1194.8500000000 451.3590000000
-1.4539104579 0.0318624325 -2.3046620045 98.8297000000 499.6410000000
-1.4515848083 -0.8992881901 0.7766637314 1049.9500000000 312.3760000000
-1.4493959615 0.6227372159 -2.0168338236 135.8560000000 672.0530000000
-1.4436528201 0.0331455406 -2.2886302511 99.1462000000 499.1100000000
-1.4424112691 -0.9207172060 0.7772031995 1050.5900000000 302.3020000000
-1.4423054404 -0.2016635072 1.1711852839 1179.3400000000 583.7870000000
-1.4389963584 0.4735265293 0.5964349187 912.3190000000 795.5380000000
-1.4352355687 -0.5249824955 1.1675019298 1195.1400000000 462.0810000000
-1.4342624612 -0.6123427752 1.1633462185 1197.5200000000 426.5580000000
-1.4325717836 -0.1408956502 -2.3193205665 97.4780000000 451.1370000000
-1.4182978185 -0.3175995938 1.1673031784 1189.2300000000 541.1760000000
-1.4120513456 -0.3158340617 1.1631990908 1190.8300000000 540.9640000000
-1.4084299400 -0.6296315668 0.1335289420 798.8330000000 381.5540000000
-1.4074619948 -0.2067590288 0.2001635794 798.2400000000 528.8690000000
-1.4067237753 -0.0992195441 -0.7427159578 491.1420000000 521.3020000000
-1.4033656508 -0.5464140926 -0.0165454872 745.5250000000 404.9550000000
-1.3901886903 0.0352724389 -2.2898588961 82.1591000000 498.8630000000
-1.3669476810 -0.2930679909 1.4322568787 1325.8600000000 565.1070000000
-1.3636798981 -0.2967461826 1.1669598805 1201.8400000000 547.1950000000
-1.3625312698 -0.2957343573 1.1639657034 1200.2900000000 547.1830000000
-1.3407228194 0.0049438252 1.1670657092 1192.1800000000 669.7850000000
-1.3215910602 -0.5224219578 -1.1648252388 375.7330000000 370.2660000000
-1.3124665635 -0.1946579071 1.2094333154 1230.6400000000 592.1850000000
-1.3101977000 -0.1096834188 -2.8778946318 -61.9807000000 435.9420000000
-1.3075700515 -0.1950370835 1.2079517139 1233.9800000000 594.2830000000
-1.3037602192 -0.0199011854 0.0186864271 727.6440000000 586.4200000000
-1.3003659581 0.1162169197 0.3804979627 856.8100000000 660.3970000000
-1.2983371450 -0.1908261348 1.2019865904 1233.9000000000 591.3490000000
-1.2973562938 -0.0233467863 0.0204618967 726.4300000000 586.3340000000
-1.2964477160 0.0153516623 1.1711284978 1204.8000000000 677.4410000000
-1.2964193229 -0.0231568884 0.0205913948 726.4280000000 585.9300000000
-1.2948809353 0.2726146638 -2.0012460343 111.6020000000 579.4720000000
-1.2897159798 -0.1393190611 -2.3218320616 53.9309000000 445.2220000000
-1.2869825026 -0.3576699433 -2.3177021621 64.6733000000 383.8590000000
-1.2861487792 -0.1393242235 -2.3193205665 53.9435000000 445.6740000000
-1.2810354474 -0.4095105064 -2.3125475313 67.0409000000 366.6720000000
-1.2802714160 0.5009645489 0.4909005002 881.4230000000 819.7000000000
-1.2767532579 0.5018215031 0.4903894251 880.8520000000 820.2570000000
-1.2733589968 -0.5240997295 -2.3079581806 71.9885000000 335.9970000000
-1.2607421539 0.5449170040 0.4872145649 878.0140000000 838.3840000000
-1.2594851157 0.5680934836 0.5712915745 912.6670000000 857.1260000000
-1.2581274113 0.0289165236 -2.5013536290 -7.0728900000 486.5590000000
-1.2567955187 -0.5206744941 -2.3185539539 62.3771000000 334.3170000000
-1.2520796897 0.6049037938 0.7069613532 968.7790000000 885.9800000000
-1.2470463748 0.6047153671 0.7032134694 968.6000000000 886.6800000000
-1.2463442919 0.0406237561 -2.2828432294 41.6685000000 497.9090000000
-1.2443851708 0.0391630623 -2.2791521318 41.1302000000 499.7140000000
-1.2389285411 -0.6081999698 0.4841093967 942.8020000000 385.3490000000
-1.2381283731 0.0306309481 -2.4864988969 -6.0552200000 486.8440000000
-1.2378005623 0.1257030407 -2.4712750550 -8.5563400000 514.0700000000
-1.2348631713 0.4927563737 0.4909753546 885.0910000000 822.1210000000
-1.2293626615 0.4974876898 0.5072471585 893.9660000000 826.0760000000
-1.2257360935 0.1230477734 -2.5459978423 -28.9074000000 510.7960000000
-1.2206124370 0.2608676810 -2.1653604955 47.9984000000 566.9760000000
-1.2156410705 -0.6403228441 0.0004609148 749.9880000000 353.3210000000
-1.2153597211 -0.0322083116 -2.4238509032 2.8035400000 470.1820000000
-1.2081220723 -0.5353666115 -2.4407086366 17.4843000000 321.4280000000
-1.2018239756 -0.7019177134 -0.0515870905 734.9500000000 327.6900000000
-1.1957246303 -0.5279895786 -2.6936236799 -40.7427000000 318.3610000000
-1.1949399494 0.2631339634 -2.0690796330 65.6522000000 573.1970000000
-1.1937990647 0.2603437000 -2.2390017654 25.5838000000 565.4700000000
-1.1931692550 -0.6896854674 -0.5135633235 565.6400000000 318.3110000000
-1.1899040533 -0.6898893812 -0.5161161176 564.5240000000 317.3710000000
-1.1859445122 -0.5241461909 -2.6761232309 -39.6364000000 316.7120000000
-1.1826689856 -0.4197733066 -0.1764465992 668.2720000000 425.8780000000
-1.1826225243 0.3131909261 0.7900162126 1034.8000000000 785.7230000000
-1.1809860516 -0.7889811566 -2.6984763118 -33.6616000000 243.2600000000
-1.1741433244 0.0267932390 -2.4024244685 -9.3392600000 485.6180000000
-1.1731727981 -0.8306570046 -2.5642881345 -2.9970100000 231.4350000000
-1.1711723780 -0.4190608989 -0.1769496726 668.8490000000 426.4590000000
-1.1538293814 -0.5302713480 0.3660071779 891.5960000000 404.5470000000
-1.1471260384 0.4179329201 0.7057946566 995.7400000000 829.7320000000
-1.1452933955 0.4168488215 0.7065715939 996.0090000000 828.3090000000
-1.1363340948 0.7107324676 0.7096277195 978.7850000000 957.6990000000
-1.1359649850 -0.3963593578 0.0050338054 739.3710000000 441.5750000000
-1.1358927118 0.1612661212 -1.0041437564 349.8330000000 594.2390000000
-1.1309961997 -0.5561554929 0.5403663710 976.9450000000 397.2460000000
-1.1304825435 -0.3634569650 -0.0135584858 729.6970000000 448.9060000000
-1.1261771233 0.1996759931 0.7065406196 1009.7500000000 735.4690000000
-1.1260583887 -0.3609093332 -0.0120061082 729.1000000000 451.8150000000
-1.1252737078 -0.6379197588 -0.4897157352 564.6660000000 329.4690000000
-1.1233610481 0.2864111092 0.2146654632 782.4760000000 730.2400000000
-1.1207024253 0.1996359847 0.7063702613 1009.9200000000 734.3730000000
-1.1203694522 0.5445788685 0.7028934022 988.9240000000 887.6430000000
-1.1199435563 -0.3619702012 -0.1180913778 689.9220000000 446.1660000000
-1.1191330635 -0.3537465389 -0.0511986218 714.5340000000 456.2340000000
-1.1129795133 0.1975669051 0.6940166995 1009.6400000000 734.3570000000
-1.1082946586 -0.2981709980 -0.0086584117 726.3300000000 477.4420000000
-1.1034497703 -0.2245800612 0.6939057085 1033.7600000000 547.7030000000
-1.0991882303 -0.2155975299 0.5970208481 988.2460000000 547.0610000000
-1.0980654139 0.2916638251 0.1803607114 772.3160000000 734.0840000000
-1.0977376031 -0.4967262396 0.6912599916 1047.3700000000 426.0120000000
-1.0970768192 -0.2961499284 -0.1432971868 674.0500000000 470.9310000000
-1.0965270263 -0.4892020790 0.6890324271 1049.4100000000 429.6750000000
-1.0961398482 0.2357008480 -0.2357976425 605.8870000000 675.5540000000
-1.0956365167 -0.5014033507 0.6875146890 1047.1300000000 426.0180000000
-1.0951538347 -0.2014162295 0.3716883709 881.6880000000 539.2750000000
-1.0949654081 0.2928744019 0.1200301075 745.1290000000 729.4490000000
-1.0946659904 0.2760553863 -0.2130338948 614.0730000000 694.6430000000
-1.0934579948 0.2915838083 0.1192993734 743.8820000000 728.9180000000
-1.0905670652 -0.3139136585 0.4028562059 904.4090000000 492.2490000000
-1.0905619028 -0.3869689989 0.4316080497 922.1580000000 461.8150000000
-1.0904870483 -0.3144892632 0.4019166538 906.1100000000 491.7050000000
-1.0903270147 -0.3139110773 0.4013926728 904.5430000000 491.7130000000
-1.0889822162 -0.2902209415 -0.9826811851 371.8440000000 435.1580000000
-1.0877484088 -0.3128837648 0.4026445485 905.0680000000 491.2160000000
-1.0868708051 -0.2934112888 -0.8623152652 410.7840000000 438.7570000000
-1.0855027759 -0.1987230188 0.1819463347 799.6770000000 529.1060000000
-1.0838301666 0.2950296932 -0.0075763522 692.1080000000 719.8810000000
-1.0836262529 -0.3991289716 0.4777777446 943.2880000000 459.7940000000
-1.0827899482 -0.2341185803 0.0087486758 728.9430000000 502.5040000000
-1.0813444834 -0.5136562462 0.1140572404 790.3160000000 395.0960000000
-1.0809366558 0.1798855149 -0.0204617160 696.1250000000 671.2320000000
-1.0805133411 0.1288355694 0.1235449101 753.5260000000 660.9020000000
-1.0803429828 0.0781232433 -0.2088885082 623.4540000000 616.7140000000
-1.0797854464 0.1302898103 -0.0086059878 701.8370000000 653.5250000000
-1.0793776188 -0.2001651281 0.1844676383 797.9430000000 528.5780000000
-1.0782780330 0.3859416864 -2.0207339974 29.8074000000 617.7580000000
-1.0778134194 -0.0547906019 -0.2099684769 632.1540000000 563.0760000000
-1.0776508046 -0.0549144989 -0.2075955916 631.9930000000 564.0390000000
-1.0774262413 -0.5104349246 0.2442851022 844.0760000000 400.5600000000
-1.0755110004 -0.1923113499 0.0074039805 724.2500000000 519.0000000000
-1.0742746118 -0.2922471734 -0.8518924314 411.0920000000 438.7610000000
-1.0738203228 -0.7232305759 -0.6998192083 487.3160000000 284.7990000000
-1.0724522936 0.1278503303 -0.0048211930 701.5440000000 652.1720000000
-1.0720935086 -0.1912127966 -0.0546612844 698.4840000000 515.9960000000
-1.0720212354 0.1301006092 -0.1162156291 658.2020000000 644.5070000000
-1.0711875119 -0.4810455276 -0.2053321485 655.3020000000 393.9900000000
-1.0708751883 -0.0128748842 -0.9842195727 352.0540000000 536.2430000000
-1.0697523718 -0.0133322963 -0.9832903453 353.1160000000 535.7430000000
-1.0689160672 -0.1932016013 -0.1296321238 672.0140000000 512.9970000000
-1.0688644435 -0.1901085647 -0.0569402145 698.4840000000 515.5150000000
-1.0676280548 -0.2034721451 1.2653779660 1346.0500000000 600.1950000000
-1.0668795105 -0.4786889037 -0.2062058804 655.3030000000 393.7450000000
-1.0668717670 -0.1935165062 -0.1316377062 671.0530000000 512.6370000000
-1.0667039898 -0.0127907375 -0.9804355523 352.6750000000 535.5380000000
-1.0664949136 0.0284046742 -0.9193311085 367.9490000000 553.0080000000
-1.0655734298 -0.5038270855 -0.2133813226 658.5150000000 382.5600000000
-1.0655037378 -0.5226800766 -0.6990938947 477.6360000000 361.0810000000
-1.0650675171 -0.1857610712 -0.2062461469 639.6000000000 510.0000000000
-1.0622178865 0.0263053947 -0.9214838186 367.5210000000 551.7740000000
-1.0584235414 -0.7135407992 -0.7381756496 469.6510000000 286.1610000000
-1.0564411896 0.0092213686 -0.6898919624 446.9850000000 558.6220000000
-1.0560307809 0.0381476233 0.1659909843 780.8130000000 627.3920000000
-1.0529204503 -0.1792051139 -0.4482489634 544.4340000000 501.5340000000
-1.0502515028 0.0921039854 -0.6370111809 458.1450000000 596.2160000000
-1.0482304332 0.0918737435 -0.6370111809 457.9340000000 596.4230000000
-1.0459951252 -0.4854800071 0.3996710209 916.6660000000 415.5000000000
-1.0426602313 -0.6276440527 -0.7551211433 457.6260000000 314.9770000000
-1.0416742178 -0.7204248254 -1.2022808457 315.3700000000 269.6240000000
-1.0414780476 0.0725156141 -0.7263899490 428.8990000000 582.2320000000
-1.0389071852 -0.5035457361 -0.6580375316 486.0750000000 363.3480000000
-1.0383212557 -0.7073098134 -0.9361320558 398.4970000000 279.7850000000
-1.0383212557 0.2806369935 -1.1702405694 269.4280000000 633.7220000000
-1.0362175882 -0.5096708932 -0.7202234928 464.0910000000 361.2890000000
-1.0362072634 -0.4865692681 -0.3551584482 594.8190000000 381.6320000000
-1.0357503933 0.0648401960 -0.4375499426 532.0030000000 599.6380000000
-1.0352548054 -0.4867344641 -0.3516712644 594.3360000000 381.8750000000
-1.0350147549 -0.5044698011 -0.7219270763 462.5760000000 361.0550000000
-1.0348831144 -0.4774421903 -0.2871932089 621.9490000000 384.9200000000
-1.0335615466 -0.1954170343 -0.8013785985 415.3060000000 476.1040000000
-1.0308074199 -0.1932811019 -0.7964924112 415.8140000000 475.7400000000
-1.0306189932 -0.6286042543 -0.7986477025 439.8790000000 311.2190000000
-1.0304770279 0.1607769863 -0.5002882779 499.2450000000 633.9850000000
-1.0303944299 -0.7183572945 -0.9045641367 410.6380000000 276.1240000000
-1.0294497154 -0.2521608205 -0.7127561183 449.3230000000 457.4060000000
-1.0289102473 -0.6579704207 -0.9995569868 374.1470000000 295.6960000000
-1.0273150736 -0.1977148071 -1.1185497152 308.5740000000 460.4480000000
-1.0267962550 -0.5847989269 -0.7990374618 434.3180000000 329.3950000000
-1.0265716917 -0.6569353647 -0.9992111078 374.8120000000 295.7260000000
-1.0259057454 0.1386639558 -0.1963803333 619.8700000000 643.8170000000
-1.0243983321 0.0285763231 -0.2759418141 597.4730000000 593.5050000000
-1.0243776826 0.3058448674 -1.1446997224 268.7080000000 644.1730000000
-1.0235749334 0.0808257462 -0.4361122214 531.4130000000 600.2260000000
-1.0232858405 -0.1988554337 -1.1159427162 308.3500000000 460.6540000000
-1.0216209747 -0.3971827565 -0.5645675819 509.4480000000 407.6740000000
-1.0215306332 -0.1880474868 -0.9621478412 355.5260000000 471.2420000000
-1.0202916633 -0.7022713361 -1.0318244076 362.8220000000 277.6400000000
-1.0200206387 -0.1974244235 -1.0511213629 328.9690000000 463.8650000000
-1.0196876655 -0.3450737500 -1.1630080830 298.4820000000 403.2310000000
-1.0180744236 0.1375958605 -0.1983479723 619.0670000000 642.7990000000
-1.0178834157 -0.1892069561 -1.0231516187 334.1780000000 468.1130000000
-1.0130359462 0.0879413049 -0.4560028497 522.1880000000 604.3360000000
-1.0129301175 -0.4826613507 -1.1610437996 306.5480000000 353.7410000000
-1.0121635050 -0.2701496301 -0.4535042605 541.8860000000 461.6990000000
-1.0119337793 0.2181469685 -0.5444265784 480.2430000000 651.2880000000
-1.0097784880 0.0829784563 -1.1463387763 278.2130000000 560.0610000000
-1.0094945574 -0.5456681295 -1.1612477133 308.8860000000 332.5770000000
-1.0093112931 0.1993386319 1.1378802259 1271.1200000000 795.8070000000
-1.0063351843 0.2435030025 -0.4200727243 523.5440000000 674.5610000000
-1.0053878886 -0.5153959664 -1.0872373337 329.1070000000 344.3330000000
-1.0042779782 -0.5516719708 -0.9005865273 395.3890000000 333.6150000000
-0.9960517347 0.2421042572 -0.4119729590 523.8600000000 673.1160000000
-0.9927013537 -0.7061043990 -1.1555407085 317.0710000000 269.5910000000
-0.9919347411 0.1326386906 -0.1965589515 619.0660000000 643.0440000000
-0.9906622159 -0.2609193048 -0.2871596535 604.7520000000 472.7370000000
-0.9883055920 -0.2605398703 -0.2874306782 604.9530000000 472.9380000000
-0.9875054239 -0.5464553915 -0.8988984309 395.4560000000 334.0270000000
-0.9864161630 0.2400418886 -0.4140095156 523.8570000000 673.3640000000
-0.9864006758 -0.7096303007 -1.1832678211 306.5090000000 266.7250000000
-0.9861812749 0.2112435834 -0.5442794508 475.6810000000 653.9040000000
-0.9843176578 -0.5366494615 -1.1384584118 309.6130000000 330.5270000000
-0.9841756925 0.2897460030 -2.0176752906 1.4062100000 586.4050000000
-0.9824101605 -0.5291407880 -0.9080590641 388.7150000000 340.3920000000
-0.9813338054 0.1844193701 -0.3939072300 532.6940000000 651.2850000000
-0.9800509554 -0.6532236175 -1.1453269509 314.6000000000 286.0990000000
-0.9786390460 -0.6536314451 -1.1449965589 314.1380000000 286.0730000000
-0.9725345384 0.1771076412 -0.6825381602 419.8420000000 626.3710000000
-0.9624188659 -0.0451862625 -0.5253025627 492.5720000000 547.4620000000
-0.9571042015 0.1148452769 -0.3416356087 556.1620000000 627.2280000000
-0.9456979354 0.1129788204 -0.3336571591 556.6480000000 627.2240000000
-0.9430264067 0.1137924106 -0.3345218568 555.3460000000 627.8440000000
-0.9191091264 0.2239492191 -0.6729335627 413.8370000000 652.6470000000
-0.9057334145 0.2014379115 -0.6616950738 414.0670000000 642.8580000000
-0.8552608806 0.3858590884 -2.0130549656 -55.9417000000 624.2530000000
-0.8235200220 0.3171349801 -2.0200887006 -69.8090000000 598.7580000000
-0.7666771183 0.2115504865 0.8402667644 1173.0800000000 813.5070000000
-0.7128825965 0.9127774743 -1.7249015550 -76.4211000000 876.5510000000
-0.6534972234 0.2522426441 -1.1454172924 145.5040000000 644.2350000000
-0.6524931416 0.5221560956 0.8693644873 1212.4500000000 1052.9400000000
-0.6479347650 0.5276695113 0.9791552835 1296.4700000000 1085.3300000000
-0.5030707976 0.4429523673 0.1247923978 719.2370000000 925.6070000000
-0.4955388935 0.4655790540 0.1912352529 760.6370000000 958.5320000000
-0.4635941211 0.4774318655 -1.2792570094 -27.2350000000 761.7210000000

gimbalangles:
0.4661825254 -0.2622825885 -1.5038044501

end: