T_CW:
-0.9919168765 0.1080897772 -0.0664643524 0.9901295490
0.1089944471 0.9939907552 -0.0101286219 0.0258735464
0.0649701514 -0.0172909964 -0.9977373907 -0.2675200403
0.0000000000 0.0000000000 0.0000000000 1.0000000000


target_points_pix:
-0.6093434357 0.2111927340 -2.5309004785 1189.3600000000 563.5550000000
-0.5114828866 -0.3286522372 -2.5513408997 1138.8100000000 408.1220000000
-0.4741098776 -0.2513652986 -2.4721268468 1145.5700000000 426.1260000000
-0.4381048978 -0.3331899643 -2.5403166493 1116.9100000000 407.3980000000
-0.4088523037 -0.3263240064 -2.4803195348 1116.8700000000 408.4480000000
-0.3646881913 -0.3573576197 -2.5961580525 1082.2600000000 403.8450000000
-0.3332390068 0.3846381869 -1.7106947008 1353.1100000000 689.6380000000
-0.3296847121 0.4396174735 -1.6986276508 1357.3900000000 715.0850000000
-0.3284870412 0.1803070227 -1.7536766295 1320.8400000000 589.2790000000
-0.3248682168 0.1816146521 -1.7458065899 1320.2900000000 589.9600000000
-0.2896427556 0.4139553107 -1.7105501543 1332.2800000000 704.2830000000
-0.2815275031 -0.6953847287 -2.9464251511 1002.5200000000 337.3710000000
-0.2630952456 0.3149771076 -1.6681231809 1332.7500000000 663.4930000000
-0.2627493665 0.3137045823 -1.6693492448 1331.8500000000 662.0570000000
-0.2625893329 -0.6852767998 -2.8787464235 1001.6700000000 337.6660000000
-0.2524795971 -0.8570548057 -3.0006300816 983.4810000000 301.7640000000
-0.2278540390 0.0682246486 -1.9350514894 1202.3000000000 540.4110000000
-0.2258719454 0.0708004153 -1.9418838918 1201.2800000000 540.5340000000
-0.2242460556 0.2557602860 -1.7169076183 1289.5500000000 630.6030000000
-0.2097583683 0.2731231577 -1.7070500645 1284.2200000000 642.1600000000
-0.2054325567 0.1373080582 -1.8941112797 1209.5000000000 569.2610000000
-0.1817480995 0.0454325078 -2.0534453823 1150.4600000000 532.6640000000
-0.1790954135 0.2128805723 -1.7774777564 1240.5300000000 610.7410000000
-0.1766902633 -0.5051770464 -2.5142673084 1032.2300000000 364.6860000000
-0.1691240293 -0.4001124039 -2.7037161217 1006.9700000000 405.2760000000
-0.1467438460 0.0691231599 -2.0399870725 1139.7700000000 541.7430000000
-0.1411478322 0.3405334417 -1.8756454667 1194.2300000000 658.7290000000
-0.1361041925 0.0957932763 -2.4330425107 1057.7700000000 544.3220000000
-0.1295180353 -0.8612079359 -2.9888856799 952.1420000000 307.1280000000
-0.1273294467 0.4848940776 -1.8259860068 1213.1200000000 725.9680000000
-0.1258793358 0.4376506089 -1.8278367180 1209.3400000000 706.1670000000
-0.1254913833 0.4367007320 -1.8262802622 1210.4100000000 706.2280000000
-0.1250115406 0.4811436127 -1.8201860793 1213.1900000000 724.6320000000
-0.1216059223 0.3858771567 -1.8432877044 1198.7800000000 680.9250000000
-0.1110576428 -0.3293775508 -2.5499031785 1014.9000000000 421.6320000000
-0.1093643840 0.4384456145 -1.8656846654 1190.6500000000 703.4510000000
-0.1073399589 0.4373640971 -1.8633693406 1190.2400000000 702.7880000000
-0.1009208046 -0.3626077544 -2.6653338686 994.2490000000 415.7420000000
-0.0919787979 0.8069229886 -1.5385604910 1333.5400000000 948.6230000000
-0.0906838163 0.4588989417 -1.8932491632 1173.4500000000 707.5210000000
-0.0884892909 0.1524493021 -2.0348376041 1122.5700000000 575.7400000000
-0.0874397802 0.7965595221 -1.7359438737 1244.0100000000 886.3120000000
-0.0732324098 0.4392225519 -1.9243602121 1157.1600000000 697.5190000000
-0.0715889680 -1.5876107908 -3.0580873079 911.4110000000 142.1130000000
-0.0690805703 -1.6017298846 -3.0790723596 910.1370000000 141.7470000000
-0.0621725391 0.5165084580 -1.8828237482 1167.5200000000 734.5780000000
-0.0511371896 0.4743938082 -1.9773029421 1136.6700000000 708.5060000000
-0.0511217024 0.8015205638 -1.6249734750 1271.8500000000 922.2960000000
-0.0500755473 0.4416101500 -1.9719340728 1134.8200000000 693.8130000000
-0.0474486731 0.7982295502 -1.6160451486 1271.9500000000 923.4820000000
-0.0349340452 0.2233749050 -2.0535331427 1098.7600000000 601.0060000000
-0.0324912097 -0.4076727011 -2.8181659607 956.2920000000 412.7840000000
-0.0222452647 0.2140550124 -2.0617851981 1090.6000000000 600.7830000000
-0.0185128680 0.5709069776 -1.9870520860 1126.1000000000 744.8780000000
-0.0116033139 -0.2364868195 -2.9735276163 941.3560000000 462.2290000000
-0.0058861650 -0.2025929927 -2.4522258937 1000.3400000000 457.7500000000
-0.0039118924 0.2861452470 -2.0981308946 1080.3500000000 624.3310000000
0.0018812828 0.3935045648 -2.1402816810 1073.3800000000 661.1130000000
0.0048291173 -0.0825685638 -2.5071019329 993.1560000000 496.3760000000
0.0151875246 -0.0796786667 -2.5167942907 990.8670000000 497.6360000000
0.0215754466 -0.6491143676 -2.9493160807 927.7490000000 357.2780000000
0.0219989162 0.8360697541 -1.6706888809 1217.0500000000 925.2420000000
0.0272018410 -0.2043639452 -2.4669386605 987.9660000000 458.7370000000
0.0342115709 0.8108257436 -1.5005060486 1281.6300000000 970.2510000000
0.0405496760 -0.2639934987 -2.4324927178 985.8750000000 441.2570000000
0.0573090662 0.8272188633 -1.7206219467 1182.0100000000 908.7920000000
0.0610512713 0.8255720658 -1.7182266050 1181.8800000000 909.0250000000
0.0624657619 0.5186637493 -1.8418809574 1126.9100000000 746.7960000000
0.0627520156 0.5193916441 -1.8449086899 1126.4400000000 745.4490000000
0.0728235498 -0.8348746644 -2.9875176507 902.3300000000 316.8610000000
0.1182498627 -0.7085926634 -2.9520779509 897.3370000000 348.8330000000
0.1375581752 0.6993571758 -1.9445657453 1075.7300000000 808.8410000000
0.1480437318 0.9272760026 -1.6025739328 1182.4500000000 996.2000000000
0.1519735893 0.7210933529 -1.9295922785 1076.8600000000 819.1860000000
0.1611158961 0.1199808068 -2.4427271249 961.8730000000 562.1380000000
0.1636150015 0.7054255468 -1.8875473207 1076.5700000000 818.6960000000
0.1642788829 0.9205649160 -1.8739160713 1094.3000000000 912.9480000000
0.1695509577 -0.9092128548 -3.0204019753 874.7710000000 306.0930000000
0.1747572122 0.7967763418 -1.8186038115 1094.1400000000 874.2930000000
0.1748121915 0.7966188894 -1.8176978148 1096.6100000000 873.8270000000
0.1781726390 0.7038561850 -2.0066897580 1045.8700000000 798.2200000000
0.1851095796 -0.4592628891 -3.0209698364 882.6650000000 413.7570000000
0.1898543178 -0.6061040458 -2.9161220137 884.5830000000 373.2790000000
0.1928242318 -0.6043746504 -2.9105208376 885.0180000000 373.0600000000
0.1972837488 0.6398169314 -1.9780695547 1041.8700000000 777.3420000000
0.2152645568 0.9308070666 -1.4463243488 1207.0200000000 1065.3800000000
0.2227376098 -0.7609675322 -3.0835120015 861.1040000000 345.5580000000
0.2268344701 -0.1884106598 -2.5986359922 914.4510000000 474.3340000000
0.2341831100 0.1854435852 -2.4466685977 941.0800000000 583.6910000000
0.2356205731 -0.4233482508 -2.9137731334 878.3240000000 417.9500000000
0.2391167911 0.5098102773 -2.4180329073 952.2520000000 685.6620000000
0.2391738354 0.5085377521 -2.4120342283 952.8730000000 685.0680000000
0.2400576338 0.5053912849 -2.3993218815 952.3340000000 685.0470000000
0.2442543861 -0.0623875519 -2.5237041287 920.6100000000 509.8720000000
0.2730018419 -0.1741550212 -2.5426990851 906.9630000000 474.3810000000
0.2749841936 0.7196427257 -2.0734366769 997.1260000000 797.4670000000
0.2799426542 0.9354119045 -1.6697338417 1094.5700000000 984.6270000000
0.2810757954 0.7153140748 -2.0520463789 997.1060000000 797.1920000000
0.2852857116 0.9260215456 -1.6486997474 1095.1000000000 984.0730000000
0.3154391401 0.6457923797 -2.1058305759 974.2080000000 766.2000000000
0.3158082499 0.6438435834 -2.0990833526 974.2080000000 766.2000000000
0.3199949355 0.2371189523 -2.4344053775 916.6470000000 603.0010000000
0.3316257648 0.4503758616 -2.3848414215 924.7300000000 672.5010000000
0.3861946427 0.7176990918 -2.1120718865 951.2920000000 794.4650000000
0.3881769945 0.7155205698 -2.0989852675 950.4540000000 794.1420000000
0.3888093853 -0.0840119637 -2.5178835517 875.4890000000 507.0230000000
0.3955824205 -0.0479907224 -2.5041516359 876.5670000000 519.2700000000
0.3962277172 0.6468868030 -2.1278119658 940.0840000000 765.3660000000
0.4052799406 0.1708216761 -2.4315041231 887.0340000000 585.1220000000
0.4633282588 0.7349594904 -2.2095968812 909.1670000000 787.9800000000
0.4716267756 0.7102239737 -2.2369497216 902.7190000000 774.5000000000
0.4761774086 0.4745977220 -2.1287334496 906.6840000000 706.4260000000
0.4763658352 0.4674555771 -2.0983838509 906.2720000000 707.0540000000
0.4980271579 0.0374346994 -2.4712234312 851.3450000000 546.6780000000
0.5089688103 0.9344026604 -2.0926303847 914.3720000000 878.2290000000
0.5107885473 0.9378666135 -2.0997931791 914.5840000000 878.0070000000
0.5226181281 0.9158232751 -2.0749802269 913.5130000000 878.2170000000
0.5254264597 -0.1985580809 -2.5210067881 835.4750000000 478.2730000000
0.5471394061 -0.2023397783 -2.4771111192 828.8890000000 476.2550000000
0.5796391338 0.3258748798 -2.3911137063 840.0140000000 639.8280000000
0.5842052539 -0.8817954847 -3.0803371413 772.6530000000 327.9310000000
0.5855371464 -0.8754096277 -3.0566676549 772.6530000000 327.9310000000
0.5855965137 0.9425282376 -2.1323161374 883.8990000000 875.0430000000
0.5872226617 0.2510847235 -2.4220827900 835.3850000000 616.0100000000
0.5915693809 0.2001044702 -2.4366406856 832.0030000000 599.5450000000
0.6074901433 -1.0139600112 -3.0884678808 764.5030000000 299.0810000000
0.6141289567 -1.0135237906 -3.0891648014 764.2500000000 299.3390000000
0.6229075742 -1.0009198537 -3.0601264458 764.4950000000 299.5040000000
0.6951911397 0.9471330755 -2.4216439881 824.7840000000 830.2750000000
0.6963139561 0.9406491333 -2.4132448051 824.7660000000 829.8190000000
0.7353260189 -0.2158489375 -2.4364445154 773.2060000000 476.7420000000
0.7373729004 -0.3938943240 -2.4350919733 766.9490000000 424.3390000000
0.7413427662 -0.2135836877 -2.4062368819 774.0830000000 477.8990000000
0.7431779903 -0.4536668753 -2.4047062380 764.2610000000 404.6600000000
0.7443679176 -0.4509514664 -2.3974505208 764.2570000000 405.1490000000
0.7461128001 -0.5356453797 -2.4090632819 760.8240000000 381.4260000000
0.7497496928 -0.9620239442 -2.4056148158 744.6740000000 252.8550000000
0.7686026839 -0.6470081188 -2.4322500862 748.7010000000 349.2320000000
0.7720253381 -0.4838306285 -2.4013455323 754.9480000000 398.0260000000
0.7733314188 -0.5645546760 -2.3993915736 752.3460000000 372.9110000000
0.7802593251 -0.2041386076 -2.4972134048 757.7180000000 485.9040000000
0.7857314419 0.1558652452 -2.4059736009 770.2620000000 593.5750000000
0.7903388610 -0.9277225480 -2.6297392975 727.4130000000 285.6030000000
0.7904111343 -1.3287590169 -2.1366835061 723.4870000000 92.5094000000
0.7963168905 -0.9704489392 -2.4030439534 726.3980000000 252.3060000000
0.8035209839 -1.3510862859 -2.1426976722 719.4800000000 89.2165000000
0.8037816838 -0.7483868260 -2.4231617262 735.7960000000 321.8700000000
0.8043469638 -1.3437092530 -2.1343785060 719.6850000000 89.6959000000
0.8068662024 -1.3422250704 -2.1306667588 720.1940000000 89.9748000000
0.8086601275 0.7212843607 -2.4446655965 779.2770000000 761.6550000000
0.8095790302 -0.9976727202 -2.4729838009 726.1010000000 252.3100000000
0.8110012643 -0.9675451036 -2.4125272351 726.8750000000 253.5950000000
0.8196766344 -0.1909433207 -2.3508471865 751.6330000000 488.3260000000
0.8603690500 0.9075299208 -2.3092255435 774.8110000000 837.7650000000
0.8655030313 0.7526638531 -2.3736493940 765.9600000000 781.3930000000
0.8765582560 0.6446463326 -2.4433130544 757.3310000000 740.4480000000
0.8783573434 0.6443133594 -2.4457342080 757.5800000000 740.4530000000
0.8784993087 0.6501520048 -2.4567662019 757.7990000000 741.1000000000
0.8816483570 0.4923201531 -2.4470196392 750.0450000000 696.3930000000
0.8819348688 0.4936546269 -2.4549851828 751.8610000000 695.8670000000
0.8850426182 0.8168192602 -2.3585417055 762.7260000000 803.3970000000
0.9030180056 0.5500664724 -2.4439402829 746.9910000000 713.2510000000
0.9053720483 0.2622253855 -2.4607179995 738.6500000000 626.6170000000
0.9054598087 0.8947504631 -2.3235846877 759.9200000000 833.6360000000
0.9059760461 0.8593159257 -2.3299550576 758.1130000000 820.7150000000
0.9135853859 -0.4078069229 -2.3119254652 713.2820000000 421.6250000000
0.9185386840 -0.5300596907 -2.3275674595 708.4260000000 384.1110000000
0.9197337737 -1.2799900666 -2.1173865508 679.9670000000 111.3250000000
0.9240366127 -0.2633094841 -2.3137374586 715.1490000000 467.9140000000
0.9418416418 0.3616294845 -2.4520761848 729.9360000000 657.7770000000
0.9473473140 -0.6714338930 -2.3309100968 695.3250000000 341.2920000000
0.9505221742 0.8165224236 -2.3513763299 742.4930000000 807.3590000000
0.9513868719 -1.0934967126 -2.0245231801 675.0390000000 162.7330000000
0.9518385797 0.7827579143 -2.3880214441 742.3700000000 790.9650000000
0.9519960321 -0.5560625702 -2.3201310592 697.3570000000 377.0290000000
0.9620833115 -0.1226962157 -2.3247513843 707.1170000000 515.5330000000
0.9622743194 -0.1152848530 -2.3320303321 706.8280000000 514.9560000000
0.9634384348 0.8771364419 -2.3194625318 740.8930000000 830.8850000000
0.9638849802 -0.1195611058 -2.3353523200 708.0800000000 514.8130000000
0.9758513639 -0.7708044365 -2.2923006992 679.5720000000 307.9060000000
0.9774052386 0.4426323001 -2.4462710949 722.4830000000 682.2140000000
0.9814757707 0.4957918498 -2.4423554340 722.2240000000 700.2920000000
0.9824514595 0.4985640449 -2.4509301377 722.4450000000 701.7620000000
0.9967331681 0.2978999733 -2.4464027354 712.1400000000 639.5600000000
0.9969861244 0.2869944575 -2.4484754287 711.8930000000 639.0670000000
0.9971022778 0.2990176274 -2.4431917386 712.4740000000 638.7760000000
1.0146027268 0.8413637689 -2.3491797396 724.0770000000 817.2610000000
1.0166315399 0.6689353038 -2.4279188541 715.3420000000 754.5990000000
1.0178033989 -0.6266915946 -2.3176040770 674.2210000000 356.6380000000
1.0204878336 0.6748255729 -2.4502900033 716.7150000000 754.3760000000
1.0333550516 -0.2659500386 -2.3219843516 682.8300000000 471.5690000000
1.0418781316 0.7665145035 -2.4008783374 714.8860000000 787.8390000000
1.0427247610 -0.2603875802 -2.3062442723 677.0200000000 471.9750000000
1.0447613177 -0.3157798568 -2.3082059745 675.6340000000 454.7330000000
1.0461293469 0.9334605270 -2.3140962436 717.0990000000 850.8770000000
1.0513691568 0.6680860932 -2.4397639221 707.0160000000 752.0190000000
1.0612576849 0.8140496463 -2.3760421545 709.1200000000 806.7570000000
1.0612783344 0.7983870026 -2.3638176520 707.0010000000 801.6520000000
1.1040744176 -0.1120095846 -2.3330395763 665.0030000000 521.0030000000
1.1042551007 -0.1189694977 -2.3281843632 665.2830000000 521.2830000000
1.1045674243 -0.1200215896 -2.3272164180 666.0030000000 520.8030000000
1.1187484666 -0.3595619535 -2.3066314504 651.0010000000 443.9040000000
1.1399193638 -1.0728497964 -2.0043434589 604.3570000000 177.9490000000
1.1489018951 -0.6482909688 -2.3127695134 632.2360000000 355.0100000000
1.1491393643 -0.6492976318 -2.3153636065 630.5390000000 354.5620000000
1.2023427942 -0.3577680285 -2.2996545014 624.9600000000 447.9070000000
1.2142007681 0.3094430423 -2.3093726711 644.9540000000 658.4170000000
1.2161521456 0.3101296381 -2.3250224089 646.2390000000 656.2700000000
1.2174659698 -0.3853505945 -2.3100618481 618.9330000000 439.8590000000
1.2548854402 -0.0682212931 -2.3300815358 620.3290000000 539.1620000000
1.2552751995 0.5654400232 -2.3306313286 639.3760000000 739.3810000000
1.2562792813 -0.0597493205 -2.3371101084 619.9740000000 542.0320000000
1.2976531304 -0.2148002012 -2.3150848383 598.9450000000 496.9900000000
1.3003866076 -0.2171410798 -2.3249940159 598.9850000000 495.3480000000
1.3027354879 0.1267592625 -2.3134612716 610.6240000000 604.0410000000
1.3096608131 -0.7811291852 -2.3226012554 577.8690000000 320.0850000000
1.3181813119 -0.6658688535 -2.3907652461 582.3150000000 361.5390000000
1.3186175325 -0.5002314918 -2.3362118553 583.6880000000 407.2500000000
1.3207573367 -0.4018547053 -2.3461055457 587.7910000000 438.9760000000
1.3223938094 -0.4725430970 -2.3512266210 584.3260000000 418.6220000000
1.3245052205 -0.7057662635 -2.3570884971 576.1000000000 347.0650000000
1.3471680438 0.9422391446 -2.0919360454 613.0350000000 904.4420000000
1.3508901157 0.9443402310 -2.0921993265 613.4990000000 903.8660000000
1.3521445726 0.9490870342 -2.0871118066 612.8360000000 906.4940000000
1.3553271764 0.1280813465 -2.2958136949 591.6840000000 606.5460000000
1.3576760567 0.0830951260 -2.3011051286 590.7350000000 593.3920000000
1.3597874678 0.5046479030 -2.0795953895 592.5910000000 751.0300000000
1.3635869754 0.7318852964 -2.0851578479 601.3880000000 831.1610000000
1.3644232800 0.5063902043 -2.0850933182 591.3400000000 752.5490000000
1.3695391930 0.7388596642 -2.0941171485 600.3950000000 830.3600000000
1.3904390655 0.8246144454 -2.0889470306 597.4700000000 863.2770000000
1.3992099394 0.6847579811 -2.0872331224 587.6650000000 814.5940000000
1.4013342565 0.3637460579 -2.0886811684 572.2440000000 701.8210000000
1.4045891335 0.7494735058 -2.0852843260 587.7460000000 837.8740000000
1.4075497552 0.2305562839 -2.2962628215 581.7290000000 638.8150000000
1.4111737420 0.1833006836 -2.2638482731 573.0550000000 628.2840000000
1.4300525449 0.3219101763 -2.2749964204 575.0170000000 671.7760000000
1.4382581389 -2.5177002874 -3.0095351773 533.6460000000 -27.2914000000
1.4546512586 0.9509971127 -2.0881959052 578.9240000000 908.7180000000
1.4819911931 -0.4276201156 -2.3196793515 534.8540000000 437.2670000000
1.4845517307 0.1296274776 -2.3130379569 554.8320000000 611.6540000000
1.4940840550 -0.7183159955 -2.3675293992 527.1140000000 351.6320000000
1.5002298616 -1.3537113533 -2.1496875270 485.7340000000 123.0230000000
1.5030123814 -1.3588814712 -2.1563882889 485.2680000000 122.2910000000
1.5030407744 0.3452750826 -2.2056941262 544.1880000000 689.2420000000
1.5188660329 -0.3402598359 -2.3040012206 526.1620000000 465.7280000000
1.5198675336 -0.3910369499 -2.3162954151 525.0580000000 448.5670000000
1.5273168397 0.3584442995 -2.2352667876 544.1220000000 690.2720000000
1.5367149422 -1.2806250386 -2.3256212443 491.2670000000 180.1040000000
1.5454625855 0.7553405442 -2.0869001492 539.8380000000 843.8600000000
1.5515335377 -0.3336055354 -2.3038695801 515.9210000000 467.7040000000
1.5606348037 0.6271716954 -2.0880952389 529.6830000000 798.7850000000
1.5613678608 0.5714980694 -2.0865207147 526.7540000000 780.4680000000
1.5614633648 -0.2953368545 -2.2933615671 513.9620000000 480.8080000000
1.5951530197 0.3934890777 -2.0794740737 507.3620000000 719.4500000000
1.6010639383 0.6855220125 -2.0771071251 515.3580000000 821.7480000000
1.6015285520 -0.2926808129 -2.3018485105 501.2170000000 482.1850000000
1.6069387203 -1.2580757875 -2.3479640005 475.1350000000 189.8800000000
1.6096567104 -0.3943382882 -2.3152861709 497.8070000000 450.4300000000
1.6210784636 0.7771335075 -2.0946591978 516.2790000000 850.3350000000
1.6460333811 0.6347681293 -2.0903434529 501.8290000000 804.4450000000
1.6462682691 0.6970805687 -2.1100766288 506.7590000000 823.0130000000
1.6472387955 -1.1638753619 -2.3499824888 464.7590000000 220.3900000000
1.6487410464 -1.2357562621 -2.3489293645 461.8630000000 199.8720000000
1.6531006716 -0.4223209383 -2.3165070725 482.6980000000 444.4270000000
1.6686987856 0.3852266975 -2.0849978143 483.7310000000 718.7810000000
1.6752291891 0.7033322040 -2.0855476071 492.4880000000 828.3950000000
1.6993271525 0.5505465732 -2.0824501825 479.3880000000 777.3260000000
1.7014127518 0.5521882082 -2.0861103059 480.1270000000 778.0910000000
1.7127028644 0.4681628224 -2.0769729034 468.6820000000 748.4560000000
1.7165952947 0.8360439422 -2.0672134347 479.6590000000 879.7190000000
1.7187092870 -0.4796000627 -2.2496543248 454.5780000000 425.5920000000
1.7217550878 0.2987595086 -2.3665046679 490.7270000000 667.0730000000
1.7286313704 -1.1577734354 -2.3191037467 438.1870000000 223.9200000000
1.7307298756 0.8467507065 -2.0928859223 481.8450000000 879.3820000000
1.7335046518 -0.6967346896 -2.2628416101 443.8910000000 359.3650000000
1.7398776029 -1.2305809818 -2.3286567205 433.9470000000 203.4410000000
1.7844392182 0.0920422951 -2.3293588034 463.7080000000 607.8010000000
1.8122747406 0.6753263232 -2.0826257033 443.6070000000 823.7040000000
1.8237352116 0.6767795316 -2.0932111518 444.2660000000 823.0180000000
1.8256556149 -0.8473960033 -2.2451449909 407.6770000000 314.4720000000
1.8266313036 -0.6725179916 -2.2543624102 415.3620000000 370.1560000000
1.8295506263 -0.9251671727 -2.2729211460 409.6290000000 292.6780000000
1.8304669477 0.8579504777 -2.0806381891 446.0940000000 887.6730000000
1.8449861256 -0.2104999434 -2.2768961742 429.2260000000 515.7060000000
1.8451100225 0.2856574026 -2.2549147843 442.2990000000 673.6040000000
1.8530678226 -0.5310818408 -2.2660629317 413.1080000000 415.7550000000
1.8560155383 -0.2481419121 -2.2918464103 423.8880000000 505.1840000000
1.8574300289 -0.3452363648 -2.2927265951 421.2510000000 475.3640000000
1.8643527729 0.9253891548 -2.0754474218 435.1410000000 913.1110000000
1.8646367035 -0.8461286404 -2.2412370735 396.3620000000 315.7670000000
1.8651477785 -1.4942802252 -2.3660426354 394.8850000000 136.7370000000
1.8662086464 -0.8449361320 -2.2409660488 397.2270000000 315.5840000000
1.8695796769 0.4721739873 -2.0728223544 415.8340000000 753.7640000000
1.8712910040 -0.2260779242 -2.2907210127 418.5200000000 515.1360000000
1.8777981768 -1.3228403547 -2.3784245902 396.4650000000 188.6300000000
1.8784692855 0.0943269038 -2.3067889028 431.2850000000 613.0260000000
1.8824701256 -0.7005522654 -2.2479842967 397.8910000000 362.3780000000
1.8849145098 -0.5074175168 -2.2753035817 406.7820000000 422.9680000000
1.8852603889 -0.5078072761 -2.2751719412 405.5630000000 424.1380000000
1.8861405737 -0.8930959221 -2.2482398343 389.2890000000 302.6390000000
1.8880403275 -0.5069787150 -2.2754248975 406.5910000000 423.9060000000
1.8972267726 0.0813961886 -2.3907988015 439.6640000000 605.1630000000
1.8981043763 -1.4531722384 -2.3646823497 386.2940000000 149.3920000000
1.8983134524 -1.4562102957 -2.3678159110 387.3610000000 149.1810000000
1.9133049875 0.6994191242 -2.0790972204 410.5150000000 834.6600000000
1.9134624399 0.6782120905 -2.0779021307 409.5780000000 827.5700000000
1.9162346349 -0.6555131305 -2.2535828917 388.5350000000 377.8490000000
1.9168463763 0.7208352342 -2.0812783236 411.4010000000 842.6140000000
1.9169754356 0.6326773677 -2.0790042977 410.0590000000 813.6770000000
1.9193320595 -0.6203341306 -2.2525917158 388.8250000000 389.3470000000
1.9279067633 -0.8563888594 -2.2335141615 375.5700000000 315.1300000000
1.9279712930 -0.2795425702 -2.2881475691 401.5700000000 496.5750000000
1.9549395365 -0.6982601712 -2.2477442463 375.0760000000 365.9410000000
1.9650164912 0.3425699984 -2.0773084577 380.3620000000 712.9360000000
1.9666013401 -0.6541476825 -2.2510584907 373.3280000000 381.6510000000
1.9672776111 -0.6634786741 -2.2486631490 373.0860000000 380.8060000000
1.9720528074 -0.8851768399 -2.2408731261 362.9560000000 306.9470000000
1.9758445714 0.9572100302 -1.9422426768 374.7400000000 959.4720000000
1.9769338323 -0.2371948392 -2.2890019420 387.8480000000 512.5750000000
1.9911251994 -1.0206917474 -2.3633711067 374.2950000000 278.6570000000
2.0044957489 -0.4691075369 -2.2727094886 369.0730000000 440.7250000000
2.0111319811 -0.4712654094 -2.2757088281 367.6440000000 440.2570000000
2.0235242607 0.2595590191 -2.2163105490 379.7260000000 672.3250000000
2.0241024466 -1.0201445357 -2.3738920256 364.1590000000 284.4630000000
2.0294558288 0.2569943516 -2.2228357902 379.9640000000 673.0820000000
2.0345536735 -1.1310220116 -2.3848956264 359.1520000000 252.1530000000
2.0347059635 -0.4879682715 -2.2650665934 359.7700000000 436.8570000000
2.0355861483 -0.4861304663 -2.2617394432 360.2080000000 436.6550000000
2.0356326097 -0.4876585291 -2.2676322935 360.3000000000 436.8650000000
2.0366418539 -0.5883274098 -2.2518767270 354.0580000000 405.2730000000
2.0373078002 -0.5831185741 -2.2479507413 352.5080000000 405.4480000000
2.0377027218 -0.1144124118 -2.2812738676 372.5750000000 554.4730000000
2.0403432763 -0.1094944759 -2.2740594495 371.6560000000 554.4410000000
2.0534505447 -0.6944296895 -2.2348073363 341.9270000000 370.2340000000
2.0623917771 0.9280839142 -2.2138016351 386.2460000000 889.4030000000
2.0674302544 -0.5652619212 -2.2484076114 345.4260000000 411.0720000000
2.0777111229 -0.6540934776 -2.2441409090 339.5560000000 383.6910000000
2.0823185420 -0.6611556057 -2.2389320733 338.2620000000 383.6550000000
2.0836220415 -0.6615402026 -2.2377886074 337.1450000000 382.3570000000
2.0954154857 -1.0897694783 -2.3672067508 339.5030000000 264.3680000000
2.1019923506 0.9649819847 -2.1825744327 376.6760000000 909.7950000000
2.1088789579 -1.0625173042 -2.3563296281 337.9140000000 272.6610000000
2.1182512485 -0.9948256708 -2.3508988103 332.9540000000 292.3970000000
2.1268491830 -1.0041592436 -2.3397300134 329.3510000000 286.9290000000
2.1277913163 -0.2435992808 -2.2743562860 340.3540000000 513.8860000000
2.1287231249 -0.2389786976 -2.2658332060 340.0850000000 514.3840000000
2.1447652031 -1.0599103052 -2.3502018897 323.0640000000 273.2480000000
2.1575859598 0.9323118988 -1.9554299621 311.7860000000 947.9700000000
2.1710907310 0.2887057846 -2.2546024606 342.8370000000 682.1120000000
2.1775282118 0.9483952760 -2.0036723502 314.7890000000 946.0340000000
2.1834133186 -1.1191124140 -2.3748857826 314.4280000000 261.2890000000
2.1975272500 -1.1282085176 -2.3412503326 306.5190000000 253.6050000000
2.1976021044 -0.9654362737 -2.3351019448 308.6680000000 300.6420000000
2.1996644730 -1.1324339210 -2.3468437652 306.0100000000 254.3790000000
2.2010867071 0.9304018203 -1.9343339193 292.7580000000 954.0030000000
2.2075448374 -0.2303167497 -2.2480746383 314.1130000000 521.9530000000
2.2095581634 -0.6245079103 -2.2305432151 296.0730000000 397.7340000000
2.2096304366 -0.4168178473 -2.1972097640 296.3710000000 462.9720000000
2.2122838970 -1.1525697621 -2.3451995490 300.5740000000 247.8700000000
2.2129730740 -1.1523606859 -2.3498043869 300.5560000000 247.6000000000
2.2135073797 -0.9498020230 -2.3343301698 306.9800000000 306.5340000000
2.2192866578 0.9592259373 -2.0908880834 319.9370000000 931.9440000000
2.2250710983 0.9622278580 -2.0943004128 319.2250000000 932.3610000000
2.2412783725 0.9431477225 -2.2825438117 346.2880000000 888.1160000000
2.2456973649 0.9456850295 -2.0691415815 307.7630000000 931.3400000000
2.2511049520 0.9454578850 -2.2909739690 346.9090000000 887.8290000000
2.2786746122 -0.2335003860 -2.2521322645 292.3330000000 524.4580000000
2.3507516826 -0.5996252660 -2.3579970750 283.2480000000 416.9760000000
2.3572407871 0.4425006596 -2.2074209404 282.1490000000 741.9430000000
2.3619643597 0.9283342893 -2.1985158447 295.5320000000 898.6120000000
2.3666388896 -0.2259651263 -2.2425070176 265.1210000000 530.3150000000
2.3719303233 -0.2026278387 -2.2460922865 264.5970000000 536.8780000000
2.3902102908 0.2427121267 -2.3200613672 287.0480000000 672.6190000000
2.3956282027 0.2672096579 -2.3267053430 286.4500000000 675.1120000000
2.3969600953 0.2182378263 -2.3254689543 285.0850000000 664.2710000000
2.4277149404 0.5149107032 -2.2253214734 266.3340000000 766.4650000000
2.4385352770 0.9597112005 -1.9485614230 215.6340000000 968.5920000000
2.4513560336 0.2711717802 -2.3109084775 268.9460000000 683.1850000000
2.4537023328 -0.5255839121 -2.3595096507 253.9660000000 443.3470000000
2.4606405639 0.2221687162 -2.3173382147 267.1620000000 668.1230000000
2.4666185933 0.4381126414 -2.1891461353 242.4330000000 747.7230000000
2.4744189410 0.4407299652 -2.2023024463 246.1460000000 746.3650000000
2.5388995776 -0.9656376063 -2.4014797540 226.4830000000 321.0080000000
2.5456261513 -1.2217713900 -2.4135338981 220.1980000000 247.9840000000
2.5480473049 -1.1023398598 -2.4024967417 220.4770000000 283.0450000000
2.5632427537 -1.1554787600 -2.3970555992 212.5960000000 265.1870000000
2.5787737569 0.2808047707 -2.2989343502 230.2290000000 690.5240000000
2.6024561492 -0.1111931551 -2.3344205114 218.0480000000 570.7630000000
2.6029981985 -0.1113276350 -2.3338629750 219.0120000000 571.3900000000
2.6067151080 0.0299309302 -2.3223250683 220.3000000000 613.4180000000
2.6076701473 0.4431304693 -2.2129911423 205.5560000000 750.1140000000
2.6077992066 0.4159118506 -2.2166331974 206.2840000000 739.8770000000
2.6087800577 0.2437859006 -2.2805537164 215.3950000000 680.4430000000
2.6089607408 -0.0529331796 -2.3265943519 217.4800000000 589.7960000000
2.6089865527 0.9742561902 -1.9968889903 169.2440000000 964.0520000000
2.6326044153 -0.1532378548 -2.4044274697 224.1350000000 557.7800000000
2.6675020658 0.2313923304 -2.2819269080 196.3900000000 680.0400000000
2.6977793913 -0.8362323688 -2.3646307260 177.8310000000 362.0250000000
2.7016253601 0.2875106950 -2.2810467232 191.6780000000 696.9600000000
2.7025287756 -0.8795317836 -2.4746899656 200.0760000000 356.4250000000
2.7173189781 -0.8466629462 -2.3864753130 178.4070000000 362.4910000000
2.7222490456 -0.6915000420 -2.3249165802 165.6390000000 403.4240000000
2.7406787220 -0.5978881270 -2.3444742354 167.7220000000 429.7660000000
2.7465380168 -0.8563294921 -2.4206011885 178.0410000000 361.1500000000
2.7469251949 0.2908197769 -2.2735432121 175.1620000000 700.0930000000
2.7504097976 0.2373226079 -2.2755384697 171.0300000000 684.6440000000
2.7713690374 -0.9393920952 -2.3253398949 146.2620000000 330.8440000000
2.7746729570 -0.6103965600 -2.3213829350 151.5530000000 426.3210000000
2.7748020163 -0.6097073831 -2.3216462161 151.5610000000 426.5850000000
2.7840426664 -2.4246794643 -2.9833361275 234.7310000000 38.3562000000
2.7918894754 -0.1195058684 -2.3297950240 164.1150000000 575.7060000000
2.8031950752 0.3483157211 -2.2737574506 161.6480000000 719.8470000000
2.8111193198 -0.5970802155 -2.1701408542 101.4520000000 427.1100000000
2.8291360062 -0.0204485519 -2.3009838128 150.4720000000 605.6680000000
2.8759587414 0.1095448090 -2.1605749745 101.8690000000 656.2730000000
2.8775848893 0.1072307747 -2.1627328470 101.8690000000 656.2730000000
2.8961952488 -0.5877363179 -2.1767512745 77.9327000000 434.8110000000
2.9736308638 0.4872532827 -1.7874901814 -49.9306000000 840.6180000000
2.9775026445 0.5353511244 -1.8819590505 -12.7008000000 837.9920000000
2.9797740892 0.5220993094 -1.8826353216 -11.3451000000 836.0310000000
2.9804451979 0.5068754675 -1.8054939619 -43.5551000000 843.9010000000
2.9821229696 0.4927383054 -1.8828056799 -13.6750000000 824.2090000000
2.9840072362 0.2977451021 -1.9576678513 7.2905400000 744.2040000000
2.9908215703 0.3024789993 -2.0144875244 26.4404000000 738.6390000000
3.0500856277 -0.5145699865 -2.3163134834 76.2396000000 465.7380000000
3.0918492360 0.1328604146 -1.8609249563 -73.4117000000 697.5500000000
3.0958242643 0.0460414099 -1.8492321784 -83.0694000000 666.0520000000
3.0986119464 -1.2595160900 -2.8814566701 173.1950000000 302.7060000000
3.1088334476 -1.9783973655 -2.8759845533 154.0390000000 135.5880000000
3.1100724174 -1.9805526567 -2.8778688199 153.5740000000 135.0130000000
3.1133763370 -1.9370493282 -2.9031902660 157.5630000000 145.5790000000
3.1211198985 -1.5675033427 -2.8723708912 160.1030000000 229.7970000000
3.1252497980 -2.4043319658 -2.9080428979 147.1540000000 39.8133000000
3.1321157558 -1.5380261853 -2.8986473766 163.2040000000 241.4280000000
3.1327610526 -1.5086419506 -2.8904908251 162.2580000000 243.3550000000
3.1366586453 -2.4039215571 -2.8938463685 143.4090000000 37.9478000000
3.1398335055 -1.5143283059 -2.9060295719 163.0150000000 246.6770000000
3.1404271785 -2.3953726652 -2.8897939046 139.8070000000 42.8839000000
3.3329837412 0.6766711217 -2.3837005368 47.8391000000 814.1920000000
3.3559304951 -1.3177192794 -2.9452894287 128.4650000000 302.1250000000
3.3914734424 -1.1054940705 -3.6816246918 240.2970000000 382.9660000000
3.4080704759 -1.3543953679 -2.9634609864 120.2250000000 296.1590000000
3.6347503329 -1.5556918303 -2.9393010745 59.9458000000 256.1800000000
3.6844639977 -0.0540327653 -2.5484912691 -12.7887000000 607.4240000000
3.7740570043 -0.0509691543 -2.6192854895 -13.6148000000 608.3300000000
4.0543481187 -1.1213606281 -2.9231170309 -23.5515000000 365.1460000000
4.1973458878 -1.5119226395 -2.9123018567 -62.1842000000 280.3730000000

gimbalangles:
0.0326925939 0.2593989459 -3.0546139956

end: