T_CW:
-0.1980708793 -0.1435471488 0.9696195867 -0.0319173828
-0.0536777216 0.9893223659 0.1354989247 0.1401297926
-0.9787168278 -0.0252085790 -0.2036612348 0.5516449062
0.0000000000 0.0000000000 0.0000000000 1.0000000000


target_points_pix:
-3.4189888976 -0.1592775746 1.2250907967 972.0980000000 576.0850000000
-3.3251885559 -0.7293350835 -2.5331073936 373.1610000000 403.1590000000
-3.2796306024 -0.7264931964 -2.9145216777 317.6910000000 395.1410000000
-3.2732550701 -0.7270584764 -2.9091269965 317.2430000000 395.3390000000
-3.2195405652 -1.8726048282 -2.3835559903 412.1240000000 225.6940000000
-3.0364827713 -0.1348213425 1.7198140351 1107.1600000000 600.4500000000
-2.7458152844 -1.8545778171 -1.4560012195 517.9740000000 194.1160000000
-2.6126776504 -1.8206868296 -2.0949611967 397.9670000000 183.2110000000
-2.5770133873 -1.8900923713 -1.1709013533 562.2510000000 171.1700000000
-2.5377974107 -1.8711180644 -1.4739353079 501.6330000000 169.3480000000
-2.3127927441 -1.8579101297 -1.4189973203 492.0450000000 143.2210000000
-2.1252643341 -1.7230405190 -2.4275290949 279.4680000000 144.1030000000
-2.1111607274 -1.8124889791 -2.7122598513 226.0310000000 122.7930000000
-2.1093306657 0.3246617219 -2.4582503845 200.7110000000 566.3830000000
-2.0925581115 -1.2096449727 -3.1525845701 129.6140000000 239.0230000000
-2.0817945610 -1.7950814529 -2.6839700399 226.4300000000 123.3220000000
-2.0815983908 -0.2383605033 -2.3970323685 226.1700000000 449.4800000000
-2.0791798184 -0.0352293330 -2.4320203606 212.2360000000 493.2560000000
-2.0703366712 0.2877636513 -2.4182755389 203.4610000000 560.9190000000
-2.0690073598 -0.3194270743 -2.4300405900 219.6160000000 431.0470000000
-2.0648413237 -0.1763330270 -2.3977215455 220.8370000000 461.8280000000
-2.0578153322 -1.6785124592 -2.3496159602 278.2410000000 143.7520000000
-2.0559052537 -0.3197161672 -2.4204566420 220.0970000000 430.8440000000
-2.0507196487 0.0878285070 -2.4558085815 199.2980000000 517.0470000000
-2.0440188868 -0.1740879104 -2.3803269252 221.5760000000 462.2690000000
-1.9892719070 0.4456238961 -2.1196037906 236.6490000000 605.4230000000
-1.9375371726 -1.8409388241 -1.6352207881 409.4900000000 96.0759000000
-1.8142157933 -1.7840649460 1.4636957384 1277.0800000000 90.4178000000
-1.7969812066 -2.2275800122 -2.5202195260 220.1270000000 -16.4022000000
-1.7958351595 -1.7290391980 1.4126888988 1261.9900000000 103.9180000000
-1.7879909317 -1.7673362720 1.5184014193 1304.4300000000 91.7683000000
-1.7867622866 -1.9306324969 1.3453741187 1246.7300000000 38.0459000000
-1.7831537870 -1.8799199127 1.3594054521 1251.6400000000 55.6270000000
-1.7831357187 -1.8846021862 1.1197215742 1165.1600000000 52.8197000000
-1.7723850741 -1.8720808472 1.3527563140 1250.1700000000 54.4873000000
-1.7709628400 -1.1543894990 0.5826797722 951.8400000000 265.5820000000
-1.7660482596 -0.8799267052 0.4142237542 890.1120000000 343.6140000000
-1.7631702359 -1.1519347900 0.5791641953 951.6890000000 265.8140000000
-1.7625068708 -0.8134146743 0.4404073168 894.5200000000 361.6900000000
-1.7595462491 -0.9127774743 0.5134445889 925.5880000000 336.0720000000
-1.7590971226 -1.1489922367 0.5791822636 952.3890000000 265.5500000000
-1.7546239252 -0.8745500923 0.4130854506 889.8790000000 344.0470000000
-1.7540121839 -0.8532346487 0.3708339979 875.4190000000 348.3360000000
-1.7325728432 -1.1583025788 0.0548166719 791.8600000000 251.0280000000
-1.7256681676 -1.0845090189 0.1121925908 804.8900000000 272.3010000000
-1.7238226187 0.1897779147 0.6795930256 932.6460000000 677.8060000000
-1.7155886317 -0.5420389803 0.1765914038 803.2790000000 431.7860000000
-1.7086787936 -1.8759293973 1.1440311949 1188.2400000000 36.6152000000
-1.6912686862 -1.8612992284 1.1389230255 1188.4800000000 36.8468000000
-1.6908969952 -0.1593018378 -2.3025531746 165.4580000000 455.8470000000
-1.6899471184 -0.1636410715 -2.3063397762 165.4530000000 455.6290000000
-1.6757841444 -0.5503813772 -2.3122842503 174.4540000000 360.5110000000
-1.6746974646 0.1185717368 0.3693498153 837.0700000000 642.2660000000
-1.6698009525 -1.7513561423 -1.6460307999 367.2860000000 70.7033000000
-1.6567117524 -2.0338412658 -2.5580416616 178.9390000000 0.9897230000
-1.6473472054 0.6291101670 1.3965125989 1189.9500000000 887.0100000000
-1.6406645118 -1.5600282247 1.1519322089 1192.0300000000 123.8130000000
-1.6386769977 -1.5576509513 1.1483417775 1191.0500000000 123.1640000000
-1.6369734141 0.3251624722 1.1061961534 1093.3400000000 759.7010000000
-1.6324202000 -0.2054297174 0.5372508781 909.2400000000 545.0730000000
-1.6289459221 -2.0081765218 -2.5185417544 178.1990000000 1.1735800000
-1.6276062859 0.3252502325 1.1037259573 1092.8300000000 759.6670000000
-1.6273972098 -1.8184773333 -1.7087949471 348.5930000000 44.5210000000
-1.6243720584 -2.0129517181 -2.7573790029 132.4540000000 1.3307200000
-1.6079428021 -1.9257721215 -2.5679585827 161.5430000000 17.2664000000
-1.6026152318 -0.4465557046 -2.3122016523 155.1330000000 381.4060000000
-1.6022770962 -1.6593394009 -1.7539063552 326.1360000000 80.8892000000
-1.5958989828 -1.7922679589 -1.6776167873 347.7850000000 44.9595000000
-1.5948923198 -0.4458975019 -2.2952251843 156.4400000000 381.9050000000
-1.5941024765 -1.9123809225 -2.5483776969 161.6200000000 18.0443000000
-1.5928222077 -1.8116655804 -1.9365511591 287.8380000000 39.2611000000
-1.5917510150 -1.9809656467 -2.7052648340 133.8080000000 2.6899400000
-1.5499486888 -0.9577598230 1.1540513635 1184.0100000000 312.0410000000
-1.5492466059 -0.9601138657 1.1540642695 1186.1300000000 312.1420000000
-1.5470190414 -0.0951260394 -2.3136703478 126.9580000000 466.7780000000
-1.5364800542 0.2652014943 0.6857130204 946.8710000000 716.7110000000
-1.5291391579 -1.8090947180 -3.0400448096 45.7391000000 32.1527000000
-1.5274510615 -1.5134842577 -3.0890873658 22.9445000000 101.6710000000
-1.5252699583 -1.5076998173 -3.0787109934 22.9698000000 101.9710000000
-1.5225829425 -0.8565953544 1.1694300767 1192.9100000000 347.2510000000
-1.5187137429 -1.2368429419 0.7845053780 1054.8400000000 204.8440000000
-1.5065408642 -0.8438933324 1.1615703617 1193.1100000000 348.3810000000
-1.5007048000 -1.2268563288 0.7669920231 1053.3100000000 202.6270000000
-1.4943008747 -1.7785102313 -2.9755151304 45.4348000000 31.5770000000
-1.4930076999 -0.9236855712 1.1513901596 1195.4900000000 317.1500000000
-1.4865211766 -0.2026794625 1.1887631685 1179.2400000000 584.4080000000
-1.4814078448 -0.2015359966 1.1868892267 1180.2900000000 583.5390000000
-1.4788705378 -0.6355553914 1.1575024108 1187.7700000000 420.6550000000
-1.4769423910 -0.3833295250 -2.3165096536 120.4170000000 389.3390000000
-1.4732719428 -0.5122185250 -2.3084486061 126.6650000000 355.4020000000
-1.4673403747 -1.6181901151 -3.0144652448 25.8404000000 67.8996000000
-1.4621057271 -1.6118584630 -3.0023594770 26.4721000000 67.9480000000
-1.4607325356 -0.5542867134 1.1746105193 1194.8500000000 451.3590000000
-1.4583913988 -0.9248445243 0.7773141906 1051.2800000000 301.4120000000
-1.4544473448 -0.5502394119 1.1683408157 1194.8200000000 452.4330000000
-1.4502529157 -0.9186754870 0.7756260942 1050.5900000000 302.3020000000
-1.4436528201 0.0331455406 -2.2886302511 99.1462000000 499.1100000000
-1.4424112691 -0.9207172060 0.7772031995 1051.8900000000 301.1070000000
-1.4423054404 -0.2016635072 1.1711852839 1179.3400000000 583.7870000000
-1.4389963584 0.4735265293 0.5964349187 912.3190000000 795.5380000000
-1.4352355687 -0.5249824955 1.1675019298 1195.1400000000 462.0810000000
-1.4342624612 -0.6123427752 1.1633462185 1197.5200000000 426.5580000000
-1.4308888495 -0.1433121576 -2.3154513669 97.4780000000 451.1370000000
-1.4182978185 -0.3175995938 1.1673031784 1190.5700000000 541.1850000000
-1.4162612619 -0.6015301821 1.1673186656 1205.3700000000 431.5980000000
-1.4120513456 -0.3158340617 1.1631990908 1190.8200000000 539.6280000000
-1.4084299400 -0.6296315668 0.1335289420 799.1830000000 380.5560000000
-1.4074619948 -0.2067590288 0.2001635794 799.4280000000 528.5800000000
-1.4067237753 -0.0992195441 -0.7427159578 491.6760000000 522.0290000000
-1.4033656508 -0.5464140926 -0.0165454872 745.5400000000 403.4850000000
-1.3901886903 0.0352724389 -2.2898588961 83.5098000000 498.8720000000
-1.3860510473 -0.5244197967 1.4704765171 1352.4800000000 474.5600000000
-1.3696476028 -0.4424103180 -2.2661352049 107.4030000000 367.4180000000
-1.3669476810 -0.2930679909 1.4322568787 1330.0400000000 563.9920000000
-1.3636798981 -0.2967461826 1.1669598805 1201.8400000000 547.1950000000
-1.3625312698 -0.2957343573 1.1639657034 1200.2900000000 547.1830000000
-1.3624280223 -0.5181862297 1.4541479271 1353.5900000000 474.7800000000
-1.3461020135 0.4672697316 0.6772028463 954.0770000000 811.6160000000
-1.3407228194 0.0049438252 1.1670657092 1194.0200000000 668.2350000000
-1.3215910602 -0.5224219578 -1.1648252388 375.6920000000 368.9980000000
-1.3174121181 0.0298310382 0.0293560998 731.3970000000 605.3620000000
-1.3140256006 0.2710582080 -2.0263454983 112.4180000000 576.4690000000
-1.3075700515 -0.1950370835 1.2079517139 1233.9400000000 592.9790000000
-1.3065504825 -0.1957076759 1.2061371394 1231.9800000000 591.0830000000
-1.3037602192 -0.0199011854 0.0186864271 727.6440000000 586.4200000000
-1.3003659581 0.1162169197 0.3804979627 856.8100000000 660.3970000000
-1.3001981809 0.0161347945 1.1705451495 1205.6100000000 677.4780000000
-1.2983371450 -0.1908261348 1.2019865904 1233.9800000000 594.2830000000
-1.2948809353 0.2726146638 -2.0012460343 111.0320000000 579.3760000000
-1.2898011590 0.2609838344 -2.0358158740 100.6730000000 571.0270000000
-1.2897159798 -0.1393190611 -2.3218320616 53.9309000000 445.2220000000
-1.2869825026 -0.3576699433 -2.3177021621 67.0312000000 383.9570000000
-1.2861487792 -0.1393242235 -2.3193205665 53.9435000000 445.6740000000
-1.2810354474 -0.4095105064 -2.3125475313 67.6344000000 365.6030000000
-1.2802714160 0.5009645489 0.4909005002 881.3620000000 818.5660000000
-1.2767532579 0.5018215031 0.4903894251 882.7660000000 820.3620000000
-1.2733589968 -0.5240997295 -2.3079581806 71.9885000000 335.9970000000
-1.2680624007 0.6033137825 0.4937733615 877.7090000000 861.3130000000
-1.2594851157 0.5680934836 0.5712915745 912.9210000000 856.8640000000
-1.2584010171 0.5951830429 0.5719755891 912.1420000000 866.4130000000
-1.2581274113 0.0289165236 -2.5013536290 -6.5065400000 486.7940000000
-1.2567955187 -0.5206744941 -2.3185539539 63.4092000000 333.4520000000
-1.2470463748 0.6047153671 0.7032134694 968.6000000000 886.6800000000
-1.2443025728 0.6778662114 0.6152259612 926.4120000000 907.7530000000
-1.2381283731 0.0306309481 -2.4864988969 -7.0728900000 486.5590000000
-1.2378005623 0.1257030407 -2.4712750550 -8.5563400000 514.0700000000
-1.2348631713 0.4927563737 0.4909753546 886.3640000000 821.1040000000
-1.2299201979 0.1268428929 -2.4602559670 -7.7100700000 514.3010000000
-1.2284592460 0.2616678490 -2.1881059168 46.4104000000 566.9990000000
-1.2208757181 0.5410142490 0.6226210625 939.0250000000 855.3130000000
-1.2206124370 0.2608676810 -2.1653604955 47.9984000000 566.9760000000
-1.2153597211 -0.0322083116 -2.4238509032 2.8035400000 470.1820000000
-1.2081220723 -0.5353666115 -2.4407086366 18.1322000000 321.1840000000
-1.2060287295 -0.5776929186 0.7560090717 1062.7300000000 406.9110000000
-1.2018239756 -0.7019177134 -0.0515870905 735.7740000000 327.4670000000
-1.1981277156 -0.7007200426 -0.0484602403 734.9500000000 327.6900000000
-1.1957246303 -0.5279895786 -2.6936236799 -39.6364000000 316.7120000000
-1.1931692550 -0.6896854674 -0.5135633235 566.6510000000 317.2710000000
-1.1876764887 -0.8360232927 -2.5890339759 -2.7922000000 231.2570000000
-1.1859445122 -0.5241461909 -2.6761232309 -40.9414000000 314.9430000000
-1.1826689856 -0.4197733066 -0.1764465992 670.5900000000 424.7080000000
-1.1826225243 0.3131909261 0.7900162126 1034.6100000000 786.3930000000
-1.1809860516 -0.7889811566 -2.6984763118 -33.6616000000 243.2600000000
-1.1731727981 -0.8306570046 -2.5642881345 -2.9970100000 231.4350000000
-1.1711723780 -0.4190608989 -0.1769496726 669.7190000000 425.6320000000
-1.1497227126 -0.6196939962 -0.5049782950 560.7500000000 337.1170000000
-1.1487521863 -0.3611958450 -0.0801125642 701.2110000000 451.7710000000
-1.1359649850 -0.3963593578 0.0050338054 739.3710000000 441.5750000000
-1.1338768046 0.0092786451 -0.7284316680 446.2190000000 560.5310000000
-1.1322145201 0.3703719654 -2.0230957836 52.1401000000 610.3120000000
-1.1260583887 -0.3609093332 -0.0120061082 730.0700000000 452.0520000000
-1.1252737078 -0.6379197588 -0.4897157352 564.6660000000 329.4690000000
-1.1207024253 0.1996359847 0.7063702613 1010.8700000000 734.4250000000
-1.1203694522 0.5445788685 0.7028934022 988.9240000000 887.6430000000
-1.1199435563 -0.3619702012 -0.1180913778 688.4750000000 446.1700000000
-1.1178476323 -0.5813659480 -0.4759373581 567.0230000000 351.7490000000
-1.1129795133 0.1975669051 0.6940166995 1009.9200000000 734.3730000000
-1.1127213946 0.1491557073 -1.1361172751 304.7060000000 583.1860000000
-1.1059612654 -0.3872864849 0.6318617125 1013.5300000000 473.9900000000
-1.1058141377 -0.1989628111 0.6904262682 1029.7700000000 558.6770000000
-1.1013151285 -0.3808412605 0.5475704644 974.7030000000 471.9280000000
-1.0985455147 -0.2071028429 0.4217350088 905.0180000000 536.8990000000
-1.0980654139 0.2916638251 0.1803607114 771.3120000000 733.8060000000
-1.0979853971 -0.2052854290 0.4951801085 939.3830000000 546.7360000000
-1.0977376031 -0.4967262396 0.6912599916 1048.8200000000 425.9740000000
-1.0975853131 -0.2762618813 -0.0555086881 707.1630000000 482.9130000000
-1.0974614161 0.1887485372 -0.0057055852 697.5840000000 671.2430000000
-1.0970768192 -0.2961499284 -0.1432971868 674.0500000000 470.9310000000
-1.0965270263 -0.4892020790 0.6890324271 1049.4600000000 427.8150000000
-1.0956365167 -0.5014033507 0.6875146890 1048.3300000000 425.9870000000
-1.0946659904 0.2760553863 -0.2130338948 615.2890000000 694.6390000000
-1.0915737281 -0.4821631816 0.7074621035 1053.7800000000 435.1400000000
-1.0905670652 -0.3139136585 0.4028562059 906.1190000000 490.2220000000
-1.0905619028 -0.3869689989 0.4316080497 922.1580000000 461.8150000000
-1.0904870483 -0.3144892632 0.4019166538 906.1100000000 491.7050000000
-1.0903270147 -0.3139110773 0.4013926728 905.0680000000 491.2160000000
-1.0889822162 -0.2902209415 -0.9826811851 371.8440000000 435.1580000000
-1.0877484088 -0.3128837648 0.4026445485 905.5040000000 491.2140000000
-1.0874825465 0.1306710516 -0.0200211331 697.4910000000 651.1220000000
-1.0868708051 -0.2934112888 -0.8623152652 412.3220000000 438.7790000000
-1.0866230112 -0.4819437807 0.4431846742 931.1110000000 421.2010000000
-1.0855027759 -0.1987230188 0.1819463347 799.6770000000 529.1060000000
-1.0838301666 0.2950296932 -0.0075763522 691.9000000000 719.4590000000
-1.0836262529 -0.3991289716 0.4777777446 944.4050000000 459.7790000000
-1.0813444834 -0.5136562462 0.1140572404 790.3320000000 394.0670000000
-1.0805133411 0.1288355694 0.1235449101 754.5510000000 660.9160000000
-1.0803429828 0.0781232433 -0.2088885082 625.1410000000 617.1980000000
-1.0801287442 0.0777319353 -0.2085028789 624.9010000000 616.7120000000
-1.0778134194 -0.0547906019 -0.2099684769 632.4420000000 563.3650000000
-1.0776508046 -0.0549144989 -0.2075955916 631.9940000000 563.0360000000
-1.0774262413 -0.5104349246 0.2442851022 845.6000000000 400.5300000000
-1.0761511348 -0.1344199679 -0.2126696893 636.4800000000 531.3610000000
-1.0755110004 -0.1923113499 0.0074039805 724.2500000000 519.0000000000
-1.0743494662 0.3856293627 -2.0191052683 29.8468000000 616.6160000000
-1.0738203228 -0.7232305759 -0.6998192083 488.5650000000 284.4040000000
-1.0724522936 0.1278503303 -0.0048211930 701.8370000000 653.5250000000
-1.0720935086 -0.1912127966 -0.0546612844 698.4840000000 515.9960000000
-1.0720212354 0.1301006092 -0.1162156291 658.9260000000 644.0190000000
-1.0717656978 -0.2888064509 -0.8471353034 411.6870000000 439.1400000000
-1.0711875119 -0.4810455276 -0.2053321485 655.3030000000 393.7450000000
-1.0708751883 -0.0128748842 -0.9842195727 353.1160000000 535.7430000000
-1.0689160672 -0.1932016013 -0.1296321238 672.0140000000 512.9970000000
-1.0688644435 -0.1901085647 -0.0569402145 698.4840000000 515.5150000000
-1.0668795105 -0.4786889037 -0.2062058804 655.3020000000 393.9900000000
-1.0668717670 -0.1935165062 -0.1316377062 672.4950000000 512.6370000000
-1.0667039898 -0.0127907375 -0.9804355523 352.6750000000 535.5380000000
-1.0665078196 0.1284236119 -0.1195221299 657.1150000000 644.8320000000
-1.0657179763 -0.2674032469 0.0024397304 724.6060000000 488.0560000000
-1.0650675171 -0.1857610712 -0.2062461469 639.6000000000 510.0000000000
-1.0632039000 -0.1887753816 -0.1181515195 672.0140000000 512.3970000000
-1.0622333736 -0.2064593530 -0.2467483291 625.9970000000 499.9960000000
-1.0622178865 0.0263053947 -0.9214838186 367.5210000000 551.7740000000
-1.0584235414 -0.7135407992 -0.7381756496 469.6510000000 286.1610000000
-1.0560307809 0.0381476233 0.1659909843 780.8130000000 627.3920000000
-1.0529410998 -0.2380964478 -0.2620472836 619.1870000000 485.2590000000
-1.0529204503 -0.1792051139 -0.4482489634 546.8600000000 501.5370000000
-1.0502515028 0.0921039854 -0.6370111809 457.9340000000 596.4230000000
-1.0501559989 -0.4874081539 0.3987598619 916.6870000000 414.5970000000
-1.0497688208 -0.5151843090 0.4349377812 932.8590000000 404.5600000000
-1.0459951252 -0.4854800071 0.3996710209 918.0220000000 413.9660000000
-1.0435016983 0.0719309753 -0.7253600553 429.1260000000 580.7970000000
-1.0417542346 -0.7428217865 -0.9192226986 408.4110000000 267.0840000000
-1.0417026109 0.2835046925 -1.1713478987 270.1360000000 632.7770000000
-1.0416742178 -0.7204248254 -1.2022808457 316.9350000000 268.1110000000
-1.0414780476 0.0725156141 -0.7263899490 428.9100000000 581.2090000000
-1.0383212557 -0.7073098134 -0.9361320558 398.4970000000 279.7850000000
-1.0383212557 0.2806369935 -1.1702405694 269.4280000000 633.7220000000
-1.0379160093 -0.7423804035 -0.9193801511 406.4730000000 267.6550000000
-1.0378824539 0.2825057730 -0.9254485221 347.0870000000 652.1260000000
-1.0362175882 -0.5096708932 -0.7202234928 464.0910000000 361.2890000000
-1.0362072634 -0.4865692681 -0.3551584482 594.8190000000 381.6320000000
-1.0357503933 0.0648401960 -0.4375499426 532.0030000000 599.6380000000
-1.0352548054 -0.4867344641 -0.3516712644 594.3360000000 381.8750000000
-1.0350147549 -0.5044698011 -0.7219270763 464.3890000000 361.0960000000
-1.0348831144 -0.4774421903 -0.2871932089 623.6920000000 386.1010000000
-1.0335641278 0.0675220495 -0.4378416168 533.2240000000 599.5890000000
-1.0329394805 -0.1866249945 -0.7743096887 422.5810000000 481.3800000000
-1.0306189932 -0.6286042543 -0.7986477025 440.5200000000 311.2400000000
-1.0303944299 -0.7183572945 -0.9045641367 410.6380000000 276.1240000000
-1.0296071678 -0.1979228508 -0.9913694611 351.7590000000 466.2260000000
-1.0294497154 -0.2521608205 -0.7127561183 449.0670000000 456.9140000000
-1.0289825205 -0.6281783584 -0.8362013946 429.0980000000 311.1110000000
-1.0289102473 -0.6579704207 -0.9995569868 374.1470000000 295.6960000000
-1.0282236515 -0.5881880257 -0.7728255061 448.0210000000 326.8050000000
-1.0267962550 -0.5847989269 -0.7990374618 436.1050000000 327.6170000000
-1.0265716917 -0.6569353647 -0.9992111078 374.8120000000 295.7260000000
-1.0259057454 0.1386639558 -0.1963803333 620.2750000000 642.7960000000
-1.0243983321 0.0285763231 -0.2759418141 597.4740000000 593.0210000000
-1.0243776826 0.3058448674 -1.1446997224 268.7080000000 644.1730000000
-1.0235749334 0.0808257462 -0.4361122214 531.4130000000 600.2260000000
-1.0232858405 -0.1988554337 -1.1159427162 308.5570000000 459.3990000000
-1.0224288863 0.1222576720 -0.7036780831 427.5440000000 605.1720000000
-1.0216209747 -0.3971827565 -0.5645675819 509.4360000000 406.6510000000
-1.0202968257 -0.3459358665 -1.1692622995 298.4820000000 403.2310000000
-1.0202916633 -0.7022713361 -1.0318244076 362.8220000000 277.6400000000
-1.0180744236 0.1375958605 -0.1983479723 619.8700000000 643.8170000000
-1.0148453584 -0.5015762903 -1.1769387501 307.1510000000 344.9680000000
-1.0130359462 0.0879413049 -0.4560028497 522.1880000000 604.3360000000
-1.0129301175 -0.4826613507 -1.1610437996 306.5480000000 353.7410000000
-1.0121635050 -0.2701496301 -0.4535042605 542.3670000000 460.4920000000
-1.0119337793 0.2181469685 -0.5444265784 480.2430000000 651.2880000000
-1.0113013884 -0.5092837152 -0.7357261029 454.9280000000 357.5680000000
-1.0102431017 0.3103929192 -2.0206901172 11.0216000000 594.2300000000
-1.0097784880 0.0829784563 -1.1463387763 278.5010000000 559.2990000000
-1.0053878886 -0.5153959664 -1.0872373337 329.1070000000 344.3330000000
-1.0042779782 -0.5516719708 -0.9005865273 395.6250000000 331.4740000000
-0.9960517347 0.2421042572 -0.4119729590 523.5440000000 674.5610000000
-0.9927013537 -0.7061043990 -1.1555407085 317.0020000000 268.4720000000
-0.9919347411 0.1326386906 -0.1965589515 618.4890000000 641.8710000000
-0.9906622159 -0.2609193048 -0.2871596535 604.7520000000 472.7370000000
-0.9883055920 -0.2605398703 -0.2874306782 604.9530000000 472.9380000000
-0.9872808607 -0.3046730084 -0.3068773423 600.3800000000 450.5460000000
-0.9864161630 0.2400418886 -0.4140095156 523.8570000000 673.3640000000
-0.9843176578 -0.5366494615 -1.1384584118 309.6130000000 330.5270000000
-0.9824101605 -0.5291407880 -0.9080590641 388.6770000000 339.3270000000
-0.9800509554 -0.6532236175 -1.1453269509 314.6000000000 286.0990000000
-0.9571042015 0.1148452769 -0.3416356087 556.1620000000 627.2280000000
-0.9456979354 0.1129788204 -0.3336571591 557.5170000000 628.0970000000
-0.9430264067 0.1137924106 -0.3345218568 556.6480000000 627.2240000000
-0.9289124753 0.2034207794 -0.6812682161 414.5860000000 642.5970000000
-0.8718837260 0.2811996923 0.9662932278 1210.9800000000 847.0430000000
-0.8552608806 0.3858590884 -2.0130549656 -56.2628000000 623.7000000000
-0.8440843402 0.3422938114 1.0010798873 1241.8800000000 895.8430000000
-0.8235200220 0.3171349801 -2.0200887006 -69.8090000000 598.7580000000
-0.7632493017 0.3686064334 1.0415090219 1300.3300000000 940.9930000000
-0.6534972234 0.2522426441 -1.1454172924 146.5680000000 643.5290000000
-0.5030707976 0.4429523673 0.1247923978 719.2370000000 925.6070000000
-0.5026758760 0.2650775973 -0.1291940963 580.1210000000 776.0260000000
-0.4955388935 0.4655790540 0.1912352529 760.6370000000 958.5320000000
-0.4904771855 0.4509153298 0.0341217456 659.2570000000 924.6800000000
-0.4889955840 0.5011478132 0.2563802871 805.3030000000 995.8260000000
-0.4635941211 0.4774318655 -1.2792570094 -26.7040000000 759.6390000000

gimbalangles:
0.0326925939 0.2593989459 -3.0546139956

end: