T_CW:
0.9783092548 -0.1188322458 -0.1696758655 -0.8881680392
0.1185833121 0.9928759125 -0.0116370275 0.0143009999
0.1698499339 -0.0087361145 0.9854312154 -0.3367412073
0.0000000000 0.0000000000 0.0000000000 1.0000000000


target_points_pix:
-0.9603616597 -0.6615582709 2.6712189753 -45.5834000000 271.8810000000
-0.9551399181 -0.6628875823 2.6683538576 -44.9016000000 272.2060000000
-0.9385248163 -0.1218578462 2.7205454621 -45.5739000000 441.3280000000
-0.9283084775 -0.1292516568 2.7477253629 -35.6574000000 440.1960000000
-0.9254640092 -0.1267311275 2.7373231787 -36.7820000000 440.4030000000
-0.8536657070 -0.4437009116 2.7745697095 8.3198400000 351.2180000000
-0.8142561413 -0.2900738138 2.4390515144 -71.9906000000 378.2440000000
-0.8136237504 -0.2888709806 2.4438860780 -70.0889000000 379.6270000000
-0.7696764577 -1.4959605780 2.9834651869 109.7750000000 90.5817000000
-0.7646379804 -1.0971749043 2.6025335848 24.6541000000 139.8580000000
-0.7601854325 -0.9166389303 2.5714173735 11.4379000000 192.2510000000
-0.7555599451 -1.5256106750 2.8850961440 96.7997000000 65.0145000000
-0.7429585894 -1.4699447926 2.9262660793 110.2750000000 90.3808000000
-0.7418719096 -1.5083063962 2.8596198266 97.2941000000 66.8720000000
-0.7363326819 -0.9621168670 2.6049599007 28.7080000000 184.8100000000
-0.7283800443 -1.4981545871 2.8327496682 96.8493000000 65.5222000000
-0.7053584359 0.0156619468 2.3219533774 -78.6017000000 487.2730000000
-0.6980923940 -0.9825701941 2.6422838672 51.3186000000 185.2630000000
-0.6737982604 -0.9877145001 2.6761748547 66.1984000000 189.4200000000
-0.6714545425 -1.0817316615 2.7040000523 78.1166000000 168.0120000000
-0.6677066587 -0.9844596231 2.6664954028 65.7698000000 191.7010000000
-0.6617957401 -1.0174549386 2.6612297810 68.3261000000 177.9880000000
-0.6492279398 -0.9781253898 2.7059617546 78.2099000000 197.6720000000
-0.6433144400 -1.1004968922 2.7210358876 89.4806000000 166.9310000000
-0.6423103582 -0.9409485510 2.6436777082 69.2484000000 201.9640000000
-0.6385882863 -1.5813952921 3.1671166538 178.1760000000 104.6730000000
-0.6287823562 -0.9351847601 2.6973147776 82.1240000000 210.0340000000
-0.6011791407 -0.0184195065 2.5162083612 18.6928000000 482.4950000000
-0.5972479926 -0.2365714825 2.6357792755 57.0848000000 416.3300000000
-0.5947261728 -0.2139718982 2.6298941688 54.6317000000 425.6850000000
-0.5872123369 -0.4176231777 2.6336368902 66.8497000000 363.2360000000
-0.5758396263 -0.0745160342 2.6373537997 58.5752000000 467.2010000000
-0.5758344639 -1.5749681360 3.1701366428 192.6450000000 110.1040000000
-0.5377929274 -0.2130439614 2.6397543037 77.9097000000 427.1270000000
-0.5355576193 -0.4793264569 2.6347468006 86.1795000000 347.0670000000
-0.5337766002 -0.6132771649 2.6295844263 91.4609000000 306.0580000000
-0.5269932403 -0.3894882376 2.6336110783 85.5670000000 372.9810000000
-0.5210590910 -0.3785156109 2.6423613028 87.1467000000 378.4910000000
-0.5158347682 -0.2362826476 2.6536927144 87.3895000000 420.4420000000
-0.5102000366 -0.6760903546 2.6348758600 102.1170000000 288.2610000000
-0.4496660352 -0.9595305174 2.8129003389 164.8930000000 228.9850000000
-0.4380016504 -0.9381453818 2.7097819116 150.4340000000 224.6480000000
-0.4285441806 -0.9188664948 2.6918942845 150.6690000000 227.8170000000
-0.4155014418 0.0416280960 2.5754388631 95.6691000000 507.6200000000
-0.3989715192 -0.7466109692 2.6291714364 141.5680000000 272.5260000000
-0.3839051297 0.2836776320 2.5796358734 100.0240000000 583.5320000000
-0.3822351016 -0.7603480473 2.6377926015 149.1880000000 270.7680000000
-0.3788589088 0.2874848831 2.5806864166 101.5870000000 585.5570000000
-0.3748864618 0.1372195235 2.5694866455 105.3070000000 539.3430000000
-0.3684154255 -0.5890294927 2.5554346626 134.2490000000 316.9680000000
-0.3638467242 -0.2227285757 2.6731548657 142.5350000000 432.9870000000
-0.3619572952 -0.5878886080 2.5570091867 133.6020000000 316.6550000000
-0.2994925658 -0.5706101411 2.8071959153 194.0690000000 342.7360000000
-0.2912895530 -0.3569162367 2.6257384574 163.4360000000 395.0210000000
-0.2848340039 -0.5657523468 2.7725563835 194.0230000000 341.9330000000
-0.2759986002 0.0550451069 2.1108897027 41.2145000000 521.1810000000
-0.2756449776 0.1107837788 2.5872271449 143.0670000000 534.0740000000
-0.2652014943 -0.3553752680 2.6316235642 172.1370000000 395.8770000000
-0.2648994954 -0.3555507887 2.6429807877 174.9010000000 395.8920000000
-0.2629506991 -0.3563122389 2.6434712133 176.1670000000 395.9390000000
-0.2520033681 -0.9126380902 2.7174480375 206.2570000000 240.8870000000
-0.2425409940 -0.7493212157 2.6279066547 194.2760000000 278.5400000000
-0.2397499563 -0.2172665255 2.6806661203 180.2010000000 438.6860000000
-0.2395488819 0.3849040491 2.6820857733 160.7240000000 616.1360000000
-0.2267314807 -0.8856362912 2.6797627048 210.4410000000 246.5110000000
-0.2256824863 -0.7782924605 2.6683538576 204.4920000000 275.1470000000
-0.2233934895 -0.7742477402 2.6598875636 205.2930000000 275.8840000000
-0.2137114564 0.1949955264 2.5808464502 160.7680000000 562.5400000000
-0.1975725837 0.1208204670 2.5874078280 169.9170000000 540.6900000000
-0.1946047347 -0.9414518825 2.6868351577 221.8790000000 232.3880000000
-0.1918327978 -0.9367283100 2.6791690318 222.8690000000 232.4660000000
-0.1855896804 0.5705869104 1.9042656700 -7.6986000000 754.4630000000
-0.1831166449 0.5688755833 1.9020174560 -8.4270800000 753.4830000000
-0.1711407108 0.5626549222 1.8946275171 -3.6595400000 751.5050000000
-0.1709695781 -0.8840540235 2.6334045833 223.9060000000 245.2240000000
-0.1618133329 0.2574994899 2.6033595647 179.1900000000 580.7520000000
-0.1253442557 -0.9482404048 2.7941351082 256.6070000000 247.3860000000
-0.1187741018 -0.8980414767 3.0855769512 288.0490000000 287.2430000000
-0.1132937252 -0.6561868204 2.7197452941 244.3140000000 321.9990000000
-0.0793575670 -0.2147049554 2.6738259744 234.5610000000 446.4360000000
-0.0654509049 0.2396980745 2.5941189146 210.5160000000 580.1880000000
-0.0603347338 -0.2228865443 2.6765104090 240.5240000000 444.4200000000
-0.0575555696 0.1839872794 2.5896534608 217.3670000000 564.6110000000
-0.0464577553 0.0359925901 2.5893953421 224.5410000000 521.1250000000
-0.0446948045 0.0373536501 2.5948674589 224.0080000000 520.1940000000
-0.0366686030 0.1830768947 2.5919507174 219.5910000000 564.5820000000
-0.0305919722 -0.4893775997 2.6091672358 248.0600000000 365.8450000000
-0.0220578963 -0.4834357069 2.5688852289 248.0480000000 365.5840000000
0.0177521147 0.6249441309 1.8866439052 83.6258000000 784.5810000000
0.0218862990 -1.3801633593 3.2051375408 345.5490000000 191.1010000000
0.0225721720 -1.3775641039 3.2010076413 344.9110000000 191.3900000000
0.0347373588 0.1855654172 2.5905310645 244.6310000000 567.8820000000
0.0539455212 -0.5949429925 2.7463573337 293.8410000000 348.0270000000
0.0551728757 -0.5948216767 2.7449634927 293.6290000000 348.4500000000
0.0555734759 0.0878282489 2.6001072689 254.4520000000 538.6950000000
0.0619265519 0.2323798926 2.5941447265 249.1640000000 581.6540000000
0.0690366901 -1.0248422963 2.6373796116 305.2790000000 218.4780000000
0.0731794955 0.1547468168 2.6541831400 265.0390000000 558.5280000000
0.0784195636 -0.5897289944 2.7452990470 302.2890000000 350.9790000000
0.0943287107 0.1466488583 2.6028691391 265.6130000000 557.6590000000
0.1016977419 0.0270807833 2.5878724417 270.3320000000 522.9180000000
0.1021143455 0.0293532605 2.6109740668 272.1570000000 522.1570000000
0.1273400296 0.5662298664 1.9177704413 147.3800000000 757.0240000000
0.1284912391 0.5656310310 1.9133333805 146.2700000000 758.0190000000
0.1480726411 -1.0158881580 2.7414272663 334.5580000000 237.6740000000
0.1483390197 -1.0101785720 2.7273597962 333.1290000000 236.7700000000
0.1502596810 -1.0166108904 2.7395946234 334.5150000000 236.9930000000
0.1597050192 -0.9224853192 2.7312832007 334.6340000000 261.1220000000
0.1646286337 -0.9079351672 2.6895454042 333.7550000000 261.6510000000
0.1694438384 0.0332880222 2.6216601817 296.4650000000 527.1670000000
0.1697236391 -0.2028317525 2.6741099049 308.0600000000 459.6430000000
0.1723636773 -0.2236967790 2.6602747417 308.4510000000 453.1040000000
0.1728270004 -0.7684710433 2.6833247431 329.0830000000 300.0750000000
0.1788700758 0.2268858357 2.5552049369 285.4890000000 585.2710000000
0.1812649013 -0.2978122129 2.6537185263 314.8240000000 431.1660000000
0.1846671641 0.0374525096 2.5832004929 295.3630000000 527.4210000000
0.1857115124 0.0512048167 2.6192854895 299.8840000000 533.6490000000
0.1943073819 -0.0634801685 2.6669600165 310.1220000000 499.5810000000
0.1951527207 -0.0636420089 2.6607393554 311.2620000000 500.2130000000
0.1968382359 -0.3317496618 2.6574096240 320.3160000000 423.9260000000
0.2001369931 0.2104867793 2.5578196795 293.2020000000 580.0870000000
0.2199171466 -0.9584360941 2.8058795098 357.5780000000 264.0170000000
0.2310776837 0.2419770046 2.0334876432 233.8630000000 618.3870000000
0.2442861347 0.1672526686 2.5918474699 310.8270000000 568.9120000000
0.2555919926 0.1712924847 2.5900148270 314.3700000000 570.1410000000
0.2671657777 0.1367703969 2.6054761382 319.4590000000 560.8910000000
0.2690732750 -0.9830296454 2.8031434514 373.0970000000 259.4160000000
0.2736703694 -0.4658500787 2.6740582812 349.6440000000 389.9470000000
0.2752113381 -0.7344561589 2.6691540256 359.0290000000 314.5510000000
0.2754746192 -0.6022477522 2.6766136565 353.9060000000 351.9290000000
0.2764399832 -0.6165217172 2.6720449552 354.8550000000 347.6960000000
0.2852444126 -0.1006144176 2.6707543616 339.7650000000 492.2520000000
0.3202349859 -0.1468323807 2.6941657292 355.6140000000 479.9380000000
0.3325188556 -0.3488526080 2.6779300619 362.6790000000 424.0040000000
0.3341088669 -0.1544089394 2.6706769260 355.8330000000 479.7330000000
0.3369094550 -0.6476379285 2.6665986503 374.4600000000 339.8820000000
0.3370772321 -0.7742116036 2.6999734004 379.1280000000 305.1390000000
0.3414858998 -0.7779749745 2.6494337556 378.7830000000 304.5000000000
0.3425803232 0.1882328160 2.6013462387 342.3080000000 579.1620000000
0.3498308779 -0.5799230644 2.6665212147 374.1190000000 361.1260000000
0.3503987391 0.8992701218 1.5132003271 135.5860000000 1025.6800000000
0.3504658500 0.0521327534 2.6492788844 352.0480000000 537.7320000000
0.3517332129 0.0506676716 2.6593455143 351.7810000000 538.2300000000
0.3529437896 0.4107339891 2.0231525697 275.1870000000 685.9780000000
0.3555533699 0.2786830349 2.0284827212 282.0810000000 636.2610000000
0.3585707777 -0.5192909778 2.6593713262 375.7530000000 378.0630000000
0.3590069983 0.2811222567 2.0265519932 282.9770000000 637.3010000000
0.3602821048 -0.6869081101 2.6764587853 383.0340000000 331.0130000000
0.3609299827 -0.5178584189 2.6705478666 376.1500000000 378.7220000000
0.3735210137 -0.4405570257 2.6650499380 377.4820000000 401.1730000000
0.3771088639 -0.4054219059 2.6847702079 378.1450000000 410.5790000000
0.3833811487 0.0524587574 2.6860349897 364.7140000000 537.6810000000
0.3866928119 0.0798673514 2.7006186971 363.6140000000 546.8470000000
0.3993406290 0.6367788741 1.5409842258 190.1090000000 878.8650000000
0.4050476338 0.5709121400 1.5256442304 192.8430000000 845.3960000000
0.4137126791 -0.5921475668 2.6663921553 393.7460000000 360.6870000000
0.4150445717 -1.0911659006 2.9767024765 422.2080000000 254.4900000000
0.4197655630 0.7880054678 1.5463453515 191.6300000000 957.6000000000
0.4355804968 0.4149568113 2.0279432531 309.3970000000 687.8870000000
0.4454122387 -0.2050828059 2.6663147197 390.7970000000 466.6550000000
0.4472242321 -0.2170455759 2.6617976422 390.5810000000 466.6520000000
0.4505591259 0.2722455541 2.0311645747 321.9500000000 637.6420000000
0.4516406433 0.2739362317 2.0330875592 321.0230000000 639.5470000000
0.4608890370 -0.3119132384 2.6880999394 399.9190000000 439.9980000000
0.4661159410 0.4151452380 2.0300598266 322.2470000000 691.5550000000
0.4665676487 0.4141566433 2.0300598266 322.7230000000 691.0620000000
0.4761257848 0.3280869572 2.0312161985 329.1540000000 659.2480000000
0.4798839933 0.8822265430 1.5512263765 222.6420000000 1007.2000000000
0.4808674256 -0.7464018931 2.9077073435 428.5460000000 337.4510000000
0.4824213003 -0.7364849720 2.8949304671 427.9110000000 337.6430000000
0.4831879129 -0.7790487483 2.6748326373 421.2940000000 312.7220000000
0.4850541112 -0.7789300137 2.6702639361 421.4110000000 312.3830000000
0.4860891673 0.6224816784 1.5263824500 236.9960000000 877.4620000000
0.4952136639 -0.5366417179 2.6753746867 416.2410000000 378.9400000000
0.5004121749 0.3280869572 2.0315878894 338.7920000000 659.9980000000
0.5009206687 0.9144526648 2.0408879068 315.1060000000 879.8390000000
0.5026061840 -0.5016924437 2.6621331965 416.0480000000 388.5290000000
0.5073297565 0.7120669414 1.5474475184 249.1340000000 914.0190000000
0.5077608147 0.1806751000 2.7783640546 400.3310000000 573.2730000000
0.5093611508 0.4611729676 1.5282254176 262.4170000000 791.4350000000
0.5105536592 0.4523453074 2.0047641924 333.9150000000 709.3840000000
0.5143118678 0.2453552624 2.7289859441 398.1750000000 596.4130000000
0.5147609943 0.7021603450 1.5406228596 251.1430000000 914.4150000000
0.5171356865 -0.5531613158 2.6774396364 423.1960000000 375.1440000000
0.5195697460 -0.4472371380 2.6669600165 420.6840000000 405.2400000000
0.5211958939 -0.0400644128 2.7670584548 412.9230000000 516.9190000000
0.5261646792 0.8327374414 2.0362933936 327.2080000000 848.8380000000
0.5378445512 -0.2982148781 2.7088268723 421.3840000000 447.4890000000
0.5399869365 0.4156743814 2.0362159580 350.9950000000 692.7820000000
0.5498238408 0.2590479441 2.6589067125 403.1110000000 600.0180000000
0.5724195533 -0.1943941098 2.6824213276 428.0430000000 478.0360000000
0.5764074874 -0.1823471931 2.6894421567 427.0020000000 480.2740000000
0.5771921683 -0.1148721212 2.7043356067 426.0400000000 498.6240000000
0.5944215927 -1.6004934959 3.3159737177 488.9070000000 179.0080000000
0.5952346666 -1.5622970882 3.2232316628 488.0560000000 179.2040000000
0.6090233685 -0.5704475263 2.6741099049 449.6800000000 374.7210000000
0.6097615880 0.9122328438 1.6833083050 315.4930000000 973.8830000000
0.6117620081 -0.3261123490 2.7246495497 442.8680000000 442.6310000000
0.6147510228 -0.3254825394 2.6993022917 443.4980000000 442.6380000000
0.6177658494 -0.3253225058 2.6918168489 442.2640000000 442.7220000000
0.6285035880 -0.9045563932 2.7246237378 467.1990000000 288.9290000000
0.6335756208 -0.9267081414 2.7456604132 469.5930000000 284.2940000000
0.6429427490 -0.7910925677 2.6891582261 469.1170000000 320.0240000000
0.6435183538 -1.0185390373 2.6444520644 473.5730000000 250.6160000000
0.6453587402 -0.9940048532 2.5695021326 473.5960000000 251.2770000000
0.6503972176 -0.6452554927 2.7267403113 464.0630000000 360.0370000000
0.6552911484 -0.1135936592 2.8686797936 455.4460000000 502.7770000000
0.6593229628 -1.0305312328 2.9369263823 484.5300000000 275.7300000000
0.6663825097 -0.8848645163 2.6861898609 478.0570000000 292.0590000000
0.6742706177 -0.9937080167 2.7759635505 483.8010000000 271.6480000000
0.7014789116 -0.2062082035 2.8545348879 466.7930000000 479.4970000000
0.7198105029 -0.3764506612 2.9228847241 477.3710000000 439.5900000000
0.7250245009 0.0205900268 2.7688136621 464.3390000000 540.2710000000
0.7253187563 0.0218698826 2.7678586228 464.5880000000 540.2700000000
0.7404780685 0.2607747583 2.7212165707 460.1210000000 605.3870000000
0.7663931877 0.9182082921 1.5676814446 378.7850000000 1018.3100000000
0.7738657245 0.0733346248 2.7703881863 475.7210000000 554.8120000000
0.7775697281 0.0733552743 2.7800160144 476.1370000000 554.4050000000
0.7848073769 0.9089444113 2.1330879124 430.2620000000 861.6850000000
0.7856333568 0.4079179139 2.6670890758 467.7830000000 649.4430000000
0.7881345272 0.4109327405 2.6683280457 467.6660000000 648.9900000000
0.7984360452 0.7470187968 2.3748470648 449.7490000000 774.4120000000
0.7991407093 0.9146669033 2.0430974030 429.3830000000 882.4960000000
0.8031208999 0.9092076924 2.1301531026 436.9690000000 863.4080000000
0.8043211519 0.9229525141 2.0610237479 430.5520000000 881.2550000000
0.8218474128 0.5267015662 2.1297633433 459.2930000000 732.3070000000
0.8231044509 0.4116503106 2.1139638967 466.2920000000 690.4620000000
0.8255720658 0.4148045213 2.1202232755 465.8570000000 691.1020000000
0.8263257725 0.4147838718 2.1242241156 466.7840000000 690.9540000000
0.8454549506 0.5416027597 2.1161579057 465.6510000000 737.7190000000
0.8542413117 0.0892460950 2.3921100446 494.1870000000 570.5020000000
0.8582008528 0.9158852236 1.7052638830 434.5370000000 968.1300000000
0.8698884683 0.4614801288 2.1110239245 478.3840000000 710.3640000000
0.9058753798 0.4602876204 2.1160494959 492.1750000000 710.0360000000
0.9100491594 -0.1998107311 2.8728871287 520.2580000000 488.8140000000
0.9128884653 0.5531432475 2.1201355152 489.6860000000 743.4530000000
0.9195117916 0.8431344633 2.1184861366 479.2540000000 842.8160000000
0.9204152071 0.8593959425 2.1113233422 478.4290000000 850.7940000000
0.9206113773 0.8484981703 2.1261496813 480.2330000000 844.1430000000
0.9213986394 0.5850828575 2.1190385106 492.5450000000 754.1150000000
0.9359926717 -0.0376848164 2.7553914888 522.5350000000 530.4660000000
0.9372497098 0.3562761023 2.6868093458 509.5490000000 638.7200000000
0.9422107515 -0.7724021914 2.8895874096 546.5810000000 348.3990000000
0.9434058412 0.1192549770 2.6488142707 520.1450000000 575.4040000000
0.9459379858 0.1056993564 2.4006744236 520.4330000000 574.9590000000
0.9578450022 0.7974810059 2.1226495915 496.5000000000 827.5520000000
0.9579895487 -0.2301476820 2.8582001737 533.4500000000 482.2100000000
0.9702837432 0.0840948198 2.6420515603 527.3160000000 566.2890000000
0.9723461117 0.0841203735 2.6529699820 527.3190000000 565.4830000000
0.9761688499 0.3606486333 2.1331421173 519.9660000000 676.4050000000
0.9773123158 -0.3405076299 2.7209068283 542.4490000000 452.6240000000
0.9799270584 0.6559674195 2.1242757394 508.2740000000 779.0330000000
0.9815015826 0.3631523849 2.1439108302 519.3970000000 674.9220000000
0.9856779434 -0.0220377114 2.6551639911 535.5220000000 537.0840000000
0.9858018404 -0.9045951110 2.7677811872 563.4750000000 308.7890000000
0.9895806984 -0.0212272186 2.7904440106 535.1980000000 537.2050000000
0.9910777870 0.5576448379 2.1217719878 515.7140000000 746.0150000000
1.0011082803 0.5833018384 2.1318799168 519.6860000000 754.5010000000
1.0035681517 0.3738281750 2.1324994017 529.2640000000 682.5720000000
1.0144917358 -0.8645892911 3.1858560727 560.4680000000 348.3420000000
1.0150750841 0.1178244831 2.6604296130 536.5310000000 576.3280000000
1.0151938187 0.3789518315 2.7109692577 530.7780000000 644.4080000000
1.0172200506 0.7711606404 2.1274686679 517.0220000000 819.1670000000
1.0273847657 -0.8631851252 2.7154088996 571.8900000000 317.4580000000
1.0330298220 0.1434394102 2.0757494207 550.9350000000 609.7190000000
1.0374436521 0.5566665680 2.1233749051 534.3680000000 746.6890000000
1.0375081817 0.9185851454 1.9483575092 516.0070000000 906.7040000000
1.0448129414 0.6868203497 2.1273628392 530.3210000000 791.1460000000
1.0454866313 0.5541576541 2.1098107665 537.4600000000 747.2700000000
1.0456544084 -0.1839818589 2.7030192012 556.7480000000 495.9310000000
1.0485401757 -0.5894837816 2.7083880705 570.3870000000 388.8480000000
1.0523396832 0.4745202864 2.1532676336 543.9750000000 712.0800000000
1.0552383564 0.4661262657 2.1252772400 542.4690000000 713.9190000000
1.0568825726 0.4675975424 2.1293580969 544.1670000000 715.7760000000
1.0604497733 -1.4351529707 2.9127148467 594.1100000000 194.5560000000
1.0608395325 -1.4369004345 2.9157348356 595.7920000000 195.4810000000
1.0691328869 -1.2787510967 3.2090609453 585.2990000000 260.4600000000
1.0710997515 -1.2864352909 3.2324723129 585.4980000000 259.8110000000
1.0737893486 0.8980776134 2.0094619530 533.1950000000 884.9010000000
1.0778185817 0.1496567157 1.9818019513 568.3710000000 616.9090000000
1.0929856375 0.7698519785 2.0903537776 544.6090000000 825.8170000000
1.0952570822 0.7718110995 2.0907874171 544.8610000000 825.8110000000
1.0990101284 -0.7784292634 2.7106595152 589.7050000000 340.2290000000
1.1135086567 -0.8595379078 2.7226104118 595.6790000000 321.9650000000
1.1199254880 -0.3656974354 2.4514205633 589.8340000000 443.7490000000
1.1200751968 -0.3642235776 2.4462375395 588.7870000000 443.2620000000
1.1204004264 -0.1939147833 2.7111757527 578.2920000000 495.5590000000
1.1205836907 0.1258955972 2.0636230033 584.1650000000 603.9600000000
1.1278342455 -0.6948994655 2.7083622586 595.9490000000 365.6140000000
1.1283375770 -0.8811553503 2.7277985980 601.3460000000 316.5410000000
1.1286653877 -0.6953460109 2.7090333673 595.5430000000 365.4060000000
1.1374853043 -0.2898905495 2.6651531855 583.0710000000 470.2890000000
1.1465142970 -0.8739693252 2.6654887398 604.1960000000 316.2220000000
1.1513953219 -0.1160315905 2.0488611939 603.0520000000 520.1290000000
1.1658602948 0.1484838243 1.9733382386 600.8180000000 618.4660000000
1.1677213308 0.1983513278 1.9708189999 599.7430000000 637.7640000000
1.1680672098 -0.7074543599 2.6727676876 606.6530000000 361.3380000000
1.1699308270 -0.8229005371 2.7003605784 608.5560000000 333.3410000000
1.1705838673 0.1995115715 1.9854414252 599.7470000000 636.7460000000
1.1709916949 0.4971159989 2.1528804556 580.9170000000 724.9950000000
1.1732812079 0.5911615533 2.1457537978 580.3520000000 755.8560000000
1.1738748810 0.4978671243 2.1589798008 580.9090000000 725.8390000000
1.1778731399 0.5955934516 2.1606653161 580.9470000000 755.5410000000
1.1788178544 0.8797899023 2.0284982084 571.1250000000 876.0810000000
1.1888122111 0.6059207815 2.1951551390 579.5620000000 756.6800000000
1.1935228777 -1.2688496628 2.9521295747 621.4630000000 245.9360000000
1.1986387906 0.5991012850 2.1558462396 586.2330000000 759.1880000000
1.2125049281 0.6808578073 2.1705280322 586.4590000000 784.6830000000
1.2208834616 0.7703320793 2.0955109896 588.0360000000 827.7100000000
1.2475497063 0.1446881885 1.9865848912 628.7540000000 619.6240000000
1.2487293088 0.6813069339 2.1728743314 597.5930000000 785.2210000000
1.2596038503 -0.3893282039 2.1868953401 642.8260000000 433.4720000000
1.2696369249 -1.4259974999 3.0249448647 638.9750000000 219.5100000000
1.2733899710 0.9261815792 1.5380726467 631.3740000000 1030.9400000000
1.2813451898 0.4685990430 2.1649836422 618.8710000000 715.9130000000
1.2866030681 -0.8080845228 2.6577193664 643.2480000000 339.6640000000
1.2927514559 0.5355756876 2.1590623988 619.9610000000 740.5140000000
1.2949764393 -0.4563358228 2.1433455502 661.1030000000 413.5000000000
1.3082979462 0.7863483457 2.1810050709 613.9640000000 819.9600000000
1.3087677223 -0.5961561504 2.7092656742 638.3940000000 401.3340000000
1.3095859586 -0.5686303705 2.7160283845 636.9870000000 405.4000000000
1.3105100236 0.6974161230 2.1683159548 618.3640000000 793.1510000000
1.3119580696 -1.2455054060 2.8885807466 650.3040000000 250.3290000000
1.3210231990 0.5323569472 2.1699188721 628.5820000000 739.9300000000
1.3218543412 0.5977874607 2.1620385076 626.9660000000 760.7740000000
1.3225460994 0.5329841757 2.1757549362 627.7670000000 739.2950000000
1.3233849852 0.8607510657 2.1745288723 614.0890000000 848.4380000000
1.3247168778 0.8592049346 2.1692167892 615.8130000000 844.9990000000
1.3254654221 0.1153968766 2.0330617473 655.2540000000 609.4330000000
1.3320629365 -0.6897370912 2.7167511169 646.0550000000 374.7750000000
1.3467085925 -0.0319780697 2.0473847549 668.1880000000 558.7590000000
1.3476378199 -0.4796026439 2.7772799560 642.2480000000 433.1810000000
1.3647485096 -0.0319584527 2.0440008185 670.4970000000 559.9160000000
1.3796961645 0.6463370102 2.1650171976 643.0890000000 777.8620000000
1.3855890148 0.0290587470 2.0353899781 679.2880000000 580.9380000000
1.3876307338 0.0970771588 2.0254188521 679.1460000000 605.3200000000
1.3886012602 0.0949360640 2.0248432473 679.3470000000 605.1190000000
1.4036805556 0.0077223700 2.0232377489 688.1070000000 574.1220000000
1.4056732321 0.0590433658 2.0265365061 685.3390000000 591.8220000000
1.4104329413 0.5354414659 2.1674667443 656.9870000000 742.3400000000
1.4218495321 -1.2405598514 2.9215166949 673.9340000000 258.9160000000
1.4289607027 0.4728993009 2.1643357642 663.9610000000 722.2760000000
1.4339914365 -0.3908949846 2.0968532069 708.3140000000 438.8340000000
1.4399488165 0.7443963106 2.1690102942 658.6250000000 809.6290000000
1.4410174280 -0.3945602703 2.1207885555 708.8000000000 438.5410000000
1.4439909556 0.6949872259 2.1640982950 661.6560000000 794.2460000000
1.4497108664 -0.3973918327 2.1101230902 708.3150000000 438.6320000000
1.4499741475 0.6006577409 2.1651746500 666.6540000000 764.9810000000
1.4665608562 0.5876046774 2.1717205407 673.2610000000 758.7060000000
1.4773760304 -0.0507363312 2.0031354633 719.1050000000 558.2710000000
1.4855661373 -0.4220576572 2.1516982718 720.4630000000 432.7060000000
1.4950571625 -0.0522711051 2.0271198544 721.2730000000 557.1270000000
1.5052631766 0.9171319370 2.1720741633 671.4620000000 866.0410000000
1.5147051592 -1.2571568849 2.9589697207 692.4270000000 263.0820000000
1.5249085921 -0.9718401990 2.9401270544 688.3720000000 326.9610000000
1.5368749758 0.4114128413 2.1534612227 702.9960000000 706.1450000000
1.5442158721 0.5755634392 2.1577408310 698.3810000000 758.9330000000
1.5465337782 0.5754834224 2.1597489946 698.6190000000 758.1640000000
1.5551549433 0.5789938370 2.1722419405 699.4360000000 757.7440000000
1.5565049042 0.6793658811 2.1467965974 698.8260000000 793.4870000000
1.5667496361 0.6855245937 2.1735222093 700.2560000000 791.9740000000
1.5697154201 0.9298313779 1.9821013690 708.9960000000 907.4520000000
1.5706214168 0.9294312939 1.9805655627 708.3430000000 906.7270000000
1.5970837477 0.8617680535 2.1705486817 703.5660000000 849.5390000000
1.6088642859 -1.0569393587 2.9085591353 712.8380000000 306.7560000000
1.6190599752 0.7647025101 2.1665994654 712.6960000000 819.0970000000
1.6219044435 -1.4004437469 3.0737293021 711.4900000000 243.2060000000
1.6391003124 0.5440523063 2.1605930428 729.3790000000 749.6060000000
1.6408142206 0.5462101788 2.1637420912 729.3630000000 748.5800000000
1.6595975197 0.7011407761 2.1656908875 729.0170000000 799.4790000000
1.6607977717 0.4141411562 2.1372152307 743.5760000000 710.4420000000
1.6626226710 0.7004851545 2.1673764027 730.2580000000 799.0640000000
1.6648708850 0.6824220068 2.1697459325 731.4060000000 793.8140000000
1.6678702245 0.5478492326 2.1702286145 736.4000000000 749.7290000000
1.6706553255 0.7017215432 2.1791337102 728.9960000000 798.3790000000
1.6712541609 -0.7014737492 2.8166172484 722.2390000000 388.9840000000
1.6732287691 -1.2373953160 2.9606733042 728.4040000000 272.9350000000
1.6733036235 0.6012488327 2.1610292635 737.1610000000 768.8420000000
1.6760190324 0.8657688936 2.1717489338 725.8610000000 850.8900000000
1.6796326945 0.8848696786 2.1722316158 723.9060000000 858.1520000000
1.6896993244 -0.4246156137 2.1267046365 786.4420000000 441.9380000000
1.7060588887 0.6041500871 2.1596199353 747.1580000000 770.3910000000
1.7365788457 -0.3814400960 2.1217358512 801.1630000000 457.1690000000
1.7568153531 0.4208083626 2.1197251064 775.0920000000 716.5110000000
1.7574838806 -0.8547368996 2.8307879660 745.6110000000 356.5320000000
1.7575535726 0.5416492210 2.1658999636 763.7110000000 751.1160000000
1.7599463332 0.4182271755 2.1071108447 777.9040000000 715.8960000000
1.7637122852 -0.9731875787 2.9583244239 739.7410000000 336.8340000000
1.7662186180 -0.8626637254 2.8573225700 745.6140000000 356.3240000000
1.7759780866 0.0700038609 0.7900910670 1267.6400000000 769.9880000000
1.7769692625 -1.1303689713 2.9214650711 751.4910000000 300.0110000000
1.7821109874 0.1430171280 2.0000251327 810.5440000000 635.6090000000
1.7855026673 0.6029782281 2.1591940394 772.1780000000 769.9140000000
1.7892918501 0.7512209695 2.1679339391 765.3790000000 816.9610000000
1.7897745321 -0.4171817947 2.1423130753 813.6920000000 447.7800000000
1.8126567563 0.5878731208 2.1616900474 779.1740000000 768.2830000000
1.8303972557 0.8117162531 2.1717644209 775.0590000000 835.0490000000
1.8374155036 -0.8550130867 2.8326980445 764.0480000000 359.7800000000
1.8383060132 -0.8505476329 2.7541008952 771.5340000000 355.9140000000
1.8437290874 -0.8687630707 2.7283922711 775.5510000000 350.8440000000
1.8449164335 0.5120146112 2.1229593339 798.0350000000 748.6130000000
1.8660537752 -0.4416127312 2.1669324385 834.2770000000 445.1100000000
1.8749124096 0.4149232559 2.1127739694 811.7140000000 718.4660000000
1.8787557973 0.5814821014 2.1112820432 805.0800000000 772.2040000000
1.8824778692 0.5824164912 2.1148002013 807.0170000000 773.1410000000
1.8904150197 0.8687011222 2.1102315000 799.1730000000 863.9200000000
1.8923147734 -0.1152794325 2.0886243822 841.3850000000 549.5120000000
1.8924335081 0.8702059543 2.1141884599 798.5570000000 863.5710000000
1.8961220245 -0.1134333675 2.0950979997 841.4630000000 548.2660000000
1.9041701661 0.8857808377 2.1130966178 800.9280000000 868.9920000000
1.9068107206 0.1245595748 2.0791049640 837.8020000000 627.1660000000
1.9085607655 -0.1141687477 2.1112562313 841.4600000000 547.6800000000
1.9169341366 0.7723324993 2.1083446522 810.4020000000 834.7590000000
1.9214434706 -0.6346984372 2.7320575568 786.4600000000 413.3180000000
1.9224449712 0.1266392373 2.1007946797 838.0590000000 627.4180000000
1.9255191652 -0.6362781238 2.7403431676 786.9730000000 412.5760000000
1.9264664609 0.0312767611 0.8969883524 1277.3600000000 717.9150000000
1.9359703920 0.5448782862 2.1017961804 826.1480000000 761.9670000000
1.9467210365 0.7702701308 2.1008333975 821.1260000000 835.9480000000
1.9669368944 0.5447105090 2.0882036487 838.0770000000 765.5410000000
1.9813450812 0.5546971222 2.1050226643 837.6880000000 766.6160000000
1.9859602439 0.4160486535 2.1045270764 846.8060000000 721.8670000000
1.9929165433 0.7088559445 2.0960917567 837.4840000000 814.5760000000
1.9940341973 0.5443413993 2.0891922434 845.1300000000 764.7250000000
1.9948601772 0.8847122262 2.0770890568 834.9470000000 876.9110000000
1.9974181337 0.4182116883 2.1117182638 846.8350000000 722.7210000000
2.0021752616 0.5442510577 2.0963705249 845.7680000000 764.5320000000
2.0232713044 -0.8872392085 2.7854623193 810.8330000000 355.3350000000
2.0251555710 -0.7084326298 2.7464605812 811.0380000000 397.8520000000
2.0294351793 -0.9090786331 2.7864431704 813.3020000000 351.8070000000
2.0305709017 -0.9107047810 2.7878886353 814.0400000000 352.5430000000
2.0509932545 0.9393791892 1.7590867978 908.8910000000 966.3950000000
2.0531588706 0.9408685342 1.7611956277 907.8740000000 965.0670000000
2.0539332267 0.3421105471 2.0932188954 870.8490000000 702.2200000000
2.0554587083 0.9437439767 1.7732291223 907.6960000000 965.6510000000
2.0654324155 0.1988234270 1.5338136878 1008.5200000000 709.2170000000
2.0756255237 0.4420076528 2.0651975275 876.3420000000 737.3700000000
2.0773032953 0.1374603482 2.0043253906 899.4010000000 641.9760000000
2.0807259495 0.1384347464 2.0057450435 898.2140000000 641.5620000000
2.0810692474 0.1398394284 2.0074847636 901.3620000000 641.9410000000
2.0851526855 0.4316725794 2.1355890827 866.4940000000 724.6020000000
2.0878474449 0.4168668898 2.0176055985 891.5680000000 732.9760000000
2.0883636823 0.5441271607 2.0760565819 875.6020000000 768.1990000000
2.0917889177 0.6590338698 2.0710826343 873.0000000000 805.7510000000
2.1012954300 0.2959795701 2.0338335222 896.5350000000 691.3980000000
2.1058615501 0.4846230530 2.0714543252 883.4910000000 748.8920000000
2.1097126814 -1.1993460359 2.8965308031 827.2850000000 294.4750000000
2.1117156826 0.7808271863 2.0679723037 875.0900000000 845.5510000000
2.1168290144 0.0288367649 2.2977134487 867.1890000000 592.6800000000
2.1202387627 0.6116148804 2.0673863742 883.2340000000 790.6470000000
2.1303905718 0.7644753656 2.0803774892 876.8670000000 837.6330000000
2.1444864349 0.5957689724 2.0641314972 893.0130000000 787.8080000000
2.1659722369 0.5133439226 2.0552393074 902.8270000000 762.8880000000
2.1688218675 0.5155250257 2.0580941004 900.8590000000 763.5400000000
2.1699730770 -0.7083061517 2.7438535822 845.5860000000 403.4260000000
2.1704170412 0.5149700705 2.0579134173 902.7750000000 763.6330000000
2.1821356309 -0.4066453887 2.3504832391 892.2330000000 469.5800000000
2.1990320821 -0.6414146862 2.7539202121 846.7460000000 421.3090000000
2.2012002793 -0.6423774690 2.7574048148 848.0320000000 420.3000000000
2.2016106881 -0.6397343334 2.7537653409 846.3290000000 420.9460000000
2.2106913046 0.8967612079 2.0869698413 896.0640000000 879.4020000000
2.2411493131 0.6973722428 2.1197328500 906.9430000000 811.9630000000
2.3479691628 0.8417561094 2.1371171455 928.4630000000 855.8750000000
2.3592128141 0.8420142281 2.1395873417 928.8900000000 855.4390000000
2.3657587048 0.5463521441 2.0651613909 958.6970000000 775.8560000000
2.3986688412 0.7666951866 2.0783564197 955.0560000000 842.6630000000
2.4526905074 0.1312479469 1.5291210896 1153.3300000000 689.6880000000
2.4622512247 -0.3171065870 2.7717304036 895.8880000000 506.0610000000
2.4630307432 -0.3169052544 2.7706979287 895.6700000000 506.6770000000
2.4963822626 -0.4848269668 2.8781011267 892.2390000000 469.0870000000
2.5452544604 -0.4359134699 2.6958951246 927.5110000000 479.9050000000
2.5589476583 -0.4074687874 2.7051357747 928.7740000000 487.3490000000
2.5680592490 -0.1217695695 2.7328835367 917.1870000000 555.5230000000
2.5900406389 -0.1217120091 2.7624381298 917.5870000000 556.1460000000
2.5993587246 -0.8562598001 2.7581791710 939.8700000000 384.6340000000
2.6040822971 -0.4486103296 2.7757054318 927.5030000000 480.7330000000
2.6077217710 -0.4472423004 2.7734081753 926.4090000000 479.7080000000
2.6531764770 -0.1474167615 2.7604764275 931.4240000000 550.6630000000
2.6573838121 -0.1636836611 2.7607861700 931.8470000000 547.9740000000
2.6626236220 -0.7985805916 2.7547203802 950.7610000000 398.0120000000
2.7539202121 -0.3406779882 2.7315155075 962.1690000000 507.1170000000
2.7701300675 -0.3252244207 2.7572241317 960.8020000000 512.1210000000
2.7797837076 -0.2996474370 2.7663099105 962.1500000000 519.6200000000
2.8038403719 -0.8337492668 2.7729435616 978.5980000000 397.1960000000
2.8236638894 -0.1123175203 2.7837071120 962.4030000000 563.4120000000
2.8784366811 0.1382101831 2.8203857817 960.9810000000 620.4080000000
2.9053068395 0.0578108490 2.8260127697 969.3160000000 602.7430000000
2.9272985541 0.0547304602 2.8570644513 969.6330000000 602.7070000000
2.9387074014 0.0564028114 2.8654791215 969.8560000000 602.5020000000
2.9397398763 0.1406173982 2.8159719516 973.0560000000 621.5490000000
2.9433535383 0.1419265764 2.8197921086 973.5190000000 621.7720000000
2.9814776728 -0.7934904905 2.8658662996 1001.3000000000 416.4570000000
3.0034435756 -0.7992981617 2.8895615978 1001.2100000000 416.5450000000
3.0233961524 -0.5279740914 2.8006396999 1010.1300000000 475.8060000000
3.0234219642 -1.0826583077 2.8869804106 1010.5700000000 355.0010000000
3.0440714616 -0.9409769441 2.8580711143 1016.3500000000 385.0340000000
3.0511181025 -1.2003346306 2.9541429007 1006.9300000000 333.3900000000
3.0537251016 0.2196166964 2.7716529680 1001.9300000000 644.9210000000
3.0572613280 -0.7731042743 2.8688088529 1012.9200000000 422.2860000000
3.0642821571 0.2227006989 2.7782608071 1001.4400000000 644.0490000000
3.0687217990 -0.0858595774 2.9736824875 982.7690000000 571.4030000000
3.0937076908 -0.0252183535 2.8002783337 1010.8800000000 588.7260000000
3.1150024849 -1.1369845540 2.9190387552 1023.9800000000 346.7810000000
3.1205520373 -0.9442060092 2.7871917147 1043.1600000000 382.0970000000
3.1289408956 -1.0800177532 2.7630059910 1052.5000000000 353.1190000000
3.1445828899 0.1794100602 2.7950643356 1016.9200000000 636.0590000000
3.1460283547 -0.5316084030 2.8226830383 1031.9000000000 478.8640000000
3.1498743235 -0.4941037534 2.8247996117 1033.9600000000 486.0690000000
3.1784996892 -0.4498518806 2.8511535327 1031.7200000000 496.7070000000
3.1817777969 -0.8652939552 2.6059149400 1086.5600000000 397.4790000000
3.2011625126 0.2216581574 2.7818744692 1028.4100000000 647.5300000000
3.2021691755 0.2086845944 2.5523114261 1071.8100000000 656.0750000000
3.2237995240 0.2282254719 2.8079960833 1029.2600000000 647.3000000000
3.2267420774 0.2124206047 2.4743828043 1093.3900000000 661.7670000000
3.2346146982 0.2046829800 2.8327754801 1028.1700000000 641.0590000000
3.3638031159 -0.9666313633 2.5623961244 1136.3700000000 376.9740000000
3.4513311728 -1.0037772278 2.6505178542 1133.3900000000 375.7660000000
3.4561579928 -0.4188260109 2.7957354442 1093.5200000000 510.3360000000
3.4755168965 -0.3407554238 2.8473333757 1087.0400000000 527.3820000000
3.4916235044 -1.2406914920 2.5907375594 1163.1900000000 319.2420000000
3.5017417581 -0.3465682573 2.8725773862 1086.0500000000 527.5960000000
3.5108791607 -1.2335003045 2.6404512243 1157.9500000000 323.1960000000
3.5242497102 -0.4845120619 2.7623348823 1114.9800000000 497.2300000000
3.6276262563 -0.8326832365 3.2775140290 1055.2700000000 437.6420000000
3.6514248020 -0.8393194687 2.7845330919 1143.4300000000 424.6450000000
3.6535155636 -0.8418980747 2.7892566645 1142.1400000000 424.4610000000
3.6632208273 -0.7378968813 3.2055247189 1065.5900000000 453.9850000000
3.6721517349 0.1008983482 2.8617622120 1106.7400000000 626.6770000000
3.7206006180 -0.3220934406 2.8708221789 1124.8700000000 536.6250000000
3.7281118727 -0.8310286955 3.2718612291 1068.5900000000 440.5650000000
3.7526073389 -0.8346501011 3.2997638623 1068.8300000000 440.9920000000
3.8221961449 -0.6319262422 2.8281035313 1160.4000000000 474.8490000000
3.8301978251 -0.6325250776 2.8331368463 1160.9300000000 474.6210000000
3.8476724623 -0.2989789095 2.8160493872 1159.1000000000 546.0540000000
3.9449832184 -0.8632290054 2.8199727917 1189.3200000000 429.7930000000
4.0066994036 -0.3005224595 2.7582566066 1202.2300000000 553.0960000000
4.0221349029 -0.2907216918 2.7614572787 1201.8900000000 552.0200000000
4.0711774590 -0.8479483774 2.7923024653 1217.4200000000 435.7860000000
4.1047070803 -0.5870858587 2.7789835395 1218.9700000000 491.9930000000
4.1105921871 -0.3095850076 2.8086155682 1206.7800000000 550.2330000000
4.1184389961 -0.5919926955 2.7964839885 1219.4200000000 490.7760000000
4.1253049539 -0.5884461444 2.7929993858 1220.0700000000 491.3090000000
4.2178663257 -0.8095480559 2.7977745821 1242.2200000000 447.6390000000
4.2588039542 -0.8214628159 2.9976359044 1204.8200000000 450.7000000000
5.1876699681 -0.6293527986 3.2960727647 1285.0600000000 510.8690000000
5.2880523370 -0.8499307291 3.3410628570 1290.8200000000 474.6080000000
5.2934212063 -0.8507438031 3.3483676167 1291.2300000000 473.6110000000
5.3014745103 -1.0120938129 3.2981377144 1305.8600000000 446.5190000000
5.3740316815 -1.0285901801 3.3494775272 1307.2100000000 446.2700000000
5.6468631651 -1.4480821373 3.3836524453 1344.0000000000 382.1640000000
5.7286867983 -1.0922216061 3.3840912471 1348.8400000000 444.3020000000
5.8646637382 -0.2926369327 3.4150138693 1347.0300000000 580.9200000000

gimbalangles:
-0.0046895029 0.0041865987 -1.6676508974

end: