T_CW:
0.9973685166 0.0107540537 0.0716965305 -0.5563259572
0.0299651032 0.8393638969 -0.5427433474 0.2454212900
-0.0660161704 0.5434635212 0.8368328784 -0.4098569872
0.0000000000 0.0000000000 0.0000000000 1.0000000000


target_points_pix:
-0.1972006346 0.9119798874 1.2801552626 27.3855000000 644.9120000000
-0.1954289077 0.9061670539 1.3296830819 52.8882000000 605.1740000000
-0.1878327320 0.5699545195 1.7598224362 158.1260000000 159.1270000000
-0.1855896804 0.5705869104 1.9042656700 205.8930000000 118.4770000000
-0.1831166449 0.5688755833 1.9020174560 205.8930000000 118.7660000000
-0.1799567556 0.5721820840 1.4709127378 40.6940000000 275.4730000000
-0.1764349838 0.5713251299 1.4785220775 47.9588000000 271.6310000000
-0.1762251333 0.9068175131 1.4714496247 130.3920000000 520.9420000000
-0.1757210275 0.9055114324 1.2977512155 56.7387000000 626.8230000000
-0.1753103606 0.9058340808 1.4701022450 129.4250000000 519.9800000000
-0.1732425716 0.9034929440 1.4662898315 129.7150000000 520.2690000000
-0.1726434780 0.5698022295 1.4712663604 49.4142000000 272.5000000000
-0.1613572371 0.5645520948 1.8925135249 218.2100000000 118.0680000000
-0.1379138628 0.7118062415 1.2934535388 32.1204000000 489.6960000000
-0.1329401733 0.9073131010 1.3130034504 101.7800000000 620.7070000000
-0.1237583743 0.5234905693 1.9352657279 253.6200000000 78.4046000000
-0.1170346398 0.5159405969 1.9806300924 268.3540000000 61.3832000000
-0.1132947577 0.5197065489 1.9183512084 254.7480000000 79.2098000000
-0.1080866964 0.5166633293 1.9831493310 274.8220000000 61.5900000000
-0.0812534489 0.7046718401 1.2949635333 86.1805000000 487.3800000000
0.0177521147 0.6249441309 1.8866439052 355.0490000000 163.7860000000
0.0180145182 0.6252590358 1.8898497397 355.3380000000 163.7860000000
0.0255151126 0.9088618133 1.2639944497 226.9890000000 663.8320000000
0.1153899073 0.9100414159 1.4439522378 362.4380000000 547.8550000000
0.1203287509 0.5663821565 1.8962975452 428.1010000000 120.5860000000
0.1226275562 0.9122663992 1.3431465542 341.5920000000 613.5630000000
0.1262992949 0.9109035324 1.2701402564 325.9340000000 665.4460000000
0.1273400296 0.5662298664 1.9177704413 433.0060000000 116.2630000000
0.1284912391 0.5656310310 1.9133333805 433.2960000000 117.1290000000
0.1345407674 0.9127723119 1.2984765291 342.1390000000 646.6990000000
0.1391270208 0.5641107118 1.5012520117 351.9780000000 262.4680000000
0.1402033758 0.5635299447 1.4954004604 352.2670000000 261.8910000000
0.2448759359 0.9131569088 1.3479527247 454.7820000000 616.3520000000
0.2560119517 0.5692111376 1.9037545950 528.2700000000 122.1480000000
0.2834685559 0.4776202922 2.0252613997 555.3230000000 28.3770000000
0.3437650881 0.9096103576 1.5064711722 563.9360000000 520.7840000000
0.3486951556 0.5745154772 1.5077204668 552.8950000000 274.7070000000
0.3491339574 0.5807051641 1.5003563398 553.1380000000 281.9600000000
0.3699460695 0.5764900854 1.5386379266 577.9540000000 261.9560000000
0.3704313327 0.9145068697 1.4949306843 586.7420000000 531.5680000000
0.3705190931 0.7708508979 1.5531312926 586.7830000000 403.2020000000
0.3705474861 0.5793164854 1.5416062919 578.8350000000 262.0370000000
0.3714044403 0.9143132806 1.4941640718 587.4630000000 530.4640000000
0.3724937012 0.5429372334 1.5411520029 577.3800000000 233.2140000000
0.3734435781 0.4606076876 1.5408758159 575.8880000000 156.8480000000
0.3736371672 0.6258217346 1.5457929775 583.9710000000 297.9790000000
0.3739572344 0.8011617788 1.5425381005 590.3810000000 429.1190000000
0.3749690597 0.5665705831 1.5496750830 583.9530000000 247.9490000000
0.3769333432 0.6827110997 1.5455580894 588.9830000000 342.9960000000
0.3770856332 0.5457404027 1.5497680057 584.9450000000 229.9350000000
0.3772559916 0.7213101726 1.5405789794 590.3860000000 374.4010000000
0.3776276825 0.7162639517 1.5453309450 590.3860000000 367.2000000000
0.3779012884 0.5042787932 1.5450186213 583.1230000000 195.7410000000
0.3845762384 0.5612946366 1.5489446070 591.5570000000 244.7500000000
0.3857506785 0.5984043645 1.5531596856 593.2500000000 275.0100000000
0.3893720841 0.6534146254 1.5481779944 599.0260000000 319.6710000000
0.3894753316 0.6530635839 1.5479456876 598.9860000000 319.9910000000
0.3911221290 0.6525860643 1.5475326976 599.6020000000 319.6710000000
0.3923275434 0.9155367634 1.2882601903 583.8970000000 668.6300000000
0.3925675938 0.5518965341 1.5448353570 598.9990000000 237.5480000000
0.3933651807 0.6016824722 1.5437538396 600.4560000000 277.8940000000
0.3945344585 0.9188484265 1.5458058834 610.9620000000 504.9680000000
0.3956133947 0.9126716456 1.5382223555 610.5220000000 505.4080000000
0.3969943298 0.6388180119 1.5469983919 606.5150000000 309.3010000000
0.3985301362 0.5212371929 1.5417998809 603.5490000000 212.3290000000
0.3987650242 0.5202563418 1.5405480051 602.9490000000 212.9290000000
0.3999420456 0.7740928690 1.5620725249 610.5520000000 403.1990000000
0.4003885910 0.4779635901 1.5445385205 603.9250000000 171.8880000000
0.4033956740 0.6060369349 1.5474655868 611.9830000000 282.2200000000
0.4043068331 0.6404596470 1.5494143831 612.9900000000 308.9900000000
0.4070919340 0.5525676428 1.5483767458 613.9680000000 236.9540000000
0.4072055063 0.5789422132 1.5488207100 613.4160000000 259.1680000000
0.4076159150 0.5317348811 1.5479921489 613.1590000000 219.5400000000
0.4115548066 0.8831454456 1.5576225583 624.9750000000 476.9740000000
0.4128608874 0.9166518362 1.3759018193 611.8950000000 607.5870000000
0.4134106802 0.6574748328 1.5512754190 625.5320000000 321.4040000000
0.4165158484 0.4585479002 1.5239122539 619.1290000000 161.8860000000
0.4166190959 0.4611858735 1.5300425734 617.6880000000 162.6060000000
0.4190144376 0.7780136923 1.5459117121 628.9940000000 412.9940000000
0.4203153559 0.6133287887 1.5211813578 625.5280000000 298.9340000000
0.4204728083 0.7762094425 1.5436299426 629.2740000000 413.2740000000
0.4209322596 0.6293579610 1.5303471535 626.3940000000 309.5930000000
0.4215181891 0.6283409732 1.5289533124 627.2580000000 309.3050000000
0.4222744769 0.5548261815 1.5302464872 626.3770000000 247.1660000000
0.4225532452 0.5297292987 1.5273736258 624.9290000000 227.4720000000
0.4231882172 0.4803795813 1.5285661343 625.1440000000 181.1110000000
0.4235831388 0.5420028437 1.5266302439 627.2380000000 238.4250000000
0.4240787268 0.4695231080 1.5307549810 626.3380000000 169.8200000000
0.4246156137 0.4683125313 1.5284344938 625.4740000000 170.9730000000
0.4261049587 0.7580636967 1.5466757435 633.9960000000 399.9960000000
0.4268380159 0.8959997577 1.5463066337 635.9690000000 490.7630000000
0.4284435143 0.8948950096 1.5462601723 636.4490000000 491.0030000000
0.4301057988 0.6793684623 1.5450005530 637.0000000000 343.0000000000
0.4313886488 0.6786818665 1.5448172887 637.9200000000 341.2800000000
0.4331361125 0.7922024782 1.5494066395 641.0800000000 423.3490000000
0.4385695115 0.9256963161 1.4819498941 642.9390000000 544.9270000000
0.4454535377 0.8972722830 1.5491433584 650.8470000000 490.9960000000
0.4467854303 0.8939064149 1.5459117121 651.9660000000 490.9560000000
0.4473997528 0.6053322708 1.5321075231 650.8740000000 289.4320000000
0.4481741090 0.5809374709 1.5316558154 651.5900000000 269.9850000000
0.4494621214 0.5181578366 1.5305226742 652.9720000000 215.9560000000
0.4497254025 0.4947645373 1.5302645555 652.2820000000 194.3390000000
0.4503113320 0.4946019226 1.5308427414 652.7620000000 194.3390000000
0.4506004249 0.6036312685 1.5238890232 656.6350000000 292.0260000000
0.4515451394 0.6744848562 1.5474913986 655.9990000000 337.0000000000
0.4526679558 0.5192264481 1.5276523941 654.8850000000 217.6860000000
0.4536539693 0.4910966704 1.5289791243 656.6010000000 191.4580000000
0.4537881911 0.7873885641 1.5443113760 660.0850000000 423.3450000000
0.4556595518 0.7912061399 1.5482631736 659.5090000000 421.9050000000
0.4557627993 0.7620000071 1.5502274570 660.9540000000 400.3120000000
0.4558970210 0.7653090891 1.5555989075 661.1930000000 400.7920000000
0.4562712931 0.7792965423 1.5484283696 659.9910000000 413.9880000000
0.4567539751 0.7923005633 1.5479689183 659.9890000000 423.9840000000
0.4569114275 0.7619354774 1.5507643440 660.9940000000 399.9920000000
0.4651273463 0.6321456431 1.5322623943 667.1970000000 311.9990000000
0.4666037854 0.5554069486 1.5315706362 668.9840000000 247.9810000000
0.4687926321 0.6981465990 1.5492233752 671.9960000000 355.1990000000
0.4690378449 0.4931874320 1.5342111907 672.4440000000 192.9070000000
0.4691823913 0.4612684715 1.5392703175 671.9470000000 159.9170000000
0.4701942167 0.6801324937 1.5552427037 672.4770000000 338.4000000000
0.4713996311 0.6048805631 1.5314699699 673.9130000000 290.8760000000
0.4717429290 0.5255864933 1.5444817344 675.3330000000 215.9650000000
0.4721120388 0.5813762727 1.5317435757 673.9090000000 270.7110000000
0.4728838137 0.5181681614 1.5306749642 675.5730000000 215.9650000000
0.4729225315 0.4951878520 1.5312221759 674.9650000000 195.9510000000
0.4736142897 0.4925085798 1.5262946896 675.6130000000 195.2140000000
0.4744170389 0.6316526364 1.5314932006 675.6430000000 311.0390000000
0.4744764062 0.7232512254 1.5457516785 677.3690000000 376.6990000000
0.4748506784 0.6306743664 1.5300141803 675.3550000000 312.4790000000
0.4749565070 0.6811572250 1.5449566728 678.2350000000 345.6000000000
0.4749694130 0.7926361176 1.5366710620 677.9810000000 429.9770000000
0.4761077165 0.9141093669 1.5428891419 676.7480000000 508.2520000000
0.4764535956 0.6863505736 1.5499796631 678.9950000000 346.0000000000
0.4766162104 0.7178100828 1.5481702509 678.2330000000 370.0760000000
0.4767091331 0.6919285191 1.5329412466 677.3710000000 355.9670000000
0.4767788252 0.9164272729 1.5447295284 677.3240000000 507.9640000000
0.4791793292 0.8563836971 1.5557279669 679.9680000000 462.9600000000
0.4792232094 0.6410300893 1.5272677972 680.8260000000 323.1360000000
0.4793574311 0.8560016814 1.5560067351 680.3680000000 463.1590000000
0.4823154716 0.8682829699 1.5555989075 682.5230000000 471.6970000000
0.4826458636 0.8852026518 1.5557228045 683.9580000000 482.3460000000
0.4834718435 0.6259198197 1.5316687213 683.9920000000 308.0000000000
0.4841558581 0.6238677759 1.5287261679 685.1920000000 307.2000000000
0.4849921627 0.8870430382 1.5569127318 683.9580000000 482.3460000000
0.4852657686 0.5560677326 1.5343815490 687.7260000000 248.8180000000
0.4853999903 0.4686403420 1.5314106026 691.1530000000 171.0100000000
0.4862801751 0.5459933590 1.5320610617 688.2990000000 240.4630000000
0.4864298840 0.5556211872 1.5323191805 688.7810000000 248.3860000000
0.4892511216 0.7836639110 1.5316583965 688.7760000000 427.1750000000
0.4966281545 0.6306253239 1.5304297515 696.9480000000 312.4810000000
0.4968010940 0.6319675412 1.5341673105 696.3720000000 312.7690000000
0.4971211612 0.5447698763 1.5318003618 700.7760000000 239.9860000000
0.4977612956 0.5429036780 1.5257913581 699.8160000000 240.1780000000
0.4978980986 0.6170456982 1.5297638052 698.3870000000 302.4000000000
0.4980219955 0.5674326997 1.5275207535 701.5480000000 260.9210000000
0.4982130034 0.8150098480 1.5535700944 696.3530000000 437.1520000000
0.4990802823 0.5460346580 1.5325308378 699.8160000000 240.4660000000
0.4990906070 0.4686429232 1.5281763751 701.5200000000 172.7440000000
0.4992532218 0.8112748701 1.5596436278 698.3700000000 430.7700000000
0.4993977683 0.5681502697 1.5324095220 700.9800000000 259.9930000000
0.4994752039 0.5329093213 1.5317977807 701.9730000000 230.3820000000
0.5000817829 0.4721894744 1.5335426632 700.9520000000 172.9440000000
0.5001075948 0.5333326360 1.5318468232 701.9730000000 229.9820000000
0.5004689610 0.4826303765 1.5327528199 703.1560000000 182.3520000000
0.5039922815 0.8760420185 1.5590706043 699.7900000000 476.8700000000
0.5042504002 0.8699917158 1.5514922387 701.9500000000 473.9430000000
0.5063979479 0.7373032083 1.5506559341 704.1380000000 384.4680000000
0.5069012794 0.6323960183 1.5317048579 705.5840000000 313.2010000000
0.5071645605 0.7528238867 1.5500003126 704.9750000000 395.9840000000
0.5072703892 0.6337666287 1.5328070248 706.9830000000 313.0010000000
0.5074743030 0.6896725615 1.5493937336 705.5820000000 349.9170000000
0.5075233455 0.6755018440 1.5505655925 707.0230000000 338.3990000000
0.5076420801 0.7381885555 1.5514044784 705.5780000000 383.9880000000
0.5079569850 0.6717436354 1.5448121263 707.9820000000 337.9990000000
0.5085119402 0.6883509937 1.5469080503 706.9820000000 349.9970000000
0.5104349246 0.8192688068 1.5406589962 706.9580000000 447.9570000000
0.5105459157 0.8611563121 1.5573489524 706.9900000000 466.5060000000
0.5106310949 0.7772625668 1.5508675914 707.9690000000 412.9760000000
0.5106956245 0.8252597422 1.5464176248 706.7090000000 449.2370000000
0.5119062013 0.4626442442 1.5335891245 715.1450000000 164.3430000000
0.5147635755 0.7167156595 1.5438390188 711.9750000000 373.9900000000
0.5151843090 0.7055520250 1.5506585153 712.7770000000 361.1940000000
0.5159044602 0.9139338461 1.5427833132 708.4070000000 509.6730000000
0.5214049701 0.8970038395 1.5326340853 715.1250000000 502.7150000000
0.5304571935 0.9176068755 1.7305543549 721.9570000000 418.9690000000
0.5398475524 0.9240391939 1.4905013672 728.8860000000 543.8700000000
0.5468683815 0.8509399733 2.0408491890 737.9610000000 266.4000000000
0.5506704702 0.7216224963 2.0421733380 742.9420000000 189.9720000000
0.5525005319 0.9125709793 1.7979285023 739.9490000000 388.9780000000
0.5670816582 0.9115514104 1.7137508264 752.3260000000 422.3560000000
0.5672416918 0.9201028835 1.7240497632 750.9260000000 425.9540000000
0.5678715015 0.9135285997 1.8203616000 750.9410000000 379.9800000000
0.5830592068 0.9138022056 1.8421623068 761.9310000000 371.9810000000
0.5883790335 0.9106454137 1.6973138265 768.8640000000 430.5040000000
0.5960296723 0.9126277654 1.7043759546 772.8990000000 429.9430000000
0.6024284353 0.9124006210 2.0699056129 771.5320000000 292.8020000000
0.6024826402 0.9117424182 2.0686485748 770.9320000000 293.0010000000
0.6097615880 0.9122328438 1.6833083050 784.6800000000 437.9310000000
0.6129157987 0.9230273685 1.5429820646 788.8290000000 516.8560000000
0.6198230556 0.9160349325 2.8883226279 771.8930000000 110.9160000000
0.6236199819 0.9150050388 2.5653490025 776.0720000000 169.8900000000
0.6296909341 0.9127542436 1.9064545167 791.9000000000 347.9840000000
0.6315932691 0.9115849658 1.6668945358 802.8490000000 445.9160000000
0.6383172616 0.9074731347 1.6685155213 806.8440000000 444.9150000000
0.6447882979 0.9151728160 1.9307176761 801.8880000000 340.9850000000
0.6531410195 0.9122431685 1.6520527096 819.1790000000 453.5010000000
0.6573431922 0.9175913883 1.7567766353 817.8420000000 410.9380000000
0.6593410311 0.9150282695 1.8025023660 816.8520000000 389.9540000000
0.6614137244 0.9127619872 1.6585882755 825.4090000000 453.4980000000
0.6746268215 0.9126484149 1.6363281174 837.7810000000 462.8810000000
0.6865570686 0.9226272845 1.3671412701 864.5990000000 629.6550000000
0.6917968785 0.9142823064 1.7018463912 845.7830000000 433.9050000000
0.6938566659 0.9177643279 1.8321602065 839.8170000000 381.5510000000
0.6965178699 0.9128342604 1.6226245947 853.7460000000 471.8630000000
0.7026688389 0.9242998938 1.4813097597 869.6540000000 555.7500000000
0.7223607158 0.9121476646 1.9351831299 853.8070000000 339.9720000000
0.7226756206 0.9125270991 2.0372122962 848.8240000000 304.9890000000
0.7445021393 0.9156167802 1.6530025865 889.6800000000 459.8530000000
0.7529400402 0.9077338346 2.0768361004 865.7980000000 290.9910000000
0.7570234783 0.9191917244 1.6603099273 898.6610000000 457.8500000000
0.7622168268 0.9115772222 1.5769814620 912.5640000000 495.1560000000
0.7622194080 0.9134795572 1.6186444041 907.6290000000 475.8230000000
0.7644934339 0.9232803249 1.3305581044 944.6000000000 661.3560000000
0.7692660490 0.9115875470 2.6756586172 847.0300000000 147.5710000000
0.7758687258 0.7469258741 2.7237719460 855.1590000000 61.8080000000
0.7801870519 0.7992981617 2.6712964109 856.6070000000 95.9296000000
0.7818932166 0.7998169803 2.6648692549 856.6070000000 97.8516000000
0.7836406803 0.9241966463 1.3688009734 955.3830000000 633.5630000000
0.7848073769 0.9089444113 2.1330879124 882.7780000000 274.7440000000
0.7852487599 0.9086656431 2.1319005663 881.0530000000 275.0320000000
0.7862657477 0.9074318357 2.1172471667 883.7680000000 278.9900000000
0.7873808205 0.9119256825 2.4560021705 864.8080000000 192.9940000000
0.7952637661 0.7433457675 2.3442135355 884.5100000000 127.8350000000
0.7962678479 0.9105860464 1.6154308260 935.5610000000 477.8020000000
0.7967531111 0.9071711358 2.3116105604 877.7860000000 224.9990000000
0.7984360452 0.7470187968 2.3748470648 883.9350000000 126.6820000000
0.7991407093 0.9146669033 2.0430974030 897.3340000000 305.9770000000
0.8001370475 0.9191478442 2.0494780977 896.8560000000 305.2570000000
0.8002970811 0.6808190895 2.3880111194 888.7630000000 86.9266000000
0.8016109054 0.6817431545 2.3870018752 889.6810000000 87.7676000000
0.8102733695 0.7765449968 2.2083630737 901.1880000000 181.4300000000
0.8119614659 0.5391970932 2.2082830569 921.3090000000 35.8655000000
0.8158229219 0.6042559158 2.1551080201 921.3140000000 89.2124000000
0.8160294169 0.5894915252 2.1960946911 919.7150000000 71.9136000000
0.8170257551 0.5452138405 2.2257344634 921.3090000000 35.8655000000
0.8171625581 0.9127206882 1.9295690478 917.6780000000 343.9470000000
0.8172425749 0.5490701341 2.1605672310 928.5000000000 54.6129000000
0.8181718022 0.5893727906 2.1887202394 922.4630000000 74.2205000000
0.8203503242 0.8907573666 2.1214157840 906.9250000000 268.7880000000
0.8204897083 0.9158181128 1.6663137687 946.5490000000 455.8210000000
0.8224333423 0.9056404918 2.1150170210 907.7210000000 278.9850000000
0.8246531632 0.5249050599 2.1171026203 937.9900000000 46.5385000000
0.8277092888 0.9148656547 1.6616418199 954.5290000000 455.8160000000
0.8295032139 0.9237862375 1.3715809120 997.2720000000 633.5240000000
0.8338447707 0.9190058789 2.1153680625 914.1060000000 285.5810000000
0.8356386958 0.8733601651 2.1113465729 917.7050000000 262.9870000000
0.8365472737 0.7232589689 2.1064371549 930.6940000000 178.9870000000
0.8365472737 0.9162440086 2.1087111808 917.2670000000 286.8270000000
0.8376649277 0.8467248947 2.1154067803 919.8640000000 246.2310000000
0.8381837463 0.7278973623 2.1132773009 930.8940000000 178.7870000000
0.8391491103 0.7288472391 2.1152080289 931.3730000000 178.5470000000
0.8397685953 0.6657552812 2.1058254135 937.9880000000 141.6680000000
0.8397789200 0.8535572971 2.1258657507 919.7050000000 245.9910000000
0.8406694296 0.6363916960 2.1135018642 940.6810000000 121.9600000000
0.8422052359 0.6371144284 2.1168574075 941.6790000000 119.9580000000
0.8428815070 0.8068636213 2.1123971160 927.0540000000 226.0720000000
0.8431835059 0.8090808610 2.1141471609 926.6950000000 225.9920000000
0.8454549506 0.5416027597 2.1161579057 951.7920000000 56.9205000000
0.8459014960 0.5508434097 2.1153164387 951.6640000000 64.9064000000
0.8488182375 0.5063308370 2.1078206712 958.6930000000 35.8675000000
0.8582008528 0.9158852236 1.7052638830 972.4950000000 437.8260000000
0.8657224322 0.5026939443 2.1241415177 969.2370000000 29.8580000000
0.8688017885 0.8000518683 2.1148776369 944.8750000000 217.7160000000
0.8711480877 0.7982760116 2.1188888018 946.4560000000 219.5880000000
0.8770977241 0.8756987206 2.1166096135 942.8520000000 262.0610000000
0.8772525953 0.6436990369 2.1290509356 963.2390000000 122.3580000000
0.8777946446 0.8494351412 2.1197689866 945.6500000000 246.9840000000
0.8871746788 0.7334520770 2.1239169544 962.1280000000 179.6940000000
0.8876392925 0.8971664543 2.1124874576 948.6350000000 275.9740000000
0.8880600260 0.5400463038 2.1139329224 984.5680000000 58.6481000000
0.8886304683 0.5977771360 2.1198438410 976.4180000000 94.7351000000
0.8904037439 0.7312864610 2.1173762261 964.6270000000 178.9810000000
0.8974039235 0.9216748264 2.0492948334 958.5990000000 308.9530000000
0.9059786273 0.9198679954 1.7747287921 998.4460000000 408.8430000000
0.9062315836 0.8651519899 2.1181118644 962.6100000000 256.9760000000
0.9083584819 0.8664012845 2.1215396810 962.9690000000 256.2960000000
0.9125838852 0.6378552291 2.1163695631 988.8690000000 122.3530000000
0.9128884653 0.5531432475 2.1201355152 997.5040000000 66.1428000000
0.9148243557 0.6414430793 2.1238704930 989.5880000000 122.3530000000
0.9204152071 0.8593959425 2.1113233422 975.9000000000 255.7160000000
0.9213986394 0.5850828575 2.1190385106 1001.8100000000 86.3227000000
0.9214141265 0.7321795518 2.1200606607 984.5840000000 179.9770000000
0.9233009744 0.7989548638 2.1252127103 978.7860000000 215.9800000000
0.9234661703 0.7952121424 2.1220326877 979.9840000000 215.9790000000
0.9281174696 0.5417653745 2.1209537515 1010.4400000000 57.4897000000
0.9289692614 0.8650977849 2.1220662432 975.9000000000 256.2920000000
0.9304327945 0.8653765531 2.1198257727 977.5750000000 256.9710000000
0.9349860087 0.9169564163 1.8161542649 1014.6100000000 391.5320000000
0.9352415462 0.9159858899 1.8138518459 1014.4100000000 391.8520000000
0.9391107458 0.6589590154 2.1210182812 1003.2400000000 135.3170000000
0.9401277335 0.9322370443 1.4040909644 1095.0100000000 619.4630000000
0.9402929295 0.7022248747 2.1242163721 999.5570000000 160.9680000000
0.9407446372 0.7016363640 2.1253443509 998.9190000000 158.3680000000
0.9410001748 0.8358839086 2.2052992046 979.5850000000 215.9790000000
0.9429747829 0.8776346110 2.1155952069 982.7920000000 264.3500000000
0.9459302423 0.9236132980 1.6403625129 1051.2500000000 475.7190000000
0.9549282607 0.5188315265 2.1152880457 1034.5900000000 43.0640000000
0.9554238487 0.9183838128 1.9157209787 1014.4400000000 353.8900000000
0.9561723929 0.7977081504 2.1211473405 1000.5400000000 218.9720000000
0.9575430033 0.7678309089 2.1210569990 1003.5000000000 202.1480000000
0.9576230201 0.7699423200 2.1258141269 1003.2200000000 201.5720000000
0.9578450022 0.7974810059 2.1226495915 1001.7700000000 218.8510000000
0.9591020404 0.8331246195 2.1213486731 999.1320000000 238.7680000000
0.9598428411 0.5425423118 2.1215422622 1032.8600000000 58.6365000000
0.9615903048 0.8349933990 2.1270505156 998.3180000000 238.4330000000
0.9620058759 0.7713206740 2.1212247762 1006.5300000000 202.9710000000
0.9645457641 0.6689327226 2.1280107172 1019.5200000000 138.9540000000
0.9698604285 0.6843424100 2.0933376300 1027.6600000000 157.2060000000
0.9718401990 0.7324428329 2.1210595802 1020.7500000000 179.6770000000
0.9745736762 0.7308011978 2.1191933819 1020.7000000000 178.7650000000
0.9779550314 0.7354963773 2.1291335336 1020.5000000000 178.9650000000
0.9795837605 0.9150308507 1.9770732164 1023.4300000000 330.9050000000
0.9805852612 0.9144629895 1.8764920961 1038.3600000000 367.8620000000
0.9813183183 0.9164375977 1.8789003437 1038.5600000000 368.2610000000
0.9823869298 0.7861366883 2.1467836915 1014.5100000000 203.9680000000
0.9843202390 0.5586024584 2.1298459413 1043.2100000000 65.5528000000
0.9850558773 0.9156451732 1.9282887790 1033.3900000000 349.8830000000
0.9908893603 0.5397597920 2.1235375199 1055.0000000000 56.0328000000
0.9910777870 0.5576448379 2.1217719878 1052.1200000000 69.0090000000
0.9917411521 0.5572912153 2.1201587459 1054.2800000000 68.2873000000
0.9931169249 0.9293125593 1.3797658565 1151.8400000000 637.3920000000
0.9950502340 0.6744513008 2.1364202250 1039.8800000000 140.3470000000
0.9961214267 0.6843656407 2.1247945580 1039.7300000000 150.2870000000
0.9980650606 0.5947829589 2.1272595918 1051.8700000000 92.3117000000
0.9986742208 0.7520108128 2.1287282873 1032.6700000000 189.5610000000
1.0022827205 0.9164427601 1.9629696098 1040.3800000000 336.8900000000
1.0043270207 0.9001683750 2.1256747428 1019.4700000000 274.9450000000
1.0052820600 0.8441101521 2.1348689315 1025.4700000000 242.9560000000
1.0067765673 0.8441282204 2.1391511210 1026.6700000000 238.7570000000
1.0102611700 0.7987277193 2.1267485167 1036.2500000000 217.6850000000
1.0109219539 0.7975429544 2.1220146194 1036.2500000000 218.8370000000
1.0128578443 0.8000518683 2.1246267808 1035.4500000000 219.9570000000
1.0138025588 0.9207662486 1.9275634654 1052.9300000000 352.6680000000
1.0143291210 0.9227718310 1.9270059290 1052.3400000000 351.8690000000
1.0165076430 0.7711038542 2.1266891494 1042.0100000000 201.5570000000
1.0172200506 0.7711606404 2.1274686679 1043.4400000000 201.9560000000
1.0179918256 0.5235370307 2.1288547654 1075.9900000000 44.7762000000
1.0192230519 0.5571647371 2.1190307671 1073.4400000000 69.4796000000
1.0231645247 0.8691166934 2.1253985558 1036.2300000000 257.9450000000
1.0239208125 0.8689256855 2.1266065514 1036.2300000000 257.7050000000
1.0326426439 0.9191194511 1.9439410980 1065.4800000000 343.7400000000
1.0353296598 0.6597411151 2.1191211086 1070.7700000000 136.7310000000
1.0374436521 0.5566665680 2.1233749051 1084.6000000000 68.9930000000
1.0375081817 0.9185851454 1.9483575092 1066.3400000000 344.0270000000
1.0385561437 0.6975916437 2.1190488354 1067.4100000000 160.7410000000
1.0386077675 0.6999121310 2.1236252802 1066.4500000000 161.2220000000
1.0395963622 0.8450729349 2.1266039702 1049.4100000000 245.9430000000
1.0401668045 0.6642762610 2.1320193009 1071.0100000000 136.7310000000
1.0403036074 0.8458085732 2.1271356948 1049.1700000000 244.7440000000
1.0415270902 0.9234971446 1.9545730079 1067.3000000000 343.8670000000
1.0417826277 0.6103165432 2.1262064674 1080.4100000000 102.9060000000
1.0431351698 0.6146968179 2.1231425982 1081.1300000000 105.3160000000
1.0444154386 0.9252110529 1.7539270047 1106.1300000000 425.7460000000
1.0463977904 0.7641527172 2.1211654089 1063.3900000000 199.9460000000
1.0466868833 0.6209355473 2.1239763217 1082.4000000000 110.9110000000
1.0473657355 0.9250510193 1.5699219151 1150.9300000000 517.5790000000
1.0474638207 0.9251336172 1.5710034325 1149.7800000000 516.2540000000
1.0516272756 0.9137325135 2.0035303849 1066.3200000000 322.8860000000
1.0518595824 0.8036887610 2.1180034546 1064.9800000000 224.3420000000
1.0530211166 0.5589199444 2.1242938077 1094.9500000000 68.9869000000
1.0582867384 0.8503824369 2.1359065688 1057.3900000000 244.9390000000
1.0610047285 0.9279109746 1.3803956662 1218.6700000000 639.3470000000
1.0642441184 0.6984331108 2.1290406109 1083.3700000000 158.9320000000
1.0656844209 0.6955886425 2.1256386062 1084.5500000000 157.1790000000
1.0669466214 0.9232209576 1.8164511014 1110.3400000000 398.1780000000
1.0687818455 0.9252704202 1.8176720030 1110.1400000000 398.7770000000
1.0718637829 0.7538744299 2.1073379892 1083.3500000000 197.9350000000
1.0729633687 0.7548501187 2.1069637171 1084.5300000000 198.6550000000
1.0737893486 0.8980776134 2.0094619530 1082.1600000000 312.3650000000
1.0748605412 0.8976052561 2.0102698646 1082.7300000000 312.6520000000
1.0794731227 0.9187451790 2.1315650119 1062.0700000000 285.0360000000
1.0797467285 0.9181334377 2.1302202134 1063.3500000000 283.9160000000
1.0798809503 0.7607971739 2.1260232031 1084.1500000000 197.9350000000
1.0817187555 0.9271082254 1.3891846085 1235.6300000000 634.3450000000
1.0826170087 0.9285072289 1.3814074916 1238.6200000000 639.3370000000
1.0922319309 0.8220048652 2.0555335628 1097.2800000000 254.3120000000
1.0926810574 0.5944551481 2.1253366073 1119.0800000000 93.1864000000
1.0926862198 0.7707734623 2.0935957487 1098.0200000000 213.0450000000
1.0939277708 0.8460899226 2.0458850851 1097.2700000000 271.1030000000
1.0948853913 0.8465364680 2.0450307122 1097.9800000000 272.0620000000
1.0950454249 0.8826937378 2.0250058621 1097.2500000000 298.8850000000
1.0951873902 0.8818161342 2.0243528218 1097.2500000000 298.6850000000
1.0977350219 0.5586256890 2.1294277890 1127.3400000000 68.2438000000
1.0980447644 0.5978958706 2.1341668486 1120.1300000000 93.4739000000
1.0997044677 0.5610132872 2.1356587748 1125.4200000000 68.9661000000
1.1006698317 0.6412520714 2.1284804933 1115.3200000000 123.7380000000
1.1010854029 0.6436732250 2.1315753367 1115.3200000000 122.8980000000
1.1099904986 0.8408578562 2.0467394581 1108.6100000000 267.7370000000
1.1109584438 0.8407210533 2.0459186406 1109.2400000000 268.8960000000
1.1167196535 0.8100952676 2.0697146051 1112.3700000000 241.8270000000
1.1200648721 0.9168247758 2.0034090691 1112.3100000000 325.2930000000
1.1216368151 0.9175371834 2.0043486212 1113.1900000000 324.8530000000
1.1358462504 0.8803861565 2.0239553190 1124.1800000000 298.8660000000
1.1366644868 0.8809617613 2.0282271837 1124.1100000000 297.0830000000
1.1374569112 0.8140961077 2.0769754846 1125.2100000000 241.8980000000
1.1398909707 0.9232829060 1.8808052599 1149.8500000000 374.1750000000
1.1426967212 0.5141234411 2.1380644412 1164.2600000000 35.7684000000
1.1443409374 0.5613565851 2.1326052304 1158.7600000000 70.6681000000
1.1512662626 0.7328738911 2.1194489194 1138.2300000000 182.8990000000
1.1532795886 0.5236325346 2.1276390263 1171.6800000000 46.5770000000
1.1536667666 0.7332868811 2.1222004649 1138.2700000000 182.7790000000
1.1590382171 0.9291447821 1.6874201361 1212.0100000000 462.8110000000
1.1608760224 0.8435242226 2.0490186463 1142.1500000000 269.8720000000
1.1609766887 0.8420632707 2.0480894190 1142.5100000000 269.1520000000
1.1613819351 0.9322525315 1.6908014913 1211.8100000000 463.6100000000
1.1615316439 0.8656527402 2.0369154597 1141.1400000000 285.8620000000
1.1617252330 0.8802958150 2.0242934545 1141.1300000000 298.8530000000
1.1619136596 0.7907544322 2.0832503506 1142.5400000000 227.4100000000
1.1624841020 0.8662438320 2.0371555101 1141.3500000000 286.7100000000
1.1732812079 0.5911615533 2.1457537978 1168.5200000000 86.2272000000
1.1736580612 0.8176194282 2.0529910934 1154.0100000000 253.3110000000
1.1759527366 0.9150695685 2.0022036547 1149.0900000000 325.8250000000
1.1778731399 0.5955934516 2.1606653161 1169.1000000000 86.2267000000
1.1790733919 0.9198137905 2.0088218186 1149.6500000000 326.7030000000
1.1817681513 0.8821723380 2.0284156104 1154.1000000000 298.8430000000
1.1822921323 0.8091299036 2.0745233567 1156.1400000000 241.8740000000
1.1831774795 0.6118471872 2.1640131158 1170.4300000000 95.8342000000
1.1832781458 0.8090214937 2.0727345940 1156.8900000000 241.7940000000
1.1845196968 0.6530067978 2.1645422592 1164.4200000000 123.4600000000
1.1848165334 0.8543936018 2.0577766144 1154.1200000000 271.8610000000
1.1864271942 0.6541683320 2.1677145382 1163.8900000000 122.5480000000
1.1888122111 0.6059207815 2.1951551390 1169.2400000000 86.2266000000
1.1977947424 0.5705894916 2.1604794706 1188.0900000000 68.9089000000
1.2008018255 0.8615099348 2.0378859861 1168.3500000000 283.5220000000
1.2008379621 0.5723369553 2.1678487600 1188.6700000000 68.9083000000
1.2042115737 0.5732145589 2.1735067222 1189.6200000000 68.1864000000
1.2043948380 0.8650693919 2.0423488587 1169.0700000000 283.8410000000
1.2083595415 0.8314597538 2.0671050248 1171.0900000000 256.8550000000
1.2097120836 0.8320482644 2.0671101872 1172.3900000000 259.0530000000
1.2120351520 0.6790406516 2.1664497565 1177.6700000000 138.0950000000
1.2125049281 0.6808578073 2.1705280322 1176.3800000000 139.0570000000
1.2208834616 0.7703320793 2.0955109896 1184.5000000000 214.1300000000
1.2225560709 0.7705850356 2.0985413033 1185.0900000000 212.8580000000
1.2236892121 0.8248699829 2.0643534793 1184.1800000000 254.7250000000
1.2237976220 0.8103430616 2.0767405965 1184.6700000000 242.2500000000
1.2305164522 0.5871452260 2.1680733232 1205.3300000000 79.2696000000
1.2321709931 0.7455475201 2.1536754612 1182.8000000000 183.0300000000
1.2347908981 0.8004132345 2.1108277542 1184.2000000000 224.4960000000
1.2366338657 0.6787799517 2.1630425894 1195.1400000000 139.8390000000
1.2381180484 0.6477231077 2.1285063052 1208.7300000000 128.2190000000
1.2386342858 0.6202179772 2.1686618339 1205.8800000000 100.6020000000
1.2394576845 0.6794407356 2.1665349357 1195.7800000000 139.5180000000
1.2395635132 0.5427539692 2.1715063022 1217.4500000000 48.6875000000
1.2417471975 0.5899509765 2.1679107084 1213.5700000000 81.3743000000
1.2429138941 0.7539131477 2.1133392494 1199.0700000000 197.8470000000
1.2444367945 0.8968825237 2.0158736219 1197.0500000000 312.2760000000
1.2457686871 0.8975174957 2.0153754528 1197.9700000000 313.7940000000
1.2480220635 0.7575629464 2.1174123627 1199.0700000000 197.8470000000
1.2599987720 0.9106660632 2.0103653685 1207.1000000000 322.3390000000
1.2638731339 0.9156219425 2.0138886890 1205.9400000000 323.7790000000
1.2663691419 0.5415640419 2.1679184520 1239.9800000000 50.0993000000
1.2798739132 0.5357150717 2.1886557097 1246.2200000000 41.4365000000
1.2868482809 0.6107889005 2.1689044655 1240.1100000000 94.7551000000
1.2885441209 0.5874317378 2.1706157926 1246.1700000000 78.9297000000
1.2900308847 0.6551182089 2.1759769183 1233.8900000000 122.1860000000
1.2919487067 0.5885468107 2.1762169687 1247.1300000000 78.9284000000
1.2997748662 0.7842782335 2.1686231161 1217.0300000000 202.8280000000
1.3033420669 0.7860308596 2.1738448577 1217.2700000000 201.4280000000
1.3059284164 0.7674772863 2.1810257204 1222.0400000000 187.8230000000
1.3065762944 0.7601596207 2.1647358482 1224.1800000000 188.1730000000
1.3105100236 0.6974161230 2.1683159548 1240.3200000000 150.9940000000
1.3121464963 0.6964017165 2.1684114588 1239.7500000000 150.1300000000
1.3133648167 0.7857598350 2.1718702496 1227.0100000000 202.8180000000
1.3276155510 0.7007252050 2.1740177973 1251.0300000000 151.7810000000
1.3291436138 0.7644908527 2.1722006415 1239.8000000000 189.4040000000
1.3298818333 0.8643879585 2.1835010789 1221.5400000000 244.6140000000
1.3378060779 0.7877628362 2.1735815767 1240.9800000000 202.8030000000
1.3977773806 0.9170106212 2.1769887437 1255.8800000000 274.7650000000

gimbalangles:
-0.5804343730 0.0027717614 -0.1092837604

end: