T_CW:
0.5798334911 -0.0054649877 0.8147166725 -0.6955826058
-0.3399874330 0.9071261642 0.2480537595 0.0414328058
-0.7404064208 -0.4208233075 0.5241241035 0.1099858568
0.0000000000 0.0000000000 0.0000000000 1.0000000000


target_points_pix:
-4.2238288681 -1.8901982000 1.2699776416 151.5170000000 369.8500000000
-4.1580344072 -1.4221799240 2.6636302850 446.7820000000 527.0360000000
-4.0581940876 -1.0364963564 1.3953742953 152.1260000000 563.0050000000
-4.0131781834 -1.0712288109 1.9341816293 293.0500000000 574.6930000000
-4.0102356300 -1.0688257256 1.3957614734 156.9650000000 553.3860000000
-3.9990590896 -1.0498694871 1.9403635726 295.6980000000 579.7350000000
-3.9790032653 -1.4556863147 3.0468075200 536.9130000000 525.9950000000
-3.5185710985 -0.5306920815 1.3467731222 145.9560000000 683.2200000000
-3.4623528420 -0.7451990598 1.5019773253 209.0810000000 619.4430000000
-3.4482595600 -1.9261851114 2.8219603059 557.9640000000 388.8020000000
-3.2707513186 -1.2606105133 3.0824020910 626.9480000000 532.9440000000
-2.9848074042 -1.8728784341 1.4434721370 288.4130000000 269.7660000000
-2.9760313679 -1.9566740943 2.1452866029 473.8270000000 299.9390000000
-2.9516907729 -1.9049316163 1.4509291867 295.2330000000 258.7520000000
-2.9220071205 -1.8932930434 1.1267320785 201.6980000000 228.5710000000
-2.8127454677 -1.8981482564 0.5657368597 21.0410000000 153.9520000000
-2.6524279327 -1.8883965313 0.6100377750 46.4636000000 136.9420000000
-2.6241897451 -1.8718459592 0.6133287887 47.2718000000 136.9450000000
-2.5558244218 -1.4696144006 3.1237527094 741.5300000000 442.7470000000
-2.5225167826 -1.3228455171 3.0915394936 741.9140000000 474.9230000000
-2.5208415922 -1.7702065521 3.1177901671 743.9510000000 367.9860000000
-2.5192593244 -1.3804937513 3.0911006918 741.5220000000 460.7340000000
-2.5157773029 -1.3768852516 3.0898100982 741.5220000000 460.7340000000
-2.5086325769 -1.8981405129 2.6295844263 645.5970000000 304.7950000000
-2.4697986159 -1.9364479116 2.8129003389 689.4620000000 304.1280000000
-2.4564951773 -1.9147556147 2.9795934061 725.9710000000 319.2000000000
-2.4554988390 -1.9131320479 3.0523312605 741.2710000000 324.8630000000
-2.4425903220 -1.9055123834 3.0442521447 741.5590000000 325.1990000000
-2.4374331100 -1.9196572891 2.7087752486 673.9140000000 297.2130000000
-2.3934212877 -1.7746023139 2.3240105836 591.9770000000 297.9810000000
-2.2930027821 -1.8282316397 2.1821562804 575.9530000000 262.9560000000
-2.2712872545 -1.8986154513 2.6461040242 688.7880000000 280.7960000000
-2.2258712663 -1.9241640419 2.8455523566 737.9620000000 284.4020000000
-2.1711423548 -1.9059279546 2.7867271010 734.3650000000 279.3610000000
-2.1677816491 -1.8891424944 2.6336368902 704.3810000000 272.3970000000
-1.9362569038 -3.0392962653 3.0941206807 823.0160000000 27.4213000000
-1.8995575846 -2.6209374493 2.8321301833 784.6710000000 81.9665000000
-1.8823952712 -2.8260902053 2.8426614269 788.8450000000 37.8212000000
-1.8785751142 -2.4549413026 2.8864125494 802.6730000000 122.3400000000
-1.8479932086 -2.5514777026 2.8035822532 793.3080000000 89.1799000000
-1.8441343338 -2.7322898637 2.8355631622 796.6480000000 52.6500000000
-1.8416073516 -1.8776433056 3.0025917838 844.8370000000 266.9990000000
-1.8398676314 -1.7970276680 1.5594655259 467.6860000000 140.1150000000
-1.8396792047 -2.9329513540 2.9770896546 821.8150000000 24.8161000000
-1.8388945238 -1.9345068589 2.9698365187 836.4910000000 249.1210000000
-1.8349169144 -2.2993060412 2.7653548713 787.8930000000 140.9520000000
-1.8331100834 -2.5309753330 2.9532136733 824.8460000000 106.9320000000
-1.8318995066 -2.5486616274 2.7531716679 783.8710000000 81.8860000000
-1.8305159903 -1.9220294001 1.4362628812 434.4070000000 85.9519000000
-1.8297751896 -2.7184030767 2.7929735740 791.8500000000 50.2436000000
-1.8293492937 -1.8948262686 2.1008927648 632.1040000000 174.1480000000
-1.8264093215 -1.8941164421 2.0192110969 610.9250000000 164.8840000000
-1.8224188062 -2.3408631546 1.8365172505 565.7330000000 23.5785000000
-1.8212314601 -1.9184415499 2.9509164167 837.4490000000 249.6010000000
-1.8200957377 -2.3991902410 2.8206697123 803.3930000000 122.6280000000
-1.8175764990 -2.4452747567 2.1932502229 658.8510000000 40.7251000000
-1.8161878203 -2.6965146095 2.7966388598 796.1680000000 51.6883000000
-1.8148533466 -2.4655112640 3.1273921833 865.0030000000 135.5660000000
-1.8128374394 -1.8922244319 1.7326580224 531.4040000000 130.5660000000
-1.8110719074 -2.5116190104 2.9216715661 824.1030000000 105.3380000000
-1.8092573328 -2.4569701157 3.1168867516 863.8050000000 135.3260000000
-1.8085320192 -2.3886280231 2.8059311336 803.3930000000 122.3400000000
-1.8032147736 -1.6037277234 3.0995411738 881.0350000000 342.1060000000
-1.8031528251 -2.0475551132 1.8630105555 572.9530000000 100.5550000000
-1.8015215148 -2.0551257352 2.8104740230 808.8850000000 200.9920000000
-1.8001457421 -2.1378502027 1.6202240906 504.8450000000 42.7438000000
-1.7998824610 -1.8805497223 1.7624991273 542.7060000000 135.1450000000
-1.7969399076 -2.9343968189 3.0063345052 835.8030000000 22.8192000000
-1.7969037710 -2.0689892915 2.0676883731 632.0640000000 117.9170000000
-1.7958351595 -1.7290391980 1.4126888988 424.6530000000 134.4360000000
-1.7929906913 -2.0699830485 1.9427098717 597.4640000000 103.4640000000
-1.7912716206 -1.9953247909 2.1420446318 652.7340000000 146.2900000000
-1.7903036754 -2.0369593399 1.8523889703 572.2330000000 100.5540000000
-1.7893021748 -2.0634345767 1.9403377607 597.7520000000 103.4640000000
-1.7889924323 -1.8895709715 1.0834765440 312.9630000000 35.1769000000
-1.7879651198 -1.9997721764 2.0339961370 624.8710000000 132.3320000000
-1.7867622866 -1.9306324969 1.3453741187 411.2630000000 65.7018000000
-1.7866487144 -2.1404004156 1.6932742686 525.6990000000 50.5928000000
-1.7857220682 -1.9733201703 2.7473123730 801.4960000000 214.7960000000
-1.7850380536 -2.3656425514 3.0068249308 848.2270000000 142.7680000000
-1.7849296437 -1.5945541842 3.0821181604 881.7540000000 341.9620000000
-1.7843230648 -1.8787480537 1.3609670704 413.4510000000 78.7011000000
-1.7831537870 -1.8799199127 1.3594054521 412.7290000000 78.7000000000
-1.7831357187 -1.8846021862 1.1197215742 327.0430000000 41.2285000000
-1.7813727678 -2.0596376504 1.9954022265 615.4860000000 110.2110000000
-1.7808823423 -1.9917885645 1.9717766204 608.8950000000 126.8320000000
-1.7790806736 -2.2759127419 1.8402986897 575.7620000000 34.4184000000
-1.7787631876 -1.9901185364 1.8686865861 579.4540000000 113.7850000000
-1.7773538594 -1.8730333053 1.4736204031 455.6020000000 96.8083000000
-1.7767214685 -1.8693138146 1.5511721715 480.8780000000 107.6650000000
-1.7764220508 -1.9923099643 1.8987625790 588.8270000000 116.4380000000
-1.7754876611 -2.1182022060 1.6071426341 504.2200000000 42.7429000000
-1.7754773363 -2.0090902621 2.0882733408 641.9210000000 133.8670000000
-1.7749972355 -2.1305015628 1.6854093913 526.5020000000 51.1953000000
-1.7735698390 -1.9857614924 2.0223033592 624.9120000000 133.8540000000
-1.7731439431 -1.9101559391 1.6081028357 499.7140000000 102.6780000000
-1.7724005612 -2.1266710811 1.6839406958 526.7430000000 51.4363000000
-1.7723850741 -1.8720808472 1.3527563140 413.4510000000 78.5006000000
-1.7718610931 -1.9129771767 1.6031830929 499.1030000000 101.6270000000
-1.7717810763 -2.0087443830 1.4289142414 443.4950000000 47.4628000000
-1.7715307012 -1.8659582713 1.5105339608 467.6390000000 101.6350000000
-1.7712751636 -1.8711542011 1.3130189376 399.7160000000 72.9031000000
-1.7711461043 -2.1150789695 1.6038129026 503.6430000000 42.7421000000
-1.7703562610 -2.0037678541 1.5049276222 470.5900000000 60.5402000000
-1.7692257010 -1.9073424451 1.6051473764 499.3920000000 101.9160000000
-1.7679893124 -1.7055194205 1.6672894574 514.7580000000 170.8880000000
-1.7673078790 -1.7133920414 3.0222604300 869.5480000000 302.3860000000
-1.7660276101 -2.2084689024 1.6776916417 526.6690000000 27.5350000000
-1.7647395977 -1.9867113693 1.7723618434 554.2090000000 101.9780000000
-1.7631702359 -1.1519347900 0.5791641953 23.6244000000 221.2430000000
-1.7628604935 -1.8580417702 1.5822212720 494.1150000000 113.6940000000
-1.7590971226 -1.1489922367 0.5791822636 23.2160000000 219.2340000000
-1.7584879624 -1.9935799084 1.4972589152 468.5860000000 61.5399000000
-1.7574296757 -1.9786580654 1.7664096258 554.2090000000 101.7380000000
-1.7564462434 -1.8563226996 1.4214907471 441.1540000000 90.7737000000
-1.7523189251 -1.6918029919 1.6522953412 514.6140000000 171.4170000000
-1.7497093448 -1.6954347223 1.3854005881 423.1600000000 134.0490000000
-1.7462686224 -1.8048125285 1.6795475153 523.9590000000 138.0120000000
-1.7448825248 -1.9945814090 1.4394971088 454.3280000000 48.6836000000
-1.7432073344 -2.4488626068 3.1449958798 881.7790000000 131.9650000000
-1.7425129950 -2.4487800088 3.1483256112 881.0600000000 132.4460000000
-1.7402905929 -1.7215666612 1.6270177752 507.3850000000 154.5830000000
-1.7372809286 -1.8984166999 1.1596215654 349.1280000000 34.2495000000
-1.7202631616 -1.8169544329 1.6600259967 524.1850000000 124.5480000000
-1.7047708763 -1.8564801520 1.6362661689 521.7660000000 111.3210000000
-1.6912686862 -1.8612992284 1.1389230255 348.3220000000 32.8430000000
-1.6824616756 -1.6455119813 1.1349892963 338.2030000000 99.4351000000
-1.6797281984 -1.7914548849 1.3116018658 414.1740000000 78.9911000000
-1.6767520896 -1.7695018880 1.2069244014 368.8770000000 70.2027000000
-1.6703868820 -1.7624526659 1.2025492892 369.3610000000 71.4072000000
-1.6531058339 -1.7485400671 1.1959801679 369.0730000000 71.9844000000
-1.6406645118 -1.5600282247 1.1519322089 344.8700000000 123.3520000000
-1.6386769977 -1.5576509513 1.1483417775 344.8710000000 124.3150000000
-1.6138304900 -1.2803591763 1.1470718334 333.3550000000 221.7210000000
-1.5651054199 -0.9681800756 1.1596783515 328.2350000000 343.1120000000
-1.5499486888 -0.9577598230 1.1540513635 327.7520000000 342.0540000000
-1.5492466059 -0.9601138657 1.1540642695 328.4360000000 343.9130000000
-1.5314932006 -1.2378160495 0.7723918666 162.4830000000 161.7370000000
-1.5306981949 -0.9086217629 1.1601920078 330.6540000000 364.7390000000
-1.5269735418 -0.9050493999 1.1567228922 330.4530000000 363.9380000000
-1.5138972477 -0.9317569435 1.1640947628 336.4290000000 351.2860000000
-1.5104591063 -0.8986145003 1.1571281386 330.6540000000 364.2590000000
-1.5007048000 -1.2268563288 0.7669920231 162.4830000000 162.0260000000
-1.4930076999 -0.9236855712 1.1513901596 336.4290000000 350.7090000000
-1.4788705378 -0.6355553914 1.1575024108 321.9990000000 485.3340000000
-1.4753059183 -0.6357334933 1.1598925901 323.4440000000 484.8530000000
-1.4658536109 -0.5912467325 1.1650343149 325.4470000000 508.0700000000
-1.4610835770 -0.6284313148 1.1553445383 322.5770000000 485.6220000000
-1.4583913988 -0.9248445243 0.7773141906 141.8000000000 291.6890000000
-1.4537994668 -0.5869025945 1.1632223215 327.7750000000 508.3900000000
-1.4515848083 -0.8992881901 0.7766637314 138.7650000000 300.8780000000
-1.4502529157 -0.9186754870 0.7756260942 140.9290000000 290.5330000000
-1.4428216778 -0.5882293247 1.1698817844 331.8700000000 508.8690000000
-1.4352355687 -0.5249824955 1.1675019298 330.4540000000 540.0900000000
-1.4342624612 -0.6123427752 1.1633462185 330.6690000000 493.2580000000
-1.4241596946 -0.5802663622 1.1492839108 324.6440000000 508.8710000000
-1.4182978185 -0.3175995938 1.1673031784 317.3200000000 655.3690000000
-1.4162612619 -0.6015301821 1.1673186656 336.4490000000 499.4540000000
-1.4140595092 -0.3157927628 1.1655970137 316.1160000000 655.3710000000
-1.4120513456 -0.3158340617 1.1631990908 315.5380000000 655.0830000000
-1.4033759755 -0.6174948248 0.7865083793 116.3730000000 444.9540000000
-1.3931854486 -0.6133210451 0.7801741460 115.7920000000 444.0880000000
-1.3786146470 -0.2713653692 1.1525310443 314.6420000000 679.8690000000
-1.3697714998 -0.6024387600 0.7782047001 115.2840000000 444.9930000000
-1.3669476810 -0.2930679909 1.4322568787 467.7030000000 681.0140000000
-1.3627506707 -0.6722934283 2.6077217710 902.5720000000 566.7080000000
-1.3625312698 -0.2957343573 1.1639657034 324.2010000000 663.7190000000
-1.3623944669 -0.6744616255 2.6062504943 901.0150000000 567.0690000000
-1.3573327589 -0.5165833125 1.4473929603 487.1310000000 559.8870000000
-1.3499402388 -0.5579390933 1.5183084965 520.8880000000 542.9990000000
-1.3452244099 -0.5128870524 1.4429146006 487.0350000000 559.2150000000
-1.3444242418 -0.6275950101 2.6015527337 906.7480000000 582.8820000000
-1.3431129988 -0.8896939174 2.5969324086 896.4820000000 481.9350000000
-1.3383481272 -0.6347578045 2.6324753559 918.5220000000 580.6750000000
-1.3326153105 -0.8949130779 2.5908408069 897.6500000000 477.8280000000
-1.3151819724 -0.2804795411 0.7826778975 83.1127000000 644.8310000000
-1.3133519107 -0.4929189885 1.4588766620 501.8510000000 568.0050000000
-1.3113179352 -0.4690920498 1.4439496566 494.8340000000 579.0070000000
-1.3098053595 -0.4927512114 2.6071280980 924.6560000000 636.7870000000
-1.3094981983 -0.3011290385 0.7835606635 85.7937000000 631.1170000000
-1.3091884558 -0.4210948744 2.6114386805 930.6130000000 666.7380000000
-1.3080346652 -0.4923821016 2.6055019500 924.4570000000 636.5880000000
-1.3070331645 -0.2986485176 0.7823268561 84.3421000000 630.3970000000
-1.3067569775 -0.9288969881 3.1692590392 1045.6500000000 502.4850000000
-1.3048881980 -0.4215310950 2.6063279299 929.0790000000 668.2730000000
-1.3046171733 -0.6265599541 2.5998491501 918.7220000000 580.4750000000
-1.2945324751 -0.8123718747 2.6032563172 916.3870000000 506.1790000000
-1.2944318088 -0.4661469152 1.4376644659 495.1960000000 577.4470000000
-1.2888203079 -0.6903023712 2.6107675719 924.0120000000 554.1080000000
-1.2885054030 -0.8141503126 2.6013204268 917.1540000000 506.0830000000
-1.2884563605 -1.5970760041 2.6456135986 899.7450000000 238.9950000000
-1.2883608566 -0.6911773936 2.6117226111 924.5310000000 553.7080000000
-1.2816136333 -0.4148613074 1.4532367680 503.8250000000 608.3940000000
-1.2806844059 -0.7606371403 2.6031272578 921.1610000000 525.3500000000
-1.2805037228 -0.9467123420 2.6418192535 925.8040000000 461.2050000000
-1.2789059680 -0.9452901078 2.6423354909 925.9990000000 457.0340000000
-1.2737616619 -0.8641840447 2.6033337528 919.5950000000 484.8040000000
-1.2737255253 -0.8808688385 2.6065086130 918.8000000000 479.8110000000
-1.2710952956 -0.8784631721 2.6056826331 918.8960000000 480.1940000000
-1.2472322202 -0.7691757074 2.6134520065 935.5310000000 519.7460000000
-1.2453014922 -0.4216756415 1.4575112140 517.0470000000 599.9860000000
-1.2411019007 -0.4213710614 1.4554694949 516.8070000000 599.0270000000
-1.2341920627 -1.0616577689 2.6365794435 932.6110000000 410.8810000000
-1.2314714914 -1.0613196334 2.6342563751 934.4560000000 409.4170000000
-1.2267324318 -0.6730368102 2.6237509433 948.1410000000 557.8260000000
-1.2262807240 -1.1015732472 2.6270806748 931.0150000000 395.6090000000
-1.2246907127 -1.1511036478 2.6267709323 929.8760000000 375.7560000000
-1.2200213451 -1.0929443385 2.6163945599 931.3020000000 395.8960000000
-1.2137464791 -0.8760058819 2.6304878418 947.5330000000 475.7960000000
-1.2048878448 -1.0771655414 2.6772331414 949.9730000000 404.2780000000
-1.1909416905 -0.2885715629 1.9209504639 737.7390000000 694.7050000000
-1.1755061913 -0.8628624768 2.6131422641 955.0980000000 476.7170000000
-1.1735341643 -1.0856240917 2.6297909213 948.5430000000 393.0100000000
-1.1655040910 -0.7583863451 2.6334045833 965.6970000000 515.2490000000
-1.1609457144 -0.7635100016 2.6265644373 967.1330000000 516.3990000000
-1.1571539505 -0.8231276816 2.4607386490 918.3210000000 480.7700000000
-1.1547715147 -0.3007418604 1.8188619302 708.7830000000 681.7500000000
-1.1528330432 -0.4840887472 1.6879776726 653.9160000000 573.4990000000
-1.1472783284 -0.8347636733 2.6233379534 965.7200000000 485.0510000000
-1.1406188655 -0.2999055557 1.7855671970 697.7940000000 679.7640000000
-1.1386261890 -0.3120035800 1.7667167871 690.8070000000 672.7780000000
-1.1384971297 -0.3114202317 1.7674498442 691.0090000000 670.8200000000
-1.1353171071 -0.3303429148 1.7807403770 699.8100000000 662.7790000000
-1.1347079469 -0.4578638856 2.6481173502 997.2620000000 644.5080000000
-1.1343336748 -0.4805654267 1.6775754883 653.9160000000 573.8980000000
-1.1314530699 -1.1013099661 2.6554221099 967.9400000000 383.8880000000
-1.1283272522 -0.4969740336 1.3988201802 525.2070000000 539.1340000000
-1.1258622185 -0.4971572978 1.3981206785 524.2940000000 538.7990000000
-1.1248452307 -0.2911295194 1.6989348121 666.5360000000 678.0400000000
-1.1206585451 -1.1428180370 2.6375861065 965.5560000000 365.9060000000
-1.1194970109 -1.0939587451 2.6321656135 967.2220000000 383.5050000000
-1.1193034219 -0.3234872817 0.6905811394 43.7040000000 582.0860000000
-1.1186452192 -0.4233714815 1.7867984232 704.0170000000 610.3860000000
-1.1177856838 -0.3600833533 0.7070103957 63.8330000000 554.6440000000
-1.1164537912 -1.1404407636 2.6303845943 963.7840000000 366.2430000000
-1.1163944239 -0.8679448344 2.6357018399 978.6570000000 470.1810000000
-1.1126387966 -0.5619760700 0.7099813421 103.5910000000 412.9120000000
-1.1124090710 -0.4144663858 0.6977258655 66.2748000000 513.7480000000
-1.1122645245 -0.4754159583 2.6556544167 1006.0500000000 634.3150000000
-1.1117508682 -0.5176106250 0.6856510719 75.9622000000 439.1720000000
-1.1106435389 -0.2871002862 1.3973411599 522.9970000000 663.5590000000
-1.1103467024 -0.4405828375 0.6974419349 69.9118000000 494.1010000000
-1.1088651010 -0.3544821772 0.6727064183 35.5829000000 554.9520000000
-1.1079074805 -0.2865117755 1.3949225876 522.5160000000 663.7990000000
-1.1076751737 -0.4910063288 0.6309040921 26.3020000000 448.7860000000
-1.1076080628 -1.6273455860 2.6795045861 956.0390000000 205.1860000000
-1.1066375365 -0.4551226648 1.4278456299 543.8980000000 563.9800000000
-1.1057934882 -0.3529102342 0.6732794418 36.4557000000 554.6620000000
-1.1033955654 -0.2192739148 0.6930694038 28.3654000000 663.5630000000
-1.1027451062 -0.3031630139 1.4073200295 529.0120000000 653.9570000000
-1.1015371106 -0.4068028411 0.6537166243 29.5296000000 511.1530000000
-1.0989017185 -0.3034753376 1.4075007126 530.3100000000 653.1400000000
-1.0965347699 -0.4876146489 0.6302949319 29.2108000000 447.8240000000
-1.0959514216 -0.3658394007 1.4247998290 542.8590000000 615.9600000000
-1.0956365167 -0.5014033507 0.6875146890 74.9552000000 446.9900000000
-1.0947176141 -0.3894004772 1.4233853385 542.8720000000 599.9660000000
-1.0927430059 -0.3922242960 1.4442723050 555.4800000000 601.1560000000
-1.0912433362 -0.3911453597 1.4441380833 554.8800000000 600.9570000000
-1.0887034480 -0.5343883415 0.6313325692 37.3438000000 414.6150000000
-1.0886673114 -0.4633179341 2.6499499931 1014.4200000000 635.5060000000
-1.0875548197 -0.3426267845 1.4495714823 557.8570000000 629.9400000000
-1.0866230112 -0.4553446469 1.4682308843 570.9150000000 564.9620000000
-1.0860525688 -0.3251056860 1.4441225962 554.2450000000 640.7380000000
-1.0848135990 -0.3239105964 1.4430849589 554.8450000000 640.9380000000
-1.0844832070 -0.4666812210 2.6506985373 1014.4200000000 635.9850000000
-1.0844754634 -0.2492722139 1.3694333643 513.7640000000 684.9620000000
-1.0835591420 -0.2491996826 1.3697121325 513.3630000000 685.1620000000
-1.0831151778 -0.3699615566 1.4631123901 567.8760000000 614.9390000000
-1.0825060176 -0.2832388302 1.4534819808 560.2230000000 667.1190000000
-1.0814245002 -0.7574106563 2.6322172372 996.4360000000 509.4740000000
-1.0811457320 -0.3705345802 1.4614449432 567.4770000000 614.3400000000
-1.0784896904 -0.8636497389 2.6334820189 991.5850000000 466.3370000000
-1.0782418964 -0.3416201215 1.4443342535 556.8570000000 629.9410000000
-1.0776946847 -0.4325863197 1.4930102811 584.5520000000 578.8260000000
-1.0741842702 -0.4314712468 1.4896005328 584.3120000000 578.3460000000
-1.0741532960 -0.4561680456 1.5100538600 595.1240000000 566.3450000000
-1.0734796061 -0.4557705428 1.5088432832 594.3550000000 566.7290000000
-1.0726407203 -0.2822476543 1.4501625741 560.8230000000 667.9180000000
-1.0701601994 -0.3420021372 1.4813613834 580.4750000000 632.3670000000
-1.0693290571 -0.3249895326 1.4863043568 583.8580000000 642.9090000000
-1.0674757648 -0.3702661367 1.4880311711 583.8830000000 614.9260000000
-1.0670601936 -0.3259394095 1.4864695528 584.4990000000 642.1490000000
-1.0666678532 -0.3417285314 1.4809406499 581.8690000000 630.9180000000
-1.0649178083 -0.3667453974 1.5073178016 594.6040000000 617.6750000000
-1.0601916546 -0.4388508609 1.5529970709 620.9190000000 577.9200000000
-1.0580441068 -0.4555537231 1.5281583067 609.9260000000 566.9350000000
-1.0564799074 -0.4560673793 1.5509940696 620.3260000000 567.5270000000
-1.0562785748 -0.4113818671 1.5289842866 610.7070000000 592.7180000000
-1.0544175389 -0.3712366631 1.5297044379 610.4480000000 616.2220000000
-1.0543530092 -0.4360373669 1.5280292474 609.9180000000 577.9280000000
-1.0536018837 -0.4124917776 1.5510018132 621.5070000000 592.7090000000
-1.0535812342 -0.8509477169 2.6330948409 999.4020000000 468.7680000000
-1.0534573373 -0.3475465273 1.5065202147 597.8750000000 628.9050000000
-1.0490331824 -0.3709191771 1.5500287056 621.4880000000 616.6930000000
-1.0485143638 -0.3697344122 1.5267050984 610.6880000000 616.7020000000
-1.0479361779 -0.4763709976 1.5662514670 632.0930000000 555.7670000000
-1.0469217713 -0.4772976438 1.5674930180 632.9330000000 555.9260000000
-1.0458505787 -0.5011220013 1.5979329582 645.5380000000 544.7260000000
-1.0444515752 -0.3701396586 1.5467505979 621.8870000000 616.8920000000
-1.0422962839 -0.2834014450 1.4996026331 596.2380000000 667.0820000000
-1.0422833780 -0.3260787936 1.5466602564 621.4640000000 643.0730000000
-1.0407991954 -0.3256993591 1.5460407714 621.8630000000 643.8720000000
-1.0400816254 -0.4986388993 1.5916735794 644.4820000000 545.9730000000
-1.0335202476 -1.5654848544 2.6469041922 975.1960000000 209.9810000000
-1.0322399787 -0.3050601865 1.5625139079 634.0250000000 656.4910000000
-1.0287089147 -0.8521841055 2.6382055914 1010.3700000000 466.7630000000
-1.0285875989 -0.3041825829 1.5620776873 635.8490000000 656.2490000000
-1.0280068318 -0.7516623525 2.6399866106 1015.3900000000 506.0080000000
-1.0274492954 -0.7559316361 2.6422838672 1018.3200000000 505.7020000000
-1.0250049111 -0.2908094522 1.5933074708 650.2340000000 667.0260000000
-1.0236394631 -0.2913179460 1.5913225379 649.5630000000 666.8350000000
-1.0180924919 -0.6851322533 2.6607393554 1027.4300000000 535.3300000000
-1.0157926541 -0.6843165981 2.6529183583 1027.4300000000 535.3300000000
-1.0122280346 -1.6227897907 2.6791432199 985.9780000000 190.7780000000
-1.0100933928 -0.7377962150 2.6188724996 1018.3200000000 509.6960000000
-1.0056821440 -0.7944403674 2.6386960170 1022.3200000000 487.7250000000
-0.9974171827 -0.8915704405 2.6234670127 1014.5800000000 446.1870000000
-0.9965137672 -0.8922905917 2.6242155570 1015.4400000000 447.3370000000
-0.9874486378 -1.5652241545 2.6510599035 990.2850000000 201.5770000000
-0.9785435421 -0.6721050016 2.9069071755 1109.0200000000 554.5540000000
-0.9761585252 -0.6713771069 2.8828505111 1104.2400000000 552.7610000000
-0.9660764081 -1.6041019956 2.6518084478 996.5560000000 185.9740000000
-0.9639288604 -0.6263250661 2.6605844842 1054.1800000000 555.5970000000
-0.9636939723 -0.6289294839 2.6622622558 1053.2600000000 556.0130000000
-0.9603513350 -0.6647176440 2.6748326373 1056.1900000000 539.6200000000
-0.9351099056 -0.9704386144 2.6442713813 1037.8700000000 409.3520000000
-0.9272605155 -0.9658492636 2.6287842583 1037.5800000000 408.7770000000
-0.8957674508 -1.5754508180 2.6171172923 1009.5300000000 180.9690000000
-0.8744313577 -0.4248401770 2.6635270376 1104.1700000000 641.4210000000
-0.8694393417 -0.4247730661 2.6582097920 1104.8800000000 642.2350000000
-0.8541793632 -0.4675768929 2.7807645587 1140.8000000000 625.8170000000
-0.8502688647 -0.4646343395 2.7773573916 1141.0800000000 626.6800000000
-0.8136237504 -0.2888709806 2.4438860780 1076.0000000000 696.3610000000
-0.8062725294 -1.5783210981 2.6541831400 1048.3400000000 165.8390000000
-0.7932426966 -0.3063172247 2.4374563407 1082.5900000000 686.9700000000
-0.7866193703 -1.5177122423 3.0131488393 1143.9800000000 228.8480000000
-0.7696764577 -1.4959605780 2.9834651869 1143.1200000000 227.9850000000
-0.7646379804 -1.0971749043 2.6025335848 1081.0000000000 329.9190000000
-0.7601854325 -0.9166389303 2.5714173735 1089.5700000000 400.6860000000
-0.7590858468 -1.0663865038 2.6346435532 1093.6300000000 344.0090000000
-0.7577178176 -1.6057178187 2.6896486517 1072.4900000000 152.0000000000
-0.7555599451 -1.5256106750 2.8850961440 1125.3200000000 204.3880000000
-0.7518327109 -1.1492787484 2.6649208786 1099.9700000000 314.3670000000
-0.7456894854 -0.9316356277 2.5816775925 1094.7400000000 393.7780000000
-0.7456765795 -1.0559714136 2.6106901362 1094.7700000000 345.4470000000
-0.7429585894 -1.4699447926 2.9262660793 1145.1700000000 229.0870000000
-0.7418719096 -1.5083063962 2.8596198266 1127.2300000000 206.9060000000
-0.7347039528 -1.5809977892 2.6481173502 1072.2000000000 151.1360000000
-0.7321924577 -0.9956619754 2.6340756920 1110.8400000000 368.4510000000
-0.7283800443 -1.4981545871 2.8327496682 1123.6400000000 203.9090000000
-0.7158070816 -1.0786084250 2.6422322434 1113.9800000000 333.4440000000
-0.6991739115 -1.0763911852 2.6473171821 1120.9200000000 332.4800000000
-0.6980923940 -0.9825701941 2.6422838672 1128.0700000000 367.0000000000
-0.6966469292 -0.4156743814 2.6445811237 1180.7200000000 631.8290000000
-0.6951162852 -0.4144767105 2.6453038562 1181.0000000000 632.9790000000
-0.6938308540 -0.4146496501 2.6467235091 1181.9600000000 631.7800000000
-0.6935417611 -0.9131775583 2.6592938906 1141.4500000000 399.3520000000
-0.6908883007 -0.9102504920 2.6470074397 1137.8100000000 400.6490000000
-0.6904417553 -1.0114356102 2.5849557002 1115.1600000000 351.4260000000
-0.6757857745 -0.4866286354 2.6345403057 1178.8000000000 594.4380000000
-0.6728045034 -0.9877945169 2.6681989863 1144.7300000000 366.1240000000
-0.6635173919 -1.0793027644 2.6885129293 1146.4800000000 331.5980000000
-0.6617957401 -1.0174549386 2.6612297810 1148.1900000000 352.3120000000
-0.6604793346 -1.0182086453 2.6672697589 1148.1900000000 352.6000000000
-0.6604612663 -1.0768325682 2.6789883487 1146.7700000000 331.0220000000
-0.6492279398 -0.9781253898 2.7059617546 1163.9700000000 369.8490000000
-0.6443391713 -0.9744988218 2.6921524032 1163.6800000000 371.2870000000
-0.6417373346 -1.0997122113 2.7211649470 1162.5800000000 320.9380000000
-0.6385882863 -1.5813952921 3.1671166538 1224.1700000000 201.9970000000
-0.6369208394 -0.9361733548 2.6335078308 1155.3500000000 379.9240000000
-0.6325921885 -1.1300824595 2.7564755874 1172.6400000000 313.0170000000
-0.6163332905 -0.9255620943 2.6716319653 1175.4500000000 387.0990000000
-0.6068267782 -0.8878303003 2.6433679658 1177.4500000000 397.1660000000
-0.5875220794 -0.4192828810 2.6317526235 1228.4200000000 620.0090000000
-0.5872123369 -0.4176231777 2.6336368902 1228.9900000000 621.4470000000
-0.5751194750 -0.7492979851 2.6306685249 1200.0500000000 454.4320000000
-0.5745619386 -0.7491250455 2.6296876738 1199.8100000000 454.6720000000
-0.5743089823 -0.4795019776 2.6343338107 1230.7300000000 588.6610000000
-0.5742315467 -0.3441187107 2.6344628701 1245.6400000000 660.2660000000
-0.5737850013 -0.6140618458 2.6328109103 1215.5500000000 520.3250000000
-0.5392151615 -0.8819580995 2.6373796116 1205.0300000000 390.2390000000
-0.5355576193 -0.4793264569 2.6347468006 1250.2300000000 583.8080000000
-0.5337766002 -0.6132771649 2.6295844263 1234.2300000000 515.0390000000
-0.5333868409 -0.6130551828 2.6282163971 1234.7100000000 515.5180000000
-0.5160696562 -0.6327289914 2.6479882908 1245.6900000000 505.5240000000
-0.5010961895 -0.7635513006 2.6276485359 1232.7800000000 437.6280000000
-0.4987060101 -0.7460792447 2.6221247954 1234.7600000000 446.0150000000
-0.4966642911 -0.8623565642 2.6313912573 1224.2800000000 391.3730000000
-0.4797497716 -0.7469052246 2.6273646053 1245.7800000000 443.1300000000
-0.4579258341 -0.7535388756 2.6173495991 1253.7300000000 434.6140000000

gimbalangles:
0.4211939414 0.0033236291 -0.9973610526

end: