T_CW:
0.99599 0.05070 0.07376 -0.37642
0.05740 -0.99412 -0.09178 0.65168
0.06868 0.09565 -0.99304 1.35335
0.00000 0.00000 0.00000 1.00000

T_CW_cov:

target_points_pix:
0.00000 0.00000 0.00000 463.06302 811.14142
0.08800 0.00000 0.00000 503.66214 813.84741
0.11420 0.00000 0.00000 515.63306 814.38617
0.20220 0.00000 0.00000 556.19812 816.50055
0.43059 0.00000 0.00000 661.06006 819.75995
0.45679 0.00000 0.00000 672.98853 819.90570
0.54479 0.00000 0.00000 712.60767 819.79565
0.57099 0.00000 0.00000 724.23468 820.01196
0.65899 0.00000 0.00000 762.83972 819.82074
0.00000 0.08800 0.00000 464.72818 771.68512
0.08800 0.08800 0.00000 505.29208 774.33862
0.20220 0.08800 0.00000 558.01044 777.01056
0.22840 0.08800 0.00000 570.38281 777.59393
0.31640 0.08800 0.00000 610.73401 779.25769
0.34259 0.08800 0.00000 622.76703 779.58527
0.43059 0.08800 0.00000 663.28784 780.54639
0.45679 0.08800 0.00000 675.21820 780.74207
0.54479 0.08800 0.00000 714.57739 781.43494
0.57099 0.08800 0.00000 726.45020 781.47772
0.65899 0.08800 0.00000 764.80688 781.41101
0.00000 0.11420 0.00000 464.98007 759.93414
0.08800 0.11420 0.00000 505.54996 762.39056
0.11420 0.11420 0.00000 517.90112 763.01044
0.20220 0.11420 0.00000 558.56879 765.39819
0.22840 0.11420 0.00000 570.67889 765.69012
0.31640 0.11420 0.00000 611.33875 767.18726
0.34259 0.11420 0.00000 623.62292 767.83813
0.43059 0.11420 0.00000 663.70447 768.71887
0.45679 0.11420 0.00000 675.82593 768.88171
0.54479 0.11420 0.00000 715.27258 769.72882
0.57099 0.11420 0.00000 726.79144 769.74854
0.65899 0.11420 0.00000 765.85577 769.93848
0.00000 0.20220 0.00000 466.77505 719.82434
0.08800 0.20220 0.00000 507.34668 722.48999
0.11420 0.20220 0.00000 519.59760 722.97144
0.20220 0.20220 0.00000 560.44562 725.45416
0.22840 0.20220 0.00000 572.67365 725.74030
0.31640 0.20220 0.00000 613.24487 727.72565
0.34259 0.20220 0.00000 625.52441 728.29333
0.43059 0.20220 0.00000 666.19159 729.40204
0.45679 0.20220 0.00000 678.17474 729.65881
0.54479 0.20220 0.00000 717.53162 730.43079
0.57099 0.20220 0.00000 729.41034 730.51349
0.65899 0.20220 0.00000 767.98944 731.10175
0.00000 0.22840 0.00000 467.21481 708.02203
0.08800 0.22840 0.00000 507.68567 710.40765
0.11420 0.22840 0.00000 520.22052 711.26440
0.20220 0.22840 0.00000 560.73169 713.32965
0.22840 0.22840 0.00000 573.18561 713.94391
0.31640 0.22840 0.00000 614.23969 715.59479
0.34259 0.22840 0.00000 626.12695 716.01520
0.43059 0.22840 0.00000 666.51184 717.53033
0.45679 0.22840 0.00000 678.49695 717.67908
0.54479 0.22840 0.00000 717.89886 718.70856
0.57099 0.22840 0.00000 729.80878 718.75500
0.65899 0.22840 0.00000 768.55927 719.42639
0.00000 0.31640 0.00000 468.96707 667.50281
0.08800 0.31640 0.00000 509.85736 670.06586
0.11420 0.31640 0.00000 521.84442 670.74567
0.20220 0.31640 0.00000 563.02112 672.98004
0.22840 0.31640 0.00000 575.04785 673.64258
0.31640 0.31640 0.00000 616.26257 675.50165
0.34259 0.31640 0.00000 628.27698 675.83319
0.43059 0.31640 0.00000 668.57971 677.49292
0.45679 0.31640 0.00000 680.77924 677.78235
0.54479 0.31640 0.00000 720.33752 679.17853
0.57099 0.31640 0.00000 732.21490 679.22644
0.65899 0.31640 0.00000 770.81317 680.02185
0.00000 0.34259 0.00000 469.89182 655.10980
0.08800 0.34259 0.00000 510.53671 657.66431
0.11420 0.34259 0.00000 522.83319 658.40863
0.20220 0.34259 0.00000 563.53967 660.61432
0.22840 0.34259 0.00000 576.14795 661.30048
0.31640 0.34259 0.00000 616.57318 663.39746
0.34259 0.34259 0.00000 628.74652 663.74347
0.43059 0.34259 0.00000 669.00122 665.37115
0.45679 0.34259 0.00000 681.27631 665.93420
0.54479 0.34259 0.00000 720.93292 666.97382
0.57099 0.34259 0.00000 732.66632 667.33527
0.65899 0.34259 0.00000 771.37225 668.27887
0.00000 0.43059 0.00000 471.77313 614.57184
0.08800 0.43059 0.00000 512.70984 617.19330
0.11420 0.43059 0.00000 524.87958 617.76044
0.20220 0.43059 0.00000 565.78595 620.19012
0.22840 0.43059 0.00000 577.81702 620.71350
0.31640 0.43059 0.00000 618.88898 622.80597
0.34259 0.43059 0.00000 630.77423 623.29395
0.43059 0.43059 0.00000 671.17084 624.89349
0.45679 0.43059 0.00000 682.93616 625.58807
0.54479 0.43059 0.00000 722.89514 627.09772
0.57099 0.43059 0.00000 734.61749 627.52783
0.65899 0.43059 0.00000 773.37311 628.61768
0.00000 0.45679 0.00000 472.80099 602.10077
0.08800 0.45679 0.00000 513.39276 604.58813
0.11420 0.45679 0.00000 525.64203 605.37903
0.20220 0.45679 0.00000 566.47729 607.67316
0.22840 0.45679 0.00000 578.73297 608.26227
0.31640 0.45679 0.00000 619.34198 610.40076
0.34259 0.45679 0.00000 631.51984 610.72388
0.43059 0.45679 0.00000 671.80164 612.84052
0.45679 0.45679 0.00000 684.08826 613.40906
0.54479 0.45679 0.00000 723.44458 614.72400
0.57099 0.45679 0.00000 734.95868 615.28339
0.65899 0.45679 0.00000 773.77887 616.74316
0.00000 0.54479 0.00000 475.08377 561.66064
0.08800 0.54479 0.00000 515.80475 564.14709
0.11420 0.54479 0.00000 527.83807 564.79034
0.20220 0.54479 0.00000 568.73773 567.18341
0.22840 0.54479 0.00000 580.85742 567.76636
0.34259 0.54479 0.00000 633.60785 570.51526
0.43059 0.54479 0.00000 673.66064 572.46429
0.45679 0.54479 0.00000 685.87451 572.97217
0.54479 0.54479 0.00000 725.16656 574.90240
0.57099 0.54479 0.00000 736.72510 575.56104
0.65899 0.54479 0.00000 775.26337 576.94550
0.00000 0.57099 0.00000 476.33072 549.39746
0.08800 0.57099 0.00000 516.57440 551.67688
0.11420 0.57099 0.00000 528.95404 552.53070
0.20220 0.57099 0.00000 569.34851 554.64642
0.22840 0.57099 0.00000 581.61401 555.43481
0.31640 0.57099 0.00000 622.25220 557.68170
0.34259 0.57099 0.00000 633.97278 558.16040
0.43059 0.57099 0.00000 674.13428 560.43085
0.45679 0.57099 0.00000 686.34247 561.16119
0.54479 0.57099 0.00000 725.78687 562.79962
0.57099 0.57099 0.00000 737.24023 563.53363
0.65899 0.57099 0.00000 775.96826 565.09937
0.00000 0.65899 0.00000 479.06573 509.04614
0.08800 0.65899 0.00000 518.92780 511.18036
0.11420 0.65899 0.00000 531.27191 512.19092
0.20220 0.65899 0.00000 571.66748 514.31866
0.22840 0.65899 0.00000 583.94592 515.00623
0.31640 0.65899 0.00000 624.32446 517.38464
0.34259 0.65899 0.00000 636.31860 517.94537
0.43059 0.65899 0.00000 676.04462 520.15546
0.45679 0.65899 0.00000 688.12823 521.08850
0.54479 0.65899 0.00000 727.19348 523.00458
0.57099 0.65899 0.00000 738.99701 523.87689
0.65899 0.65899 0.00000 777.10034 526.24426

gimbalangles:
0.209439510239 -0.174532925199 0.261799387799 

end: