T_CW:
0.99598 0.05072 0.07381 -0.37641
0.05741 -0.99415 -0.09148 0.65167
0.06874 0.09535 -0.99307 1.35335
0.00000 0.00000 0.00000 1.00000

T_CW_cov:

target_points_pix:
0.00000 0.00000 0.00000 463.10461 811.14471
0.08800 0.00000 0.00000 503.59674 813.89081
0.11420 0.00000 0.00000 515.63660 814.36115
0.20220 0.00000 0.00000 556.18390 816.48798
0.31640 0.00000 0.00000 609.20404 818.50055
0.43059 0.00000 0.00000 661.01318 819.76489
0.45679 0.00000 0.00000 673.03461 819.92609
0.54479 0.00000 0.00000 712.58966 819.88318
0.57099 0.00000 0.00000 724.26288 819.92462
0.65899 0.00000 0.00000 762.82269 819.87848
0.00000 0.08800 0.00000 464.70358 771.73572
0.08800 0.08800 0.00000 505.24997 774.29742
0.20220 0.08800 0.00000 558.03284 777.03967
0.22840 0.08800 0.00000 570.41937 777.55334
0.31640 0.08800 0.00000 610.75421 779.26746
0.34259 0.08800 0.00000 622.77271 779.58521
0.43059 0.08800 0.00000 663.32294 780.56226
0.45679 0.08800 0.00000 675.24591 780.73511
0.54479 0.08800 0.00000 714.57886 781.43842
0.57099 0.08800 0.00000 726.47791 781.48059
0.65899 0.08800 0.00000 764.81244 781.34930
0.00000 0.11420 0.00000 464.99866 759.93677
0.08800 0.11420 0.00000 505.53329 762.41156
0.11420 0.11420 0.00000 517.91797 762.95795
0.20220 0.11420 0.00000 558.54663 765.37402
0.22840 0.11420 0.00000 570.65436 765.67340
0.31640 0.11420 0.00000 611.31958 767.19537
0.34259 0.11420 0.00000 623.61963 767.88367
0.43059 0.11420 0.00000 663.70081 768.71539
0.45679 0.11420 0.00000 675.81976 768.91595
0.54479 0.11420 0.00000 715.23218 769.69812
0.57099 0.11420 0.00000 726.86926 769.75439
0.65899 0.11420 0.00000 765.86426 769.91357
0.00000 0.20220 0.00000 466.76880 719.81854
0.08800 0.20220 0.00000 507.38849 722.47266
0.11420 0.20220 0.00000 519.59192 722.93268
0.20220 0.20220 0.00000 560.44482 725.48792
0.22840 0.20220 0.00000 572.66406 725.74323
0.31640 0.20220 0.00000 613.28979 727.71899
0.34259 0.20220 0.00000 625.51105 728.30127
0.43059 0.20220 0.00000 666.19751 729.40240
0.45679 0.20220 0.00000 678.19678 729.68164
0.54479 0.20220 0.00000 717.55768 730.41699
0.57099 0.20220 0.00000 729.41602 730.50568
0.65899 0.20220 0.00000 768.01379 731.06458
0.00000 0.22840 0.00000 467.22269 708.01666
0.08800 0.22840 0.00000 507.65582 710.45135
0.11420 0.22840 0.00000 520.20465 711.26398
0.20220 0.22840 0.00000 560.71198 713.35114
0.22840 0.22840 0.00000 573.18195 713.95496
0.31640 0.22840 0.00000 614.23120 715.61090
0.34259 0.22840 0.00000 626.04700 715.99115
0.43059 0.22840 0.00000 666.53851 717.53296
0.45679 0.22840 0.00000 678.48810 717.65924
0.54479 0.22840 0.00000 717.98096 718.72626
0.57099 0.22840 0.00000 729.78827 718.68878
0.65899 0.22840 0.00000 768.53528 719.43225
0.00000 0.31640 0.00000 468.90070 667.47278
0.08800 0.31640 0.00000 509.87317 670.06818
0.11420 0.31640 0.00000 521.84570 670.74866
0.20220 0.31640 0.00000 563.02545 672.93854
0.22840 0.31640 0.00000 575.06372 673.62067
0.31640 0.31640 0.00000 616.29272 675.47174
0.34259 0.31640 0.00000 628.28320 675.81732
0.43059 0.31640 0.00000 668.55219 677.52448
0.45679 0.31640 0.00000 680.77588 677.87738
0.54479 0.31640 0.00000 720.34229 679.22241
0.57099 0.31640 0.00000 732.20935 679.23572
0.65899 0.31640 0.00000 770.76172 680.01880
0.00000 0.34259 0.00000 469.90637 655.20331
0.08800 0.34259 0.00000 510.51178 657.66479
0.11420 0.34259 0.00000 522.81140 658.41217
0.20220 0.34259 0.00000 563.54779 660.61090
0.22840 0.34259 0.00000 576.17194 661.37207
0.31640 0.34259 0.00000 616.55353 663.40442
0.34259 0.34259 0.00000 628.77625 663.73267
0.43059 0.34259 0.00000 669.05206 665.40906
0.45679 0.34259 0.00000 681.29578 665.98218
0.54479 0.34259 0.00000 720.90955 666.96600
0.57099 0.34259 0.00000 732.67535 667.34082
0.65899 0.34259 0.00000 771.38959 668.26746
0.00000 0.43059 0.00000 471.74438 614.55902
0.08800 0.43059 0.00000 512.71515 617.17340
0.11420 0.43059 0.00000 524.83258 617.76550
0.20220 0.43059 0.00000 565.78345 620.18317
0.22840 0.43059 0.00000 577.80292 620.70575
0.31640 0.43059 0.00000 618.92194 622.82111
0.34259 0.43059 0.00000 630.79169 623.28741
0.43059 0.43059 0.00000 671.13379 624.89362
0.45679 0.43059 0.00000 682.96399 625.63086
0.54479 0.43059 0.00000 722.87860 627.11090
0.57099 0.43059 0.00000 734.59839 627.48468
0.65899 0.43059 0.00000 773.37195 628.62457
0.00000 0.45679 0.00000 472.81406 602.09650
0.08800 0.45679 0.00000 513.38129 604.59113
0.11420 0.45679 0.00000 525.61377 605.39148
0.20220 0.45679 0.00000 566.46674 607.64526
0.22840 0.45679 0.00000 578.72589 608.30420
0.31640 0.45679 0.00000 619.34662 610.40118
0.34259 0.45679 0.00000 631.52661 610.73260
0.43059 0.45679 0.00000 671.81226 612.81702
0.54479 0.45679 0.00000 723.48755 614.71503
0.57099 0.45679 0.00000 734.98627 615.24670
0.65899 0.45679 0.00000 773.75592 616.73914
0.00000 0.54479 0.00000 475.12128 561.67596
0.08800 0.54479 0.00000 515.77216 564.18750
0.11420 0.54479 0.00000 527.81915 564.78149
0.20220 0.54479 0.00000 568.74017 567.16864
0.22840 0.54479 0.00000 580.93451 567.80383
0.34259 0.54479 0.00000 633.60687 570.54370
0.43059 0.54479 0.00000 673.68091 572.43958
0.45679 0.54479 0.00000 685.90924 572.98346
0.54479 0.54479 0.00000 725.17053 574.89191
0.57099 0.54479 0.00000 736.73761 575.59943
0.65899 0.54479 0.00000 775.29291 576.90698
0.00000 0.57099 0.00000 476.29465 549.42578
0.08800 0.57099 0.00000 516.57007 551.66016
0.11420 0.57099 0.00000 528.92010 552.51270
0.20220 0.57099 0.00000 569.37769 554.62598
0.22840 0.57099 0.00000 581.61707 555.42267
0.31640 0.57099 0.00000 622.26746 557.67108
0.34259 0.57099 0.00000 634.05945 558.15228
0.43059 0.57099 0.00000 674.14331 560.41779
0.45679 0.57099 0.00000 686.31738 561.19849
0.54479 0.57099 0.00000 725.79498 562.78436
0.57099 0.57099 0.00000 737.26093 563.52588
0.65899 0.57099 0.00000 776.09186 565.15125
0.00000 0.65899 0.00000 479.03433 509.02377
0.08800 0.65899 0.00000 518.93909 511.16525
0.11420 0.65899 0.00000 531.23718 512.18542
0.20220 0.65899 0.00000 571.68274 514.31873
0.22840 0.65899 0.00000 583.96252 514.99921
0.31640 0.65899 0.00000 624.33893 517.42249
0.34259 0.65899 0.00000 636.32538 517.91022
0.43059 0.65899 0.00000 676.04901 520.14282
0.45679 0.65899 0.00000 688.11945 521.09027
0.54479 0.65899 0.00000 727.17676 523.01379
0.57099 0.65899 0.00000 739.00195 523.91986
0.65899 0.65899 0.00000 777.15118 526.22424

gimbalangles:
0.209439510239 -0.174532925199 0.436332312999 

end: