T_CW:
0.99599 0.05071 0.07369 -0.37642
0.05738 -0.99415 -0.09147 0.65169
0.06862 0.09533 -0.99308 1.35345
0.00000 0.00000 0.00000 1.00000

T_CW_cov:

target_points_pix:
0.00000 0.00000 0.00000 463.08179 811.11340
0.08800 0.00000 0.00000 503.69421 813.85150
0.11420 0.00000 0.00000 515.63092 814.37238
0.20220 0.00000 0.00000 556.16986 816.46222
0.31640 0.00000 0.00000 609.23297 818.46674
0.34259 0.00000 0.00000 621.15216 818.85242
0.43059 0.00000 0.00000 661.06641 819.78436
0.45679 0.00000 0.00000 673.03326 819.91925
0.54479 0.00000 0.00000 712.60754 819.87073
0.57099 0.00000 0.00000 724.23859 819.89880
0.65899 0.00000 0.00000 762.79309 819.80121
0.00000 0.08800 0.00000 464.72495 771.70105
0.08800 0.08800 0.00000 505.20898 774.30432
0.11420 0.08800 0.00000 517.38995 774.72430
0.20220 0.08800 0.00000 558.00818 776.98785
0.22840 0.08800 0.00000 570.40448 777.58929
0.31640 0.08800 0.00000 610.70691 779.25610
0.34259 0.08800 0.00000 622.79999 779.58606
0.43059 0.08800 0.00000 663.31830 780.55212
0.45679 0.08800 0.00000 675.25812 780.71753
0.54479 0.08800 0.00000 714.57812 781.43726
0.57099 0.08800 0.00000 726.48407 781.46112
0.65899 0.08800 0.00000 764.76697 781.38989
0.00000 0.11420 0.00000 464.98972 759.94379
0.08800 0.11420 0.00000 505.55157 762.40356
0.11420 0.11420 0.00000 517.89801 762.99725
0.20220 0.11420 0.00000 558.55725 765.35895
0.22840 0.11420 0.00000 570.64154 765.63885
0.31640 0.11420 0.00000 611.34857 767.20917
0.34259 0.11420 0.00000 623.62457 767.88989
0.43059 0.11420 0.00000 663.71588 768.72321
0.45679 0.11420 0.00000 675.81287 768.88025
0.54479 0.11420 0.00000 715.21002 769.70490
0.57099 0.11420 0.00000 726.85052 769.71558
0.65899 0.11420 0.00000 765.85352 769.96729
0.00000 0.20220 0.00000 466.76562 719.80072
0.08800 0.20220 0.00000 507.37521 722.46680
0.11420 0.20220 0.00000 519.59155 722.92493
0.20220 0.20220 0.00000 560.44977 725.47955
0.22840 0.20220 0.00000 572.68115 725.77307
0.31640 0.20220 0.00000 613.25891 727.74756
0.34259 0.20220 0.00000 625.51538 728.28912
0.43059 0.20220 0.00000 666.20074 729.38666
0.45679 0.20220 0.00000 678.18835 729.68536
0.54479 0.20220 0.00000 717.52924 730.42285
0.57099 0.20220 0.00000 729.39148 730.50012
0.65899 0.20220 0.00000 768.01123 731.05847
0.00000 0.22840 0.00000 467.18091 708.03027
0.08800 0.22840 0.00000 507.67419 710.38611
0.11420 0.22840 0.00000 520.21478 711.23090
0.20220 0.22840 0.00000 560.75287 713.33246
0.22840 0.22840 0.00000 573.19501 713.97070
0.31640 0.22840 0.00000 614.25824 715.59906
0.34259 0.22840 0.00000 626.03418 715.97729
0.43059 0.22840 0.00000 666.51788 717.55969
0.45679 0.22840 0.00000 678.47253 717.67761
0.54479 0.22840 0.00000 717.97632 718.71545
0.57099 0.22840 0.00000 729.78711 718.73706
0.65899 0.22840 0.00000 768.54510 719.45618
0.00000 0.31640 0.00000 468.90128 667.51648
0.08800 0.31640 0.00000 509.89325 670.05194
0.11420 0.31640 0.00000 521.82251 670.76483
0.20220 0.31640 0.00000 562.99091 672.94897
0.22840 0.31640 0.00000 575.03717 673.65094
0.31640 0.31640 0.00000 616.25061 675.45355
0.34259 0.31640 0.00000 628.32697 675.83325
0.43059 0.31640 0.00000 668.56818 677.51886
0.45679 0.31640 0.00000 680.77869 677.87238
0.54479 0.31640 0.00000 720.32629 679.21820
0.57099 0.31640 0.00000 732.22192 679.24103
0.65899 0.31640 0.00000 770.77368 680.01489
0.00000 0.34259 0.00000 469.98932 655.15808
0.08800 0.34259 0.00000 510.52554 657.65125
0.11420 0.34259 0.00000 522.81769 658.43542
0.20220 0.34259 0.00000 563.56226 660.58734
0.22840 0.34259 0.00000 576.18005 661.32123
0.31640 0.34259 0.00000 616.56909 663.38464
0.34259 0.34259 0.00000 628.77924 663.73627
0.43059 0.34259 0.00000 669.02820 665.38989
0.45679 0.34259 0.00000 681.29327 665.96320
0.54479 0.34259 0.00000 720.89160 666.94855
0.57099 0.34259 0.00000 732.70081 667.34723
0.65899 0.34259 0.00000 771.35980 668.24817
0.00000 0.43059 0.00000 471.73602 614.56836
0.08800 0.43059 0.00000 512.69092 617.16107
0.11420 0.43059 0.00000 524.86487 617.78418
0.20220 0.43059 0.00000 565.76819 620.19739
0.22840 0.43059 0.00000 577.78979 620.68701
0.31640 0.43059 0.00000 618.93030 622.82623
0.34259 0.43059 0.00000 630.77167 623.28168
0.43059 0.43059 0.00000 671.14746 624.89667
0.45679 0.43059 0.00000 682.97241 625.63336
0.54479 0.43059 0.00000 722.90491 627.10101
0.57099 0.43059 0.00000 734.62042 627.50952
0.65899 0.43059 0.00000 773.35675 628.62384
0.00000 0.45679 0.00000 472.85968 602.10394
0.08800 0.45679 0.00000 513.39325 604.61768
0.11420 0.45679 0.00000 525.62238 605.38184
0.20220 0.45679 0.00000 566.47009 607.63721
0.22840 0.45679 0.00000 578.73926 608.27118
0.31640 0.45679 0.00000 619.32471 610.39099
0.34259 0.45679 0.00000 631.49054 610.73730
0.43059 0.45679 0.00000 671.79614 612.82501
0.45679 0.45679 0.00000 684.10077 613.41595
0.54479 0.45679 0.00000 723.44080 614.70679
0.57099 0.45679 0.00000 734.95294 615.28815
0.65899 0.45679 0.00000 773.75781 616.73431
0.00000 0.54479 0.00000 475.13092 561.64691
0.08800 0.54479 0.00000 515.77539 564.19598
0.11420 0.54479 0.00000 527.82178 564.75281
0.20220 0.54479 0.00000 568.73993 567.18622
0.22840 0.54479 0.00000 580.89624 567.75073
0.34259 0.54479 0.00000 633.56909 570.50525
0.43059 0.54479 0.00000 673.68475 572.44476
0.45679 0.54479 0.00000 685.86987 572.93561
0.54479 0.54479 0.00000 725.16833 574.91302
0.57099 0.54479 0.00000 736.73108 575.59210
0.65899 0.54479 0.00000 775.26831 576.90802
0.00000 0.57099 0.00000 476.34091 549.41541
0.08800 0.57099 0.00000 516.55896 551.66516
0.11420 0.57099 0.00000 528.84290 552.48303
0.20220 0.57099 0.00000 569.37158 554.64532
0.22840 0.57099 0.00000 581.63580 555.42395
0.31640 0.57099 0.00000 622.21271 557.62933
0.34259 0.57099 0.00000 633.98199 558.14807
0.43059 0.57099 0.00000 674.12268 560.40540
0.45679 0.57099 0.00000 686.34534 561.21252
0.54479 0.57099 0.00000 725.78564 562.78632
0.57099 0.57099 0.00000 737.32324 563.48352
0.65899 0.57099 0.00000 776.04913 565.13678
0.00000 0.65899 0.00000 479.03198 509.06149
0.08800 0.65899 0.00000 518.92560 511.20065
0.11420 0.65899 0.00000 531.24188 512.19855
0.20220 0.65899 0.00000 571.67358 514.33502
0.22840 0.65899 0.00000 583.93683 514.97180
0.31640 0.65899 0.00000 624.31696 517.40875
0.34259 0.65899 0.00000 636.31195 517.99249
0.43059 0.65899 0.00000 676.03546 520.12762
0.45679 0.65899 0.00000 688.10223 521.10614
0.54479 0.65899 0.00000 727.23303 522.97540
0.57099 0.65899 0.00000 738.98883 523.88892
0.65899 0.65899 0.00000 777.14612 526.25818

gimbalangles:
0.209439510239 0.0 -0.436332312999 

end: