T_CW:
0.97737 0.04775 -0.20609 0.02592
0.00727 -0.98120 -0.19288 0.62230
-0.21142 0.18701 -0.95934 1.44340
0.00000 0.00000 0.00000 1.00000

T_CW_cov:

target_points_pix:
0.00000 0.22840 0.00000 715.09955 658.41467
0.08800 0.22840 0.00000 782.55035 662.64227
0.11420 0.22840 0.00000 803.46936 664.15826
0.20220 0.22840 0.00000 873.22339 668.64856
0.22840 0.22840 0.00000 894.48834 670.15985
0.31640 0.22840 0.00000 966.69275 674.75500
0.34259 0.22840 0.00000 988.77161 676.38153
0.43059 0.22840 0.00000 1063.61328 681.19788
0.45679 0.22840 0.00000 1086.53271 682.58270
0.54479 0.22840 0.00000 1163.60425 687.50763
0.57099 0.22840 0.00000 1187.33862 688.92065
0.65899 0.22840 0.00000 1267.48047 694.26080
0.00000 0.31640 0.00000 717.74561 588.46985
0.08800 0.31640 0.00000 784.68646 591.94604
0.11420 0.31640 0.00000 805.33777 592.89313
0.20220 0.31640 0.00000 874.45935 596.56696
0.22840 0.31640 0.00000 895.53375 597.59326
0.31640 0.31640 0.00000 967.00031 601.44080
0.34259 0.31640 0.00000 988.82733 602.51276
0.43059 0.31640 0.00000 1062.71118 606.41266
0.45679 0.31640 0.00000 1085.37427 607.52515
0.54479 0.31640 0.00000 1161.64893 611.49835
0.57099 0.31640 0.00000 1185.12842 612.59113
0.65899 0.31640 0.00000 1264.39771 616.59387
0.00000 0.34259 0.00000 718.56824 567.55780
0.08800 0.34259 0.00000 785.43054 570.80981
0.11420 0.34259 0.00000 805.74683 571.81885
0.20220 0.34259 0.00000 874.73895 575.38147
0.22840 0.34259 0.00000 895.67981 576.33527
0.31640 0.34259 0.00000 967.04980 579.61743
0.34259 0.34259 0.00000 988.71533 580.58612
0.43059 0.34259 0.00000 1062.49451 584.29193
0.45679 0.34259 0.00000 1085.00464 585.38580
0.54479 0.34259 0.00000 1160.94897 588.81238
0.57099 0.34259 0.00000 1184.42468 589.91150
0.65899 0.34259 0.00000 1263.33801 593.63306
0.00000 0.43059 0.00000 721.41779 499.45248
0.08800 0.43059 0.00000 787.51459 501.71301
0.11420 0.43059 0.00000 807.57800 502.49243
0.20220 0.43059 0.00000 875.93323 504.98630
0.22840 0.43059 0.00000 896.71686 505.57458
0.31640 0.43059 0.00000 967.42157 508.27887
0.34259 0.43059 0.00000 988.86560 508.88632
0.43059 0.43059 0.00000 1061.63635 511.53336
0.45679 0.43059 0.00000 1083.78198 512.29364
0.54479 0.43059 0.00000 1159.39722 514.73682
0.57099 0.43059 0.00000 1182.21997 515.58661
0.65899 0.43059 0.00000 1260.27942 518.33698
0.00000 0.45679 0.00000 722.16876 479.24411
0.08800 0.45679 0.00000 788.12671 481.37683
0.11420 0.45679 0.00000 808.34967 481.88132
0.20220 0.45679 0.00000 876.46362 484.33734
0.22840 0.45679 0.00000 897.15649 484.69543
0.31640 0.45679 0.00000 967.49353 487.03226
0.34259 0.45679 0.00000 988.76941 487.62985
0.43059 0.45679 0.00000 1061.39917 489.85657
0.45679 0.45679 0.00000 1083.50537 490.55731
0.54479 0.45679 0.00000 1158.60913 492.88989
0.57099 0.45679 0.00000 1181.55115 493.60318
0.65899 0.45679 0.00000 1259.17566 495.99716
0.00000 0.54479 0.00000 724.70520 412.72830
0.08800 0.54479 0.00000 790.11993 414.20844
0.11420 0.54479 0.00000 810.09308 414.49445
0.20220 0.54479 0.00000 877.50116 415.73138
0.22840 0.54479 0.00000 898.12103 416.34378
0.31640 0.54479 0.00000 967.50427 417.53220
0.34259 0.54479 0.00000 988.60657 417.89246
0.43059 0.54479 0.00000 1060.56653 419.42517
0.45679 0.54479 0.00000 1082.49939 419.64160
0.54479 0.54479 0.00000 1156.54370 421.12143
0.57099 0.54479 0.00000 1179.41382 421.49603
0.65899 0.54479 0.00000 1256.33887 422.73557
0.00000 0.57099 0.00000 725.55286 393.29257
0.08800 0.57099 0.00000 790.59106 394.31577
0.11420 0.57099 0.00000 810.52197 394.52399
0.20220 0.57099 0.00000 877.63068 395.53165
0.22840 0.57099 0.00000 898.40314 395.82391
0.31640 0.57099 0.00000 967.55988 396.87811
0.34259 0.57099 0.00000 988.56775 397.41379
0.43059 0.57099 0.00000 1060.37183 398.39777
0.45679 0.57099 0.00000 1082.19751 398.61899
0.57099 0.57099 0.00000 1178.49768 400.16614
0.65899 0.57099 0.00000 1255.37390 401.31567
0.00000 0.65899 0.00000 728.31934 328.52097
0.08800 0.65899 0.00000 792.57935 328.67935
0.11420 0.65899 0.00000 812.41223 328.70590
0.20220 0.65899 0.00000 878.80591 328.94592
0.22840 0.65899 0.00000 899.33734 329.09528
0.31640 0.65899 0.00000 967.70953 329.36108
0.34259 0.65899 0.00000 988.64172 329.34897
0.43059 0.65899 0.00000 1059.61255 329.50949
0.45679 0.65899 0.00000 1081.28711 329.59665
0.54479 0.65899 0.00000 1154.36609 329.70752
0.57099 0.65899 0.00000 1176.61584 329.76337
0.65899 0.65899 0.00000 1252.50830 330.02213

gimbalangles:
0.209439510239 0.0 -0.261799387799 

end: