T_CW:
0.99599 0.05069 0.07375 -0.37641
0.05739 -0.99413 -0.09172 0.65167
0.06867 0.09558 -0.99305 1.35335
0.00000 0.00000 0.00000 1.00000

T_CW_cov:

target_points_pix:
0.00000 0.00000 0.00000 463.09842 811.17102
0.08800 0.00000 0.00000 503.65036 813.87988
0.11420 0.00000 0.00000 515.65125 814.39160
0.20220 0.00000 0.00000 556.18488 816.47400
0.31640 0.00000 0.00000 609.23773 818.43652
0.43059 0.00000 0.00000 661.03986 819.75879
0.45679 0.00000 0.00000 673.06024 819.96771
0.54479 0.00000 0.00000 712.56183 819.87329
0.57099 0.00000 0.00000 724.24664 819.87482
0.65899 0.00000 0.00000 762.84369 819.82721
0.00000 0.08800 0.00000 464.70584 771.71368
0.08800 0.08800 0.00000 505.23599 774.31805
0.20220 0.08800 0.00000 558.02020 777.04047
0.22840 0.08800 0.00000 570.40625 777.58960
0.31640 0.08800 0.00000 610.72601 779.23755
0.34259 0.08800 0.00000 622.78009 779.58887
0.43059 0.08800 0.00000 663.32495 780.55273
0.45679 0.08800 0.00000 675.27832 780.70874
0.54479 0.08800 0.00000 714.58746 781.41943
0.57099 0.08800 0.00000 726.47113 781.48132
0.65899 0.08800 0.00000 764.80756 781.43402
0.00000 0.11420 0.00000 464.98227 759.94165
0.08800 0.11420 0.00000 505.56479 762.36810
0.11420 0.11420 0.00000 517.89093 762.98651
0.20220 0.11420 0.00000 558.56873 765.39880
0.22840 0.11420 0.00000 570.61487 765.61969
0.31640 0.11420 0.00000 611.38165 767.20209
0.34259 0.11420 0.00000 623.61182 767.87872
0.43059 0.11420 0.00000 663.72253 768.75861
0.45679 0.11420 0.00000 675.80499 768.90778
0.54479 0.11420 0.00000 715.24512 769.70746
0.57099 0.11420 0.00000 726.78754 769.72931
0.65899 0.11420 0.00000 765.87262 769.89441
0.00000 0.20220 0.00000 466.79105 719.78601
0.08800 0.20220 0.00000 507.41092 722.46570
0.11420 0.20220 0.00000 519.58582 722.94684
0.20220 0.20220 0.00000 560.43683 725.47437
0.22840 0.20220 0.00000 572.67377 725.72540
0.31640 0.20220 0.00000 613.25647 727.71320
0.34259 0.20220 0.00000 625.50897 728.30176
0.43059 0.20220 0.00000 666.17883 729.42877
0.45679 0.20220 0.00000 678.20349 729.67731
0.54479 0.20220 0.00000 717.53558 730.42664
0.57099 0.20220 0.00000 729.41974 730.52948
0.65899 0.20220 0.00000 767.95917 731.06219
0.00000 0.22840 0.00000 467.17966 707.99731
0.08800 0.22840 0.00000 507.67709 710.38098
0.11420 0.22840 0.00000 520.23309 711.26147
0.20220 0.22840 0.00000 560.75824 713.33850
0.22840 0.22840 0.00000 573.16162 713.92523
0.31640 0.22840 0.00000 614.25800 715.59302
0.34259 0.22840 0.00000 626.04620 715.99933
0.43059 0.22840 0.00000 666.52576 717.52112
0.45679 0.22840 0.00000 678.46899 717.67920
0.54479 0.22840 0.00000 717.93304 718.68958
0.57099 0.22840 0.00000 729.80920 718.72986
0.65899 0.22840 0.00000 768.55029 719.45233
0.00000 0.31640 0.00000 468.97394 667.49371
0.08800 0.31640 0.00000 509.82928 670.09735
0.11420 0.31640 0.00000 521.87390 670.76050
0.20220 0.31640 0.00000 563.01483 672.95636
0.22840 0.31640 0.00000 575.01788 673.61572
0.31640 0.31640 0.00000 616.25256 675.49365
0.34259 0.31640 0.00000 628.29169 675.82843
0.43059 0.31640 0.00000 668.57404 677.51917
0.45679 0.31640 0.00000 680.77771 677.87427
0.54479 0.31640 0.00000 720.33282 679.18817
0.57099 0.31640 0.00000 732.18884 679.19781
0.65899 0.31640 0.00000 770.76404 680.02332
0.00000 0.34259 0.00000 469.92291 655.10370
0.08800 0.34259 0.00000 510.52264 657.66150
0.11420 0.34259 0.00000 522.84534 658.41187
0.20220 0.34259 0.00000 563.55048 660.57996
0.22840 0.34259 0.00000 576.14270 661.33405
0.31640 0.34259 0.00000 616.56653 663.39276
0.34259 0.34259 0.00000 628.73553 663.72729
0.43059 0.34259 0.00000 669.09271 665.37927
0.45679 0.34259 0.00000 681.28381 665.94061
0.54479 0.34259 0.00000 720.89606 666.94843
0.57099 0.34259 0.00000 732.65747 667.34180
0.65899 0.34259 0.00000 771.33862 668.23389
0.00000 0.43059 0.00000 471.74460 614.55194
0.08800 0.43059 0.00000 512.71887 617.15942
0.11420 0.43059 0.00000 524.89270 617.76251
0.20220 0.43059 0.00000 565.78156 620.19574
0.22840 0.43059 0.00000 577.83752 620.72412
0.31640 0.43059 0.00000 618.90417 622.79254
0.34259 0.43059 0.00000 630.77875 623.30750
0.43059 0.43059 0.00000 671.16693 624.88037
0.45679 0.43059 0.00000 682.94189 625.64771
0.54479 0.43059 0.00000 722.88721 627.09882
0.57099 0.43059 0.00000 734.63336 627.53271
0.65899 0.43059 0.00000 773.38525 628.62891
0.00000 0.45679 0.00000 472.83585 602.04340
0.08800 0.45679 0.00000 513.39783 604.60443
0.11420 0.45679 0.00000 525.64362 605.37109
0.20220 0.45679 0.00000 566.47656 607.66644
0.22840 0.45679 0.00000 578.71698 608.28247
0.31640 0.45679 0.00000 619.31500 610.37531
0.34259 0.45679 0.00000 631.52496 610.73523
0.43059 0.45679 0.00000 671.81390 612.82520
0.54479 0.45679 0.00000 723.45544 614.69379
0.57099 0.45679 0.00000 734.96301 615.28979
0.65899 0.45679 0.00000 773.77625 616.75720
0.00000 0.54479 0.00000 475.10461 561.66742
0.08800 0.54479 0.00000 515.80463 564.16595
0.11420 0.54479 0.00000 527.84174 564.76624
0.20220 0.54479 0.00000 568.73358 567.18732
0.22840 0.54479 0.00000 580.90851 567.81207
0.34259 0.54479 0.00000 633.57239 570.50494
0.43059 0.54479 0.00000 673.68726 572.44086
0.45679 0.54479 0.00000 685.88818 572.98126
0.54479 0.54479 0.00000 725.13342 574.91028
0.57099 0.54479 0.00000 736.71771 575.56268
0.65899 0.54479 0.00000 775.31403 576.83997
0.00000 0.57099 0.00000 476.29364 549.40436
0.08800 0.57099 0.00000 516.57129 551.64905
0.11420 0.57099 0.00000 528.84198 552.49323
0.20220 0.57099 0.00000 569.34656 554.63934
0.22840 0.57099 0.00000 581.61926 555.44495
0.31640 0.57099 0.00000 622.21973 557.61371
0.34259 0.57099 0.00000 634.07648 558.13757
0.43059 0.57099 0.00000 674.12994 560.38934
0.45679 0.57099 0.00000 686.35120 561.15143
0.54479 0.57099 0.00000 725.79028 562.79510
0.57099 0.57099 0.00000 737.22717 563.50018
0.65899 0.57099 0.00000 776.00800 565.15698
0.00000 0.65899 0.00000 479.06119 509.03238
0.11420 0.65899 0.00000 531.26837 512.21002
0.20220 0.65899 0.00000 571.66229 514.34778
0.22840 0.65899 0.00000 583.95978 514.99390
0.31640 0.65899 0.00000 624.32806 517.40961
0.34259 0.65899 0.00000 636.30963 518.01599
0.43059 0.65899 0.00000 676.03558 520.15936
0.45679 0.65899 0.00000 688.11505 521.07825
0.54479 0.65899 0.00000 727.19727 522.94171
0.57099 0.65899 0.00000 738.99750 523.89484
0.65899 0.65899 0.00000 777.17572 526.21362

gimbalangles:
0.209439510239 0.0 -0.261799387799 

end: