T_CW:
0.99598 0.05072 0.07380 -0.37642
0.05742 -0.99413 -0.09170 0.65165
0.06871 0.09557 -0.99305 1.35329
0.00000 0.00000 0.00000 1.00000

T_CW_cov:

target_points_pix:
0.00000 0.00000 0.00000 463.04626 811.12323
0.08800 0.00000 0.00000 503.62320 813.87634
0.11420 0.00000 0.00000 515.63361 814.42377
0.20220 0.00000 0.00000 556.15326 816.47089
0.34259 0.00000 0.00000 621.12994 818.88977
0.43059 0.00000 0.00000 661.06775 819.77722
0.45679 0.00000 0.00000 673.00598 819.95929
0.54479 0.00000 0.00000 712.59979 819.84729
0.57099 0.00000 0.00000 724.25775 819.87286
0.65899 0.00000 0.00000 762.84760 819.82880
0.00000 0.08800 0.00000 464.64618 771.64563
0.08800 0.08800 0.00000 505.28778 774.33246
0.20220 0.08800 0.00000 558.03931 777.05774
0.22840 0.08800 0.00000 570.42090 777.57544
0.31640 0.08800 0.00000 610.76068 779.26227
0.34259 0.08800 0.00000 622.73779 779.58148
0.43059 0.08800 0.00000 663.31409 780.56201
0.45679 0.08800 0.00000 675.26050 780.72980
0.54479 0.08800 0.00000 714.58356 781.41510
0.57099 0.08800 0.00000 726.48926 781.49731
0.65899 0.08800 0.00000 764.82965 781.42029
0.00000 0.11420 0.00000 464.97299 759.95135
0.08800 0.11420 0.00000 505.56625 762.38251
0.11420 0.11420 0.00000 517.87524 763.00549
0.20220 0.11420 0.00000 558.56189 765.38672
0.22840 0.11420 0.00000 570.64191 765.64252
0.31640 0.11420 0.00000 611.34149 767.20984
0.34259 0.11420 0.00000 623.62524 767.87195
0.43059 0.11420 0.00000 663.73718 768.77618
0.45679 0.11420 0.00000 675.82806 768.99774
0.54479 0.11420 0.00000 715.27344 769.73499
0.57099 0.11420 0.00000 726.89557 769.76038
0.65899 0.11420 0.00000 765.83191 769.92371
0.00000 0.20220 0.00000 466.78235 719.78619
0.08800 0.20220 0.00000 507.35022 722.49237
0.11420 0.20220 0.00000 519.58777 722.88251
0.20220 0.20220 0.00000 560.45135 725.46436
0.22840 0.20220 0.00000 572.65442 725.77301
0.31640 0.20220 0.00000 613.22058 727.72180
0.34259 0.20220 0.00000 625.51624 728.29791
0.43059 0.20220 0.00000 666.18994 729.40137
0.45679 0.20220 0.00000 678.19409 729.67328
0.54479 0.20220 0.00000 717.53937 730.42999
0.57099 0.20220 0.00000 729.42255 730.51721
0.65899 0.20220 0.00000 768.02124 731.02863
0.00000 0.22840 0.00000 467.17661 707.99939
0.08800 0.22840 0.00000 507.63345 710.40259
0.11420 0.22840 0.00000 520.17981 711.24139
0.20220 0.22840 0.00000 560.73883 713.33014
0.22840 0.22840 0.00000 573.17139 713.95581
0.31640 0.22840 0.00000 614.25677 715.58582
0.34259 0.22840 0.00000 626.08002 715.98584
0.43059 0.22840 0.00000 666.52875 717.53296
0.45679 0.22840 0.00000 678.48230 717.68054
0.54479 0.22840 0.00000 717.94537 718.70837
0.57099 0.22840 0.00000 729.77502 718.70569
0.65899 0.22840 0.00000 768.54327 719.43378
0.00000 0.31640 0.00000 468.88965 667.50146
0.08800 0.31640 0.00000 509.87186 670.07727
0.11420 0.31640 0.00000 521.85101 670.74615
0.20220 0.31640 0.00000 562.98999 672.94678
0.22840 0.31640 0.00000 575.02020 673.63550
0.31640 0.31640 0.00000 616.24121 675.48871
0.34259 0.31640 0.00000 628.28577 675.84222
0.43059 0.31640 0.00000 668.56421 677.51794
0.45679 0.31640 0.00000 680.80237 677.87439
0.54479 0.31640 0.00000 720.32831 679.19098
0.57099 0.31640 0.00000 732.20819 679.22235
0.65899 0.31640 0.00000 770.76056 680.02155
0.00000 0.34259 0.00000 469.89462 655.12677
0.08800 0.34259 0.00000 510.52460 657.68518
0.11420 0.34259 0.00000 522.82404 658.40881
0.20220 0.34259 0.00000 563.55841 660.59106
0.22840 0.34259 0.00000 576.16132 661.35742
0.31640 0.34259 0.00000 616.57037 663.41284
0.34259 0.34259 0.00000 628.80530 663.75073
0.43059 0.34259 0.00000 669.01154 665.37347
0.45679 0.34259 0.00000 681.28033 665.98004
0.54479 0.34259 0.00000 720.92920 666.92371
0.57099 0.34259 0.00000 732.66913 667.35645
0.65899 0.34259 0.00000 771.34790 668.23523
0.00000 0.43059 0.00000 471.75763 614.54474
0.08800 0.43059 0.00000 512.72339 617.17908
0.11420 0.43059 0.00000 524.90527 617.77844
0.20220 0.43059 0.00000 565.75146 620.20087
0.22840 0.43059 0.00000 577.81012 620.72125
0.31640 0.43059 0.00000 618.88287 622.83215
0.34259 0.43059 0.00000 630.83527 623.30994
0.43059 0.43059 0.00000 671.13275 624.88867
0.45679 0.43059 0.00000 682.94824 625.63092
0.54479 0.43059 0.00000 722.92383 627.10217
0.57099 0.43059 0.00000 734.61560 627.49774
0.65899 0.43059 0.00000 773.38214 628.61407
0.00000 0.45679 0.00000 472.80087 602.09595
0.08800 0.45679 0.00000 513.41388 604.58643
0.11420 0.45679 0.00000 525.59015 605.36560
0.20220 0.45679 0.00000 566.45020 607.65753
0.22840 0.45679 0.00000 578.73535 608.27313
0.31640 0.45679 0.00000 619.31775 610.40240
0.34259 0.45679 0.00000 631.52527 610.74536
0.43059 0.45679 0.00000 671.82581 612.82532
0.45679 0.45679 0.00000 684.06366 613.41803
0.54479 0.45679 0.00000 723.48059 614.73529
0.57099 0.45679 0.00000 734.98187 615.28943
0.65899 0.45679 0.00000 773.78595 616.74426
0.00000 0.54479 0.00000 475.09344 561.65796
0.08800 0.54479 0.00000 515.81561 564.16132
0.11420 0.54479 0.00000 527.81470 564.74829
0.20220 0.54479 0.00000 568.74622 567.20068
0.22840 0.54479 0.00000 580.92224 567.79901
0.34259 0.54479 0.00000 633.57971 570.50391
0.43059 0.54479 0.00000 673.66998 572.46814
0.45679 0.54479 0.00000 685.91296 573.00366
0.54479 0.54479 0.00000 725.11298 574.92712
0.57099 0.54479 0.00000 736.71368 575.54358
0.65899 0.54479 0.00000 775.30994 576.84576
0.00000 0.57099 0.00000 476.31378 549.42719
0.08800 0.57099 0.00000 516.57086 551.64215
0.11420 0.57099 0.00000 528.91211 552.50684
0.20220 0.57099 0.00000 569.37683 554.65820
0.22840 0.57099 0.00000 581.66724 555.39282
0.31640 0.57099 0.00000 622.22766 557.63000
0.34259 0.57099 0.00000 634.06384 558.13947
0.43059 0.57099 0.00000 674.15973 560.42926
0.45679 0.57099 0.00000 686.36261 561.12622
0.54479 0.57099 0.00000 725.76068 562.79443
0.57099 0.57099 0.00000 737.27563 563.54041
0.65899 0.57099 0.00000 775.99799 565.14282
0.00000 0.65899 0.00000 479.05276 509.02802
0.08800 0.65899 0.00000 518.95288 511.15909
0.11420 0.65899 0.00000 531.24921 512.21619
0.20220 0.65899 0.00000 571.65167 514.33063
0.22840 0.65899 0.00000 583.96161 514.98639
0.31640 0.65899 0.00000 624.32642 517.43683
0.34259 0.65899 0.00000 636.32892 517.94202
0.43059 0.65899 0.00000 676.06323 520.15393
0.45679 0.65899 0.00000 688.11792 521.07751
0.54479 0.65899 0.00000 727.21802 522.96771
0.57099 0.65899 0.00000 738.94232 523.85120
0.65899 0.65899 0.00000 777.16095 526.22595

gimbalangles:
0.209439510239 0.0 -0.0872664625997 

end: