T_CW:
0.99599 0.05067 0.07369 -0.37641
0.05737 -0.99412 -0.09183 0.65167
0.06860 0.09569 -0.99304 1.35333
0.00000 0.00000 0.00000 1.00000

T_CW_cov:

target_points_pix:
0.00000 0.00000 0.00000 463.10886 811.15942
0.08800 0.00000 0.00000 503.62949 813.89136
0.11420 0.00000 0.00000 515.68878 814.38696
0.20220 0.00000 0.00000 556.20154 816.44519
0.31640 0.00000 0.00000 609.19580 818.51471
0.34259 0.00000 0.00000 621.17139 818.85443
0.43059 0.00000 0.00000 661.06580 819.81696
0.45679 0.00000 0.00000 673.00787 819.96216
0.54479 0.00000 0.00000 712.60046 819.85736
0.57099 0.00000 0.00000 724.24756 819.92371
0.65899 0.00000 0.00000 762.85046 819.83063
0.00000 0.08800 0.00000 464.68509 771.68506
0.08800 0.08800 0.00000 505.24014 774.30933
0.11420 0.08800 0.00000 517.34943 774.76880
0.20220 0.08800 0.00000 558.04535 777.04694
0.22840 0.08800 0.00000 570.38513 777.55823
0.31640 0.08800 0.00000 610.74445 779.24695
0.34259 0.08800 0.00000 622.76929 779.57544
0.43059 0.08800 0.00000 663.32135 780.57391
0.45679 0.08800 0.00000 675.30060 780.68439
0.54479 0.08800 0.00000 714.57184 781.42273
0.57099 0.08800 0.00000 726.47064 781.49286
0.65899 0.08800 0.00000 764.77588 781.41791
0.00000 0.11420 0.00000 465.00610 759.97430
0.08800 0.11420 0.00000 505.53329 762.40601
0.11420 0.11420 0.00000 517.89978 762.99536
0.20220 0.11420 0.00000 558.59167 765.37030
0.22840 0.11420 0.00000 570.63635 765.65582
0.31640 0.11420 0.00000 611.36218 767.20782
0.34259 0.11420 0.00000 623.62335 767.84863
0.43059 0.11420 0.00000 663.74231 768.72998
0.45679 0.11420 0.00000 675.82806 768.94098
0.54479 0.11420 0.00000 715.25006 769.71094
0.57099 0.11420 0.00000 726.84613 769.73517
0.65899 0.11420 0.00000 765.85352 769.94824
0.00000 0.20220 0.00000 466.77933 719.81573
0.08800 0.20220 0.00000 507.39935 722.47858
0.11420 0.20220 0.00000 519.60168 722.94031
0.20220 0.20220 0.00000 560.45374 725.47876
0.22840 0.20220 0.00000 572.66650 725.74756
0.31640 0.20220 0.00000 613.26404 727.71362
0.34259 0.20220 0.00000 625.49908 728.29449
0.43059 0.20220 0.00000 666.20490 729.40295
0.45679 0.20220 0.00000 678.19812 729.65131
0.54479 0.20220 0.00000 717.53833 730.44061
0.57099 0.20220 0.00000 729.42645 730.51855
0.65899 0.20220 0.00000 768.00708 731.03748
0.00000 0.22840 0.00000 467.23563 708.05243
0.08800 0.22840 0.00000 507.67731 710.36359
0.11420 0.22840 0.00000 520.23029 711.22479
0.20220 0.22840 0.00000 560.73627 713.33936
0.22840 0.22840 0.00000 573.18433 713.93805
0.31640 0.22840 0.00000 614.24927 715.60504
0.34259 0.22840 0.00000 626.04034 716.01147
0.43059 0.22840 0.00000 666.52014 717.52795
0.45679 0.22840 0.00000 678.47803 717.68500
0.54479 0.22840 0.00000 717.94177 718.68701
0.57099 0.22840 0.00000 729.81049 718.75385
0.65899 0.22840 0.00000 768.54962 719.42462
0.00000 0.31640 0.00000 468.98615 667.45160
0.08800 0.31640 0.00000 509.84784 670.08044
0.11420 0.31640 0.00000 521.83026 670.74438
0.20220 0.31640 0.00000 563.01160 672.95911
0.22840 0.31640 0.00000 575.05060 673.65930
0.31640 0.31640 0.00000 616.26526 675.47205
0.34259 0.31640 0.00000 628.31628 675.83282
0.43059 0.31640 0.00000 668.55725 677.52020
0.45679 0.31640 0.00000 680.74103 677.80994
0.54479 0.31640 0.00000 720.33325 679.21088
0.57099 0.31640 0.00000 732.19641 679.23206
0.65899 0.31640 0.00000 770.76056 680.00909
0.00000 0.34259 0.00000 469.92563 655.11920
0.08800 0.34259 0.00000 510.53488 657.65656
0.11420 0.34259 0.00000 522.81604 658.43628
0.20220 0.34259 0.00000 563.56415 660.59332
0.22840 0.34259 0.00000 576.13678 661.33752
0.31640 0.34259 0.00000 616.56329 663.39856
0.34259 0.34259 0.00000 628.78107 663.74170
0.43059 0.34259 0.00000 669.02722 665.36981
0.45679 0.34259 0.00000 681.25555 665.90704
0.54479 0.34259 0.00000 720.91876 666.98047
0.57099 0.34259 0.00000 732.69702 667.33124
0.65899 0.34259 0.00000 771.37793 668.27985
0.00000 0.43059 0.00000 471.73819 614.56476
0.08800 0.43059 0.00000 512.71967 617.17499
0.11420 0.43059 0.00000 524.82867 617.76691
0.20220 0.43059 0.00000 565.75940 620.19568
0.22840 0.43059 0.00000 577.79767 620.68805
0.31640 0.43059 0.00000 618.88812 622.82190
0.34259 0.43059 0.00000 630.79529 623.27826
0.43059 0.43059 0.00000 671.23273 624.80438
0.45679 0.43059 0.00000 682.96234 625.62799
0.54479 0.43059 0.00000 722.90295 627.08600
0.57099 0.43059 0.00000 734.60889 627.52454
0.65899 0.43059 0.00000 773.38336 628.61462
0.00000 0.45679 0.00000 472.84735 602.07184
0.08800 0.45679 0.00000 513.37848 604.60352
0.11420 0.45679 0.00000 525.60632 605.39795
0.20220 0.45679 0.00000 566.48773 607.64807
0.22840 0.45679 0.00000 578.71631 608.29028
0.31640 0.45679 0.00000 619.31549 610.38544
0.34259 0.45679 0.00000 631.49670 610.76208
0.43059 0.45679 0.00000 671.81799 612.83527
0.45679 0.45679 0.00000 684.08380 613.38593
0.54479 0.45679 0.00000 723.50171 614.74084
0.57099 0.45679 0.00000 734.98334 615.25793
0.65899 0.45679 0.00000 773.79370 616.76904
0.00000 0.54479 0.00000 475.11292 561.64313
0.08800 0.54479 0.00000 515.79639 564.16101
0.11420 0.54479 0.00000 527.84406 564.77850
0.20220 0.54479 0.00000 568.72272 567.20813
0.22840 0.54479 0.00000 580.86108 567.78613
0.34259 0.54479 0.00000 633.56342 570.47107
0.43059 0.54479 0.00000 673.68768 572.46387
0.45679 0.54479 0.00000 685.89203 573.00067
0.54479 0.54479 0.00000 725.13434 574.87689
0.57099 0.54479 0.00000 736.71588 575.57697
0.65899 0.54479 0.00000 775.27423 576.86810
0.00000 0.57099 0.00000 476.34436 549.42285
0.08800 0.57099 0.00000 516.57306 551.65607
0.11420 0.57099 0.00000 528.91742 552.46606
0.20220 0.57099 0.00000 569.36053 554.63904
0.22840 0.57099 0.00000 581.61676 555.44757
0.31640 0.57099 0.00000 622.25885 557.64935
0.34259 0.57099 0.00000 633.99670 558.13800
0.43059 0.57099 0.00000 674.15857 560.40118
0.45679 0.57099 0.00000 686.35016 561.14850
0.54479 0.57099 0.00000 725.76843 562.76874
0.57099 0.57099 0.00000 737.22699 563.50793
0.65899 0.57099 0.00000 776.06720 565.15051
0.00000 0.65899 0.00000 479.04578 509.03714
0.08800 0.65899 0.00000 518.93414 511.15683
0.11420 0.65899 0.00000 531.25885 512.19690
0.20220 0.65899 0.00000 571.65741 514.33282
0.22840 0.65899 0.00000 583.98920 515.00592
0.31640 0.65899 0.00000 624.32709 517.40430
0.34259 0.65899 0.00000 636.31665 517.88190
0.43059 0.65899 0.00000 676.03729 520.15356
0.45679 0.65899 0.00000 688.08514 521.08643
0.54479 0.65899 0.00000 727.16193 523.03174
0.57099 0.65899 0.00000 738.93433 523.85754
0.65899 0.65899 0.00000 777.13342 526.22711

gimbalangles:
0.209439510239 0.0 0.0872664625997 

end: