T_CW:
0.99598 0.05071 0.07378 -0.37642
0.05740 -0.99415 -0.09150 0.65167
0.06870 0.09537 -0.99307 1.35337
0.00000 0.00000 0.00000 1.00000

T_CW_cov:

target_points_pix:
0.00000 0.00000 0.00000 463.02942 811.13892
0.08800 0.00000 0.00000 503.64023 813.86145
0.11420 0.00000 0.00000 515.61993 814.38470
0.20220 0.00000 0.00000 556.20459 816.42969
0.31640 0.00000 0.00000 609.19940 818.48450
0.43059 0.00000 0.00000 660.99847 819.76886
0.45679 0.00000 0.00000 673.04132 819.98633
0.54479 0.00000 0.00000 712.58551 819.83185
0.57099 0.00000 0.00000 724.28625 819.88000
0.65899 0.00000 0.00000 762.81177 819.79498
0.00000 0.08800 0.00000 464.65900 771.69177
0.08800 0.08800 0.00000 505.25256 774.31641
0.20220 0.08800 0.00000 557.99237 777.01666
0.22840 0.08800 0.00000 570.41656 777.57983
0.31640 0.08800 0.00000 610.71088 779.24353
0.34259 0.08800 0.00000 622.74237 779.56873
0.43059 0.08800 0.00000 663.31805 780.53760
0.45679 0.08800 0.00000 675.23596 780.70966
0.54479 0.08800 0.00000 714.58704 781.43549
0.57099 0.08800 0.00000 726.46393 781.50043
0.65899 0.08800 0.00000 764.77100 781.42566
0.00000 0.11420 0.00000 464.96762 759.88934
0.08800 0.11420 0.00000 505.53555 762.40820
0.20220 0.11420 0.00000 558.55115 765.40540
0.22840 0.11420 0.00000 570.62177 765.65405
0.31640 0.11420 0.00000 611.34052 767.21924
0.34259 0.11420 0.00000 623.60767 767.84753
0.43059 0.11420 0.00000 663.73358 768.72852
0.45679 0.11420 0.00000 675.81158 768.87640
0.54479 0.11420 0.00000 715.25940 769.72510
0.57099 0.11420 0.00000 726.80365 769.72644
0.65899 0.11420 0.00000 765.86615 770.01129
0.00000 0.20220 0.00000 466.76108 719.80988
0.08800 0.20220 0.00000 507.38156 722.48547
0.11420 0.20220 0.00000 519.57428 722.99060
0.20220 0.20220 0.00000 560.44421 725.46637
0.22840 0.20220 0.00000 572.66028 725.75354
0.31640 0.20220 0.00000 613.26501 727.75116
0.34259 0.20220 0.00000 625.49908 728.29254
0.43059 0.20220 0.00000 666.20117 729.37103
0.45679 0.20220 0.00000 678.21106 729.69775
0.54479 0.20220 0.00000 717.54309 730.43781
0.57099 0.20220 0.00000 729.38947 730.48523
0.65899 0.20220 0.00000 768.01587 731.06042
0.00000 0.22840 0.00000 467.19025 708.00616
0.08800 0.22840 0.00000 507.65762 710.39514
0.11420 0.22840 0.00000 520.26422 711.23956
0.20220 0.22840 0.00000 560.74414 713.34723
0.22840 0.22840 0.00000 573.19299 713.94849
0.31640 0.22840 0.00000 614.24365 715.60638
0.34259 0.22840 0.00000 626.11432 716.03204
0.43059 0.22840 0.00000 666.52295 717.53271
0.45679 0.22840 0.00000 678.48877 717.68451
0.54479 0.22840 0.00000 718.01648 718.73492
0.57099 0.22840 0.00000 729.79395 718.68799
0.65899 0.22840 0.00000 768.53040 719.40417
0.00000 0.31640 0.00000 469.00519 667.49890
0.08800 0.31640 0.00000 509.85925 670.10779
0.11420 0.31640 0.00000 521.86511 670.77985
0.20220 0.31640 0.00000 563.00586 672.92206
0.22840 0.31640 0.00000 575.04156 673.61707
0.31640 0.31640 0.00000 616.26080 675.48468
0.34259 0.31640 0.00000 628.29602 675.81976
0.43059 0.31640 0.00000 668.56226 677.50275
0.45679 0.31640 0.00000 680.80963 677.85974
0.54479 0.31640 0.00000 720.33411 679.18903
0.57099 0.31640 0.00000 732.19092 679.20996
0.65899 0.31640 0.00000 770.76953 680.01654
0.00000 0.34259 0.00000 469.92697 655.16205
0.08800 0.34259 0.00000 510.53113 657.64624
0.11420 0.34259 0.00000 522.82257 658.45032
0.20220 0.34259 0.00000 563.53790 660.61218
0.22840 0.34259 0.00000 576.18262 661.36255
0.31640 0.34259 0.00000 616.56610 663.40570
0.34259 0.34259 0.00000 628.82434 663.72638
0.43059 0.34259 0.00000 669.07947 665.36163
0.45679 0.34259 0.00000 681.29675 665.97510
0.54479 0.34259 0.00000 720.90540 666.96594
0.57099 0.34259 0.00000 732.67279 667.35193
0.65899 0.34259 0.00000 771.36658 668.27277
0.00000 0.43059 0.00000 471.73172 614.55890
0.08800 0.43059 0.00000 512.70734 617.19629
0.11420 0.43059 0.00000 524.84454 617.78510
0.20220 0.43059 0.00000 565.77539 620.15979
0.22840 0.43059 0.00000 577.80841 620.70190
0.31640 0.43059 0.00000 618.93829 622.80988
0.34259 0.43059 0.00000 630.76184 623.32709
0.43059 0.43059 0.00000 671.15405 624.90314
0.45679 0.43059 0.00000 683.01227 625.61499
0.54479 0.43059 0.00000 722.85822 627.10309
0.57099 0.43059 0.00000 734.60913 627.51508
0.65899 0.43059 0.00000 773.37457 628.61548
0.00000 0.45679 0.00000 472.82111 602.11212
0.08800 0.45679 0.00000 513.38263 604.58881
0.11420 0.45679 0.00000 525.61859 605.37665
0.20220 0.45679 0.00000 566.48279 607.66553
0.22840 0.45679 0.00000 578.71881 608.29858
0.31640 0.45679 0.00000 619.31024 610.40247
0.34259 0.45679 0.00000 631.52301 610.74139
0.43059 0.45679 0.00000 671.80615 612.83289
0.54479 0.45679 0.00000 723.48065 614.71472
0.57099 0.45679 0.00000 734.99005 615.27979
0.65899 0.45679 0.00000 773.76984 616.74164
0.00000 0.54479 0.00000 475.07114 561.67108
0.08800 0.54479 0.00000 515.80206 564.16174
0.11420 0.54479 0.00000 527.85742 564.78058
0.20220 0.54479 0.00000 568.73694 567.18195
0.22840 0.54479 0.00000 580.84570 567.81738
0.34259 0.54479 0.00000 633.59973 570.52838
0.43059 0.54479 0.00000 673.68323 572.44556
0.45679 0.54479 0.00000 685.88324 572.96716
0.54479 0.54479 0.00000 725.13684 574.92053
0.57099 0.54479 0.00000 736.71002 575.54218
0.65899 0.54479 0.00000 775.34259 576.83350
0.00000 0.57099 0.00000 476.33484 549.41101
0.08800 0.57099 0.00000 516.56946 551.65393
0.11420 0.57099 0.00000 528.86377 552.51038
0.20220 0.57099 0.00000 569.36969 554.63251
0.22840 0.57099 0.00000 581.64203 555.43701
0.31640 0.57099 0.00000 622.21783 557.63629
0.34259 0.57099 0.00000 634.06354 558.12573
0.43059 0.57099 0.00000 674.16254 560.40283
0.45679 0.57099 0.00000 686.35162 561.14618
0.54479 0.57099 0.00000 725.79028 562.78009
0.57099 0.57099 0.00000 737.30786 563.50781
0.65899 0.57099 0.00000 776.00885 565.12494
0.00000 0.65899 0.00000 479.05637 509.01410
0.08800 0.65899 0.00000 518.90356 511.19772
0.11420 0.65899 0.00000 531.24103 512.18134
0.20220 0.65899 0.00000 571.61011 514.37805
0.22840 0.65899 0.00000 583.97070 515.00323
0.31640 0.65899 0.00000 624.33575 517.41516
0.34259 0.65899 0.00000 636.33057 517.93774
0.43059 0.65899 0.00000 676.05707 520.15393
0.45679 0.65899 0.00000 688.13696 521.10687
0.54479 0.65899 0.00000 727.18494 522.95441
0.57099 0.65899 0.00000 738.94641 523.86456
0.65899 0.65899 0.00000 777.09290 526.24310

gimbalangles:
0.209439510239 0.0 0.261799387799 

end: