T_CW:
0.87730 0.05160 0.47717 -1.00147
0.14700 -0.97531 -0.16480 0.54079
0.45688 0.21473 -0.86322 1.09687
0.00000 0.00000 0.00000 1.00000

T_CW_cov:

target_points_pix:
0.43059 0.22840 0.00000 167.28598 674.72070
0.45679 0.22840 0.00000 191.23006 675.34174
0.54479 0.22840 0.00000 267.71786 677.10461
0.57099 0.22840 0.00000 289.97159 677.52618
0.65899 0.22840 0.00000 361.48172 679.36664
0.34259 0.31640 0.00000 96.65443 593.51807
0.43059 0.31640 0.00000 177.61705 597.63531
0.45679 0.31640 0.00000 201.31221 598.82391
0.54479 0.31640 0.00000 276.59442 602.60956
0.57099 0.31640 0.00000 298.47894 603.61847
0.34259 0.34259 0.00000 100.28082 570.05902
0.43059 0.34259 0.00000 180.81554 574.73621
0.45679 0.34259 0.00000 204.36421 576.28894
0.54479 0.34259 0.00000 279.49786 580.48352
0.57099 0.34259 0.00000 301.08841 581.75073
0.65899 0.34259 0.00000 371.14478 585.93860
0.34259 0.43059 0.00000 112.03330 493.39072
0.43059 0.43059 0.00000 191.33900 500.17456
0.45679 0.43059 0.00000 214.17540 502.13855
0.54479 0.43059 0.00000 287.78799 508.51248
0.57099 0.43059 0.00000 309.51221 510.31473
0.65899 0.43059 0.00000 378.42923 516.27271
0.22840 0.45679 0.00000 5.94281 460.39990
0.31640 0.45679 0.00000 90.62974 468.45828
0.43059 0.45679 0.00000 194.19748 478.21924
0.45679 0.45679 0.00000 216.93105 480.42126
0.54479 0.45679 0.00000 290.51633 487.22159
0.57099 0.45679 0.00000 311.63000 489.25845
0.65899 0.45679 0.00000 380.51834 495.52417
0.22840 0.54479 0.00000 19.07303 383.60489
0.31640 0.54479 0.00000 102.46796 393.66907
0.34259 0.54479 0.00000 126.45600 396.59146
0.43059 0.54479 0.00000 203.86382 406.01065
0.45679 0.54479 0.00000 226.52136 408.68143
0.54479 0.54479 0.00000 298.67786 417.46875
0.57099 0.54479 0.00000 319.58600 419.76797
0.65899 0.54479 0.00000 387.48871 427.88782
0.22840 0.57099 0.00000 23.14077 361.03915
0.31640 0.57099 0.00000 105.78571 371.61520
0.34259 0.57099 0.00000 129.79216 374.70020
0.43059 0.57099 0.00000 206.87830 384.67331
0.45679 0.57099 0.00000 229.39429 387.53497
0.54479 0.57099 0.00000 301.28061 396.68954
0.57099 0.57099 0.00000 322.22531 399.45367
0.65899 0.57099 0.00000 389.51331 407.84866
0.22840 0.65899 0.00000 35.95442 286.96640
0.31640 0.65899 0.00000 117.30775 299.48886
0.34259 0.65899 0.00000 140.71193 303.13681
0.43059 0.65899 0.00000 216.70158 314.70685
0.45679 0.65899 0.00000 238.56456 318.21344
0.54479 0.65899 0.00000 309.50406 329.08554
0.57099 0.65899 0.00000 330.26031 332.25183
0.65899 0.65899 0.00000 396.59970 342.33633

gimbalangles:
0.209439510239 0.0 0.436332312999 

end: