T_CW:
0.96685 0.21694 0.13471 -0.55192
0.17266 -0.94402 0.28110 -0.18185
0.18815 -0.24852 -0.95018 1.45824
0.00000 0.00000 0.00000 1.00000

T_CW_cov:

target_points_pix:
0.00000 0.00000 0.00000 253.41663 201.20293
0.08800 0.00000 0.00000 323.70438 214.66815
0.11420 0.00000 0.00000 344.57794 218.60365
0.20220 0.00000 0.00000 413.30664 231.90590
0.22840 0.00000 0.00000 433.52838 235.75797
0.31640 0.00000 0.00000 500.36798 248.71936
0.34259 0.00000 0.00000 520.25964 252.64348
0.43059 0.00000 0.00000 585.27948 265.14023
0.45679 0.00000 0.00000 604.56476 268.71075
0.54479 0.00000 0.00000 667.85022 280.85098
0.57099 0.00000 0.00000 686.78107 284.47125
0.65899 0.00000 0.00000 748.50092 296.49911
0.00000 0.08800 0.00000 262.20001 131.72954
0.08800 0.08800 0.00000 333.49701 146.24211
0.11420 0.08800 0.00000 354.60281 150.49908
0.20220 0.08800 0.00000 423.93369 164.49078
0.22840 0.08800 0.00000 444.60510 168.72737
0.31640 0.08800 0.00000 512.28906 182.45959
0.34259 0.08800 0.00000 532.46490 186.53241
0.43059 0.08800 0.00000 598.17303 199.96530
0.45679 0.08800 0.00000 617.60785 203.82689
0.54479 0.08800 0.00000 681.68811 216.76472
0.57099 0.08800 0.00000 700.70605 220.75952
0.65899 0.08800 0.00000 763.25061 233.48331
0.00000 0.11420 0.00000 264.80554 110.49281
0.08800 0.11420 0.00000 336.47058 125.29093
0.11420 0.11420 0.00000 357.64157 129.59235
0.20220 0.11420 0.00000 427.43970 143.97330
0.22840 0.11420 0.00000 448.01950 148.27724
0.31640 0.11420 0.00000 515.75586 162.23839
0.34259 0.11420 0.00000 536.07428 166.44147
0.43059 0.11420 0.00000 601.98785 180.00853
0.45679 0.11420 0.00000 621.69214 184.00700
0.54479 0.11420 0.00000 685.92157 197.38571
0.57099 0.11420 0.00000 705.10883 201.28705
0.65899 0.11420 0.00000 767.60803 214.17006
0.00000 0.20220 0.00000 273.69080 38.47087
0.08800 0.20220 0.00000 346.41904 54.30835
0.11420 0.20220 0.00000 368.01279 58.92422
0.20220 0.20220 0.00000 438.55161 74.18980
0.22840 0.20220 0.00000 459.59344 78.77435
0.31640 0.20220 0.00000 528.34375 93.56776
0.34259 0.20220 0.00000 548.60846 98.14041
0.43059 0.20220 0.00000 615.66571 112.55485
0.45679 0.20220 0.00000 635.53864 116.95306
0.54479 0.20220 0.00000 700.56702 131.10075
0.57099 0.20220 0.00000 719.76953 135.33163
0.65899 0.20220 0.00000 783.28143 149.18083
0.34259 0.22840 0.00000 552.57568 77.19332
0.43059 0.22840 0.00000 619.65515 91.93148
0.45679 0.22840 0.00000 639.70746 96.45973
0.54479 0.22840 0.00000 705.17999 110.70242
0.57099 0.22840 0.00000 724.41498 115.18130
0.65899 0.22840 0.00000 788.23560 129.11124
0.34259 0.31640 0.00000 565.77765 6.25371
0.43059 0.31640 0.00000 633.96863 22.10973
0.54479 0.31640 0.00000 720.38092 42.04721
0.57099 0.31640 0.00000 739.97369 46.59615
0.65899 0.31640 0.00000 804.46790 61.49303

gimbalangles:
-0.261799387799 -0.174532925199 0.0872664625997 

end: