T_CW:
0.99626 0.05199 0.06903 -0.36989
0.05813 -0.99422 -0.09021 0.64978
0.06394 0.09388 -0.99353 1.35577
0.00000 0.00000 0.00000 1.00000

T_CW_cov:

target_points_pix:
0.00000 0.00000 0.00000 466.40485 809.92432
0.08800 0.00000 0.00000 506.81772 812.63794
0.11420 0.00000 0.00000 518.65906 813.44769
0.20220 0.00000 0.00000 559.35345 815.53040
0.22840 0.00000 0.00000 571.51062 816.21136
0.31640 0.00000 0.00000 612.22876 817.65967
0.34259 0.00000 0.00000 624.09180 817.99963
0.43059 0.00000 0.00000 664.18585 819.05481
0.54479 0.00000 0.00000 715.66443 819.27917
0.57099 0.00000 0.00000 727.18347 819.33014
0.00000 0.08800 0.00000 467.70230 770.56354
0.08800 0.08800 0.00000 508.43127 773.43970
0.11420 0.08800 0.00000 520.53589 773.77216
0.20220 0.08800 0.00000 561.22052 776.21576
0.22840 0.08800 0.00000 573.43335 776.52856
0.31640 0.08800 0.00000 613.76642 778.31873
0.34259 0.08800 0.00000 625.91217 778.69916
0.43059 0.08800 0.00000 666.32849 779.72687
0.45679 0.08800 0.00000 678.21454 780.00909
0.54479 0.08800 0.00000 717.63287 780.53815
0.57099 0.08800 0.00000 729.53967 780.55737
0.65899 0.08800 0.00000 768.15637 781.04340
0.00000 0.11420 0.00000 468.36804 758.88708
0.08800 0.11420 0.00000 508.66772 761.46832
0.11420 0.11420 0.00000 520.98511 762.09790
0.20220 0.11420 0.00000 561.65784 764.31549
0.22840 0.11420 0.00000 573.71576 764.66656
0.31640 0.11420 0.00000 614.54608 766.47125
0.34259 0.11420 0.00000 626.72821 767.13165
0.43059 0.11420 0.00000 666.96021 768.07043
0.45679 0.11420 0.00000 679.05237 768.28809
0.54479 0.11420 0.00000 718.40863 769.24426
0.57099 0.11420 0.00000 730.28943 769.28363
0.65899 0.11420 0.00000 768.68805 769.38123
0.00000 0.20220 0.00000 469.93317 718.89276
0.08800 0.20220 0.00000 510.54825 721.49396
0.11420 0.20220 0.00000 522.89410 722.03613
0.20220 0.20220 0.00000 563.54272 724.42206
0.22840 0.20220 0.00000 575.82178 724.83807
0.31640 0.20220 0.00000 616.55884 726.94702
0.34259 0.20220 0.00000 628.60791 727.41229
0.43059 0.20220 0.00000 669.24225 728.62274
0.45679 0.20220 0.00000 681.16296 728.84222
0.54479 0.20220 0.00000 720.56262 729.69250
0.57099 0.20220 0.00000 732.49170 729.75458
0.65899 0.20220 0.00000 771.34644 730.44336
0.00000 0.22840 0.00000 470.61127 706.93726
0.11420 0.22840 0.00000 523.40900 710.31696
0.20220 0.22840 0.00000 563.96362 712.37988
0.22840 0.22840 0.00000 576.45459 713.17462
0.31640 0.22840 0.00000 617.29315 714.65613
0.34259 0.22840 0.00000 629.19568 715.16620
0.43059 0.22840 0.00000 669.64093 716.60358
0.45679 0.22840 0.00000 681.69843 716.83118
0.54479 0.22840 0.00000 721.33704 718.18945
0.57099 0.22840 0.00000 733.29291 718.20862
0.65899 0.22840 0.00000 771.75848 718.73920
0.00000 0.31640 0.00000 472.54184 666.40320
0.08800 0.31640 0.00000 513.04584 669.05560
0.11420 0.31640 0.00000 525.26410 669.95190
0.20220 0.31640 0.00000 566.11804 671.95996
0.22840 0.31640 0.00000 578.53558 672.78656
0.31640 0.31640 0.00000 619.24664 674.68524
0.34259 0.31640 0.00000 631.52362 674.85004
0.43059 0.31640 0.00000 671.73663 676.62848
0.45679 0.31640 0.00000 684.02533 677.08160
0.54479 0.31640 0.00000 723.59906 678.32727
0.57099 0.31640 0.00000 735.42462 678.52563
0.65899 0.31640 0.00000 774.24957 679.53821
0.00000 0.34259 0.00000 473.27441 654.35321
0.08800 0.34259 0.00000 513.71045 656.68127
0.11420 0.34259 0.00000 526.24689 657.60901
0.20220 0.34259 0.00000 566.83466 659.85968
0.22840 0.34259 0.00000 579.28302 660.50128
0.31640 0.34259 0.00000 619.70624 662.47345
0.34259 0.34259 0.00000 632.14215 663.07349
0.43059 0.34259 0.00000 672.51569 664.74213
0.45679 0.34259 0.00000 684.61914 665.26544
0.54479 0.34259 0.00000 723.87543 666.31213
0.57099 0.34259 0.00000 735.81665 666.61060
0.65899 0.34259 0.00000 774.66968 667.63501
0.00000 0.43059 0.00000 475.30896 613.65839
0.08800 0.43059 0.00000 515.92798 616.05780
0.11420 0.43059 0.00000 528.14374 617.00183
0.20220 0.43059 0.00000 568.96649 619.10022
0.22840 0.43059 0.00000 581.14508 620.05573
0.31640 0.43059 0.00000 622.03961 621.93304
0.34259 0.43059 0.00000 633.91785 622.49609
0.43059 0.43059 0.00000 674.59381 624.04749
0.54479 0.43059 0.00000 725.97772 626.16333
0.57099 0.43059 0.00000 737.85089 626.75909
0.65899 0.43059 0.00000 776.63977 627.88080
0.00000 0.45679 0.00000 476.34641 601.39117
0.08800 0.45679 0.00000 516.72302 603.76691
0.11420 0.45679 0.00000 529.18158 604.57355
0.20220 0.45679 0.00000 569.69043 606.71576
0.22840 0.45679 0.00000 582.25952 607.57501
0.31640 0.45679 0.00000 622.69525 609.69275
0.34259 0.45679 0.00000 634.97620 610.17358
0.43059 0.45679 0.00000 675.03857 612.08313
0.45679 0.45679 0.00000 687.30054 612.67670
0.54479 0.45679 0.00000 726.94562 614.07471
0.57099 0.45679 0.00000 738.54980 615.05389
0.65899 0.45679 0.00000 777.12518 616.15704
0.00000 0.54479 0.00000 478.98792 560.61853
0.08800 0.54479 0.00000 519.01642 563.00635
0.20220 0.54479 0.00000 571.92822 566.08215
0.22840 0.54479 0.00000 584.11322 567.05066
0.31640 0.54479 0.00000 624.85693 569.11725
0.34259 0.54479 0.00000 636.93433 569.81738
0.43059 0.54479 0.00000 676.99158 571.91870
0.45679 0.54479 0.00000 689.24609 572.28662
0.54479 0.54479 0.00000 728.49194 574.01404
0.57099 0.54479 0.00000 740.11047 574.99945
0.65899 0.54479 0.00000 778.99591 576.65826
0.00000 0.57099 0.00000 479.50320 548.46649
0.08800 0.57099 0.00000 519.86353 550.87964
0.11420 0.57099 0.00000 532.26221 551.65100
0.20220 0.57099 0.00000 572.80133 553.84296
0.22840 0.57099 0.00000 585.12634 554.72406
0.31640 0.57099 0.00000 625.46454 556.68420
0.34259 0.57099 0.00000 637.81091 557.66736
0.43059 0.57099 0.00000 677.91797 559.80499
0.45679 0.57099 0.00000 689.71838 560.25073
0.54479 0.57099 0.00000 729.13391 562.18073
0.57099 0.57099 0.00000 740.85968 563.06708
0.65899 0.57099 0.00000 779.32397 564.60022
0.00000 0.65899 0.00000 482.51880 507.86792
0.08800 0.65899 0.00000 522.64337 510.44937
0.11420 0.65899 0.00000 534.71234 511.29529
0.20220 0.65899 0.00000 574.87152 513.45813
0.22840 0.65899 0.00000 587.23932 514.25543
0.31640 0.65899 0.00000 627.56348 516.51196
0.34259 0.65899 0.00000 639.98114 516.98657
0.43059 0.65899 0.00000 679.79163 519.70172
0.45679 0.65899 0.00000 691.55884 520.39355
0.54479 0.65899 0.00000 730.93958 522.58020
0.57099 0.65899 0.00000 742.33405 523.29010
0.65899 0.65899 0.00000 780.56390 525.39807

gimbalangles:
-0.261799387799 -0.174532925199 0.0872664625997 

end: