T_CW:
0.99765 0.03635 0.05807 -0.57893
0.04044 -0.99666 -0.07090 0.63107
0.05529 0.07308 -0.99579 1.37445
0.00000 0.00000 0.00000 1.00000

T_CW_cov:

target_points_pix:
0.00000 0.00000 0.00000 387.65402 791.18140
0.08800 0.00000 0.00000 426.30997 793.67145
0.11420 0.00000 0.00000 437.79691 794.45013
0.20220 0.00000 0.00000 477.15088 796.72736
0.22840 0.00000 0.00000 488.80304 797.53687
0.31640 0.00000 0.00000 528.52905 799.47900
0.34259 0.00000 0.00000 540.40375 799.85504
0.43059 0.00000 0.00000 580.25800 801.20203
0.45679 0.00000 0.00000 592.25867 801.42285
0.54479 0.00000 0.00000 631.77130 802.18622
0.57099 0.00000 0.00000 643.68481 802.29724
0.65899 0.00000 0.00000 682.96686 802.51147
0.00000 0.08800 0.00000 388.13974 752.54718
0.08800 0.08800 0.00000 426.81430 755.20459
0.11420 0.08800 0.00000 438.57260 755.74890
0.20220 0.08800 0.00000 477.79904 758.17688
0.22840 0.08800 0.00000 489.67630 758.58130
0.31640 0.08800 0.00000 529.44958 760.56079
0.34259 0.08800 0.00000 541.41034 761.12201
0.43059 0.08800 0.00000 581.35217 762.47723
0.45679 0.08800 0.00000 593.29645 762.82788
0.54479 0.08800 0.00000 632.91132 763.76874
0.57099 0.08800 0.00000 644.99738 763.97943
0.65899 0.08800 0.00000 684.35181 764.44098
0.00000 0.11420 0.00000 388.34991 740.99536
0.08800 0.11420 0.00000 426.93097 743.48773
0.11420 0.11420 0.00000 438.82077 744.20923
0.20220 0.11420 0.00000 477.99625 746.48663
0.22840 0.11420 0.00000 490.02374 747.09296
0.31640 0.11420 0.00000 529.62354 748.81177
0.34259 0.11420 0.00000 541.73987 749.54089
0.43059 0.11420 0.00000 581.57935 750.72144
0.45679 0.11420 0.00000 593.60077 751.25964
0.54479 0.11420 0.00000 633.45239 752.21429
0.57099 0.11420 0.00000 645.46667 752.38947
0.65899 0.11420 0.00000 684.78534 752.68701
0.00000 0.20220 0.00000 389.09302 701.99939
0.08800 0.20220 0.00000 427.68622 704.43427
0.11420 0.20220 0.00000 439.59274 705.09442
0.20220 0.20220 0.00000 478.80673 707.35260
0.22840 0.20220 0.00000 490.87784 707.87421
0.31640 0.20220 0.00000 530.60004 709.77008
0.34259 0.20220 0.00000 542.84338 710.25732
0.43059 0.20220 0.00000 582.62494 711.81940
0.45679 0.20220 0.00000 594.93945 712.25012
0.54479 0.20220 0.00000 634.66327 713.37500
0.57099 0.20220 0.00000 646.67322 713.53882
0.65899 0.20220 0.00000 686.19891 714.03387
0.00000 0.22840 0.00000 389.31573 690.20166
0.08800 0.22840 0.00000 427.94788 692.57623
0.11420 0.22840 0.00000 439.87186 693.34534
0.20220 0.22840 0.00000 479.17010 695.50000
0.22840 0.22840 0.00000 491.21686 696.10785
0.31640 0.22840 0.00000 530.98450 697.94971
0.34259 0.22840 0.00000 543.23553 698.45392
0.43059 0.22840 0.00000 583.06512 699.98517
0.45679 0.22840 0.00000 595.40918 700.37164
0.54479 0.22840 0.00000 635.17261 701.40765
0.57099 0.22840 0.00000 647.14050 701.72803
0.65899 0.22840 0.00000 686.80963 702.17377
0.00000 0.31640 0.00000 390.42075 650.93170
0.08800 0.31640 0.00000 429.00421 653.10730
0.11420 0.31640 0.00000 440.86423 653.76794
0.20220 0.31640 0.00000 480.37402 655.77887
0.22840 0.31640 0.00000 492.43893 656.51526
0.31640 0.31640 0.00000 532.14514 658.33844
0.34259 0.31640 0.00000 544.27020 658.95728
0.43059 0.31640 0.00000 584.37158 660.49573
0.45679 0.31640 0.00000 596.55365 660.87421
0.54479 0.31640 0.00000 636.39874 661.88428
0.57099 0.31640 0.00000 648.82782 662.11115
0.65899 0.31640 0.00000 688.40033 663.35175
0.00000 0.34259 0.00000 390.85934 638.83081
0.08800 0.34259 0.00000 429.54645 640.93994
0.11420 0.34259 0.00000 441.40601 641.77087
0.20220 0.34259 0.00000 480.70627 643.74023
0.22840 0.34259 0.00000 492.77713 644.44800
0.31640 0.34259 0.00000 532.67444 646.05255
0.34259 0.34259 0.00000 544.88171 646.78186
0.43059 0.34259 0.00000 584.92572 648.15881
0.45679 0.34259 0.00000 597.17957 648.75659
0.54479 0.34259 0.00000 636.91687 649.86963
0.57099 0.34259 0.00000 649.40454 650.34900
0.65899 0.34259 0.00000 688.48682 651.25659
0.00000 0.43059 0.00000 392.35440 599.34979
0.08800 0.43059 0.00000 430.83273 601.31244
0.11420 0.43059 0.00000 442.98178 602.00275
0.20220 0.43059 0.00000 482.15652 603.89056
0.22840 0.43059 0.00000 494.32864 604.51379
0.31640 0.43059 0.00000 534.01013 606.08435
0.34259 0.43059 0.00000 546.19055 606.85803
0.43059 0.43059 0.00000 586.19836 608.27112
0.45679 0.43059 0.00000 598.41504 608.76678
0.54479 0.43059 0.00000 638.24640 610.11456
0.57099 0.43059 0.00000 650.62708 610.39172
0.65899 0.43059 0.00000 690.19238 611.77209
0.00000 0.45679 0.00000 392.90692 587.08679
0.08800 0.45679 0.00000 431.60059 589.01379
0.11420 0.45679 0.00000 443.49255 589.84906
0.20220 0.45679 0.00000 482.69949 591.67358
0.22840 0.45679 0.00000 494.79852 592.30927
0.31640 0.45679 0.00000 534.68347 593.78845
0.34259 0.45679 0.00000 546.83289 594.61499
0.43059 0.45679 0.00000 586.87219 595.95160
0.45679 0.45679 0.00000 599.23773 596.60229
0.54479 0.45679 0.00000 638.87695 597.88080
0.57099 0.45679 0.00000 651.20801 598.49365
0.65899 0.45679 0.00000 690.52386 599.47974
0.00000 0.54479 0.00000 394.91788 547.78186
0.08800 0.54479 0.00000 433.30133 549.47003
0.11420 0.54479 0.00000 445.30774 550.15424
0.20220 0.54479 0.00000 484.47528 551.64990
0.22840 0.54479 0.00000 496.71194 552.16565
0.31640 0.54479 0.00000 536.19458 553.86810
0.34259 0.54479 0.00000 548.38837 554.46771
0.43059 0.54479 0.00000 588.15277 556.12708
0.45679 0.54479 0.00000 600.57123 556.63104
0.54479 0.54479 0.00000 640.15472 558.11707
0.57099 0.54479 0.00000 652.50189 558.53149
0.00000 0.57099 0.00000 395.68488 535.61224
0.08800 0.57099 0.00000 434.20139 537.30151
0.11420 0.57099 0.00000 446.10416 537.86340
0.20220 0.57099 0.00000 484.89191 539.68243
0.22840 0.57099 0.00000 497.30569 540.30713
0.31640 0.57099 0.00000 536.77161 541.76233
0.34259 0.57099 0.00000 549.20349 542.42554
0.43059 0.57099 0.00000 588.81750 543.86975
0.45679 0.57099 0.00000 601.20703 544.57581
0.54479 0.57099 0.00000 640.82257 545.83606
0.57099 0.57099 0.00000 653.12207 546.59839
0.65899 0.57099 0.00000 692.38531 547.64856
0.00000 0.65899 0.00000 398.15753 496.34155
0.08800 0.65899 0.00000 436.35983 497.66772
0.11420 0.65899 0.00000 448.27582 498.36749
0.20220 0.65899 0.00000 487.21970 500.04803
0.22840 0.65899 0.00000 499.26611 500.30078
0.31640 0.65899 0.00000 538.52069 501.94293
0.34259 0.65899 0.00000 551.12048 502.37335
0.43059 0.65899 0.00000 590.35840 504.19238
0.45679 0.65899 0.00000 602.70062 504.59879
0.54479 0.65899 0.00000 642.06836 506.33328
0.57099 0.65899 0.00000 654.31738 507.04532
0.65899 0.65899 0.00000 693.53778 508.51407

gimbalangles:
-0.261799387799 -0.174532925199 0.0872664625997 

end: