T_CW:
0.99198 -0.12343 -0.02719 -0.19540
-0.12635 -0.97423 -0.18683 0.64972
-0.00343 0.18876 -0.98202 1.41798
0.00000 0.00000 0.00000 1.00000

T_CW_cov:

target_points_pix:
0.00000 0.22840 0.00000 511.39767 686.22748
0.08800 0.22840 0.00000 579.52856 677.55054
0.11420 0.22840 0.00000 600.19269 675.02118
0.20220 0.22840 0.00000 668.48865 666.31738
0.22840 0.22840 0.00000 689.11383 663.71008
0.31640 0.22840 0.00000 757.57916 655.28809
0.34259 0.22840 0.00000 778.17676 652.57043
0.43059 0.22840 0.00000 846.65906 643.81207
0.45679 0.22840 0.00000 867.37366 641.36267
0.57099 0.22840 0.00000 956.55737 629.75159
0.65899 0.22840 0.00000 1025.40906 621.15033
0.00000 0.31640 0.00000 504.61584 615.39136
0.08800 0.31640 0.00000 572.38312 606.67133
0.11420 0.31640 0.00000 592.53259 604.23413
0.20220 0.31640 0.00000 660.26343 595.48535
0.22840 0.31640 0.00000 680.50378 593.09216
0.31640 0.31640 0.00000 748.28888 584.48474
0.34259 0.31640 0.00000 768.58594 581.73798
0.43059 0.31640 0.00000 836.44806 573.28119
0.45679 0.31640 0.00000 857.03784 570.53619
0.54479 0.31640 0.00000 924.79108 561.71503
0.57099 0.31640 0.00000 945.32648 559.38885
0.65899 0.31640 0.00000 1013.43353 550.49585
0.08800 0.34259 0.00000 570.03827 585.66382
0.11420 0.34259 0.00000 590.34717 583.29736
0.20220 0.34259 0.00000 657.67200 574.51245
0.22840 0.34259 0.00000 677.94458 572.05499
0.31640 0.34259 0.00000 745.54657 563.42004
0.34259 0.34259 0.00000 765.74274 560.80377
0.43059 0.34259 0.00000 833.50598 552.27216
0.45679 0.34259 0.00000 853.69720 549.55518
0.54479 0.34259 0.00000 921.55908 541.01898
0.57099 0.34259 0.00000 941.76917 538.41528
0.65899 0.34259 0.00000 1009.57520 529.53296
0.00000 0.43059 0.00000 496.40433 525.29236
0.08800 0.43059 0.00000 562.93140 516.59204
0.11420 0.43059 0.00000 583.17145 514.14471
0.20220 0.43059 0.00000 649.59650 505.59024
0.22840 0.43059 0.00000 669.69214 503.24954
0.31640 0.43059 0.00000 736.52234 494.53607
0.34259 0.43059 0.00000 756.57379 491.95490
0.43059 0.43059 0.00000 823.47882 483.44882
0.45679 0.43059 0.00000 843.54321 480.72321
0.54479 0.43059 0.00000 910.48901 472.29025
0.57099 0.43059 0.00000 930.64270 469.50510
0.65899 0.43059 0.00000 998.08167 460.96497
0.00000 0.45679 0.00000 494.48380 504.65503
0.08800 0.45679 0.00000 560.78149 496.35980
0.11420 0.45679 0.00000 580.80377 493.63144
0.20220 0.45679 0.00000 647.44293 485.26364
0.31640 0.45679 0.00000 733.68628 474.22330
0.34259 0.45679 0.00000 753.88690 471.50702
0.43059 0.45679 0.00000 820.61011 463.09378
0.45679 0.45679 0.00000 840.54901 460.48862
0.54479 0.45679 0.00000 907.42749 451.72449
0.57099 0.45679 0.00000 927.41455 449.33844
0.65899 0.45679 0.00000 994.48212 440.60464
0.00000 0.54479 0.00000 488.39145 437.59204
0.11420 0.54479 0.00000 573.72083 426.59814
0.20220 0.54479 0.00000 639.45422 418.35913
0.22840 0.54479 0.00000 659.38391 415.65457
0.31640 0.54479 0.00000 725.03802 407.30350
0.34259 0.54479 0.00000 744.76068 404.62064
0.43059 0.54479 0.00000 810.63544 396.18771
0.45679 0.54479 0.00000 830.54205 393.53488
0.54479 0.54479 0.00000 896.71826 385.05371
0.57099 0.54479 0.00000 916.66583 382.49738
0.65899 0.54479 0.00000 982.81519 373.66885
0.00000 0.57099 0.00000 486.40314 417.66202
0.08800 0.57099 0.00000 551.84094 409.44412
0.11420 0.57099 0.00000 571.59277 406.72153
0.20220 0.57099 0.00000 637.26593 398.43970
0.22840 0.57099 0.00000 656.85583 395.76508
0.31640 0.57099 0.00000 722.53131 387.43768
0.34259 0.57099 0.00000 742.31165 384.73843
0.43059 0.57099 0.00000 807.86395 376.41049
0.45679 0.57099 0.00000 827.52765 373.73340
0.54479 0.57099 0.00000 893.54919 365.34091
0.57099 0.57099 0.00000 913.40790 362.61963
0.65899 0.57099 0.00000 979.50165 354.16870
0.00000 0.65899 0.00000 480.48401 352.48999
0.08800 0.65899 0.00000 545.27191 344.09509
0.11420 0.65899 0.00000 564.68475 341.48761
0.20220 0.65899 0.00000 629.53009 333.08725
0.22840 0.65899 0.00000 649.21869 330.51517
0.31640 0.65899 0.00000 714.01239 322.17664
0.34259 0.65899 0.00000 733.55774 319.53113
0.43059 0.65899 0.00000 798.49884 311.20270
0.45679 0.65899 0.00000 818.17975 308.56067
0.54479 0.65899 0.00000 883.46948 300.15576
0.57099 0.65899 0.00000 903.12549 297.53647
0.65899 0.65899 0.00000 968.39716 288.99539

gimbalangles:
0.209439510239 0.174532925199 -0.0872664625997 

end: