T_CW:
0.99598 0.05071 0.07378 -0.37642
0.05739 -0.99414 -0.09156 0.65165
0.06870 0.09543 -0.99306 1.35335
0.00000 0.00000 0.00000 1.00000

T_CW_cov:

target_points_pix:
0.00000 0.00000 0.00000 463.04282 811.12762
0.08800 0.00000 0.00000 503.66562 813.85992
0.11420 0.00000 0.00000 515.64917 814.37122
0.20220 0.00000 0.00000 556.21295 816.46143
0.31640 0.00000 0.00000 609.21490 818.47052
0.43059 0.00000 0.00000 661.05920 819.74396
0.45679 0.00000 0.00000 673.02423 819.94818
0.54479 0.00000 0.00000 712.55322 819.85638
0.57099 0.00000 0.00000 724.21112 819.90796
0.65899 0.00000 0.00000 762.81293 819.80511
0.00000 0.08800 0.00000 464.71069 771.70923
0.08800 0.08800 0.00000 505.21054 774.26599
0.20220 0.08800 0.00000 558.04871 776.97949
0.22840 0.08800 0.00000 570.39178 777.57074
0.31640 0.08800 0.00000 610.70312 779.26172
0.34259 0.08800 0.00000 622.77283 779.55792
0.43059 0.08800 0.00000 663.29584 780.55475
0.45679 0.08800 0.00000 675.29254 780.70441
0.54479 0.08800 0.00000 714.58752 781.44263
0.57099 0.08800 0.00000 726.44989 781.47223
0.65899 0.08800 0.00000 764.78436 781.42413
0.00000 0.11420 0.00000 464.98306 759.91547
0.08800 0.11420 0.00000 505.56119 762.38531
0.11420 0.11420 0.00000 517.89307 762.98712
0.20220 0.11420 0.00000 558.56537 765.38947
0.22840 0.11420 0.00000 570.65131 765.62866
0.31640 0.11420 0.00000 611.34308 767.20569
0.34259 0.11420 0.00000 623.60468 767.84454
0.43059 0.11420 0.00000 663.70190 768.71033
0.45679 0.11420 0.00000 675.82440 769.00720
0.54479 0.11420 0.00000 715.27557 769.71472
0.57099 0.11420 0.00000 726.82776 769.72339
0.65899 0.11420 0.00000 765.86749 769.92023
0.00000 0.20220 0.00000 466.76624 719.80273
0.08800 0.20220 0.00000 507.37891 722.46808
0.11420 0.20220 0.00000 519.60944 723.00269
0.20220 0.20220 0.00000 560.45447 725.47125
0.22840 0.20220 0.00000 572.64050 725.77820
0.31640 0.20220 0.00000 613.23285 727.69824
0.34259 0.20220 0.00000 625.52625 728.29980
0.43059 0.20220 0.00000 666.16907 729.38770
0.45679 0.20220 0.00000 678.22400 729.63507
0.54479 0.20220 0.00000 717.53931 730.41699
0.57099 0.20220 0.00000 729.40033 730.51147
0.65899 0.20220 0.00000 768.00836 731.04834
0.00000 0.22840 0.00000 467.19397 707.99371
0.08800 0.22840 0.00000 507.65112 710.40393
0.11420 0.22840 0.00000 520.17468 711.24451
0.20220 0.22840 0.00000 560.74512 713.35181
0.22840 0.22840 0.00000 573.19977 713.95435
0.31640 0.22840 0.00000 614.28992 715.59491
0.34259 0.22840 0.00000 626.04718 716.00171
0.43059 0.22840 0.00000 666.51233 717.51337
0.45679 0.22840 0.00000 678.47614 717.67639
0.54479 0.22840 0.00000 717.95496 718.68695
0.57099 0.22840 0.00000 729.78308 718.73187
0.65899 0.22840 0.00000 768.53528 719.43500
0.00000 0.31640 0.00000 468.96323 667.50293
0.08800 0.31640 0.00000 509.85986 670.05280
0.11420 0.31640 0.00000 521.83014 670.74109
0.20220 0.31640 0.00000 563.03119 672.91608
0.22840 0.31640 0.00000 575.01050 673.64478
0.31640 0.31640 0.00000 616.23041 675.49200
0.34259 0.31640 0.00000 628.30518 675.81622
0.43059 0.31640 0.00000 668.56042 677.50873
0.45679 0.31640 0.00000 680.74805 677.79437
0.54479 0.31640 0.00000 720.34637 679.20056
0.57099 0.31640 0.00000 732.20502 679.22260
0.65899 0.31640 0.00000 770.78015 680.00848
0.00000 0.34259 0.00000 469.87195 655.08276
0.08800 0.34259 0.00000 510.52045 657.64520
0.11420 0.34259 0.00000 522.82892 658.39801
0.20220 0.34259 0.00000 563.58179 660.63416
0.22840 0.34259 0.00000 576.17310 661.34729
0.31640 0.34259 0.00000 616.56366 663.40729
0.34259 0.34259 0.00000 628.75745 663.74475
0.43059 0.34259 0.00000 669.00275 665.39258
0.45679 0.34259 0.00000 681.27991 665.91779
0.54479 0.34259 0.00000 720.91821 666.95056
0.57099 0.34259 0.00000 732.69556 667.33313
0.65899 0.34259 0.00000 771.32220 668.24219
0.00000 0.43059 0.00000 471.72864 614.55811
0.08800 0.43059 0.00000 512.68732 617.18646
0.11420 0.43059 0.00000 524.86853 617.77112
0.20220 0.43059 0.00000 565.76526 620.18256
0.22840 0.43059 0.00000 577.80780 620.71875
0.31640 0.43059 0.00000 618.91425 622.78912
0.34259 0.43059 0.00000 630.81848 623.29919
0.43059 0.43059 0.00000 671.17981 624.86707
0.45679 0.43059 0.00000 682.97778 625.61115
0.54479 0.43059 0.00000 722.90509 627.10809
0.57099 0.43059 0.00000 734.58008 627.49567
0.65899 0.43059 0.00000 773.39203 628.58887
0.00000 0.45679 0.00000 472.77502 602.10565
0.08800 0.45679 0.00000 513.38525 604.58350
0.11420 0.45679 0.00000 525.62701 605.33734
0.20220 0.45679 0.00000 566.48157 607.64349
0.22840 0.45679 0.00000 578.71008 608.24762
0.31640 0.45679 0.00000 619.32593 610.39374
0.34259 0.45679 0.00000 631.49481 610.71967
0.43059 0.45679 0.00000 671.80890 612.84399
0.54479 0.45679 0.00000 723.46234 614.70178
0.57099 0.45679 0.00000 734.98151 615.25201
0.65899 0.45679 0.00000 773.76013 616.75360
0.00000 0.54479 0.00000 475.12686 561.65906
0.08800 0.54479 0.00000 515.81323 564.15729
0.11420 0.54479 0.00000 527.82166 564.76208
0.20220 0.54479 0.00000 568.74243 567.18738
0.22840 0.54479 0.00000 580.85791 567.75977
0.34259 0.54479 0.00000 633.56396 570.48773
0.43059 0.54479 0.00000 673.67365 572.45172
0.45679 0.54479 0.00000 685.86761 572.92151
0.54479 0.54479 0.00000 725.13489 574.88892
0.57099 0.54479 0.00000 736.76660 575.56555
0.65899 0.54479 0.00000 775.28540 576.91357
0.00000 0.57099 0.00000 476.32471 549.40771
0.08800 0.57099 0.00000 516.53589 551.67126
0.11420 0.57099 0.00000 528.86163 552.48352
0.20220 0.57099 0.00000 569.39172 554.64313
0.22840 0.57099 0.00000 581.64948 555.40979
0.31640 0.57099 0.00000 622.26550 557.64319
0.34259 0.57099 0.00000 634.07489 558.12347
0.43059 0.57099 0.00000 674.16071 560.36298
0.45679 0.57099 0.00000 686.32507 561.13000
0.54479 0.57099 0.00000 725.77917 562.79480
0.57099 0.57099 0.00000 737.26306 563.49463
0.65899 0.57099 0.00000 776.01117 565.07166
0.00000 0.65899 0.00000 479.06696 509.02661
0.08800 0.65899 0.00000 518.92822 511.15784
0.11420 0.65899 0.00000 531.23022 512.18286
0.20220 0.65899 0.00000 571.66028 514.33679
0.22840 0.65899 0.00000 583.93359 514.98785
0.31640 0.65899 0.00000 624.32013 517.40063
0.34259 0.65899 0.00000 636.32916 517.92139
0.43059 0.65899 0.00000 676.04651 520.13086
0.45679 0.65899 0.00000 688.11902 521.11664
0.54479 0.65899 0.00000 727.18323 523.01080
0.57099 0.65899 0.00000 738.91229 523.84937
0.65899 0.65899 0.00000 777.15839 526.17804

gimbalangles:
0.209439510239 0.349065850399 -0.261799387799 

end: