T_CW:
0.93559 -0.29955 -0.18694 0.12227
-0.32547 -0.93689 -0.12768 0.59823
-0.13690 0.18030 -0.97404 1.44765
0.00000 0.00000 0.00000 1.00000

T_CW_cov:

target_points_pix:
0.57099 0.08800 0.00000 1209.46558 623.54651
0.65899 0.08800 0.00000 1283.03516 601.72845
0.11420 0.11420 0.00000 840.72784 709.94824
0.20220 0.11420 0.00000 907.66266 690.07123
0.22840 0.11420 0.00000 927.99872 683.89722
0.31640 0.11420 0.00000 996.23169 663.47009
0.34259 0.11420 0.00000 1017.12305 657.37683
0.43059 0.11420 0.00000 1086.88879 636.37579
0.45679 0.11420 0.00000 1108.11499 629.98657
0.54479 0.11420 0.00000 1179.42114 608.47717
0.57099 0.11420 0.00000 1201.29529 601.95691
0.65899 0.11420 0.00000 1274.30237 579.83319
0.11420 0.20220 0.00000 818.53137 641.15839
0.20220 0.20220 0.00000 884.45801 620.80750
0.22840 0.20220 0.00000 904.43689 614.61993
0.31640 0.20220 0.00000 971.74463 593.67981
0.34259 0.20220 0.00000 992.37738 587.39240
0.43059 0.20220 0.00000 1061.27222 566.04266
0.45679 0.20220 0.00000 1082.23352 559.55426
0.54479 0.20220 0.00000 1152.60388 537.72961
0.57099 0.20220 0.00000 1173.95361 531.14783
0.65899 0.20220 0.00000 1245.88757 508.70633
0.00000 0.22840 0.00000 728.17163 646.95203
0.08800 0.22840 0.00000 792.45850 626.95264
0.11420 0.22840 0.00000 811.98560 620.79822
0.20220 0.22840 0.00000 877.62494 600.27405
0.22840 0.22840 0.00000 897.74011 593.98523
0.31640 0.22840 0.00000 964.79742 573.08783
0.34259 0.22840 0.00000 985.13684 566.76038
0.43059 0.22840 0.00000 1053.76306 545.18311
0.45679 0.22840 0.00000 1074.55969 538.74237
0.54479 0.22840 0.00000 1144.61353 516.73322
0.57099 0.22840 0.00000 1166.14124 509.97791
0.65899 0.22840 0.00000 1237.72693 487.62115
0.00000 0.31640 0.00000 707.52209 580.26978
0.08800 0.31640 0.00000 770.90332 559.97394
0.11420 0.31640 0.00000 790.23322 553.68616
0.20220 0.31640 0.00000 855.30615 532.89716
0.22840 0.31640 0.00000 874.94177 526.49438
0.31640 0.31640 0.00000 941.28357 505.20782
0.34259 0.31640 0.00000 961.33643 498.73224
0.43059 0.31640 0.00000 1028.87646 476.91415
0.45679 0.31640 0.00000 1049.67322 470.24887
0.54479 0.31640 0.00000 1118.53638 447.89102
0.57099 0.31640 0.00000 1139.62170 441.09186
0.65899 0.31640 0.00000 1210.30457 418.26620
0.00000 0.34259 0.00000 701.35327 560.64380
0.08800 0.34259 0.00000 764.59338 539.94879
0.11420 0.34259 0.00000 783.79681 533.73657
0.20220 0.34259 0.00000 848.51581 512.83484
0.22840 0.34259 0.00000 868.28912 506.48795
0.31640 0.34259 0.00000 934.06683 484.87912
0.34259 0.34259 0.00000 954.33160 478.45932
0.43059 0.34259 0.00000 1021.65009 456.58945
0.45679 0.34259 0.00000 1042.06824 449.86877
0.54479 0.34259 0.00000 1110.86816 427.41193
0.57099 0.34259 0.00000 1131.63367 420.62601
0.65899 0.34259 0.00000 1202.26562 397.65842
0.00000 0.43059 0.00000 681.31024 495.54532
0.08800 0.43059 0.00000 743.66254 474.58893
0.11420 0.43059 0.00000 762.87378 468.31879
0.20220 0.43059 0.00000 826.49719 447.08615
0.22840 0.43059 0.00000 845.88989 440.58282
0.31640 0.43059 0.00000 911.13770 418.85849
0.34259 0.43059 0.00000 930.70807 412.12555
0.43059 0.43059 0.00000 997.29071 389.91394
0.45679 0.43059 0.00000 1017.55847 383.13147
0.54479 0.43059 0.00000 1085.53918 360.42838
0.57099 0.43059 0.00000 1106.22559 353.49084
0.65899 0.43059 0.00000 1175.63782 330.13879
0.00000 0.45679 0.00000 675.40521 476.01544
0.08800 0.45679 0.00000 737.72650 455.31366
0.11420 0.45679 0.00000 756.51379 448.87564
0.20220 0.45679 0.00000 819.89618 427.47549
0.22840 0.45679 0.00000 839.51941 420.98596
0.31640 0.45679 0.00000 904.37183 399.20337
0.34259 0.45679 0.00000 923.84210 392.49915
0.43059 0.45679 0.00000 990.26215 370.18323
0.45679 0.45679 0.00000 1010.42780 363.37589
0.54479 0.45679 0.00000 1077.89697 340.57681
0.57099 0.45679 0.00000 1098.45337 333.60660
0.65899 0.45679 0.00000 1167.65173 310.18582
0.00000 0.54479 0.00000 655.77863 412.87329
0.08800 0.54479 0.00000 717.25922 391.64951
0.11420 0.54479 0.00000 735.92401 385.14838
0.20220 0.54479 0.00000 798.54352 363.42474
0.22840 0.54479 0.00000 817.63391 356.96292
0.31640 0.54479 0.00000 881.57544 334.75015
0.34259 0.54479 0.00000 901.33136 328.11420
0.43059 0.54479 0.00000 966.58789 305.31799
0.45679 0.54479 0.00000 986.47052 298.52402
0.54479 0.54479 0.00000 1053.20862 275.35046
0.57099 0.54479 0.00000 1073.62756 268.29779
0.65899 0.54479 0.00000 1141.70276 244.61897
0.00000 0.57099 0.00000 650.02051 394.02603
0.08800 0.57099 0.00000 711.33154 372.79263
0.11420 0.57099 0.00000 729.86761 366.28674
0.20220 0.57099 0.00000 792.34314 344.53833
0.22840 0.57099 0.00000 811.37054 337.88132
0.31640 0.57099 0.00000 874.89386 315.62222
0.34259 0.57099 0.00000 894.43958 308.94611
0.43059 0.57099 0.00000 959.72052 286.08633
0.45679 0.57099 0.00000 979.41852 279.28625
0.54479 0.57099 0.00000 1045.94275 255.98091
0.57099 0.57099 0.00000 1066.32959 248.89450
0.65899 0.57099 0.00000 1134.18237 225.18210
0.00000 0.65899 0.00000 631.08972 332.28729
0.08800 0.65899 0.00000 691.38373 310.69824
0.11420 0.65899 0.00000 709.65857 304.11078
0.20220 0.65899 0.00000 771.46210 282.01620
0.22840 0.65899 0.00000 790.32800 275.29602
0.31640 0.65899 0.00000 853.30640 252.62355
0.34259 0.65899 0.00000 872.46533 245.85368
0.43059 0.65899 0.00000 936.52856 222.94754
0.45679 0.65899 0.00000 956.28046 215.87059
0.54479 0.65899 0.00000 1021.89917 192.30956
0.57099 0.65899 0.00000 1042.05481 185.15617
0.65899 0.65899 0.00000 1109.02478 160.98640

gimbalangles:
0.209439510239 0.349065850399 -0.261799387799 

end: