T_CW:
0.99599 0.05069 0.07367 -0.37641
0.05738 -0.99413 -0.09168 0.65168
0.06859 0.09554 -0.99306 1.35337
0.00000 0.00000 0.00000 1.00000

T_CW_cov:

target_points_pix:
0.00000 0.00000 0.00000 463.14133 811.12183
0.08800 0.00000 0.00000 503.64987 813.88123
0.11420 0.00000 0.00000 515.63385 814.37817
0.20220 0.00000 0.00000 556.14948 816.49005
0.31640 0.00000 0.00000 609.21368 818.48199
0.34259 0.00000 0.00000 621.17938 818.87030
0.43059 0.00000 0.00000 661.02893 819.75714
0.45679 0.00000 0.00000 672.99689 819.94415
0.54479 0.00000 0.00000 712.58252 819.82751
0.57099 0.00000 0.00000 724.25897 819.90338
0.65899 0.00000 0.00000 762.87341 819.82709
0.00000 0.08800 0.00000 464.70410 771.71527
0.08800 0.08800 0.00000 505.23029 774.29028
0.11420 0.08800 0.00000 517.35895 774.77734
0.20220 0.08800 0.00000 557.99872 777.03522
0.22840 0.08800 0.00000 570.38635 777.56964
0.31640 0.08800 0.00000 610.70850 779.25079
0.34259 0.08800 0.00000 622.74432 779.59155
0.43059 0.08800 0.00000 663.30194 780.56958
0.45679 0.08800 0.00000 675.27673 780.72437
0.54479 0.08800 0.00000 714.58777 781.42084
0.57099 0.08800 0.00000 726.48218 781.47778
0.65899 0.08800 0.00000 764.78308 781.44739
0.00000 0.11420 0.00000 464.96869 759.93933
0.08800 0.11420 0.00000 505.56815 762.38074
0.11420 0.11420 0.00000 517.87848 762.95245
0.20220 0.11420 0.00000 558.53461 765.37610
0.22840 0.11420 0.00000 570.63971 765.63159
0.31640 0.11420 0.00000 611.34192 767.19812
0.34259 0.11420 0.00000 623.62756 767.88147
0.43059 0.11420 0.00000 663.72028 768.74133
0.45679 0.11420 0.00000 675.83325 769.01093
0.54479 0.11420 0.00000 715.28271 769.74817
0.57099 0.11420 0.00000 726.89972 769.70532
0.65899 0.11420 0.00000 765.86176 769.97662
0.00000 0.20220 0.00000 466.77310 719.81372
0.08800 0.20220 0.00000 507.40244 722.45953
0.11420 0.20220 0.00000 519.63159 722.99432
0.20220 0.20220 0.00000 560.43787 725.48230
0.22840 0.20220 0.00000 572.63452 725.75464
0.31640 0.20220 0.00000 613.25928 727.70355
0.34259 0.20220 0.00000 625.51166 728.28717
0.43059 0.20220 0.00000 666.20026 729.41547
0.45679 0.20220 0.00000 678.21259 729.67059
0.54479 0.20220 0.00000 717.55249 730.42236
0.57099 0.20220 0.00000 729.41669 730.52203
0.65899 0.20220 0.00000 767.98303 731.05493
0.00000 0.22840 0.00000 467.19980 708.02759
0.08800 0.22840 0.00000 507.66119 710.41113
0.11420 0.22840 0.00000 520.26001 711.25787
0.20220 0.22840 0.00000 560.76575 713.31244
0.22840 0.22840 0.00000 573.17566 713.97522
0.31640 0.22840 0.00000 614.21539 715.60162
0.34259 0.22840 0.00000 626.10461 716.04309
0.43059 0.22840 0.00000 666.51147 717.52667
0.45679 0.22840 0.00000 678.49268 717.67719
0.54479 0.22840 0.00000 717.91895 718.67841
0.57099 0.22840 0.00000 729.81128 718.69604
0.65899 0.22840 0.00000 768.55383 719.44916
0.00000 0.31640 0.00000 468.97406 667.51318
0.08800 0.31640 0.00000 509.84244 670.07410
0.11420 0.31640 0.00000 521.84521 670.76587
0.20220 0.31640 0.00000 562.98199 672.95300
0.22840 0.31640 0.00000 575.03809 673.61414
0.31640 0.31640 0.00000 616.28143 675.48230
0.34259 0.31640 0.00000 628.32080 675.81482
0.43059 0.31640 0.00000 668.58307 677.48694
0.45679 0.31640 0.00000 680.79230 677.85345
0.54479 0.31640 0.00000 720.34808 679.23834
0.57099 0.31640 0.00000 732.21191 679.22919
0.65899 0.31640 0.00000 770.75928 680.01123
0.00000 0.34259 0.00000 469.92719 655.13361
0.08800 0.34259 0.00000 510.53912 657.65747
0.11420 0.34259 0.00000 522.82391 658.43384
0.20220 0.34259 0.00000 563.57190 660.59308
0.22840 0.34259 0.00000 576.15869 661.31470
0.31640 0.34259 0.00000 616.56226 663.41638
0.34259 0.34259 0.00000 628.72656 663.73230
0.43059 0.34259 0.00000 669.02429 665.36926
0.45679 0.34259 0.00000 681.30072 665.98083
0.54479 0.34259 0.00000 720.90900 666.95990
0.57099 0.34259 0.00000 732.68091 667.34851
0.65899 0.34259 0.00000 771.35791 668.26611
0.00000 0.43059 0.00000 471.74542 614.56525
0.08800 0.43059 0.00000 512.71558 617.19318
0.11420 0.43059 0.00000 524.88715 617.76477
0.20220 0.43059 0.00000 565.77667 620.17438
0.22840 0.43059 0.00000 577.80365 620.73395
0.34259 0.43059 0.00000 630.76569 623.28906
0.43059 0.43059 0.00000 671.14301 624.89728
0.45679 0.43059 0.00000 683.03198 625.64697
0.54479 0.43059 0.00000 722.86292 627.10785
0.57099 0.43059 0.00000 734.60333 627.50433
0.65899 0.43059 0.00000 773.40796 628.62439
0.00000 0.45679 0.00000 472.84003 602.09583
0.08800 0.45679 0.00000 513.39722 604.61023
0.11420 0.45679 0.00000 525.58533 605.38934
0.20220 0.45679 0.00000 566.44202 607.63782
0.22840 0.45679 0.00000 578.70740 608.32269
0.31640 0.45679 0.00000 619.28741 610.39349
0.34259 0.45679 0.00000 631.51019 610.72070
0.43059 0.45679 0.00000 671.83740 612.82428
0.54479 0.45679 0.00000 723.49872 614.71802
0.57099 0.45679 0.00000 734.97046 615.27771
0.65899 0.45679 0.00000 773.78113 616.76544
0.00000 0.54479 0.00000 475.15744 561.66003
0.08800 0.54479 0.00000 515.80103 564.15723
0.11420 0.54479 0.00000 527.84863 564.76489
0.20220 0.54479 0.00000 568.71777 567.20190
0.22840 0.54479 0.00000 580.92743 567.81818
0.34259 0.54479 0.00000 633.56537 570.49628
0.43059 0.54479 0.00000 673.67798 572.43732
0.45679 0.54479 0.00000 685.90375 572.98920
0.54479 0.54479 0.00000 725.14886 574.89996
0.57099 0.54479 0.00000 736.76245 575.59637
0.65899 0.54479 0.00000 775.25153 576.91974
0.00000 0.57099 0.00000 476.31393 549.41705
0.08800 0.57099 0.00000 516.56708 551.68091
0.11420 0.57099 0.00000 528.82568 552.51819
0.20220 0.57099 0.00000 569.35150 554.64886
0.22840 0.57099 0.00000 581.64349 555.44702
0.31640 0.57099 0.00000 622.26556 557.65881
0.34259 0.57099 0.00000 634.00214 558.15936
0.43059 0.57099 0.00000 674.15491 560.39215
0.45679 0.57099 0.00000 686.32104 561.18481
0.54479 0.57099 0.00000 725.78772 562.80090
0.57099 0.57099 0.00000 737.24554 563.52789
0.65899 0.57099 0.00000 775.95563 565.12268
0.00000 0.65899 0.00000 479.05716 509.02902
0.08800 0.65899 0.00000 518.93762 511.16125
0.11420 0.65899 0.00000 531.23718 512.19598
0.20220 0.65899 0.00000 571.65625 514.32587
0.22840 0.65899 0.00000 583.94238 514.98700
0.31640 0.65899 0.00000 624.33337 517.38751
0.34259 0.65899 0.00000 636.29797 517.92938
0.43059 0.65899 0.00000 676.04688 520.16199
0.45679 0.65899 0.00000 688.11377 521.06903
0.54479 0.65899 0.00000 727.21704 522.94922
0.57099 0.65899 0.00000 738.93030 523.87891
0.65899 0.65899 0.00000 777.14166 526.22583

gimbalangles:
0.209439510239 0.349065850399 -0.0872664625997 

end: