T_CW:
0.94173 -0.29996 0.15223 -0.40101
-0.25786 -0.93436 -0.24593 0.76856
0.21601 0.19234 -0.95726 1.31595
0.00000 0.00000 0.00000 1.00000

T_CW_cov:

target_points_pix:
0.45679 0.22840 0.00000 655.77802 695.24841
0.54479 0.22840 0.00000 720.47681 673.10577
0.57099 0.22840 0.00000 739.40887 666.65936
0.65899 0.22840 0.00000 802.08630 645.21600
0.45679 0.31640 0.00000 635.58167 626.60089
0.54479 0.31640 0.00000 699.52167 605.73376
0.57099 0.31640 0.00000 718.63934 599.47583
0.65899 0.31640 0.00000 780.66125 579.10303
0.11420 0.34259 0.00000 364.71237 691.80017
0.20220 0.34259 0.00000 435.03546 669.21912
0.22840 0.34259 0.00000 455.83069 662.38971
0.31640 0.34259 0.00000 523.80835 640.59314
0.34259 0.34259 0.00000 544.12878 633.99628
0.43059 0.34259 0.00000 609.95612 612.66528
0.45679 0.34259 0.00000 629.68237 606.38690
0.54479 0.34259 0.00000 693.48792 585.70142
0.57099 0.34259 0.00000 712.49176 579.45862
0.65899 0.34259 0.00000 774.48761 559.45197
0.11420 0.43059 0.00000 347.22095 621.02258
0.20220 0.43059 0.00000 416.77643 599.39343
0.22840 0.43059 0.00000 437.50906 593.10669
0.31640 0.43059 0.00000 504.95932 572.23535
0.34259 0.43059 0.00000 525.06061 565.96179
0.43059 0.43059 0.00000 590.52527 545.71527
0.45679 0.43059 0.00000 609.89435 539.71594
0.54479 0.43059 0.00000 673.46204 519.96045
0.57099 0.43059 0.00000 692.32733 514.16345
0.65899 0.43059 0.00000 753.73773 495.02826
0.00000 0.45679 0.00000 248.98071 628.47003
0.08800 0.45679 0.00000 320.67380 606.51654
0.11420 0.45679 0.00000 342.15808 600.01837
0.20220 0.45679 0.00000 411.56592 578.80255
0.22840 0.45679 0.00000 432.11584 572.60016
0.31640 0.45679 0.00000 499.42838 551.95685
0.34259 0.45679 0.00000 519.45612 545.85419
0.43059 0.45679 0.00000 584.68750 525.80432
0.45679 0.45679 0.00000 604.20874 519.88104
0.54479 0.45679 0.00000 667.50433 500.63489
0.57099 0.45679 0.00000 686.22198 494.87689
0.65899 0.45679 0.00000 747.76410 475.83386
0.00000 0.54479 0.00000 232.89505 558.21906
0.08800 0.54479 0.00000 303.88629 537.44232
0.11420 0.54479 0.00000 325.13574 531.33118
0.20220 0.54479 0.00000 393.83264 511.23721
0.22840 0.54479 0.00000 414.42484 505.20908
0.31640 0.54479 0.00000 481.34293 485.59351
0.34259 0.54479 0.00000 501.04889 479.83322
0.43059 0.54479 0.00000 565.85309 460.82864
0.45679 0.54479 0.00000 585.14850 455.29947
0.54479 0.54479 0.00000 647.81494 436.80624
0.57099 0.54479 0.00000 666.53906 431.30426
0.00000 0.57099 0.00000 227.94911 537.51862
0.08800 0.57099 0.00000 299.00476 516.98907
0.11420 0.57099 0.00000 320.11804 510.97665
0.20220 0.57099 0.00000 388.89529 491.13831
0.22840 0.57099 0.00000 409.40311 485.22809
0.31640 0.57099 0.00000 475.81512 465.94644
0.34259 0.57099 0.00000 495.57510 460.26355
0.43059 0.57099 0.00000 560.37701 441.57193
0.45679 0.57099 0.00000 579.49011 435.98926
0.54479 0.57099 0.00000 642.28394 418.07495
0.57099 0.57099 0.00000 660.78284 412.35773
0.65899 0.57099 0.00000 721.88177 395.16611
0.00000 0.65899 0.00000 212.48798 469.32993
0.08800 0.65899 0.00000 282.63235 449.86816
0.11420 0.65899 0.00000 303.53036 444.16895
0.22840 0.65899 0.00000 391.83380 419.54892
0.31640 0.65899 0.00000 458.39789 401.26126
0.34259 0.65899 0.00000 477.67639 396.02798
0.43059 0.65899 0.00000 542.16870 378.18341
0.45679 0.65899 0.00000 561.18738 372.86572
0.54479 0.65899 0.00000 623.51617 355.67517
0.65899 0.65899 0.00000 702.43677 333.95331

gimbalangles:
0.209439510239 0.349065850399 0.0872664625997 

end: