T_CW:
0.99598 0.05070 0.07382 -0.37643
0.05740 -0.99414 -0.09162 0.65164
0.06874 0.09548 -0.99305 1.35332
0.00000 0.00000 0.00000 1.00000

T_CW_cov:

target_points_pix:
0.00000 0.00000 0.00000 463.08575 811.12366
0.08800 0.00000 0.00000 503.68661 813.85553
0.11420 0.00000 0.00000 515.62042 814.38788
0.20220 0.00000 0.00000 556.11908 816.50024
0.31640 0.00000 0.00000 609.20386 818.49872
0.34259 0.00000 0.00000 621.17242 818.86499
0.43059 0.00000 0.00000 661.02008 819.77606
0.45679 0.00000 0.00000 673.03033 819.95752
0.54479 0.00000 0.00000 712.57312 819.83514
0.57099 0.00000 0.00000 724.20422 819.90002
0.65899 0.00000 0.00000 762.80225 819.78131
0.00000 0.08800 0.00000 464.68039 771.66669
0.08800 0.08800 0.00000 505.26337 774.32434
0.20220 0.08800 0.00000 558.01904 777.01880
0.22840 0.08800 0.00000 570.41608 777.56763
0.31640 0.08800 0.00000 610.74377 779.29974
0.34259 0.08800 0.00000 622.74823 779.55237
0.43059 0.08800 0.00000 663.32355 780.54834
0.45679 0.08800 0.00000 675.25305 780.69489
0.54479 0.08800 0.00000 714.58667 781.42938
0.57099 0.08800 0.00000 726.47400 781.47253
0.65899 0.08800 0.00000 764.79834 781.40851
0.00000 0.11420 0.00000 465.00027 759.93286
0.08800 0.11420 0.00000 505.52682 762.39056
0.11420 0.11420 0.00000 517.87354 762.98114
0.20220 0.11420 0.00000 558.56036 765.37244
0.22840 0.11420 0.00000 570.63324 765.61877
0.31640 0.11420 0.00000 611.35773 767.23657
0.34259 0.11420 0.00000 623.61780 767.83990
0.43059 0.11420 0.00000 663.70764 768.68781
0.45679 0.11420 0.00000 675.79230 768.91565
0.54479 0.11420 0.00000 715.26685 769.69464
0.57099 0.11420 0.00000 726.78473 769.72675
0.65899 0.11420 0.00000 765.85181 769.89819
0.00000 0.20220 0.00000 466.77524 719.78918
0.08800 0.20220 0.00000 507.39771 722.46912
0.11420 0.20220 0.00000 519.58417 722.92303
0.20220 0.20220 0.00000 560.46381 725.47754
0.22840 0.20220 0.00000 572.66785 725.77692
0.31640 0.20220 0.00000 613.23187 727.74329
0.34259 0.20220 0.00000 625.50592 728.30005
0.43059 0.20220 0.00000 666.20685 729.36011
0.45679 0.20220 0.00000 678.20404 729.65149
0.54479 0.20220 0.00000 717.55957 730.41693
0.57099 0.20220 0.00000 729.42395 730.49396
0.65899 0.20220 0.00000 768.01819 731.07825
0.00000 0.22840 0.00000 467.16397 707.98566
0.08800 0.22840 0.00000 507.65274 710.39246
0.11420 0.22840 0.00000 520.16803 711.23981
0.20220 0.22840 0.00000 560.73798 713.31335
0.22840 0.22840 0.00000 573.19189 713.97894
0.31640 0.22840 0.00000 614.24554 715.59552
0.34259 0.22840 0.00000 626.05219 716.05249
0.43059 0.22840 0.00000 666.51477 717.52405
0.45679 0.22840 0.00000 678.49634 717.68713
0.54479 0.22840 0.00000 717.96576 718.68365
0.57099 0.22840 0.00000 729.78796 718.71985
0.65899 0.22840 0.00000 768.55084 719.42267
0.00000 0.31640 0.00000 468.96838 667.50623
0.08800 0.31640 0.00000 509.87079 670.04053
0.11420 0.31640 0.00000 521.85742 670.73126
0.20220 0.31640 0.00000 563.03247 672.91718
0.22840 0.31640 0.00000 575.06024 673.61774
0.31640 0.31640 0.00000 616.28601 675.46661
0.34259 0.31640 0.00000 628.29425 675.85748
0.43059 0.31640 0.00000 668.56464 677.52051
0.45679 0.31640 0.00000 680.76886 677.81903
0.54479 0.31640 0.00000 720.29321 679.21497
0.57099 0.31640 0.00000 732.20825 679.22101
0.65899 0.31640 0.00000 770.77344 680.00354
0.00000 0.34259 0.00000 469.88235 655.07910
0.08800 0.34259 0.00000 510.52905 657.65070
0.11420 0.34259 0.00000 522.81262 658.40460
0.20220 0.34259 0.00000 563.54742 660.59753
0.22840 0.34259 0.00000 576.14795 661.29449
0.31640 0.34259 0.00000 616.54797 663.38306
0.34259 0.34259 0.00000 628.76257 663.75275
0.43059 0.34259 0.00000 669.01678 665.37079
0.45679 0.34259 0.00000 681.26428 665.93616
0.54479 0.34259 0.00000 720.88544 666.93677
0.57099 0.34259 0.00000 732.67426 667.32001
0.65899 0.34259 0.00000 771.34167 668.25970
0.00000 0.43059 0.00000 471.72998 614.54004
0.08800 0.43059 0.00000 512.69092 617.18231
0.11420 0.43059 0.00000 524.83801 617.76080
0.20220 0.43059 0.00000 565.75537 620.18652
0.22840 0.43059 0.00000 577.80914 620.70300
0.31640 0.43059 0.00000 618.93744 622.78925
0.34259 0.43059 0.00000 630.80225 623.30811
0.43059 0.43059 0.00000 671.15570 624.91162
0.45679 0.43059 0.00000 682.94000 625.57825
0.54479 0.43059 0.00000 722.88385 627.07928
0.57099 0.43059 0.00000 734.59802 627.49500
0.65899 0.43059 0.00000 773.38245 628.60815
0.00000 0.45679 0.00000 472.79520 602.06873
0.08800 0.45679 0.00000 513.36322 604.57196
0.11420 0.45679 0.00000 525.63721 605.37018
0.20220 0.45679 0.00000 566.45721 607.64380
0.22840 0.45679 0.00000 578.71277 608.27069
0.31640 0.45679 0.00000 619.30804 610.37451
0.34259 0.45679 0.00000 631.49042 610.73285
0.43059 0.45679 0.00000 671.80939 612.81244
0.45679 0.45679 0.00000 684.10254 613.40350
0.54479 0.45679 0.00000 723.45856 614.71930
0.57099 0.45679 0.00000 734.96057 615.24121
0.65899 0.45679 0.00000 773.77075 616.75769
0.00000 0.54479 0.00000 475.10034 561.64026
0.08800 0.54479 0.00000 515.82959 564.14484
0.11420 0.54479 0.00000 527.84497 564.79181
0.20220 0.54479 0.00000 568.73248 567.19025
0.22840 0.54479 0.00000 580.86365 567.78479
0.34259 0.54479 0.00000 633.58032 570.50934
0.43059 0.54479 0.00000 673.66864 572.44568
0.45679 0.54479 0.00000 685.84711 572.89581
0.54479 0.54479 0.00000 725.14111 574.90607
0.57099 0.54479 0.00000 736.71637 575.54822
0.65899 0.54479 0.00000 775.29291 576.92529
0.00000 0.57099 0.00000 476.26523 549.39508
0.08800 0.57099 0.00000 516.54840 551.65387
0.11420 0.57099 0.00000 528.83221 552.46344
0.20220 0.57099 0.00000 569.37451 554.63141
0.22840 0.57099 0.00000 581.55890 555.38684
0.31640 0.57099 0.00000 622.21576 557.64081
0.34259 0.57099 0.00000 634.06726 558.14508
0.43059 0.57099 0.00000 674.11768 560.38074
0.45679 0.57099 0.00000 686.33722 561.12775
0.54479 0.57099 0.00000 725.78510 562.77252
0.57099 0.57099 0.00000 737.26306 563.47992
0.65899 0.57099 0.00000 775.99231 565.10120
0.00000 0.65899 0.00000 479.04578 509.01077
0.08800 0.65899 0.00000 518.90155 511.19958
0.11420 0.65899 0.00000 531.23932 512.17999
0.20220 0.65899 0.00000 571.67786 514.31189
0.22840 0.65899 0.00000 583.93951 514.97949
0.31640 0.65899 0.00000 624.34570 517.40839
0.34259 0.65899 0.00000 636.32880 517.93115
0.43059 0.65899 0.00000 676.06396 520.10760
0.45679 0.65899 0.00000 688.08417 521.06195
0.54479 0.65899 0.00000 727.14990 523.01990
0.57099 0.65899 0.00000 738.94775 523.86841
0.65899 0.65899 0.00000 777.16803 526.21716

gimbalangles:
0.209439510239 0.349065850399 0.261799387799 

end: