T_CW:
0.99626 0.05200 0.06894 -0.36989
0.05813 -0.99423 -0.09012 0.64976
0.06386 0.09379 -0.99354 1.35575
0.00000 0.00000 0.00000 1.00000

T_CW_cov:

target_points_pix:
0.00000 0.00000 0.00000 466.37610 809.78156
0.08800 0.00000 0.00000 506.82886 812.66882
0.11420 0.00000 0.00000 518.73212 813.42572
0.20220 0.00000 0.00000 559.32843 815.53900
0.22840 0.00000 0.00000 571.56287 816.25012
0.34259 0.00000 0.00000 624.08087 818.04529
0.43059 0.00000 0.00000 664.19305 819.09198
0.54479 0.00000 0.00000 715.72040 819.30133
0.57099 0.00000 0.00000 727.21820 819.29767
0.00000 0.08800 0.00000 467.66858 770.58777
0.08800 0.08800 0.00000 508.40558 773.39380
0.11420 0.08800 0.00000 520.54602 773.73718
0.20220 0.08800 0.00000 561.22528 776.22180
0.22840 0.08800 0.00000 573.40668 776.52606
0.31640 0.08800 0.00000 613.76526 778.28796
0.34259 0.08800 0.00000 625.96942 778.72760
0.43059 0.08800 0.00000 666.28040 779.76666
0.45679 0.08800 0.00000 678.21265 780.01056
0.54479 0.08800 0.00000 717.64270 780.52478
0.57099 0.08800 0.00000 729.53961 780.59766
0.65899 0.08800 0.00000 768.12061 781.00604
0.00000 0.11420 0.00000 468.30136 758.89117
0.08800 0.11420 0.00000 508.69733 761.42847
0.11420 0.11420 0.00000 520.96045 762.09070
0.20220 0.11420 0.00000 561.65472 764.31219
0.22840 0.11420 0.00000 573.75922 764.67743
0.31640 0.11420 0.00000 614.53278 766.44763
0.34259 0.11420 0.00000 626.71613 767.10486
0.43059 0.11420 0.00000 666.95300 768.05908
0.45679 0.11420 0.00000 679.08240 768.32043
0.54479 0.11420 0.00000 718.43896 769.24084
0.57099 0.11420 0.00000 730.31543 769.26190
0.65899 0.11420 0.00000 768.70416 769.40436
0.00000 0.20220 0.00000 469.91498 718.84723
0.08800 0.20220 0.00000 510.55688 721.51532
0.11420 0.20220 0.00000 522.92603 722.03156
0.20220 0.20220 0.00000 563.54547 724.39935
0.22840 0.20220 0.00000 575.84778 724.84143
0.31640 0.20220 0.00000 616.58643 726.91644
0.34259 0.20220 0.00000 628.62433 727.41711
0.43059 0.20220 0.00000 669.24567 728.62988
0.45679 0.20220 0.00000 681.19977 728.85309
0.54479 0.20220 0.00000 720.56311 729.68817
0.57099 0.20220 0.00000 732.48029 729.84607
0.65899 0.20220 0.00000 771.30695 730.41766
0.00000 0.22840 0.00000 470.59354 707.01825
0.11420 0.22840 0.00000 523.38538 710.30029
0.20220 0.22840 0.00000 563.91223 712.36115
0.22840 0.22840 0.00000 576.48462 713.18567
0.31640 0.22840 0.00000 617.27100 714.66138
0.34259 0.22840 0.00000 629.26300 715.18976
0.43059 0.22840 0.00000 669.63733 716.59955
0.45679 0.22840 0.00000 681.68958 716.78723
0.54479 0.22840 0.00000 721.33643 718.19006
0.57099 0.22840 0.00000 733.27875 718.21655
0.65899 0.22840 0.00000 771.80109 718.72797
0.00000 0.31640 0.00000 472.49713 666.38348
0.08800 0.31640 0.00000 513.05975 669.01648
0.11420 0.31640 0.00000 525.26923 669.93665
0.20220 0.31640 0.00000 566.14386 671.93134
0.22840 0.31640 0.00000 578.48163 672.80847
0.31640 0.31640 0.00000 619.29718 674.61853
0.34259 0.31640 0.00000 631.50305 674.85895
0.43059 0.31640 0.00000 671.73761 676.62616
0.45679 0.31640 0.00000 684.03571 677.09332
0.54479 0.31640 0.00000 723.65082 678.30463
0.57099 0.31640 0.00000 735.43237 678.51868
0.65899 0.31640 0.00000 774.26648 679.56000
0.00000 0.34259 0.00000 473.27216 654.33710
0.08800 0.34259 0.00000 513.72296 656.71155
0.11420 0.34259 0.00000 526.25867 657.58936
0.20220 0.34259 0.00000 566.77338 659.83472
0.22840 0.34259 0.00000 579.24249 660.51227
0.31640 0.34259 0.00000 619.70612 662.47815
0.34259 0.34259 0.00000 632.13684 663.08337
0.43059 0.34259 0.00000 672.49280 664.73303
0.45679 0.34259 0.00000 684.61902 665.23462
0.54479 0.34259 0.00000 723.92206 666.24420
0.57099 0.34259 0.00000 735.82568 666.57495
0.65899 0.34259 0.00000 774.66351 667.63177
0.00000 0.43059 0.00000 475.33334 613.64734
0.08800 0.43059 0.00000 515.93036 616.03302
0.11420 0.43059 0.00000 528.07416 617.02667
0.20220 0.43059 0.00000 568.98358 619.08923
0.22840 0.43059 0.00000 581.14746 620.06372
0.31640 0.43059 0.00000 621.96826 621.98651
0.34259 0.43059 0.00000 633.92358 622.48718
0.43059 0.43059 0.00000 674.59814 624.08380
0.54479 0.43059 0.00000 726.01715 626.17688
0.57099 0.43059 0.00000 737.93445 626.84894
0.65899 0.43059 0.00000 776.62317 627.86932
0.00000 0.45679 0.00000 476.33984 601.39990
0.08800 0.45679 0.00000 516.73663 603.75073
0.11420 0.45679 0.00000 529.16119 604.56537
0.20220 0.45679 0.00000 569.71973 606.74585
0.22840 0.45679 0.00000 582.25879 607.59131
0.31640 0.45679 0.00000 622.70099 609.70459
0.34259 0.45679 0.00000 634.94720 610.12238
0.43059 0.45679 0.00000 675.04858 612.12030
0.45679 0.45679 0.00000 687.33051 612.63934
0.54479 0.45679 0.00000 726.92902 614.05841
0.57099 0.45679 0.00000 738.59003 615.06122
0.65899 0.45679 0.00000 777.12341 616.15204
0.00000 0.54479 0.00000 478.95230 560.64636
0.08800 0.54479 0.00000 519.06067 562.98572
0.11420 0.54479 0.00000 531.23840 564.09924
0.20220 0.54479 0.00000 571.91870 566.08838
0.22840 0.54479 0.00000 584.15063 567.07361
0.31640 0.54479 0.00000 624.89056 569.12964
0.34259 0.54479 0.00000 636.95935 569.84192
0.43059 0.54479 0.00000 677.01556 571.92957
0.45679 0.54479 0.00000 689.24261 572.28387
0.54479 0.54479 0.00000 728.54254 574.00128
0.57099 0.54479 0.00000 740.12384 575.02191
0.65899 0.54479 0.00000 779.00793 576.64410
0.00000 0.57099 0.00000 479.50827 548.46979
0.08800 0.57099 0.00000 519.84827 550.88043
0.11420 0.57099 0.00000 532.22510 551.66992
0.20220 0.57099 0.00000 572.79089 553.80731
0.22840 0.57099 0.00000 585.14099 554.69708
0.31640 0.57099 0.00000 625.44495 556.65411
0.34259 0.57099 0.00000 637.71649 557.59882
0.43059 0.57099 0.00000 677.90973 559.79742
0.45679 0.57099 0.00000 689.73071 560.22797
0.54479 0.57099 0.00000 729.11511 562.17023
0.57099 0.57099 0.00000 740.86493 563.02863
0.65899 0.57099 0.00000 779.31732 564.59082
0.00000 0.65899 0.00000 482.48950 507.82547
0.08800 0.65899 0.00000 522.65228 510.41275
0.11420 0.65899 0.00000 534.70349 511.29449
0.20220 0.65899 0.00000 574.84113 513.47009
0.22840 0.65899 0.00000 587.26074 514.26044
0.31640 0.65899 0.00000 627.58008 516.49084
0.34259 0.65899 0.00000 639.99500 516.99933
0.43059 0.65899 0.00000 679.86682 519.67816
0.45679 0.65899 0.00000 691.56995 520.39539
0.54479 0.65899 0.00000 730.90820 522.62683
0.57099 0.65899 0.00000 742.32574 523.30792
0.65899 0.65899 0.00000 780.60077 525.36890

gimbalangles:
-0.261799387799 -0.174532925199 0.261799387799 

end: