T_CW:
0.99766 0.03635 0.05798 -0.57894
0.04043 -0.99667 -0.07081 0.63107
0.05521 0.07298 -0.99580 1.37448
0.00000 0.00000 0.00000 1.00000

T_CW_cov:

target_points_pix:
0.00000 0.00000 0.00000 387.51505 790.86121
0.08800 0.00000 0.00000 426.30823 793.71045
0.11420 0.00000 0.00000 437.81497 794.45911
0.20220 0.00000 0.00000 477.16635 796.81110
0.22840 0.00000 0.00000 488.76550 797.50513
0.31640 0.00000 0.00000 528.48608 799.47894
0.34259 0.00000 0.00000 540.38885 799.82672
0.43059 0.00000 0.00000 580.27765 801.21637
0.45679 0.00000 0.00000 592.26221 801.45520
0.54479 0.00000 0.00000 631.76514 802.23877
0.57099 0.00000 0.00000 643.69672 802.29504
0.65899 0.00000 0.00000 683.10260 802.46619
0.00000 0.08800 0.00000 388.12781 752.62738
0.08800 0.08800 0.00000 426.78122 755.17340
0.11420 0.08800 0.00000 438.55643 755.82764
0.20220 0.08800 0.00000 477.79218 758.17621
0.22840 0.08800 0.00000 489.68582 758.64948
0.31640 0.08800 0.00000 529.41315 760.56647
0.34259 0.08800 0.00000 541.43878 761.17621
0.43059 0.08800 0.00000 581.35162 762.50781
0.45679 0.08800 0.00000 593.32031 762.84821
0.54479 0.08800 0.00000 632.86542 763.69592
0.57099 0.08800 0.00000 644.98053 763.92700
0.65899 0.08800 0.00000 684.30408 764.49457
0.00000 0.11420 0.00000 388.39874 741.02313
0.08800 0.11420 0.00000 426.93011 743.48669
0.11420 0.11420 0.00000 438.77139 744.20258
0.20220 0.11420 0.00000 478.02655 746.48682
0.22840 0.11420 0.00000 490.04514 747.05640
0.31640 0.11420 0.00000 529.63983 748.84070
0.34259 0.11420 0.00000 541.78583 749.50684
0.43059 0.11420 0.00000 581.55261 750.72479
0.45679 0.11420 0.00000 593.55261 751.23749
0.54479 0.11420 0.00000 633.39532 752.14380
0.57099 0.11420 0.00000 645.51294 752.37421
0.65899 0.11420 0.00000 684.82904 752.69135
0.00000 0.20220 0.00000 389.08481 702.00586
0.08800 0.20220 0.00000 427.65472 704.47174
0.11420 0.20220 0.00000 439.61603 705.04688
0.20220 0.20220 0.00000 478.81735 707.39423
0.22840 0.20220 0.00000 490.92914 707.96729
0.31640 0.20220 0.00000 530.62164 709.76208
0.34259 0.20220 0.00000 542.81934 710.19836
0.43059 0.20220 0.00000 582.63306 711.79175
0.45679 0.20220 0.00000 594.95929 712.20538
0.54479 0.20220 0.00000 634.69434 713.32178
0.57099 0.20220 0.00000 646.64160 713.50140
0.65899 0.20220 0.00000 686.24133 714.07642
0.00000 0.22840 0.00000 389.35092 690.26520
0.08800 0.22840 0.00000 427.92435 692.52887
0.11420 0.22840 0.00000 439.88074 693.30322
0.20220 0.22840 0.00000 479.09360 695.46948
0.22840 0.22840 0.00000 491.24731 696.13629
0.31640 0.22840 0.00000 530.95441 697.91467
0.34259 0.22840 0.00000 543.23615 698.47205
0.43059 0.22840 0.00000 583.07208 699.91803
0.45679 0.22840 0.00000 595.39893 700.41522
0.54479 0.22840 0.00000 635.10919 701.40167
0.57099 0.22840 0.00000 647.15631 701.63519
0.65899 0.22840 0.00000 686.73865 702.22540
0.00000 0.31640 0.00000 390.37372 650.96844
0.08800 0.31640 0.00000 428.96796 653.12720
0.11420 0.31640 0.00000 440.85995 653.76422
0.20220 0.31640 0.00000 480.33890 655.78632
0.22840 0.31640 0.00000 492.39789 656.51270
0.31640 0.31640 0.00000 532.05255 658.34119
0.34259 0.31640 0.00000 544.25110 658.90222
0.43059 0.31640 0.00000 584.37201 660.51575
0.45679 0.31640 0.00000 596.51917 660.91974
0.54479 0.31640 0.00000 636.41040 661.99347
0.57099 0.31640 0.00000 648.88812 662.20526
0.65899 0.31640 0.00000 688.37677 663.34784
0.00000 0.34259 0.00000 390.77496 638.90192
0.08800 0.34259 0.00000 429.55807 640.96179
0.11420 0.34259 0.00000 441.39810 641.76733
0.20220 0.34259 0.00000 480.61414 643.66925
0.22840 0.34259 0.00000 492.77771 644.44989
0.31640 0.34259 0.00000 532.68085 646.05499
0.34259 0.34259 0.00000 544.91479 646.80963
0.43059 0.34259 0.00000 584.90131 648.16559
0.45679 0.34259 0.00000 597.14960 648.77777
0.54479 0.34259 0.00000 636.86761 649.83698
0.57099 0.34259 0.00000 649.37805 650.30365
0.65899 0.34259 0.00000 688.49963 651.20526
0.00000 0.43059 0.00000 392.41620 599.36389
0.08800 0.43059 0.00000 430.80136 601.33063
0.11420 0.43059 0.00000 442.97202 601.98883
0.20220 0.43059 0.00000 482.20300 603.79352
0.22840 0.43059 0.00000 494.28729 604.52020
0.31640 0.43059 0.00000 533.90857 606.21686
0.34259 0.43059 0.00000 546.18921 606.85468
0.43059 0.43059 0.00000 586.18896 608.26636
0.45679 0.43059 0.00000 598.40533 608.82880
0.54479 0.43059 0.00000 638.28137 610.08167
0.57099 0.43059 0.00000 650.65063 610.36945
0.65899 0.43059 0.00000 690.14905 611.85382
0.00000 0.45679 0.00000 392.85815 587.16400
0.08800 0.45679 0.00000 431.63678 589.03156
0.11420 0.45679 0.00000 443.47925 589.84277
0.20220 0.45679 0.00000 482.68723 591.62762
0.22840 0.45679 0.00000 494.72693 592.31189
0.31640 0.45679 0.00000 534.67816 593.82605
0.34259 0.45679 0.00000 546.82587 594.60565
0.43059 0.45679 0.00000 586.88495 595.93842
0.45679 0.45679 0.00000 599.19928 596.62628
0.54479 0.45679 0.00000 638.82239 597.83795
0.57099 0.45679 0.00000 651.22369 598.48651
0.65899 0.45679 0.00000 690.60101 599.57239
0.00000 0.54479 0.00000 394.95398 547.77686
0.08800 0.54479 0.00000 433.28836 549.41736
0.11420 0.54479 0.00000 445.31595 550.18219
0.20220 0.54479 0.00000 484.45517 551.67719
0.22840 0.54479 0.00000 496.69714 552.22369
0.31640 0.54479 0.00000 536.13025 553.96381
0.34259 0.54479 0.00000 548.44977 554.41296
0.43059 0.54479 0.00000 588.14978 556.12012
0.45679 0.54479 0.00000 600.52765 556.55499
0.54479 0.54479 0.00000 640.16028 558.14996
0.57099 0.54479 0.00000 652.50604 558.53857
0.00000 0.57099 0.00000 395.66910 535.65747
0.08800 0.57099 0.00000 434.24756 537.30231
0.11420 0.57099 0.00000 446.05890 537.90625
0.20220 0.57099 0.00000 484.92438 539.68329
0.22840 0.57099 0.00000 497.34549 540.26605
0.31640 0.57099 0.00000 536.75385 541.76349
0.34259 0.57099 0.00000 549.12262 542.48035
0.43059 0.57099 0.00000 588.82202 543.86676
0.45679 0.57099 0.00000 601.21619 544.55963
0.54479 0.57099 0.00000 640.81195 545.85248
0.57099 0.57099 0.00000 653.19678 546.52484
0.65899 0.57099 0.00000 692.38617 547.66901
0.00000 0.65899 0.00000 398.14267 496.36157
0.08800 0.65899 0.00000 436.40717 497.62900
0.11420 0.65899 0.00000 448.28326 498.37625
0.20220 0.65899 0.00000 487.20145 500.10953
0.22840 0.65899 0.00000 499.29276 500.34262
0.31640 0.65899 0.00000 538.52502 501.95035
0.34259 0.65899 0.00000 551.12115 502.39673
0.43059 0.65899 0.00000 590.37622 504.17517
0.45679 0.65899 0.00000 602.66351 504.54755
0.54479 0.65899 0.00000 642.10315 506.31201
0.57099 0.65899 0.00000 654.30042 507.01385
0.65899 0.65899 0.00000 693.54816 508.50073

gimbalangles:
-0.261799387799 -0.174532925199 0.261799387799 

end: