T_CW:
0.85957 0.21057 0.46563 -1.02971
0.06648 -0.94950 0.30666 -0.20019
0.50668 -0.23264 -0.83015 1.17661
0.00000 0.00000 0.00000 1.00000

T_CW_cov:

target_points_pix:
0.34259 0.00000 0.00000 66.05388 193.56854
0.43059 0.00000 0.00000 146.52333 203.42371
0.45679 0.00000 0.00000 169.72697 205.95531
0.54479 0.00000 0.00000 244.47983 214.85152
0.57099 0.00000 0.00000 265.88052 217.43579
0.65899 0.00000 0.00000 335.33682 225.74048
0.34259 0.08800 0.00000 72.12899 118.15548
0.43059 0.08800 0.00000 153.84105 130.50050
0.45679 0.08800 0.00000 177.36638 133.94165
0.57099 0.08800 0.00000 274.55191 148.47195
0.65899 0.08800 0.00000 344.42206 158.88846
0.34259 0.11420 0.00000 74.14099 95.36915
0.43059 0.11420 0.00000 156.18266 108.24170
0.45679 0.11420 0.00000 179.61336 111.96007
0.57099 0.11420 0.00000 277.26907 127.39621
0.65899 0.11420 0.00000 347.45105 138.36743
0.34259 0.20220 0.00000 80.80038 17.14210
0.43059 0.20220 0.00000 163.96516 32.80310
0.45679 0.20220 0.00000 187.72699 37.33006
0.54479 0.20220 0.00000 264.42270 51.68794
0.57099 0.20220 0.00000 286.47052 55.79797
0.65899 0.20220 0.00000 357.29636 69.31551

gimbalangles:
-0.261799387799 -0.174532925199 0.436332312999 

end: