T_CW:
0.99763 0.03634 0.05837 -0.57893
0.04045 -0.99667 -0.07076 0.63106
0.05560 0.07296 -0.99578 1.37440
0.00000 0.00000 0.00000 1.00000

T_CW_cov:

target_points_pix:
0.00000 0.00000 0.00000 387.56198 791.07605
0.08800 0.00000 0.00000 426.30966 793.75647
0.11420 0.00000 0.00000 437.78702 794.46075
0.20220 0.00000 0.00000 477.13101 796.73615
0.22840 0.00000 0.00000 488.78360 797.51727
0.31640 0.00000 0.00000 528.51465 799.47766
0.34259 0.00000 0.00000 540.40753 799.83551
0.43059 0.00000 0.00000 580.21014 801.19812
0.45679 0.00000 0.00000 592.24408 801.44269
0.54479 0.00000 0.00000 631.77020 802.18781
0.57099 0.00000 0.00000 643.70160 802.27576
0.65899 0.00000 0.00000 682.96613 802.53833
0.00000 0.08800 0.00000 388.16669 752.65247
0.08800 0.08800 0.00000 426.76080 755.12769
0.11420 0.08800 0.00000 438.55963 755.84851
0.20220 0.08800 0.00000 477.76959 758.16638
0.22840 0.08800 0.00000 489.68530 758.59174
0.31640 0.08800 0.00000 529.46136 760.54474
0.34259 0.08800 0.00000 541.38098 761.11292
0.43059 0.08800 0.00000 581.34863 762.48254
0.45679 0.08800 0.00000 593.36816 762.78540
0.54479 0.08800 0.00000 632.88501 763.74750
0.57099 0.08800 0.00000 644.96521 763.82733
0.65899 0.08800 0.00000 684.32812 764.40295
0.00000 0.11420 0.00000 388.33868 741.01135
0.08800 0.11420 0.00000 426.96698 743.45593
0.11420 0.11420 0.00000 438.79675 744.17194
0.20220 0.11420 0.00000 478.01074 746.47076
0.22840 0.11420 0.00000 490.02377 747.01666
0.31640 0.11420 0.00000 529.67102 748.77441
0.34259 0.11420 0.00000 541.74408 749.50684
0.43059 0.11420 0.00000 581.55078 750.70508
0.45679 0.11420 0.00000 593.56946 751.18762
0.54479 0.11420 0.00000 633.46564 752.13940
0.57099 0.11420 0.00000 645.48297 752.36969
0.65899 0.11420 0.00000 684.73401 752.73621
0.00000 0.20220 0.00000 389.14444 702.01172
0.08800 0.20220 0.00000 427.64389 704.42938
0.11420 0.20220 0.00000 439.59778 705.08942
0.20220 0.20220 0.00000 478.78970 707.39270
0.22840 0.20220 0.00000 490.91586 707.92914
0.31640 0.20220 0.00000 530.60602 709.72217
0.34259 0.20220 0.00000 542.85455 710.29907
0.43059 0.20220 0.00000 582.66907 711.76971
0.45679 0.20220 0.00000 594.94531 712.11816
0.54479 0.20220 0.00000 634.70398 713.29944
0.57099 0.20220 0.00000 646.65186 713.47437
0.65899 0.20220 0.00000 686.20294 714.11774
0.00000 0.22840 0.00000 389.39014 690.23920
0.08800 0.22840 0.00000 427.94281 692.56073
0.11420 0.22840 0.00000 439.92209 693.35852
0.20220 0.22840 0.00000 479.12717 695.49371
0.22840 0.22840 0.00000 491.25598 696.08008
0.31640 0.22840 0.00000 530.92944 697.90814
0.34259 0.22840 0.00000 543.25684 698.50818
0.43059 0.22840 0.00000 583.05762 699.93628
0.45679 0.22840 0.00000 595.43488 700.39752
0.54479 0.22840 0.00000 635.10455 701.34155
0.57099 0.22840 0.00000 647.20264 701.61285
0.65899 0.22840 0.00000 686.72400 702.16882
0.00000 0.31640 0.00000 390.37607 650.90759
0.08800 0.31640 0.00000 429.02448 653.09534
0.11420 0.31640 0.00000 440.89261 653.78687
0.20220 0.31640 0.00000 480.34497 655.79224
0.22840 0.31640 0.00000 492.43436 656.51202
0.31640 0.31640 0.00000 532.11084 658.27747
0.34259 0.31640 0.00000 544.29242 658.87280
0.43059 0.31640 0.00000 584.39600 660.39685
0.45679 0.31640 0.00000 596.61133 660.87457
0.54479 0.31640 0.00000 636.37982 661.96472
0.57099 0.31640 0.00000 648.83704 662.10693
0.65899 0.31640 0.00000 688.40613 663.33984
0.00000 0.34259 0.00000 390.84158 638.85931
0.08800 0.34259 0.00000 429.52756 640.97424
0.11420 0.34259 0.00000 441.38406 641.75024
0.20220 0.34259 0.00000 480.65488 643.68152
0.22840 0.34259 0.00000 492.77246 644.50598
0.31640 0.34259 0.00000 532.69690 646.06049
0.34259 0.34259 0.00000 544.90973 646.81622
0.43059 0.34259 0.00000 584.87946 648.09290
0.45679 0.34259 0.00000 597.17725 648.76483
0.54479 0.34259 0.00000 636.90906 649.88556
0.57099 0.34259 0.00000 649.39502 650.33093
0.65899 0.34259 0.00000 688.50977 651.22144
0.00000 0.43059 0.00000 392.36282 599.36060
0.08800 0.43059 0.00000 430.79395 601.32117
0.11420 0.43059 0.00000 442.94302 601.90051
0.20220 0.43059 0.00000 482.13370 603.87762
0.22840 0.43059 0.00000 494.31857 604.44330
0.34259 0.43059 0.00000 546.17102 606.85431
0.43059 0.43059 0.00000 586.20386 608.27014
0.45679 0.43059 0.00000 598.34680 608.77472
0.54479 0.43059 0.00000 638.27887 610.09778
0.57099 0.43059 0.00000 650.65106 610.36853
0.65899 0.43059 0.00000 690.20721 611.78546
0.00000 0.45679 0.00000 392.83020 587.16589
0.08800 0.45679 0.00000 431.57706 589.04785
0.11420 0.45679 0.00000 443.50018 589.90100
0.20220 0.45679 0.00000 482.75089 591.71167
0.22840 0.45679 0.00000 494.72437 592.31586
0.31640 0.45679 0.00000 534.67786 593.83447
0.34259 0.45679 0.00000 546.83398 594.57074
0.43059 0.45679 0.00000 586.85339 595.95288
0.45679 0.45679 0.00000 599.14691 596.65173
0.54479 0.45679 0.00000 638.86322 597.86279
0.57099 0.45679 0.00000 651.18262 598.48621
0.65899 0.45679 0.00000 690.51581 599.47449
0.00000 0.54479 0.00000 394.89838 547.74036
0.08800 0.54479 0.00000 433.34647 549.40747
0.11420 0.54479 0.00000 445.30206 550.14734
0.20220 0.54479 0.00000 484.44400 551.67554
0.22840 0.54479 0.00000 496.70404 552.17279
0.31640 0.54479 0.00000 536.11694 553.98224
0.34259 0.54479 0.00000 548.52588 554.48419
0.43059 0.54479 0.00000 588.15405 556.10175
0.45679 0.54479 0.00000 600.51697 556.57434
0.54479 0.54479 0.00000 640.20612 558.13373
0.57099 0.54479 0.00000 652.50726 558.52136
0.00000 0.57099 0.00000 395.55478 535.72614
0.08800 0.57099 0.00000 434.17426 537.24152
0.11420 0.57099 0.00000 446.08179 537.88940
0.20220 0.57099 0.00000 484.92453 539.65094
0.22840 0.57099 0.00000 497.33182 540.26550
0.31640 0.57099 0.00000 536.75427 541.75726
0.34259 0.57099 0.00000 549.10864 542.49475
0.43059 0.57099 0.00000 588.86890 543.91785
0.45679 0.57099 0.00000 601.26007 544.48810
0.54479 0.57099 0.00000 640.79596 545.82642
0.57099 0.57099 0.00000 653.11969 546.56610
0.65899 0.57099 0.00000 692.40417 547.64673
0.00000 0.65899 0.00000 398.17996 496.35254
0.08800 0.65899 0.00000 436.45383 497.61041
0.11420 0.65899 0.00000 448.25128 498.28610
0.20220 0.65899 0.00000 487.15472 500.09189
0.22840 0.65899 0.00000 499.29440 500.34583
0.31640 0.65899 0.00000 538.50708 501.90738
0.34259 0.65899 0.00000 551.07349 502.38919
0.43059 0.65899 0.00000 590.36646 504.17480
0.45679 0.65899 0.00000 602.71619 504.53146
0.54479 0.65899 0.00000 642.08545 506.31552
0.57099 0.65899 0.00000 654.32135 507.03265
0.65899 0.65899 0.00000 693.57599 508.46524

gimbalangles:
-0.261799387799 0.0 -0.261799387799 

end: