T_CW:
0.99765 0.03632 0.05815 -0.57894
0.04041 -0.99667 -0.07076 0.63108
0.05539 0.07294 -0.99580 1.37450
0.00000 0.00000 0.00000 1.00000

T_CW_cov:

target_points_pix:
0.00000 0.00000 0.00000 387.59778 791.06049
0.08800 0.00000 0.00000 426.40454 793.69061
0.11420 0.00000 0.00000 437.79095 794.45435
0.20220 0.00000 0.00000 477.10077 796.82709
0.22840 0.00000 0.00000 488.79855 797.58990
0.31640 0.00000 0.00000 528.48010 799.41309
0.34259 0.00000 0.00000 540.39264 799.87012
0.43059 0.00000 0.00000 580.31000 801.17706
0.54479 0.00000 0.00000 631.74207 802.18048
0.57099 0.00000 0.00000 643.69739 802.32495
0.65899 0.00000 0.00000 683.10828 802.47900
0.00000 0.08800 0.00000 388.14621 752.57294
0.08800 0.08800 0.00000 426.78210 755.10187
0.11420 0.08800 0.00000 438.59073 755.78894
0.20220 0.08800 0.00000 477.76358 758.16779
0.22840 0.08800 0.00000 489.68112 758.58032
0.31640 0.08800 0.00000 529.40814 760.54382
0.34259 0.08800 0.00000 541.42108 761.15179
0.43059 0.08800 0.00000 581.33459 762.46228
0.45679 0.08800 0.00000 593.32758 762.70459
0.54479 0.08800 0.00000 632.91919 763.73407
0.57099 0.08800 0.00000 644.92963 763.78925
0.65899 0.08800 0.00000 684.33942 764.42883
0.00000 0.11420 0.00000 388.38794 741.00043
0.08800 0.11420 0.00000 426.97467 743.40100
0.11420 0.11420 0.00000 438.74133 744.17151
0.20220 0.11420 0.00000 478.09494 746.50305
0.22840 0.11420 0.00000 489.99298 747.06665
0.31640 0.11420 0.00000 529.60962 748.78589
0.34259 0.11420 0.00000 541.77148 749.46631
0.43059 0.11420 0.00000 581.57471 750.72595
0.45679 0.11420 0.00000 593.61450 751.19263
0.54479 0.11420 0.00000 633.45630 752.15436
0.57099 0.11420 0.00000 645.47327 752.39789
0.65899 0.11420 0.00000 684.76880 752.68616
0.00000 0.20220 0.00000 389.09845 701.98383
0.08800 0.20220 0.00000 427.65421 704.47577
0.11420 0.20220 0.00000 439.63992 705.07166
0.20220 0.20220 0.00000 478.77451 707.38251
0.22840 0.20220 0.00000 490.89133 707.94116
0.31640 0.20220 0.00000 530.62421 709.72314
0.34259 0.20220 0.00000 542.79309 710.23718
0.43059 0.20220 0.00000 582.68335 711.77905
0.45679 0.20220 0.00000 594.96143 712.17548
0.54479 0.20220 0.00000 634.65747 713.34332
0.57099 0.20220 0.00000 646.66309 713.51239
0.65899 0.20220 0.00000 686.15442 714.10504
0.00000 0.22840 0.00000 389.31958 690.26343
0.08800 0.22840 0.00000 427.95746 692.55768
0.11420 0.22840 0.00000 439.82010 693.33887
0.20220 0.22840 0.00000 479.19052 695.44031
0.22840 0.22840 0.00000 491.25681 696.06757
0.31640 0.22840 0.00000 530.94745 697.91278
0.34259 0.22840 0.00000 543.23712 698.47339
0.43059 0.22840 0.00000 583.08789 699.99139
0.45679 0.22840 0.00000 595.37988 700.42999
0.54479 0.22840 0.00000 635.12170 701.41156
0.57099 0.22840 0.00000 647.14337 701.62909
0.65899 0.22840 0.00000 686.72180 702.15631
0.00000 0.31640 0.00000 390.39212 650.88055
0.08800 0.31640 0.00000 429.04169 653.10144
0.11420 0.31640 0.00000 440.86606 653.72540
0.20220 0.31640 0.00000 480.33612 655.77991
0.22840 0.31640 0.00000 492.41437 656.50220
0.31640 0.31640 0.00000 532.13568 658.38574
0.34259 0.31640 0.00000 544.30969 658.95551
0.43059 0.31640 0.00000 584.36511 660.50085
0.45679 0.31640 0.00000 596.57953 660.89319
0.54479 0.31640 0.00000 636.36847 661.94171
0.57099 0.31640 0.00000 648.94775 662.19128
0.65899 0.31640 0.00000 688.41498 663.33069
0.00000 0.34259 0.00000 390.79993 638.86633
0.08800 0.34259 0.00000 429.52670 640.95874
0.11420 0.34259 0.00000 441.36926 641.75458
0.20220 0.34259 0.00000 480.66058 643.68982
0.22840 0.34259 0.00000 492.77286 644.41986
0.31640 0.34259 0.00000 532.68811 646.08081
0.34259 0.34259 0.00000 544.86926 646.79688
0.43059 0.34259 0.00000 584.90771 648.18225
0.45679 0.34259 0.00000 597.18732 648.74860
0.54479 0.34259 0.00000 636.90594 649.87366
0.57099 0.34259 0.00000 649.41388 650.32678
0.65899 0.34259 0.00000 688.51477 651.21173
0.00000 0.43059 0.00000 392.38321 599.36566
0.08800 0.43059 0.00000 430.83444 601.31238
0.11420 0.43059 0.00000 442.87094 601.87750
0.20220 0.43059 0.00000 482.18317 603.81329
0.22840 0.43059 0.00000 494.30283 604.48785
0.31640 0.43059 0.00000 533.90918 606.19049
0.34259 0.43059 0.00000 546.20392 606.81799
0.43059 0.43059 0.00000 586.22705 608.20508
0.45679 0.43059 0.00000 598.39062 608.82220
0.54479 0.43059 0.00000 638.26935 610.09534
0.57099 0.43059 0.00000 650.65509 610.38843
0.65899 0.43059 0.00000 690.12982 611.81512
0.00000 0.45679 0.00000 392.85135 587.15332
0.08800 0.45679 0.00000 431.59985 589.05273
0.11420 0.45679 0.00000 443.50195 589.84857
0.20220 0.45679 0.00000 482.68228 591.62811
0.22840 0.45679 0.00000 494.72623 592.29572
0.31640 0.45679 0.00000 534.64056 593.79871
0.34259 0.45679 0.00000 546.81403 594.60706
0.43059 0.45679 0.00000 586.85889 595.92535
0.45679 0.45679 0.00000 599.17731 596.62634
0.54479 0.45679 0.00000 638.78278 597.79919
0.57099 0.45679 0.00000 651.19073 598.49890
0.65899 0.45679 0.00000 690.51361 599.49115
0.00000 0.54479 0.00000 394.92557 547.74713
0.08800 0.54479 0.00000 433.28650 549.38940
0.11420 0.54479 0.00000 445.30270 550.17578
0.20220 0.54479 0.00000 484.53009 551.57599
0.22840 0.54479 0.00000 496.69040 552.21588
0.31640 0.54479 0.00000 536.13824 553.95349
0.34259 0.54479 0.00000 548.42468 554.49176
0.43059 0.54479 0.00000 588.12231 556.06592
0.45679 0.54479 0.00000 600.51813 556.61493
0.54479 0.54479 0.00000 640.18561 558.12762
0.57099 0.54479 0.00000 652.46716 558.49652
0.00000 0.57099 0.00000 395.54306 535.74060
0.08800 0.57099 0.00000 434.21771 537.26282
0.11420 0.57099 0.00000 446.06680 537.90100
0.20220 0.57099 0.00000 484.91211 539.68768
0.22840 0.57099 0.00000 497.34857 540.26978
0.31640 0.57099 0.00000 536.77930 541.76868
0.34259 0.57099 0.00000 549.19336 542.45813
0.43059 0.57099 0.00000 588.79669 543.82257
0.45679 0.57099 0.00000 601.25409 544.50653
0.54479 0.57099 0.00000 640.81158 545.84491
0.57099 0.57099 0.00000 653.12781 546.60150
0.65899 0.57099 0.00000 692.42010 547.71796
0.00000 0.65899 0.00000 398.14331 496.36642
0.08800 0.65899 0.00000 436.30661 497.73471
0.11420 0.65899 0.00000 448.27536 498.39267
0.20220 0.65899 0.00000 487.20819 500.07581
0.22840 0.65899 0.00000 499.31842 500.36191
0.31640 0.65899 0.00000 538.49640 501.92697
0.34259 0.65899 0.00000 551.09656 502.40472
0.43059 0.65899 0.00000 590.40662 504.17151
0.45679 0.65899 0.00000 602.71417 504.59979
0.54479 0.65899 0.00000 641.99805 506.31927
0.57099 0.65899 0.00000 654.25452 506.93231
0.65899 0.65899 0.00000 693.50885 508.55212

gimbalangles:
-0.261799387799 0.0 -0.0872664625997 

end: