T_CW:
0.98947 0.04395 0.13789 -0.50904
0.00660 -0.96550 0.26032 -0.09277
0.14458 -0.25667 -0.95562 1.48183
0.00000 0.00000 0.00000 1.00000

T_CW_cov:

target_points_pix:
0.00000 0.00000 0.00000 293.13419 273.43301
0.08800 0.00000 0.00000 362.56964 274.43265
0.11420 0.00000 0.00000 383.43625 274.62674
0.20220 0.00000 0.00000 451.63333 275.75711
0.22840 0.00000 0.00000 472.16779 276.28769
0.31640 0.00000 0.00000 539.09100 277.40567
0.34259 0.00000 0.00000 559.21674 277.54834
0.43059 0.00000 0.00000 624.65021 278.57672
0.45679 0.00000 0.00000 644.37915 278.80829
0.54479 0.00000 0.00000 708.50201 279.73969
0.57099 0.00000 0.00000 727.57507 280.29443
0.65899 0.00000 0.00000 791.01746 281.18985
0.00000 0.08800 0.00000 290.32135 204.61006
0.08800 0.08800 0.00000 360.76083 206.21756
0.11420 0.08800 0.00000 381.83722 206.52292
0.20220 0.08800 0.00000 451.33231 208.21021
0.22840 0.08800 0.00000 471.72647 208.57204
0.31640 0.08800 0.00000 539.68304 210.37440
0.34259 0.08800 0.00000 560.08228 210.71313
0.43059 0.08800 0.00000 626.54602 212.39284
0.45679 0.08800 0.00000 646.40503 212.64861
0.54479 0.08800 0.00000 711.55377 214.38875
0.57099 0.08800 0.00000 731.06909 214.67143
0.65899 0.08800 0.00000 795.12720 216.28069
0.00000 0.11420 0.00000 289.39789 183.50011
0.08800 0.11420 0.00000 360.44183 185.33958
0.11420 0.11420 0.00000 381.49130 185.68469
0.20220 0.11420 0.00000 451.09946 187.55811
0.22840 0.11420 0.00000 471.63284 188.01550
0.31640 0.11420 0.00000 539.98083 189.69339
0.34259 0.11420 0.00000 560.45728 190.38210
0.43059 0.11420 0.00000 627.28296 192.12556
0.45679 0.11420 0.00000 647.20782 192.60016
0.54479 0.11420 0.00000 712.63416 194.27390
0.57099 0.11420 0.00000 732.16577 194.65634
0.65899 0.11420 0.00000 796.46887 196.47314
0.00000 0.20220 0.00000 286.34088 112.16702
0.08800 0.20220 0.00000 358.40628 114.40036
0.11420 0.20220 0.00000 379.74756 115.12308
0.20220 0.20220 0.00000 450.53320 117.48714
0.22840 0.20220 0.00000 471.55142 118.14035
0.31640 0.20220 0.00000 540.75818 120.50253
0.34259 0.20220 0.00000 561.54028 121.32658
0.43059 0.20220 0.00000 629.41614 123.45811
0.45679 0.20220 0.00000 649.58783 124.27053
0.54479 0.20220 0.00000 715.92365 126.41814
0.57099 0.20220 0.00000 735.68939 127.07209
0.65899 0.20220 0.00000 800.79791 129.36269
0.00000 0.22840 0.00000 285.39938 90.17269
0.08800 0.22840 0.00000 357.66272 92.58506
0.11420 0.22840 0.00000 379.45590 93.49722
0.20220 0.22840 0.00000 450.45352 95.94996
0.22840 0.22840 0.00000 471.54218 96.64912
0.31640 0.22840 0.00000 541.32690 99.32999
0.34259 0.22840 0.00000 561.92548 100.03285
0.43059 0.22840 0.00000 630.06653 102.42290
0.45679 0.22840 0.00000 650.38794 103.32463
0.54479 0.22840 0.00000 717.25720 105.51282
0.57099 0.22840 0.00000 736.87036 106.38042
0.65899 0.22840 0.00000 802.44885 108.58189
0.00000 0.31640 0.00000 282.01486 15.59338
0.08800 0.31640 0.00000 355.72253 18.96284
0.11420 0.31640 0.00000 377.55991 19.70824
0.20220 0.31640 0.00000 449.80945 22.99132
0.22840 0.31640 0.00000 471.49017 24.06645
0.31640 0.31640 0.00000 542.02057 27.11971
0.43059 0.31640 0.00000 632.44171 31.35040
0.54479 0.31640 0.00000 720.66180 35.17743
0.57099 0.31640 0.00000 740.95050 36.00841
0.65899 0.31640 0.00000 807.43390 38.75252

gimbalangles:
-0.261799387799 0.0 0.0872664625997 

end: