T_CW:
0.99764 0.03634 0.05827 -0.57894
0.04043 -0.99668 -0.07065 0.63107
0.05551 0.07284 -0.99580 1.37446
0.00000 0.00000 0.00000 1.00000

T_CW_cov:

target_points_pix:
0.00000 0.00000 0.00000 387.59702 791.05890
0.08800 0.00000 0.00000 426.33871 793.67426
0.11420 0.00000 0.00000 437.78897 794.44501
0.20220 0.00000 0.00000 477.13467 796.79053
0.22840 0.00000 0.00000 488.79556 797.53339
0.31640 0.00000 0.00000 528.51355 799.44849
0.34259 0.00000 0.00000 540.40686 799.85577
0.43059 0.00000 0.00000 580.30292 801.19812
0.54479 0.00000 0.00000 631.77155 802.16150
0.57099 0.00000 0.00000 643.68683 802.31519
0.65899 0.00000 0.00000 682.99280 802.49634
0.00000 0.08800 0.00000 388.13400 752.59100
0.08800 0.08800 0.00000 426.75751 755.15002
0.11420 0.08800 0.00000 438.54996 755.78723
0.20220 0.08800 0.00000 477.79306 758.18048
0.22840 0.08800 0.00000 489.65982 758.56409
0.31640 0.08800 0.00000 529.40393 760.53418
0.34259 0.08800 0.00000 541.40076 761.11108
0.43059 0.08800 0.00000 581.31604 762.57520
0.45679 0.08800 0.00000 593.35211 762.73828
0.54479 0.08800 0.00000 632.90430 763.71155
0.57099 0.08800 0.00000 644.95856 763.86395
0.65899 0.08800 0.00000 684.31458 764.36749
0.00000 0.11420 0.00000 388.38306 741.04529
0.08800 0.11420 0.00000 426.93903 743.46918
0.11420 0.11420 0.00000 438.74255 744.22186
0.20220 0.11420 0.00000 478.02963 746.43445
0.22840 0.11420 0.00000 489.96875 747.06274
0.31640 0.11420 0.00000 529.64459 748.81433
0.34259 0.11420 0.00000 541.67957 749.44720
0.43059 0.11420 0.00000 581.59796 750.67847
0.45679 0.11420 0.00000 593.64813 751.17590
0.54479 0.11420 0.00000 633.42151 752.14307
0.57099 0.11420 0.00000 645.48694 752.37543
0.65899 0.11420 0.00000 684.74805 752.65479
0.00000 0.20220 0.00000 389.04202 701.88336
0.08800 0.20220 0.00000 427.67657 704.40997
0.11420 0.20220 0.00000 439.60306 705.10321
0.20220 0.20220 0.00000 478.80725 707.37756
0.22840 0.20220 0.00000 490.99365 708.01715
0.31640 0.20220 0.00000 530.58832 709.75159
0.34259 0.20220 0.00000 542.76184 710.24780
0.43059 0.20220 0.00000 582.65381 711.82233
0.45679 0.20220 0.00000 594.93921 712.12531
0.54479 0.20220 0.00000 634.70123 713.35327
0.57099 0.20220 0.00000 646.69873 713.53198
0.65899 0.20220 0.00000 686.21259 714.06799
0.00000 0.22840 0.00000 389.32132 690.23413
0.08800 0.22840 0.00000 427.93195 692.53394
0.11420 0.22840 0.00000 439.88010 693.33722
0.20220 0.22840 0.00000 479.15967 695.53552
0.22840 0.22840 0.00000 491.23557 696.09955
0.31640 0.22840 0.00000 530.92017 697.87286
0.34259 0.22840 0.00000 543.21442 698.44415
0.43059 0.22840 0.00000 583.04590 699.94336
0.45679 0.22840 0.00000 595.38373 700.40045
0.54479 0.22840 0.00000 635.04767 701.38751
0.57099 0.22840 0.00000 647.19421 701.61859
0.65899 0.22840 0.00000 686.72321 702.13843
0.00000 0.31640 0.00000 390.34586 650.90088
0.08800 0.31640 0.00000 429.01685 653.09924
0.11420 0.31640 0.00000 440.87476 653.74768
0.20220 0.31640 0.00000 480.34320 655.79602
0.22840 0.31640 0.00000 492.43460 656.49384
0.31640 0.31640 0.00000 532.09772 658.31232
0.34259 0.31640 0.00000 544.31226 658.91229
0.45679 0.31640 0.00000 596.54022 660.86273
0.54479 0.31640 0.00000 636.43091 661.88586
0.57099 0.31640 0.00000 648.77319 662.05756
0.65899 0.31640 0.00000 688.40228 663.34119
0.00000 0.34259 0.00000 390.80545 638.91577
0.08800 0.34259 0.00000 429.54315 640.90576
0.11420 0.34259 0.00000 441.38260 641.73114
0.20220 0.34259 0.00000 480.67932 643.70520
0.22840 0.34259 0.00000 492.77664 644.41986
0.31640 0.34259 0.00000 532.70947 646.08661
0.34259 0.34259 0.00000 544.83362 646.79510
0.43059 0.34259 0.00000 584.87537 648.13513
0.45679 0.34259 0.00000 597.21234 648.73138
0.54479 0.34259 0.00000 636.88824 649.89032
0.57099 0.34259 0.00000 649.33051 650.38324
0.65899 0.34259 0.00000 688.51526 651.22748
0.00000 0.43059 0.00000 392.35043 599.33118
0.08800 0.43059 0.00000 430.80588 601.32104
0.11420 0.43059 0.00000 442.94156 601.89825
0.20220 0.43059 0.00000 482.26666 603.76752
0.22840 0.43059 0.00000 494.28030 604.52020
0.31640 0.43059 0.00000 533.89832 606.19427
0.34259 0.43059 0.00000 546.13123 606.76892
0.43059 0.43059 0.00000 586.22198 608.25006
0.45679 0.43059 0.00000 598.40546 608.79919
0.54479 0.43059 0.00000 638.26379 610.09485
0.57099 0.43059 0.00000 650.63318 610.43768
0.65899 0.43059 0.00000 690.16772 611.79486
0.00000 0.45679 0.00000 392.86984 587.16229
0.08800 0.45679 0.00000 431.57959 589.02612
0.11420 0.45679 0.00000 443.43015 589.96454
0.20220 0.45679 0.00000 482.68597 591.65997
0.22840 0.45679 0.00000 494.80789 592.30945
0.31640 0.45679 0.00000 534.68268 593.82928
0.34259 0.45679 0.00000 546.82239 594.64630
0.43059 0.45679 0.00000 586.83484 595.92773
0.45679 0.45679 0.00000 599.16870 596.62970
0.54479 0.45679 0.00000 638.82898 597.83423
0.57099 0.45679 0.00000 651.28522 598.39795
0.65899 0.45679 0.00000 690.58362 599.56592
0.00000 0.54479 0.00000 394.90622 547.71924
0.08800 0.54479 0.00000 433.28683 549.43500
0.11420 0.54479 0.00000 445.24335 550.13550
0.20220 0.54479 0.00000 484.45023 551.68768
0.22840 0.54479 0.00000 496.71442 552.20996
0.31640 0.54479 0.00000 536.14417 553.98315
0.34259 0.54479 0.00000 548.43933 554.43835
0.43059 0.54479 0.00000 588.15387 556.12726
0.45679 0.54479 0.00000 600.55652 556.65607
0.54479 0.54479 0.00000 640.19794 558.09680
0.57099 0.54479 0.00000 652.51624 558.53717
0.00000 0.57099 0.00000 395.58914 535.68622
0.08800 0.57099 0.00000 434.24829 537.30017
0.11420 0.57099 0.00000 446.08722 537.90851
0.20220 0.57099 0.00000 484.90894 539.67743
0.22840 0.57099 0.00000 497.30066 540.28375
0.31640 0.57099 0.00000 536.78363 541.78479
0.34259 0.57099 0.00000 549.08673 542.46204
0.43059 0.57099 0.00000 588.82831 543.86469
0.45679 0.57099 0.00000 601.22864 544.53180
0.54479 0.57099 0.00000 640.74957 545.76373
0.57099 0.57099 0.00000 653.13635 546.55579
0.65899 0.57099 0.00000 692.39661 547.62305
0.00000 0.65899 0.00000 398.11154 496.35873
0.08800 0.65899 0.00000 436.32758 497.71021
0.11420 0.65899 0.00000 448.26672 498.34161
0.20220 0.65899 0.00000 487.16110 500.07642
0.22840 0.65899 0.00000 499.30298 500.35559
0.31640 0.65899 0.00000 538.50812 501.97336
0.34259 0.65899 0.00000 551.04492 502.35797
0.43059 0.65899 0.00000 590.35107 504.19214
0.45679 0.65899 0.00000 602.69830 504.57477
0.54479 0.65899 0.00000 642.08105 506.27380
0.57099 0.65899 0.00000 654.29962 506.99094
0.65899 0.65899 0.00000 693.55005 508.49442

gimbalangles:
-0.261799387799 0.0 0.0872664625997 

end: