T_CW:
0.99765 0.03635 0.05806 -0.57895
0.04043 -0.99667 -0.07080 0.63106
0.05529 0.07298 -0.99580 1.37449
0.00000 0.00000 0.00000 1.00000

T_CW_cov:

target_points_pix:
0.00000 0.00000 0.00000 387.51569 791.00702
0.08800 0.00000 0.00000 426.35806 793.69061
0.11420 0.00000 0.00000 437.79135 794.46045
0.20220 0.00000 0.00000 477.14200 796.78760
0.22840 0.00000 0.00000 488.82483 797.51605
0.31640 0.00000 0.00000 528.51172 799.48279
0.34259 0.00000 0.00000 540.44739 799.86395
0.43059 0.00000 0.00000 580.30176 801.18164
0.54479 0.00000 0.00000 631.73645 802.14331
0.57099 0.00000 0.00000 643.66351 802.29846
0.65899 0.00000 0.00000 683.05756 802.53351
0.00000 0.08800 0.00000 388.16055 752.59882
0.08800 0.08800 0.00000 426.77487 755.14276
0.11420 0.08800 0.00000 438.57556 755.75403
0.20220 0.08800 0.00000 477.76532 758.14661
0.22840 0.08800 0.00000 489.64319 758.58466
0.31640 0.08800 0.00000 529.43292 760.55676
0.34259 0.08800 0.00000 541.42285 761.20935
0.43059 0.08800 0.00000 581.33752 762.47693
0.45679 0.08800 0.00000 593.31171 762.79877
0.54479 0.08800 0.00000 632.93494 763.75665
0.57099 0.08800 0.00000 644.97382 763.91748
0.65899 0.08800 0.00000 684.30511 764.45782
0.00000 0.11420 0.00000 388.38092 740.98883
0.08800 0.11420 0.00000 426.94125 743.51434
0.11420 0.11420 0.00000 438.78995 744.21930
0.20220 0.11420 0.00000 478.01611 746.44006
0.22840 0.11420 0.00000 490.02094 747.05457
0.31640 0.11420 0.00000 529.62531 748.78387
0.34259 0.11420 0.00000 541.72284 749.45886
0.43059 0.11420 0.00000 581.59863 750.69757
0.45679 0.11420 0.00000 593.57294 751.26990
0.54479 0.11420 0.00000 633.40314 752.17566
0.57099 0.11420 0.00000 645.52423 752.34045
0.65899 0.11420 0.00000 684.76056 752.69128
0.00000 0.20220 0.00000 389.11935 701.98724
0.08800 0.20220 0.00000 427.67639 704.40918
0.11420 0.20220 0.00000 439.58246 705.06848
0.20220 0.20220 0.00000 478.78244 707.36993
0.22840 0.20220 0.00000 490.93979 707.87817
0.31640 0.20220 0.00000 530.59692 709.72479
0.34259 0.20220 0.00000 542.82208 710.25555
0.43059 0.20220 0.00000 582.64313 711.72748
0.45679 0.20220 0.00000 594.95074 712.20728
0.54479 0.20220 0.00000 634.66296 713.36182
0.57099 0.20220 0.00000 646.74713 713.55902
0.65899 0.20220 0.00000 686.18903 714.07178
0.00000 0.22840 0.00000 389.31863 690.27655
0.08800 0.22840 0.00000 427.94904 692.59534
0.11420 0.22840 0.00000 439.84174 693.29486
0.20220 0.22840 0.00000 479.12146 695.47375
0.22840 0.22840 0.00000 491.24857 696.11249
0.31640 0.22840 0.00000 530.99988 697.94177
0.34259 0.22840 0.00000 543.24402 698.48328
0.43059 0.22840 0.00000 583.06305 699.91193
0.45679 0.22840 0.00000 595.40851 700.42615
0.54479 0.22840 0.00000 635.12012 701.40594
0.57099 0.22840 0.00000 647.17700 701.62085
0.65899 0.22840 0.00000 686.76129 702.17664
0.00000 0.31640 0.00000 390.36191 650.89844
0.08800 0.31640 0.00000 429.06763 653.09619
0.11420 0.31640 0.00000 440.87512 653.77020
0.20220 0.31640 0.00000 480.38065 655.73535
0.22840 0.31640 0.00000 492.39871 656.49554
0.31640 0.31640 0.00000 532.07733 658.29901
0.34259 0.31640 0.00000 544.19885 658.88031
0.43059 0.31640 0.00000 584.35089 660.49414
0.45679 0.31640 0.00000 596.61420 660.88489
0.54479 0.31640 0.00000 636.43506 661.96033
0.57099 0.31640 0.00000 648.82715 662.11145
0.65899 0.31640 0.00000 688.38196 663.36859
0.00000 0.34259 0.00000 390.85208 638.83484
0.08800 0.34259 0.00000 429.54684 640.97015
0.11420 0.34259 0.00000 441.39023 641.72736
0.20220 0.34259 0.00000 480.69821 643.73560
0.22840 0.34259 0.00000 492.75778 644.46039
0.31640 0.34259 0.00000 532.64587 646.06885
0.34259 0.34259 0.00000 544.85052 646.77289
0.43059 0.34259 0.00000 584.93890 648.12537
0.45679 0.34259 0.00000 597.20557 648.73688
0.54479 0.34259 0.00000 636.88556 649.86902
0.57099 0.34259 0.00000 649.35559 650.34076
0.65899 0.34259 0.00000 688.46307 651.22473
0.00000 0.43059 0.00000 392.34601 599.32513
0.08800 0.43059 0.00000 430.87161 601.26544
0.11420 0.43059 0.00000 442.86963 601.86969
0.20220 0.43059 0.00000 482.19302 603.84271
0.22840 0.43059 0.00000 494.34991 604.47821
0.31640 0.43059 0.00000 533.91229 606.18011
0.34259 0.43059 0.00000 546.21283 606.83893
0.43059 0.43059 0.00000 586.20129 608.27728
0.45679 0.43059 0.00000 598.42615 608.86530
0.54479 0.43059 0.00000 638.24310 610.08856
0.57099 0.43059 0.00000 650.64001 610.38434
0.65899 0.43059 0.00000 690.12891 611.80670
0.00000 0.45679 0.00000 392.90982 587.07507
0.08800 0.45679 0.00000 431.57935 589.01892
0.11420 0.45679 0.00000 443.48071 589.87775
0.20220 0.45679 0.00000 482.68622 591.62341
0.22840 0.45679 0.00000 494.71396 592.23297
0.31640 0.45679 0.00000 534.67371 593.80701
0.34259 0.45679 0.00000 546.85052 594.58966
0.43059 0.45679 0.00000 586.84430 595.94379
0.45679 0.45679 0.00000 599.16742 596.64685
0.54479 0.45679 0.00000 638.83167 597.83722
0.57099 0.45679 0.00000 651.19080 598.47241
0.65899 0.45679 0.00000 690.53619 599.49567
0.00000 0.54479 0.00000 394.89038 547.69916
0.08800 0.54479 0.00000 433.33853 549.40265
0.11420 0.54479 0.00000 445.29343 550.13800
0.20220 0.54479 0.00000 484.47293 551.66846
0.22840 0.54479 0.00000 496.69885 552.22369
0.31640 0.54479 0.00000 536.14294 553.96216
0.34259 0.54479 0.00000 548.43024 554.55072
0.43059 0.54479 0.00000 588.13477 556.11639
0.45679 0.54479 0.00000 600.53564 556.56921
0.54479 0.54479 0.00000 640.15948 558.12378
0.57099 0.54479 0.00000 652.48523 558.49463
0.00000 0.57099 0.00000 395.53183 535.72534
0.08800 0.57099 0.00000 434.22256 537.26752
0.11420 0.57099 0.00000 446.06174 537.90332
0.20220 0.57099 0.00000 484.91190 539.69067
0.22840 0.57099 0.00000 497.35367 540.31152
0.31640 0.57099 0.00000 536.78943 541.73749
0.34259 0.57099 0.00000 549.14856 542.43103
0.43059 0.57099 0.00000 588.83551 543.83105
0.45679 0.57099 0.00000 601.18372 544.58063
0.54479 0.57099 0.00000 640.80182 545.81219
0.57099 0.57099 0.00000 653.08856 546.59888
0.65899 0.57099 0.00000 692.42615 547.70807
0.00000 0.65899 0.00000 398.13538 496.35419
0.08800 0.65899 0.00000 436.33170 497.67722
0.11420 0.65899 0.00000 448.26184 498.36234
0.20220 0.65899 0.00000 487.14694 500.02704
0.22840 0.65899 0.00000 499.30289 500.36841
0.31640 0.65899 0.00000 538.52826 501.95297
0.34259 0.65899 0.00000 551.08307 502.39514
0.43059 0.65899 0.00000 590.35706 504.14990
0.45679 0.65899 0.00000 602.67297 504.58340
0.54479 0.65899 0.00000 642.05341 506.28906
0.57099 0.65899 0.00000 654.30109 507.02594
0.65899 0.65899 0.00000 693.48413 508.53983

gimbalangles:
-0.261799387799 0.0 0.261799387799 

end: