T_CW:
0.85251 0.38198 -0.35682 0.18809
0.44384 -0.88956 0.10812 -0.00379
-0.27611 -0.25055 -0.92789 1.55712
0.00000 0.00000 0.00000 1.00000

T_CW_cov:

target_points_pix:
0.00000 0.00000 0.00000 825.20801 343.58328
0.08800 0.00000 0.00000 883.65765 373.09158
0.11420 0.00000 0.00000 901.73114 382.20880
0.20220 0.00000 0.00000 962.64563 413.12643
0.22840 0.00000 0.00000 981.42413 422.62769
0.31640 0.00000 0.00000 1045.03235 454.93643
0.43059 0.00000 0.00000 1130.56262 498.21759
0.00000 0.08800 0.00000 852.59576 284.09015
0.08800 0.08800 0.00000 912.46442 313.12094
0.11420 0.08800 0.00000 930.68103 321.91727
0.20220 0.08800 0.00000 993.08502 352.35193
0.22840 0.08800 0.00000 1012.34045 361.58688
0.31640 0.08800 0.00000 1077.17749 393.26721
0.34259 0.08800 0.00000 1097.10962 402.94611
0.43059 0.08800 0.00000 1164.77710 435.87396
0.45679 0.08800 0.00000 1185.77759 446.07709
0.54479 0.08800 0.00000 1256.45996 480.43393
0.00000 0.11420 0.00000 861.03888 265.76578
0.08800 0.11420 0.00000 921.05756 294.72501
0.11420 0.11420 0.00000 939.70990 303.53717
0.20220 0.11420 0.00000 1002.41150 333.66272
0.22840 0.11420 0.00000 1021.61945 342.89984
0.31640 0.11420 0.00000 1087.06580 374.42657
0.34259 0.11420 0.00000 1107.10510 384.01028
0.43059 0.11420 0.00000 1175.27991 416.86169
0.45679 0.11420 0.00000 1196.41248 426.92542
0.54479 0.11420 0.00000 1267.55945 461.17725
0.00000 0.20220 0.00000 889.19806 204.13748
0.08800 0.20220 0.00000 950.61481 232.37634
0.11420 0.20220 0.00000 969.66510 241.10655
0.20220 0.20220 0.00000 1033.69592 270.61111
0.22840 0.20220 0.00000 1053.46008 279.73138
0.31640 0.20220 0.00000 1120.55933 310.54831
0.34259 0.20220 0.00000 1141.12817 320.14972
0.43059 0.20220 0.00000 1210.84265 352.38141
0.45679 0.20220 0.00000 1232.44116 362.22549
0.54479 0.20220 0.00000 1305.63733 395.87390
0.00000 0.22840 0.00000 897.70947 185.05988
0.08800 0.22840 0.00000 959.68939 213.22057
0.11420 0.22840 0.00000 978.91266 221.79675
0.20220 0.22840 0.00000 1043.48633 251.30620
0.22840 0.22840 0.00000 1063.40173 260.28275
0.31640 0.22840 0.00000 1130.63159 290.95459
0.34259 0.22840 0.00000 1151.48499 300.45105
0.43059 0.22840 0.00000 1221.77710 332.49219
0.00000 0.31640 0.00000 927.18842 120.87747
0.08800 0.31640 0.00000 990.41028 148.50629
0.11420 0.31640 0.00000 1010.02783 156.97189
0.20220 0.31640 0.00000 1076.19312 185.65739
0.22840 0.31640 0.00000 1096.51172 194.50604
0.31640 0.31640 0.00000 1165.62708 224.57498
0.34259 0.31640 0.00000 1186.97461 233.74911
0.43059 0.31640 0.00000 1259.10181 265.29416
0.00000 0.34259 0.00000 936.00903 101.14790
0.08800 0.34259 0.00000 999.88293 128.56177
0.11420 0.34259 0.00000 1019.50354 136.92470
0.20220 0.34259 0.00000 1086.11926 165.52440
0.22840 0.34259 0.00000 1106.76318 174.18976
0.31640 0.34259 0.00000 1176.39990 204.17062
0.34259 0.34259 0.00000 1197.61975 213.34808
0.43059 0.34259 0.00000 1270.40283 244.52332
0.00000 0.43059 0.00000 966.44037 34.37724
0.08800 0.43059 0.00000 1031.86572 61.11035
0.11420 0.43059 0.00000 1052.09595 69.28432
0.20220 0.43059 0.00000 1120.38281 97.19427
0.22840 0.43059 0.00000 1141.40186 105.66122
0.31640 0.43059 0.00000 1212.83240 134.70601
0.34259 0.43059 0.00000 1234.73792 143.63385
0.43059 0.43059 0.00000 1309.31323 174.25853
0.22840 0.45679 0.00000 1152.19751 84.53027
0.31640 0.45679 0.00000 1223.88611 113.51334
0.22840 0.54479 0.00000 1188.02405 13.20113
0.31640 0.54479 0.00000 1261.76660 41.19012

gimbalangles:
-0.261799387799 -0.349065850399 -0.436332312999 

end: