T_CW:
0.99765 0.03630 0.05815 -0.57891
0.04042 -0.99663 -0.07135 0.63102
0.05537 0.07353 -0.99575 1.37422
0.00000 0.00000 0.00000 1.00000

T_CW_cov:

target_points_pix:
0.00000 0.00000 0.00000 387.54752 791.09991
0.08800 0.00000 0.00000 426.37875 793.74377
0.11420 0.00000 0.00000 437.79208 794.45483
0.20220 0.00000 0.00000 477.13568 796.85986
0.22840 0.00000 0.00000 488.84192 797.58710
0.31640 0.00000 0.00000 528.49786 799.43054
0.34259 0.00000 0.00000 540.40839 799.86652
0.43059 0.00000 0.00000 580.20782 801.22632
0.45679 0.00000 0.00000 592.24115 801.50012
0.54479 0.00000 0.00000 631.77649 802.16980
0.57099 0.00000 0.00000 643.64612 802.31378
0.65899 0.00000 0.00000 682.94781 802.53516
0.00000 0.08800 0.00000 388.11945 752.58960
0.08800 0.08800 0.00000 426.75916 755.19427
0.11420 0.08800 0.00000 438.52866 755.85742
0.20220 0.08800 0.00000 477.76779 758.17090
0.22840 0.08800 0.00000 489.62781 758.59198
0.31640 0.08800 0.00000 529.39838 760.59216
0.34259 0.08800 0.00000 541.39325 761.11206
0.43059 0.08800 0.00000 581.34686 762.47913
0.45679 0.08800 0.00000 593.34094 762.75507
0.54479 0.08800 0.00000 632.97809 763.75372
0.57099 0.08800 0.00000 645.06891 764.01404
0.65899 0.08800 0.00000 684.36780 764.40680
0.00000 0.11420 0.00000 388.35107 741.02582
0.08800 0.11420 0.00000 426.94016 743.50671
0.11420 0.11420 0.00000 438.73981 744.21112
0.20220 0.11420 0.00000 478.02496 746.49530
0.22840 0.11420 0.00000 490.06876 747.07990
0.31640 0.11420 0.00000 529.64124 748.79205
0.34259 0.11420 0.00000 541.68597 749.48102
0.43059 0.11420 0.00000 581.59668 750.71478
0.45679 0.11420 0.00000 593.61096 751.19501
0.54479 0.11420 0.00000 633.45874 752.18652
0.57099 0.11420 0.00000 645.43878 752.39386
0.65899 0.11420 0.00000 684.75696 752.68018
0.00000 0.20220 0.00000 389.03238 701.89105
0.08800 0.20220 0.00000 427.65338 704.43616
0.11420 0.20220 0.00000 439.56744 705.10919
0.20220 0.20220 0.00000 478.80063 707.40063
0.22840 0.20220 0.00000 490.92532 708.01544
0.31640 0.20220 0.00000 530.61810 709.79126
0.34259 0.20220 0.00000 542.78760 710.22418
0.43059 0.20220 0.00000 582.61285 711.79572
0.45679 0.20220 0.00000 594.95459 712.19562
0.54479 0.20220 0.00000 634.64948 713.37268
0.57099 0.20220 0.00000 646.69031 713.53064
0.65899 0.20220 0.00000 686.24591 714.06647
0.00000 0.22840 0.00000 389.31262 690.23242
0.08800 0.22840 0.00000 427.93930 692.58508
0.11420 0.22840 0.00000 439.88400 693.34692
0.20220 0.22840 0.00000 479.16367 695.44446
0.22840 0.22840 0.00000 491.25690 696.19977
0.31640 0.22840 0.00000 530.87970 697.87457
0.34259 0.22840 0.00000 543.22443 698.46393
0.43059 0.22840 0.00000 583.07330 699.93719
0.45679 0.22840 0.00000 595.37762 700.42310
0.54479 0.22840 0.00000 635.09607 701.32843
0.57099 0.22840 0.00000 647.13831 701.62848
0.65899 0.22840 0.00000 686.80768 702.16199
0.00000 0.31640 0.00000 390.32980 650.86102
0.08800 0.31640 0.00000 429.03610 653.09058
0.11420 0.31640 0.00000 440.88403 653.77344
0.20220 0.31640 0.00000 480.33508 655.74756
0.22840 0.31640 0.00000 492.39648 656.45618
0.31640 0.31640 0.00000 532.15881 658.27783
0.34259 0.31640 0.00000 544.27960 658.92310
0.43059 0.31640 0.00000 584.34088 660.46680
0.45679 0.31640 0.00000 596.53473 660.89441
0.54479 0.31640 0.00000 636.38287 661.93024
0.57099 0.31640 0.00000 648.86755 662.17914
0.65899 0.31640 0.00000 688.42230 663.33069
0.00000 0.34259 0.00000 390.78159 638.85583
0.08800 0.34259 0.00000 429.55487 640.95026
0.11420 0.34259 0.00000 441.36227 641.71283
0.20220 0.34259 0.00000 480.66455 643.69800
0.22840 0.34259 0.00000 492.71268 644.47125
0.31640 0.34259 0.00000 532.69714 646.04504
0.34259 0.34259 0.00000 544.84387 646.74261
0.43059 0.34259 0.00000 584.93158 648.14288
0.45679 0.34259 0.00000 597.18622 648.73053
0.54479 0.34259 0.00000 636.87646 649.87213
0.57099 0.34259 0.00000 649.39905 650.32758
0.65899 0.34259 0.00000 688.49426 651.21796
0.00000 0.43059 0.00000 392.40106 599.35358
0.08800 0.43059 0.00000 430.84503 601.29669
0.11420 0.43059 0.00000 442.86417 601.83160
0.20220 0.43059 0.00000 482.25589 603.78949
0.22840 0.43059 0.00000 494.30453 604.49182
0.31640 0.43059 0.00000 533.95068 606.16284
0.34259 0.43059 0.00000 546.14301 606.77185
0.43059 0.43059 0.00000 586.19415 608.22247
0.45679 0.43059 0.00000 598.39484 608.80585
0.54479 0.43059 0.00000 638.27563 610.05762
0.57099 0.43059 0.00000 650.64520 610.37695
0.65899 0.43059 0.00000 690.20264 611.75861
0.00000 0.45679 0.00000 392.90799 587.09711
0.08800 0.45679 0.00000 431.57520 589.01019
0.11420 0.45679 0.00000 443.49063 589.87421
0.20220 0.45679 0.00000 482.69177 591.65918
0.22840 0.45679 0.00000 494.72849 592.32642
0.31640 0.45679 0.00000 534.66437 593.81891
0.34259 0.45679 0.00000 546.84424 594.54901
0.43059 0.45679 0.00000 586.86273 595.95221
0.45679 0.45679 0.00000 599.14569 596.65387
0.54479 0.45679 0.00000 638.79230 597.80389
0.57099 0.45679 0.00000 651.26398 598.38171
0.65899 0.45679 0.00000 690.56750 599.53241
0.00000 0.54479 0.00000 394.92505 547.70471
0.08800 0.54479 0.00000 433.29666 549.41290
0.11420 0.54479 0.00000 445.28070 550.17163
0.20220 0.54479 0.00000 484.47864 551.64777
0.22840 0.54479 0.00000 496.69156 552.18524
0.31640 0.54479 0.00000 536.13586 553.93048
0.34259 0.54479 0.00000 548.48773 554.52350
0.43059 0.54479 0.00000 588.16400 556.08643
0.45679 0.54479 0.00000 600.52899 556.56024
0.54479 0.54479 0.00000 640.16101 558.08716
0.57099 0.54479 0.00000 652.51038 558.52466
0.00000 0.57099 0.00000 395.65048 535.63898
0.08800 0.57099 0.00000 434.21042 537.27832
0.11420 0.57099 0.00000 446.15753 537.80646
0.20220 0.57099 0.00000 484.91769 539.69824
0.22840 0.57099 0.00000 497.34836 540.24982
0.31640 0.57099 0.00000 536.78784 541.78613
0.34259 0.57099 0.00000 549.15460 542.43018
0.43059 0.57099 0.00000 588.87915 543.94196
0.45679 0.57099 0.00000 601.25909 544.51410
0.54479 0.57099 0.00000 640.73859 545.76666
0.57099 0.57099 0.00000 653.11194 546.55920
0.65899 0.57099 0.00000 692.41644 547.63177
0.00000 0.65899 0.00000 398.22382 496.35507
0.08800 0.65899 0.00000 436.37079 497.64978
0.11420 0.65899 0.00000 448.28763 498.35269
0.20220 0.65899 0.00000 487.16705 500.06003
0.22840 0.65899 0.00000 499.27179 500.33469
0.31640 0.65899 0.00000 538.47180 501.96503
0.34259 0.65899 0.00000 551.07184 502.37436
0.43059 0.65899 0.00000 590.39276 504.15784
0.45679 0.65899 0.00000 602.69135 504.60629
0.54479 0.65899 0.00000 642.08453 506.28333
0.57099 0.65899 0.00000 654.29065 506.99567
0.65899 0.65899 0.00000 693.56189 508.47418

gimbalangles:
-0.261799387799 -0.349065850399 -0.436332312999 

end: