T_CW:
0.99626 0.05192 0.06912 -0.36988
0.05811 -0.99418 -0.09072 0.64971
0.06401 0.09440 -0.99347 1.35551
0.00000 0.00000 0.00000 1.00000

T_CW_cov:

target_points_pix:
0.00000 0.00000 0.00000 466.34824 809.84723
0.08800 0.00000 0.00000 506.79752 812.64001
0.11420 0.00000 0.00000 518.65540 813.41815
0.20220 0.00000 0.00000 559.31482 815.58105
0.22840 0.00000 0.00000 571.53778 816.28400
0.31640 0.00000 0.00000 612.21838 817.69690
0.34259 0.00000 0.00000 624.08105 817.99194
0.43059 0.00000 0.00000 664.15350 819.10150
0.54479 0.00000 0.00000 715.71149 819.33325
0.57099 0.00000 0.00000 727.14832 819.34491
0.00000 0.08800 0.00000 467.67914 770.57288
0.08800 0.08800 0.00000 508.40314 773.41614
0.11420 0.08800 0.00000 520.55371 773.76556
0.20220 0.08800 0.00000 561.20166 776.20630
0.22840 0.08800 0.00000 573.41974 776.55280
0.31640 0.08800 0.00000 613.82574 778.29279
0.34259 0.08800 0.00000 625.93591 778.72742
0.43059 0.08800 0.00000 666.29578 779.80249
0.45679 0.08800 0.00000 678.16718 780.01605
0.54479 0.08800 0.00000 717.65729 780.51617
0.57099 0.08800 0.00000 729.54047 780.57251
0.65899 0.08800 0.00000 768.14874 780.97711
0.00000 0.11420 0.00000 468.33694 758.92285
0.08800 0.11420 0.00000 508.68018 761.43256
0.11420 0.11420 0.00000 520.97711 762.04883
0.20220 0.11420 0.00000 561.61151 764.32104
0.22840 0.11420 0.00000 573.74817 764.69458
0.31640 0.11420 0.00000 614.55463 766.40350
0.34259 0.11420 0.00000 626.71997 767.11816
0.43059 0.11420 0.00000 666.95068 768.10016
0.45679 0.11420 0.00000 679.08386 768.32019
0.54479 0.11420 0.00000 718.47278 769.22650
0.57099 0.11420 0.00000 730.26965 769.27271
0.65899 0.11420 0.00000 768.71881 769.35303
0.00000 0.20220 0.00000 469.88394 718.86023
0.08800 0.20220 0.00000 510.54868 721.51288
0.11420 0.20220 0.00000 522.89935 722.00696
0.20220 0.20220 0.00000 563.55243 724.39777
0.22840 0.20220 0.00000 575.84076 724.89734
0.31640 0.20220 0.00000 616.56683 726.90979
0.34259 0.20220 0.00000 628.64142 727.40894
0.43059 0.20220 0.00000 669.25214 728.60132
0.45679 0.20220 0.00000 681.18274 728.86816
0.54479 0.20220 0.00000 720.55847 729.69653
0.57099 0.20220 0.00000 732.48492 729.71912
0.65899 0.20220 0.00000 771.33032 730.42932
0.00000 0.22840 0.00000 470.59271 706.98737
0.11420 0.22840 0.00000 523.41003 710.28809
0.20220 0.22840 0.00000 563.92084 712.36743
0.22840 0.22840 0.00000 576.45428 713.18567
0.31640 0.22840 0.00000 617.29590 714.62427
0.34259 0.22840 0.00000 629.26508 715.18176
0.43059 0.22840 0.00000 669.65143 716.60455
0.45679 0.22840 0.00000 681.67432 716.80573
0.54479 0.22840 0.00000 721.35406 718.19171
0.57099 0.22840 0.00000 733.25165 718.20404
0.65899 0.22840 0.00000 771.77008 718.68756
0.00000 0.31640 0.00000 472.49011 666.38251
0.08800 0.31640 0.00000 513.06494 669.00806
0.11420 0.31640 0.00000 525.24207 669.93146
0.20220 0.31640 0.00000 566.14001 671.92114
0.22840 0.31640 0.00000 578.47821 672.77905
0.31640 0.31640 0.00000 619.31854 674.59863
0.34259 0.31640 0.00000 631.50287 674.79163
0.43059 0.31640 0.00000 671.70807 676.60632
0.45679 0.31640 0.00000 684.05988 677.07092
0.54479 0.31640 0.00000 723.58899 678.33521
0.57099 0.31640 0.00000 735.40540 678.50800
0.65899 0.31640 0.00000 774.26813 679.50006
0.00000 0.34259 0.00000 473.24762 654.33411
0.08800 0.34259 0.00000 513.67944 656.64893
0.11420 0.34259 0.00000 526.25305 657.58118
0.20220 0.34259 0.00000 566.79761 659.81946
0.22840 0.34259 0.00000 579.32739 660.47235
0.31640 0.34259 0.00000 619.70538 662.44592
0.34259 0.34259 0.00000 632.13470 663.07300
0.43059 0.34259 0.00000 672.48529 664.68597
0.45679 0.34259 0.00000 684.61151 665.24829
0.54479 0.34259 0.00000 723.96423 666.23834
0.57099 0.34259 0.00000 735.75146 666.54620
0.65899 0.34259 0.00000 774.65778 667.63391
0.00000 0.43059 0.00000 475.26331 613.65857
0.08800 0.43059 0.00000 515.90894 616.07727
0.11420 0.43059 0.00000 528.10004 616.94537
0.20220 0.43059 0.00000 568.99438 619.07440
0.22840 0.43059 0.00000 581.15106 620.01935
0.31640 0.43059 0.00000 622.02246 621.95319
0.34259 0.43059 0.00000 633.92328 622.41846
0.43059 0.43059 0.00000 674.52728 624.02576
0.54479 0.43059 0.00000 726.01617 626.16754
0.57099 0.43059 0.00000 737.91125 626.80725
0.65899 0.43059 0.00000 776.58582 627.85620
0.00000 0.45679 0.00000 476.32028 601.36401
0.08800 0.45679 0.00000 516.67584 603.72534
0.11420 0.45679 0.00000 529.18555 604.55609
0.20220 0.45679 0.00000 569.68695 606.69806
0.22840 0.45679 0.00000 582.24390 607.54358
0.31640 0.45679 0.00000 622.66650 609.66711
0.34259 0.45679 0.00000 634.94183 610.07928
0.43059 0.45679 0.00000 675.08270 612.12793
0.45679 0.45679 0.00000 687.29791 612.67627
0.54479 0.45679 0.00000 726.94891 614.04620
0.57099 0.45679 0.00000 738.52991 614.97473
0.65899 0.45679 0.00000 777.10486 616.12061
0.00000 0.54479 0.00000 478.95496 560.61682
0.08800 0.54479 0.00000 519.07141 563.00684
0.11420 0.54479 0.00000 531.18768 564.03998
0.20220 0.54479 0.00000 571.90753 566.11932
0.22840 0.54479 0.00000 584.08990 567.01532
0.31640 0.54479 0.00000 624.88080 569.13916
0.34259 0.54479 0.00000 636.91699 569.82642
0.43059 0.54479 0.00000 676.97235 571.88745
0.45679 0.54479 0.00000 689.20703 572.25183
0.54479 0.54479 0.00000 728.45837 573.95984
0.57099 0.54479 0.00000 740.10596 574.99774
0.65899 0.54479 0.00000 778.87878 576.62085
0.00000 0.57099 0.00000 479.52548 548.44556
0.08800 0.57099 0.00000 519.82727 550.84479
0.11420 0.57099 0.00000 532.26227 551.64722
0.20220 0.57099 0.00000 572.75562 553.77075
0.22840 0.57099 0.00000 585.08716 554.73792
0.31640 0.57099 0.00000 625.46802 556.68347
0.34259 0.57099 0.00000 637.71918 557.54340
0.43059 0.57099 0.00000 677.83539 559.74481
0.45679 0.57099 0.00000 689.71332 560.24023
0.54479 0.57099 0.00000 729.13855 562.19958
0.57099 0.57099 0.00000 740.87830 562.95490
0.65899 0.57099 0.00000 779.28949 564.56036
0.00000 0.65899 0.00000 482.47461 507.77863
0.08800 0.65899 0.00000 522.61798 510.38065
0.11420 0.65899 0.00000 534.69897 511.27533
0.20220 0.65899 0.00000 574.81995 513.44342
0.22840 0.65899 0.00000 587.22565 514.25067
0.31640 0.65899 0.00000 627.56934 516.51624
0.34259 0.65899 0.00000 639.96429 516.99292
0.43059 0.65899 0.00000 679.75604 519.64209
0.45679 0.65899 0.00000 691.54572 520.36841
0.54479 0.65899 0.00000 730.80023 522.55823
0.57099 0.65899 0.00000 742.27222 523.27301
0.65899 0.65899 0.00000 780.58447 525.36938

gimbalangles:
-0.261799387799 -0.349065850399 -0.436332312999 

end: