T_CW:
0.99765 0.03633 0.05810 -0.57895
0.04042 -0.99667 -0.07082 0.63102
0.05534 0.07300 -0.99580 1.37446
0.00000 0.00000 0.00000 1.00000

T_CW_cov:

target_points_pix:
0.00000 0.00000 0.00000 387.57355 791.01581
0.08800 0.00000 0.00000 426.36795 793.68323
0.11420 0.00000 0.00000 437.67249 794.36584
0.20220 0.00000 0.00000 477.13223 796.79590
0.22840 0.00000 0.00000 488.76425 797.53192
0.31640 0.00000 0.00000 528.49701 799.42505
0.34259 0.00000 0.00000 540.46283 799.79431
0.43059 0.00000 0.00000 580.28503 801.19885
0.45679 0.00000 0.00000 592.24066 801.45276
0.54479 0.00000 0.00000 631.74371 802.14526
0.57099 0.00000 0.00000 643.64148 802.29926
0.65899 0.00000 0.00000 683.05573 802.52002
0.00000 0.08800 0.00000 388.11545 752.58038
0.08800 0.08800 0.00000 426.76041 755.14899
0.11420 0.08800 0.00000 438.57184 755.79913
0.20220 0.08800 0.00000 477.75067 758.14880
0.22840 0.08800 0.00000 489.66620 758.57336
0.31640 0.08800 0.00000 529.42792 760.55762
0.34259 0.08800 0.00000 541.42596 761.08240
0.43059 0.08800 0.00000 581.33960 762.46021
0.45679 0.08800 0.00000 593.35242 762.78595
0.54479 0.08800 0.00000 632.87494 763.70819
0.57099 0.08800 0.00000 644.97101 763.88019
0.65899 0.08800 0.00000 684.34351 764.41174
0.00000 0.11420 0.00000 388.42197 741.02869
0.08800 0.11420 0.00000 426.96420 743.42834
0.11420 0.11420 0.00000 438.75394 744.16077
0.20220 0.11420 0.00000 477.97772 746.45190
0.22840 0.11420 0.00000 490.02982 747.03149
0.31640 0.11420 0.00000 529.66577 748.78406
0.34259 0.11420 0.00000 541.71051 749.46204
0.43059 0.11420 0.00000 581.55511 750.66711
0.45679 0.11420 0.00000 593.60529 751.08643
0.54479 0.11420 0.00000 633.41626 752.15118
0.57099 0.11420 0.00000 645.42102 752.38452
0.65899 0.11420 0.00000 684.76013 752.68103
0.00000 0.20220 0.00000 389.04959 701.98828
0.08800 0.20220 0.00000 427.64865 704.47534
0.11420 0.20220 0.00000 439.58990 705.07709
0.20220 0.20220 0.00000 478.82898 707.39020
0.22840 0.20220 0.00000 490.81613 707.80078
0.31640 0.20220 0.00000 530.63831 709.74078
0.34259 0.20220 0.00000 542.82281 710.23828
0.43059 0.20220 0.00000 582.62811 711.76447
0.45679 0.20220 0.00000 594.87506 712.10504
0.54479 0.20220 0.00000 634.68042 713.30951
0.57099 0.20220 0.00000 646.72565 713.55890
0.65899 0.20220 0.00000 686.21313 714.09094
0.00000 0.22840 0.00000 389.35049 690.19647
0.08800 0.22840 0.00000 427.94412 692.58478
0.11420 0.22840 0.00000 439.89832 693.30560
0.20220 0.22840 0.00000 479.15457 695.43463
0.22840 0.22840 0.00000 491.21423 696.16992
0.31640 0.22840 0.00000 530.92780 697.83228
0.34259 0.22840 0.00000 543.23572 698.49261
0.43059 0.22840 0.00000 583.07678 699.90411
0.45679 0.22840 0.00000 595.39685 700.40112
0.54479 0.22840 0.00000 635.12653 701.39612
0.57099 0.22840 0.00000 647.10260 701.59106
0.65899 0.22840 0.00000 686.77704 702.14056
0.00000 0.31640 0.00000 390.34930 650.89752
0.08800 0.31640 0.00000 429.05594 653.06854
0.11420 0.31640 0.00000 440.84869 653.75311
0.20220 0.31640 0.00000 480.41013 655.73792
0.22840 0.31640 0.00000 492.40344 656.48254
0.31640 0.31640 0.00000 532.10596 658.38892
0.34259 0.31640 0.00000 544.28326 658.89844
0.43059 0.31640 0.00000 584.38684 660.46851
0.45679 0.31640 0.00000 596.55249 660.85742
0.54479 0.31640 0.00000 636.38416 661.94318
0.57099 0.31640 0.00000 648.82568 662.10724
0.65899 0.31640 0.00000 688.41461 663.29913
0.00000 0.34259 0.00000 390.79462 638.82465
0.08800 0.34259 0.00000 429.56839 640.93976
0.11420 0.34259 0.00000 441.35803 641.72546
0.20220 0.34259 0.00000 480.70444 643.72461
0.22840 0.34259 0.00000 492.75095 644.44067
0.31640 0.34259 0.00000 532.66168 646.01764
0.34259 0.34259 0.00000 544.87024 646.81598
0.43059 0.34259 0.00000 584.89929 648.13275
0.45679 0.34259 0.00000 597.17957 648.73438
0.54479 0.34259 0.00000 636.84894 649.83655
0.57099 0.34259 0.00000 649.36987 650.32013
0.65899 0.34259 0.00000 688.51447 651.24219
0.00000 0.43059 0.00000 392.39923 599.36676
0.08800 0.43059 0.00000 430.85043 601.25800
0.11420 0.43059 0.00000 442.95020 601.91443
0.20220 0.43059 0.00000 482.20169 603.81763
0.22840 0.43059 0.00000 494.32837 604.49207
0.31640 0.43059 0.00000 533.89746 606.18658
0.34259 0.43059 0.00000 546.18250 606.84039
0.43059 0.43059 0.00000 586.23737 608.20355
0.45679 0.43059 0.00000 598.39447 608.79102
0.54479 0.43059 0.00000 638.24219 610.08624
0.57099 0.43059 0.00000 650.64178 610.39581
0.65899 0.43059 0.00000 690.13538 611.81000
0.00000 0.45679 0.00000 392.86169 587.17444
0.08800 0.45679 0.00000 431.60159 589.01575
0.11420 0.45679 0.00000 443.42044 589.80005
0.20220 0.45679 0.00000 482.64865 591.59192
0.22840 0.45679 0.00000 494.69366 592.31714
0.31640 0.45679 0.00000 534.67053 593.78699
0.34259 0.45679 0.00000 546.85632 594.58600
0.43059 0.45679 0.00000 586.81458 595.94037
0.45679 0.45679 0.00000 599.16052 596.61224
0.54479 0.45679 0.00000 638.78809 597.80634
0.57099 0.45679 0.00000 651.27374 598.40326
0.65899 0.45679 0.00000 690.58728 599.52515
0.00000 0.54479 0.00000 394.89017 547.72534
0.08800 0.54479 0.00000 433.28595 549.41895
0.11420 0.54479 0.00000 445.30737 550.16162
0.20220 0.54479 0.00000 484.48898 551.65192
0.22840 0.54479 0.00000 496.71921 552.13385
0.31640 0.54479 0.00000 536.22198 553.84961
0.34259 0.54479 0.00000 548.47131 554.52228
0.45679 0.54479 0.00000 600.50415 556.52942
0.54479 0.54479 0.00000 640.14581 558.10449
0.57099 0.54479 0.00000 652.50690 558.47540
0.00000 0.57099 0.00000 395.54532 535.67725
0.08800 0.57099 0.00000 434.21231 537.29126
0.11420 0.57099 0.00000 446.13385 537.81641
0.20220 0.57099 0.00000 484.88763 539.65533
0.22840 0.57099 0.00000 497.30859 540.22888
0.31640 0.57099 0.00000 536.81946 541.78589
0.34259 0.57099 0.00000 549.12531 542.45380
0.43059 0.57099 0.00000 588.77521 543.79028
0.45679 0.57099 0.00000 601.25848 544.50024
0.54479 0.57099 0.00000 640.78339 545.80176
0.57099 0.57099 0.00000 653.10333 546.57544
0.65899 0.57099 0.00000 692.36615 547.59735
0.00000 0.65899 0.00000 398.16769 496.33850
0.08800 0.65899 0.00000 436.37253 497.64246
0.11420 0.65899 0.00000 448.23175 498.24918
0.20220 0.65899 0.00000 487.20190 500.06799
0.22840 0.65899 0.00000 499.28186 500.35071
0.31640 0.65899 0.00000 538.50488 501.89944
0.34259 0.65899 0.00000 551.05371 502.37997
0.43059 0.65899 0.00000 590.37555 504.17950
0.45679 0.65899 0.00000 602.64624 504.52463
0.54479 0.65899 0.00000 642.06219 506.27023
0.57099 0.65899 0.00000 654.25916 506.91644
0.65899 0.65899 0.00000 693.49707 508.54007

gimbalangles:
-0.261799387799 0.174532925199 -0.261799387799 

end: