T_CW:
0.99625 0.05201 0.06914 -0.36990
0.05814 -0.99425 -0.08995 0.64972
0.06407 0.09363 -0.99354 1.35579
0.00000 0.00000 0.00000 1.00000

T_CW_cov:

target_points_pix:
0.00000 0.00000 0.00000 466.36688 809.83075
0.08800 0.00000 0.00000 506.81094 812.62738
0.11420 0.00000 0.00000 518.69281 813.37952
0.20220 0.00000 0.00000 559.34625 815.46191
0.22840 0.00000 0.00000 571.56500 816.22485
0.34259 0.00000 0.00000 624.07672 818.01782
0.43059 0.00000 0.00000 664.10681 819.01215
0.54479 0.00000 0.00000 715.64581 819.28754
0.57099 0.00000 0.00000 727.19330 819.27545
0.00000 0.08800 0.00000 467.67056 770.54132
0.08800 0.08800 0.00000 508.41269 773.40442
0.11420 0.08800 0.00000 520.55359 773.75641
0.20220 0.08800 0.00000 561.18347 776.18695
0.22840 0.08800 0.00000 573.40784 776.52386
0.31640 0.08800 0.00000 613.81360 778.28497
0.34259 0.08800 0.00000 625.91711 778.67798
0.43059 0.08800 0.00000 666.27979 779.78436
0.45679 0.08800 0.00000 678.21124 779.95764
0.54479 0.08800 0.00000 717.63226 780.49896
0.57099 0.08800 0.00000 729.52179 780.54114
0.65899 0.08800 0.00000 768.13342 780.91217
0.00000 0.11420 0.00000 468.34387 758.84521
0.08800 0.11420 0.00000 508.69266 761.40735
0.11420 0.11420 0.00000 520.96399 762.07397
0.20220 0.11420 0.00000 561.66864 764.30670
0.22840 0.11420 0.00000 573.74939 764.69678
0.31640 0.11420 0.00000 614.49957 766.38373
0.34259 0.11420 0.00000 626.73572 767.05579
0.43059 0.11420 0.00000 666.95850 768.01935
0.45679 0.11420 0.00000 679.07068 768.28174
0.54479 0.11420 0.00000 718.39679 769.15363
0.57099 0.11420 0.00000 730.25726 769.21344
0.65899 0.11420 0.00000 768.69794 769.36462
0.00000 0.20220 0.00000 469.92441 718.90839
0.08800 0.20220 0.00000 510.55109 721.47650
0.11420 0.20220 0.00000 522.85938 722.02527
0.20220 0.20220 0.00000 563.55688 724.39783
0.22840 0.20220 0.00000 575.83051 724.87244
0.31640 0.20220 0.00000 616.55975 726.88544
0.34259 0.20220 0.00000 628.62354 727.39337
0.43059 0.20220 0.00000 669.21484 728.60126
0.45679 0.20220 0.00000 681.16840 728.86176
0.54479 0.20220 0.00000 720.54498 729.70557
0.57099 0.20220 0.00000 732.48303 729.75940
0.65899 0.20220 0.00000 771.32300 730.44128
0.00000 0.22840 0.00000 470.63492 706.91846
0.11420 0.22840 0.00000 523.38458 710.28912
0.20220 0.22840 0.00000 563.99225 712.31415
0.22840 0.22840 0.00000 576.44330 713.18372
0.31640 0.22840 0.00000 617.27051 714.64191
0.34259 0.22840 0.00000 629.23401 715.13245
0.43059 0.22840 0.00000 669.62402 716.55737
0.45679 0.22840 0.00000 681.66064 716.77014
0.54479 0.22840 0.00000 721.33331 718.17426
0.57099 0.22840 0.00000 733.22559 718.15826
0.65899 0.22840 0.00000 771.76508 718.72021
0.00000 0.31640 0.00000 472.50214 666.32794
0.08800 0.31640 0.00000 513.08142 669.02832
0.11420 0.31640 0.00000 525.24469 669.92700
0.20220 0.31640 0.00000 566.15784 671.85168
0.22840 0.31640 0.00000 578.50745 672.76257
0.31640 0.31640 0.00000 619.31165 674.59473
0.34259 0.31640 0.00000 631.53278 674.81659
0.43059 0.31640 0.00000 671.71106 676.61115
0.45679 0.31640 0.00000 684.07404 677.09015
0.54479 0.31640 0.00000 723.56439 678.33301
0.57099 0.31640 0.00000 735.41766 678.51044
0.65899 0.31640 0.00000 774.23566 679.54327
0.00000 0.34259 0.00000 473.25430 654.30365
0.08800 0.34259 0.00000 513.69696 656.67004
0.11420 0.34259 0.00000 526.24255 657.57715
0.20220 0.34259 0.00000 566.80469 659.81073
0.22840 0.34259 0.00000 579.29865 660.48499
0.31640 0.34259 0.00000 619.68860 662.43414
0.34259 0.34259 0.00000 632.11401 663.07928
0.43059 0.34259 0.00000 672.46021 664.68280
0.45679 0.34259 0.00000 684.63763 665.25464
0.54479 0.34259 0.00000 724.00458 666.26929
0.57099 0.34259 0.00000 735.83368 666.54315
0.65899 0.34259 0.00000 774.67261 667.64227
0.00000 0.43059 0.00000 475.26993 613.63202
0.08800 0.43059 0.00000 515.89935 616.06525
0.11420 0.43059 0.00000 528.03986 616.95612
0.20220 0.43059 0.00000 568.93549 619.10608
0.22840 0.43059 0.00000 581.15918 620.01508
0.31640 0.43059 0.00000 621.98621 621.99872
0.34259 0.43059 0.00000 633.96191 622.44788
0.43059 0.43059 0.00000 674.54852 624.00018
0.54479 0.43059 0.00000 726.00800 626.12451
0.57099 0.43059 0.00000 737.87732 626.82477
0.65899 0.43059 0.00000 776.59827 627.83813
0.00000 0.45679 0.00000 476.30237 601.36682
0.08800 0.45679 0.00000 516.70911 603.72504
0.11420 0.45679 0.00000 529.15808 604.55115
0.20220 0.45679 0.00000 569.72552 606.74158
0.22840 0.45679 0.00000 582.27344 607.55536
0.31640 0.45679 0.00000 622.66498 609.65338
0.34259 0.45679 0.00000 634.94379 610.08984
0.43059 0.45679 0.00000 675.07788 612.10071
0.45679 0.45679 0.00000 687.31195 612.62439
0.54479 0.45679 0.00000 726.91864 614.08411
0.57099 0.45679 0.00000 738.51782 614.96851
0.65899 0.45679 0.00000 777.11261 616.13983
0.00000 0.54479 0.00000 478.93280 560.59302
0.08800 0.54479 0.00000 519.04633 563.00812
0.11420 0.54479 0.00000 531.25269 564.06177
0.20220 0.54479 0.00000 571.91125 566.11115
0.22840 0.54479 0.00000 584.12769 567.07562
0.31640 0.54479 0.00000 624.85883 569.13922
0.34259 0.54479 0.00000 636.87445 569.80328
0.43059 0.54479 0.00000 676.96875 571.90161
0.45679 0.54479 0.00000 689.20654 572.23761
0.54479 0.54479 0.00000 728.50555 573.96442
0.57099 0.54479 0.00000 740.05310 574.98151
0.65899 0.54479 0.00000 778.91565 576.60815
0.00000 0.57099 0.00000 479.52124 548.43597
0.08800 0.57099 0.00000 519.83398 550.87140
0.11420 0.57099 0.00000 532.28448 551.67572
0.20220 0.57099 0.00000 572.78210 553.82654
0.22840 0.57099 0.00000 585.16693 554.69781
0.31640 0.57099 0.00000 625.44434 556.69684
0.34259 0.57099 0.00000 637.71863 557.52191
0.43059 0.57099 0.00000 677.91608 559.74585
0.45679 0.57099 0.00000 689.72174 560.21063
0.54479 0.57099 0.00000 729.10547 562.15063
0.57099 0.57099 0.00000 740.86987 562.96667
0.65899 0.57099 0.00000 779.32971 564.56464
0.00000 0.65899 0.00000 482.51450 507.77505
0.08800 0.65899 0.00000 522.61334 510.38803
0.11420 0.65899 0.00000 534.70331 511.25452
0.20220 0.65899 0.00000 574.83063 513.46661
0.22840 0.65899 0.00000 587.26794 514.25446
0.31640 0.65899 0.00000 627.58807 516.48975
0.34259 0.65899 0.00000 639.94305 516.98083
0.43059 0.65899 0.00000 679.82886 519.63763
0.45679 0.65899 0.00000 691.54755 520.38934
0.54479 0.65899 0.00000 730.96667 522.51819
0.57099 0.65899 0.00000 742.36304 523.30548
0.65899 0.65899 0.00000 780.60156 525.36066

gimbalangles:
-0.261799387799 0.174532925199 -0.261799387799 

end: