T_CW:
0.99625 0.05199 0.06919 -0.36990
0.05813 -0.99426 -0.08984 0.64973
0.06413 0.09353 -0.99355 1.35579
0.00000 0.00000 0.00000 1.00000

T_CW_cov:

target_points_pix:
0.00000 0.00000 0.00000 466.41599 809.80988
0.08800 0.00000 0.00000 506.84155 812.65564
0.11420 0.00000 0.00000 518.70856 813.38116
0.20220 0.00000 0.00000 559.31757 815.44550
0.22840 0.00000 0.00000 571.57373 816.23352
0.34259 0.00000 0.00000 624.08832 817.98254
0.43059 0.00000 0.00000 664.08478 819.01624
0.54479 0.00000 0.00000 715.66327 819.16754
0.57099 0.00000 0.00000 727.18713 819.30615
0.00000 0.08800 0.00000 467.66479 770.57068
0.08800 0.08800 0.00000 508.36508 773.35028
0.11420 0.08800 0.00000 520.53284 773.75745
0.20220 0.08800 0.00000 561.17908 776.17157
0.22840 0.08800 0.00000 573.43060 776.50238
0.31640 0.08800 0.00000 613.82953 778.22260
0.34259 0.08800 0.00000 625.89032 778.68658
0.43059 0.08800 0.00000 666.29059 779.76740
0.45679 0.08800 0.00000 678.19598 780.00012
0.54479 0.08800 0.00000 717.65961 780.51398
0.57099 0.08800 0.00000 729.53241 780.55292
0.65899 0.08800 0.00000 768.08423 780.92651
0.00000 0.11420 0.00000 468.34494 758.87061
0.08800 0.11420 0.00000 508.66272 761.41559
0.11420 0.11420 0.00000 520.91882 762.06262
0.20220 0.11420 0.00000 561.62244 764.30701
0.22840 0.11420 0.00000 573.77112 764.68427
0.31640 0.11420 0.00000 614.53833 766.36334
0.34259 0.11420 0.00000 626.72668 767.06213
0.43059 0.11420 0.00000 666.88763 768.06885
0.45679 0.11420 0.00000 679.11682 768.27417
0.54479 0.11420 0.00000 718.42694 769.21423
0.57099 0.11420 0.00000 730.25134 769.17450
0.65899 0.11420 0.00000 768.67438 769.38959
0.00000 0.20220 0.00000 469.91287 718.84723
0.08800 0.20220 0.00000 510.54245 721.50256
0.11420 0.20220 0.00000 522.90027 722.02582
0.20220 0.20220 0.00000 563.53931 724.38623
0.22840 0.20220 0.00000 575.82098 724.88501
0.31640 0.20220 0.00000 616.58215 726.84918
0.34259 0.20220 0.00000 628.63177 727.40332
0.43059 0.20220 0.00000 669.23370 728.60132
0.45679 0.20220 0.00000 681.16644 728.78900
0.54479 0.20220 0.00000 720.57599 729.69067
0.57099 0.20220 0.00000 732.48480 729.75787
0.65899 0.20220 0.00000 771.32562 730.44550
0.00000 0.22840 0.00000 470.61044 706.93701
0.11420 0.22840 0.00000 523.38776 710.29987
0.20220 0.22840 0.00000 563.92938 712.33667
0.22840 0.22840 0.00000 576.46619 713.21741
0.31640 0.22840 0.00000 617.31049 714.60797
0.34259 0.22840 0.00000 629.23853 715.17053
0.43059 0.22840 0.00000 669.64069 716.58386
0.45679 0.22840 0.00000 681.65436 716.76514
0.54479 0.22840 0.00000 721.32727 718.18134
0.57099 0.22840 0.00000 733.25281 718.19434
0.65899 0.22840 0.00000 771.74518 718.67914
0.00000 0.31640 0.00000 472.50531 666.32025
0.08800 0.31640 0.00000 513.08252 669.00787
0.11420 0.31640 0.00000 525.25598 669.93158
0.20220 0.31640 0.00000 566.16901 671.91382
0.22840 0.31640 0.00000 578.49530 672.76367
0.31640 0.31640 0.00000 619.30206 674.62482
0.34259 0.31640 0.00000 631.53076 674.81104
0.43059 0.31640 0.00000 671.70514 676.62140
0.45679 0.31640 0.00000 684.06378 677.04810
0.54479 0.31640 0.00000 723.60632 678.34521
0.57099 0.31640 0.00000 735.41626 678.52344
0.65899 0.31640 0.00000 774.26056 679.50323
0.00000 0.34259 0.00000 473.24469 654.32904
0.08800 0.34259 0.00000 513.69690 656.69019
0.11420 0.34259 0.00000 526.25519 657.59338
0.20220 0.34259 0.00000 566.83844 659.83374
0.22840 0.34259 0.00000 579.27002 660.50366
0.31640 0.34259 0.00000 619.70270 662.44098
0.34259 0.34259 0.00000 632.14813 663.05682
0.43059 0.34259 0.00000 672.48480 664.69922
0.45679 0.34259 0.00000 684.60101 665.28070
0.54479 0.34259 0.00000 723.95282 666.22729
0.57099 0.34259 0.00000 735.78113 666.54071
0.65899 0.34259 0.00000 774.64600 667.62457
0.00000 0.43059 0.00000 475.25381 613.64172
0.08800 0.43059 0.00000 515.92023 616.07208
0.11420 0.43059 0.00000 528.05371 616.96136
0.20220 0.43059 0.00000 569.00458 619.03479
0.22840 0.43059 0.00000 581.14496 620.02783
0.31640 0.43059 0.00000 621.99866 621.97052
0.34259 0.43059 0.00000 633.92529 622.45270
0.43059 0.43059 0.00000 674.58276 624.03302
0.54479 0.43059 0.00000 725.99567 626.11853
0.57099 0.43059 0.00000 737.83087 626.81940
0.65899 0.43059 0.00000 776.61450 627.85583
0.00000 0.45679 0.00000 476.31268 601.36145
0.08800 0.45679 0.00000 516.71790 603.74408
0.11420 0.45679 0.00000 529.17255 604.55579
0.20220 0.45679 0.00000 569.70648 606.72565
0.22840 0.45679 0.00000 582.23999 607.51715
0.31640 0.45679 0.00000 622.66327 609.64166
0.34259 0.45679 0.00000 634.92072 610.09521
0.43059 0.45679 0.00000 675.03485 612.08746
0.45679 0.45679 0.00000 687.32086 612.63086
0.54479 0.45679 0.00000 726.94885 614.07764
0.57099 0.45679 0.00000 738.61249 614.97955
0.65899 0.45679 0.00000 777.13422 616.11285
0.00000 0.54479 0.00000 478.96506 560.60492
0.08800 0.54479 0.00000 519.02216 562.99060
0.20220 0.54479 0.00000 571.91522 566.10834
0.22840 0.54479 0.00000 584.11420 567.02991
0.31640 0.54479 0.00000 624.82373 569.13519
0.34259 0.54479 0.00000 636.93878 569.83783
0.43059 0.54479 0.00000 676.97852 571.86334
0.45679 0.54479 0.00000 689.20050 572.23779
0.54479 0.54479 0.00000 728.49823 573.95642
0.57099 0.54479 0.00000 740.09882 574.96875
0.65899 0.54479 0.00000 778.97736 576.59607
0.00000 0.57099 0.00000 479.53348 548.44293
0.08800 0.57099 0.00000 519.83118 550.84143
0.11420 0.57099 0.00000 532.28760 551.66168
0.20220 0.57099 0.00000 572.78387 553.80225
0.22840 0.57099 0.00000 585.15198 554.69513
0.31640 0.57099 0.00000 625.48376 556.66193
0.34259 0.57099 0.00000 637.72137 557.53278
0.43059 0.57099 0.00000 677.88428 559.73853
0.45679 0.57099 0.00000 689.76605 560.18451
0.54479 0.57099 0.00000 729.13251 562.14069
0.57099 0.57099 0.00000 740.86426 563.01086
0.65899 0.57099 0.00000 779.32544 564.54657
0.00000 0.65899 0.00000 482.42441 507.79691
0.08800 0.65899 0.00000 522.62079 510.39508
0.11420 0.65899 0.00000 534.71802 511.24741
0.20220 0.65899 0.00000 574.86829 513.41779
0.22840 0.65899 0.00000 587.23383 514.22089
0.31640 0.65899 0.00000 627.58844 516.47382
0.34259 0.65899 0.00000 639.93927 516.96857
0.43059 0.65899 0.00000 679.83069 519.63605
0.45679 0.65899 0.00000 691.54865 520.38147
0.54479 0.65899 0.00000 730.82355 522.56317
0.57099 0.65899 0.00000 742.32715 523.28156
0.65899 0.65899 0.00000 780.53833 525.40393

gimbalangles:
-0.261799387799 0.174532925199 -0.0872664625997 

end: