T_CW:
0.99764 0.03636 0.05816 -0.57895
0.04045 -0.99668 -0.07069 0.63104
0.05540 0.07287 -0.99580 1.37453
0.00000 0.00000 0.00000 1.00000

T_CW_cov:

target_points_pix:
0.00000 0.00000 0.00000 387.58466 790.98871
0.08800 0.00000 0.00000 426.28564 793.70331
0.11420 0.00000 0.00000 437.83725 794.41113
0.20220 0.00000 0.00000 477.16183 796.72083
0.22840 0.00000 0.00000 488.81677 797.49854
0.31640 0.00000 0.00000 528.49866 799.42352
0.34259 0.00000 0.00000 540.40527 799.88245
0.43059 0.00000 0.00000 580.21149 801.17413
0.45679 0.00000 0.00000 592.24158 801.44031
0.54479 0.00000 0.00000 631.80389 802.11499
0.57099 0.00000 0.00000 643.68701 802.25885
0.65899 0.00000 0.00000 682.99811 802.51886
0.00000 0.08800 0.00000 388.16440 752.54089
0.08800 0.08800 0.00000 426.78918 755.16919
0.11420 0.08800 0.00000 438.59845 755.74194
0.20220 0.08800 0.00000 477.77341 758.14496
0.22840 0.08800 0.00000 489.69424 758.56982
0.31640 0.08800 0.00000 529.37848 760.54541
0.34259 0.08800 0.00000 541.39929 761.19489
0.43059 0.08800 0.00000 581.32361 762.45819
0.45679 0.08800 0.00000 593.34161 762.68726
0.54479 0.08800 0.00000 632.90222 763.76862
0.57099 0.08800 0.00000 644.94019 763.87219
0.65899 0.08800 0.00000 684.30115 764.41785
0.00000 0.11420 0.00000 388.36746 740.98364
0.08800 0.11420 0.00000 426.92261 743.47754
0.11420 0.11420 0.00000 438.76730 744.16766
0.20220 0.11420 0.00000 478.00098 746.45117
0.22840 0.11420 0.00000 490.04343 746.97504
0.31640 0.11420 0.00000 529.66943 748.75507
0.34259 0.11420 0.00000 541.70496 749.43536
0.43059 0.11420 0.00000 581.57758 750.65668
0.45679 0.11420 0.00000 593.61456 751.23962
0.54479 0.11420 0.00000 633.42242 752.10907
0.57099 0.11420 0.00000 645.46741 752.36975
0.00000 0.20220 0.00000 389.06570 701.91028
0.08800 0.20220 0.00000 427.66174 704.42853
0.11420 0.20220 0.00000 439.60312 705.04858
0.20220 0.20220 0.00000 478.79523 707.37781
0.22840 0.20220 0.00000 490.88141 707.90381
0.31640 0.20220 0.00000 530.63763 709.82544
0.34259 0.20220 0.00000 542.79968 710.25000
0.43059 0.20220 0.00000 582.63043 711.76886
0.45679 0.20220 0.00000 594.97003 712.15802
0.54479 0.20220 0.00000 634.66718 713.30011
0.57099 0.20220 0.00000 646.71783 713.54883
0.65899 0.20220 0.00000 686.20709 714.07965
0.00000 0.22840 0.00000 389.31079 690.19293
0.08800 0.22840 0.00000 427.92502 692.56989
0.11420 0.22840 0.00000 439.84113 693.31799
0.20220 0.22840 0.00000 479.13824 695.44446
0.22840 0.22840 0.00000 491.24814 696.10376
0.31640 0.22840 0.00000 530.92206 697.84375
0.34259 0.22840 0.00000 543.20648 698.44189
0.43059 0.22840 0.00000 583.11176 699.92078
0.45679 0.22840 0.00000 595.41211 700.38647
0.54479 0.22840 0.00000 635.08856 701.34296
0.57099 0.22840 0.00000 647.20776 701.62372
0.65899 0.22840 0.00000 686.81592 702.18280
0.00000 0.31640 0.00000 390.36923 650.90509
0.08800 0.31640 0.00000 429.04025 653.08948
0.11420 0.31640 0.00000 440.95776 653.80750
0.20220 0.31640 0.00000 480.32257 655.79584
0.22840 0.31640 0.00000 492.46576 656.49347
0.31640 0.31640 0.00000 532.09180 658.27759
0.34259 0.31640 0.00000 544.25470 658.91992
0.45679 0.31640 0.00000 596.59613 660.88379
0.54479 0.31640 0.00000 636.43433 661.86591
0.57099 0.31640 0.00000 648.81183 662.06635
0.65899 0.31640 0.00000 688.40338 663.32062
0.00000 0.34259 0.00000 390.77182 638.83167
0.08800 0.34259 0.00000 429.54544 640.95941
0.11420 0.34259 0.00000 441.36423 641.69275
0.20220 0.34259 0.00000 480.72198 643.70233
0.22840 0.34259 0.00000 492.67966 644.43597
0.31640 0.34259 0.00000 532.69000 646.05316
0.34259 0.34259 0.00000 544.78900 646.77869
0.43059 0.34259 0.00000 584.91425 648.15106
0.45679 0.34259 0.00000 597.16986 648.72668
0.54479 0.34259 0.00000 636.88617 649.84650
0.57099 0.34259 0.00000 649.35266 650.35846
0.65899 0.34259 0.00000 688.52380 651.25415
0.00000 0.43059 0.00000 392.35529 599.32568
0.08800 0.43059 0.00000 430.83401 601.26642
0.11420 0.43059 0.00000 442.99652 601.94861
0.20220 0.43059 0.00000 482.25415 603.78143
0.22840 0.43059 0.00000 494.31915 604.48657
0.34259 0.43059 0.00000 546.21228 606.87036
0.43059 0.43059 0.00000 586.16400 608.23431
0.45679 0.43059 0.00000 598.43475 608.72968
0.54479 0.43059 0.00000 638.26202 610.10266
0.57099 0.43059 0.00000 650.54889 610.32861
0.65899 0.43059 0.00000 690.18054 611.78961
0.00000 0.45679 0.00000 392.83868 587.16779
0.08800 0.45679 0.00000 431.57532 589.01703
0.11420 0.45679 0.00000 443.47305 589.85364
0.20220 0.45679 0.00000 482.67609 591.63184
0.22840 0.45679 0.00000 494.72388 592.25159
0.31640 0.45679 0.00000 534.69720 593.82458
0.34259 0.45679 0.00000 546.83936 594.54718
0.43059 0.45679 0.00000 586.88696 595.96930
0.45679 0.45679 0.00000 599.19897 596.59540
0.54479 0.45679 0.00000 638.83063 597.83008
0.57099 0.45679 0.00000 651.19482 598.46277
0.65899 0.45679 0.00000 690.53534 599.48615
0.00000 0.54479 0.00000 394.89700 547.73108
0.08800 0.54479 0.00000 433.31503 549.41467
0.11420 0.54479 0.00000 445.23499 550.11884
0.20220 0.54479 0.00000 484.48135 551.63263
0.22840 0.54479 0.00000 496.71570 552.19171
0.31640 0.54479 0.00000 536.13232 553.97357
0.34259 0.54479 0.00000 548.49768 554.49561
0.43059 0.54479 0.00000 588.13452 556.08044
0.45679 0.54479 0.00000 600.58820 556.61230
0.54479 0.54479 0.00000 640.17511 558.11646
0.57099 0.54479 0.00000 652.53247 558.56561
0.00000 0.57099 0.00000 395.63031 535.58319
0.08800 0.57099 0.00000 434.23590 537.29303
0.11420 0.57099 0.00000 446.10361 537.86102
0.20220 0.57099 0.00000 484.90460 539.71680
0.22840 0.57099 0.00000 497.32089 540.26697
0.31640 0.57099 0.00000 536.76337 541.75745
0.34259 0.57099 0.00000 549.10040 542.48846
0.43059 0.57099 0.00000 588.81085 543.81506
0.45679 0.57099 0.00000 601.23608 544.51929
0.54479 0.57099 0.00000 640.80615 545.81006
0.57099 0.57099 0.00000 653.05505 546.58313
0.65899 0.57099 0.00000 692.33844 547.64337
0.00000 0.65899 0.00000 398.17529 496.34183
0.08800 0.65899 0.00000 436.37756 497.68436
0.11420 0.65899 0.00000 448.27979 498.36365
0.20220 0.65899 0.00000 487.18478 500.03134
0.22840 0.65899 0.00000 499.31311 500.37314
0.31640 0.65899 0.00000 538.49475 501.92050
0.34259 0.65899 0.00000 551.02966 502.38086
0.43059 0.65899 0.00000 590.38165 504.16525
0.45679 0.65899 0.00000 602.67902 504.54572
0.54479 0.65899 0.00000 642.06207 506.30807
0.57099 0.65899 0.00000 654.32672 507.01099
0.65899 0.65899 0.00000 693.55060 508.48004

gimbalangles:
-0.261799387799 0.174532925199 -0.0872664625997 

end: