T_CW:
0.98307 -0.11912 0.13922 -0.45544
-0.15124 -0.95648 0.24956 -0.03444
0.10343 -0.26639 -0.95830 1.50080
0.00000 0.00000 0.00000 1.00000

T_CW_cov:

target_points_pix:
0.00000 0.00000 0.00000 338.66833 319.50546
0.08800 0.00000 0.00000 406.03058 309.45447
0.11420 0.00000 0.00000 426.23987 306.43707
0.20220 0.00000 0.00000 492.67328 296.56436
0.22840 0.00000 0.00000 512.56470 293.62976
0.31640 0.00000 0.00000 578.29462 283.97974
0.34259 0.00000 0.00000 597.85052 281.20966
0.43059 0.00000 0.00000 662.56702 271.46579
0.45679 0.00000 0.00000 681.78638 268.53879
0.54479 0.00000 0.00000 745.66437 258.77069
0.57099 0.00000 0.00000 764.62097 256.14734
0.65899 0.00000 0.00000 827.79547 246.56969
0.00000 0.08800 0.00000 325.30264 252.81596
0.08800 0.08800 0.00000 393.66959 242.98407
0.11420 0.08800 0.00000 414.24866 239.95461
0.20220 0.08800 0.00000 481.71521 230.32974
0.22840 0.08800 0.00000 502.05548 227.48064
0.31640 0.08800 0.00000 568.53918 217.83124
0.34259 0.08800 0.00000 588.47437 215.11327
0.43059 0.08800 0.00000 654.24805 205.54501
0.45679 0.08800 0.00000 673.67175 202.69890
0.54479 0.08800 0.00000 738.49591 193.51053
0.57099 0.08800 0.00000 757.83569 190.58272
0.65899 0.08800 0.00000 821.78949 181.51450
0.00000 0.11420 0.00000 321.24969 232.46513
0.08800 0.11420 0.00000 389.96066 222.54730
0.11420 0.11420 0.00000 410.48831 219.63460
0.20220 0.11420 0.00000 478.43130 209.98778
0.22840 0.11420 0.00000 498.61435 207.22217
0.31640 0.11420 0.00000 565.61389 197.58408
0.34259 0.11420 0.00000 585.58887 194.84813
0.43059 0.11420 0.00000 651.59906 185.55623
0.45679 0.11420 0.00000 671.41766 182.72281
0.54479 0.11420 0.00000 736.42670 173.52834
0.57099 0.11420 0.00000 755.73486 170.60985
0.65899 0.11420 0.00000 820.09467 161.51518
0.00000 0.20220 0.00000 307.10773 163.26738
0.08800 0.20220 0.00000 377.08530 153.48051
0.11420 0.20220 0.00000 397.96631 150.64032
0.20220 0.20220 0.00000 466.79480 141.23418
0.22840 0.20220 0.00000 487.60370 138.49500
0.31640 0.20220 0.00000 555.60840 129.25230
0.34259 0.20220 0.00000 576.15417 126.46157
0.43059 0.20220 0.00000 643.24652 117.31207
0.45679 0.20220 0.00000 663.22174 114.57934
0.54479 0.20220 0.00000 729.38892 105.55316
0.57099 0.20220 0.00000 749.16815 102.71865
0.65899 0.20220 0.00000 814.38898 93.94114
0.00000 0.22840 0.00000 302.70129 141.80150
0.08800 0.22840 0.00000 373.04581 132.37634
0.11420 0.22840 0.00000 394.20859 129.50827
0.20220 0.22840 0.00000 463.44806 120.06413
0.22840 0.22840 0.00000 484.33521 117.45187
0.31640 0.22840 0.00000 552.61786 108.20997
0.34259 0.22840 0.00000 573.19550 105.53584
0.43059 0.22840 0.00000 640.54407 96.49713
0.45679 0.22840 0.00000 660.63397 93.67703
0.54479 0.22840 0.00000 727.27203 84.67003
0.00000 0.31640 0.00000 288.13315 69.58687
0.11420 0.31640 0.00000 381.16672 57.56687
0.20220 0.31640 0.00000 451.68393 48.50070
0.22840 0.31640 0.00000 472.84949 45.72757
0.31640 0.31640 0.00000 542.40021 36.78113
0.43059 0.31640 0.00000 631.69696 25.44825
0.45679 0.31640 0.00000 652.36792 22.60558
0.54479 0.31640 0.00000 719.74493 14.15332

gimbalangles:
-0.261799387799 0.174532925199 0.0872664625997 

end: