T_CW:
0.99763 0.03644 0.05832 -0.57898
0.04052 -0.99669 -0.07046 0.63100
0.05556 0.07266 -0.99581 1.37452
0.00000 0.00000 0.00000 1.00000

T_CW_cov:

target_points_pix:
0.00000 0.00000 0.00000 387.54074 791.03394
0.08800 0.00000 0.00000 426.33228 793.64374
0.11420 0.00000 0.00000 437.68796 794.42273
0.20220 0.00000 0.00000 477.16818 796.68457
0.22840 0.00000 0.00000 488.75275 797.52893
0.31640 0.00000 0.00000 528.46356 799.43555
0.34259 0.00000 0.00000 540.39362 799.78229
0.43059 0.00000 0.00000 580.18433 801.14441
0.54479 0.00000 0.00000 631.73895 802.16418
0.57099 0.00000 0.00000 643.67780 802.27484
0.65899 0.00000 0.00000 682.96350 802.46649
0.00000 0.08800 0.00000 388.08420 752.51636
0.08800 0.08800 0.00000 426.83591 755.10071
0.11420 0.08800 0.00000 438.54294 755.79401
0.20220 0.08800 0.00000 477.76514 758.16028
0.22840 0.08800 0.00000 489.66226 758.54517
0.31640 0.08800 0.00000 529.41705 760.58112
0.34259 0.08800 0.00000 541.40295 761.04987
0.43059 0.08800 0.00000 581.31836 762.47333
0.45679 0.08800 0.00000 593.30188 762.78107
0.54479 0.08800 0.00000 632.91083 763.73499
0.57099 0.08800 0.00000 644.87231 763.74121
0.65899 0.08800 0.00000 684.31537 764.39575
0.00000 0.11420 0.00000 388.36450 740.97821
0.08800 0.11420 0.00000 426.95636 743.45868
0.11420 0.11420 0.00000 438.76184 744.17566
0.20220 0.11420 0.00000 478.02780 746.46613
0.22840 0.11420 0.00000 489.98761 747.01941
0.31640 0.11420 0.00000 529.64960 748.76788
0.34259 0.11420 0.00000 541.67041 749.45398
0.43059 0.11420 0.00000 581.53546 750.68463
0.45679 0.11420 0.00000 593.68018 751.23969
0.54479 0.11420 0.00000 633.43909 752.11841
0.57099 0.11420 0.00000 645.45789 752.36249
0.65899 0.11420 0.00000 684.79321 752.65161
0.00000 0.20220 0.00000 389.10129 701.97888
0.08800 0.20220 0.00000 427.65118 704.45367
0.11420 0.20220 0.00000 439.61435 705.09961
0.20220 0.20220 0.00000 478.79654 707.35437
0.22840 0.20220 0.00000 490.88510 707.87372
0.31640 0.20220 0.00000 530.60724 709.70300
0.34259 0.20220 0.00000 542.78412 710.18530
0.43059 0.20220 0.00000 582.64691 711.74738
0.45679 0.20220 0.00000 594.92212 712.09509
0.54479 0.20220 0.00000 634.65674 713.34259
0.57099 0.20220 0.00000 646.65204 713.46875
0.65899 0.20220 0.00000 686.18323 714.05212
0.00000 0.22840 0.00000 389.35553 690.21289
0.08800 0.22840 0.00000 427.93768 692.55444
0.11420 0.22840 0.00000 439.79370 693.36737
0.20220 0.22840 0.00000 479.13507 695.41095
0.22840 0.22840 0.00000 491.26395 696.08307
0.31640 0.22840 0.00000 530.97833 697.87146
0.34259 0.22840 0.00000 543.21472 698.43488
0.43059 0.22840 0.00000 583.05316 699.93585
0.45679 0.22840 0.00000 595.43060 700.35638
0.54479 0.22840 0.00000 635.05157 701.34155
0.57099 0.22840 0.00000 647.07629 701.62219
0.65899 0.22840 0.00000 686.71960 702.14209
0.00000 0.31640 0.00000 390.37677 650.92462
0.08800 0.31640 0.00000 429.05212 653.07007
0.11420 0.31640 0.00000 440.82687 653.70648
0.20220 0.31640 0.00000 480.31747 655.76324
0.22840 0.31640 0.00000 492.45047 656.47888
0.31640 0.31640 0.00000 532.07916 658.30194
0.34259 0.31640 0.00000 544.30042 658.88934
0.43059 0.31640 0.00000 584.33130 660.47278
0.45679 0.31640 0.00000 596.58423 660.88263
0.54479 0.31640 0.00000 636.38623 661.94604
0.57099 0.31640 0.00000 648.91736 662.18793
0.65899 0.31640 0.00000 688.41650 663.32410
0.00000 0.34259 0.00000 390.82520 638.83722
0.08800 0.34259 0.00000 429.55768 640.94067
0.11420 0.34259 0.00000 441.37360 641.72113
0.20220 0.34259 0.00000 480.64093 643.67413
0.22840 0.34259 0.00000 492.75168 644.45288
0.31640 0.34259 0.00000 532.71387 646.03198
0.34259 0.34259 0.00000 544.86798 646.77039
0.43059 0.34259 0.00000 584.88672 648.12970
0.45679 0.34259 0.00000 597.15747 648.76202
0.54479 0.34259 0.00000 636.93121 649.89569
0.57099 0.34259 0.00000 649.34174 650.36902
0.65899 0.34259 0.00000 688.50598 651.22229
0.00000 0.43059 0.00000 392.35773 599.32916
0.08800 0.43059 0.00000 430.85788 601.21729
0.11420 0.43059 0.00000 442.91711 601.87518
0.20220 0.43059 0.00000 482.26813 603.74158
0.22840 0.43059 0.00000 494.30615 604.47363
0.31640 0.43059 0.00000 533.91333 606.15668
0.34259 0.43059 0.00000 546.23541 606.86090
0.43059 0.43059 0.00000 586.19916 608.25702
0.45679 0.43059 0.00000 598.37152 608.82874
0.54479 0.43059 0.00000 638.26239 610.09241
0.57099 0.43059 0.00000 650.65808 610.33954
0.65899 0.43059 0.00000 690.14471 611.78973
0.00000 0.45679 0.00000 392.86578 587.14673
0.08800 0.45679 0.00000 431.63702 589.06207
0.11420 0.45679 0.00000 443.45850 589.82910
0.20220 0.45679 0.00000 482.68231 591.61255
0.22840 0.45679 0.00000 494.70197 592.28149
0.31640 0.45679 0.00000 534.65387 593.78491
0.34259 0.45679 0.00000 546.83740 594.54108
0.43059 0.45679 0.00000 586.84161 595.92639
0.45679 0.45679 0.00000 599.20544 596.61823
0.54479 0.45679 0.00000 638.81982 597.82007
0.57099 0.45679 0.00000 651.25055 598.44019
0.65899 0.45679 0.00000 690.60083 599.54834
0.00000 0.54479 0.00000 394.90054 547.72839
0.08800 0.54479 0.00000 433.30197 549.35889
0.11420 0.54479 0.00000 445.31778 550.17194
0.20220 0.54479 0.00000 484.47583 551.64844
0.22840 0.54479 0.00000 496.74490 552.20703
0.31640 0.54479 0.00000 536.13184 553.97308
0.34259 0.54479 0.00000 548.44989 554.51282
0.43059 0.54479 0.00000 588.14398 556.06781
0.45679 0.54479 0.00000 600.50940 556.57520
0.54479 0.54479 0.00000 640.17694 558.12061
0.57099 0.54479 0.00000 652.59235 558.56970
0.00000 0.57099 0.00000 395.63443 535.55115
0.08800 0.57099 0.00000 434.18497 537.24579
0.11420 0.57099 0.00000 446.12088 537.86603
0.20220 0.57099 0.00000 484.91809 539.69727
0.22840 0.57099 0.00000 497.29807 540.27301
0.31640 0.57099 0.00000 536.75177 541.73572
0.34259 0.57099 0.00000 549.10309 542.47357
0.43059 0.57099 0.00000 588.78241 543.80865
0.45679 0.57099 0.00000 601.19324 544.55914
0.54479 0.57099 0.00000 640.78229 545.79327
0.57099 0.57099 0.00000 653.11829 546.54413
0.65899 0.57099 0.00000 692.41394 547.65521
0.00000 0.65899 0.00000 398.05829 496.37619
0.08800 0.65899 0.00000 436.30585 497.68607
0.11420 0.65899 0.00000 448.27063 498.35181
0.20220 0.65899 0.00000 487.15302 500.00189
0.22840 0.65899 0.00000 499.29001 500.35361
0.31640 0.65899 0.00000 538.55524 501.84738
0.34259 0.65899 0.00000 551.05005 502.35974
0.43059 0.65899 0.00000 590.38318 504.13086
0.45679 0.65899 0.00000 602.68781 504.54025
0.54479 0.65899 0.00000 642.06232 506.27963
0.57099 0.65899 0.00000 654.30145 506.99338
0.65899 0.65899 0.00000 693.58893 508.45099

gimbalangles:
-0.261799387799 0.174532925199 0.261799387799 

end: