T_CW:
0.99764 0.03637 0.05829 -0.57897
0.04046 -0.99668 -0.07060 0.63103
0.05553 0.07279 -0.99580 1.37453
0.00000 0.00000 0.00000 1.00000

T_CW_cov:

target_points_pix:
0.00000 0.00000 0.00000 387.57565 791.07556
0.08800 0.00000 0.00000 426.34866 793.65637
0.11420 0.00000 0.00000 437.77411 794.44281
0.20220 0.00000 0.00000 477.07358 796.79468
0.22840 0.00000 0.00000 488.79031 797.43091
0.31640 0.00000 0.00000 528.53784 799.41858
0.34259 0.00000 0.00000 540.45557 799.89606
0.43059 0.00000 0.00000 580.29950 801.16022
0.54479 0.00000 0.00000 631.81659 802.13123
0.57099 0.00000 0.00000 643.68457 802.25958
0.65899 0.00000 0.00000 682.99384 802.45679
0.00000 0.08800 0.00000 388.15210 752.56219
0.08800 0.08800 0.00000 426.76743 755.12354
0.11420 0.08800 0.00000 438.57150 755.75983
0.20220 0.08800 0.00000 477.80508 758.12122
0.22840 0.08800 0.00000 489.66202 758.57001
0.31640 0.08800 0.00000 529.39496 760.48590
0.34259 0.08800 0.00000 541.44055 761.13330
0.43059 0.08800 0.00000 581.35474 762.47174
0.45679 0.08800 0.00000 593.21820 762.73846
0.54479 0.08800 0.00000 632.80933 763.69128
0.57099 0.08800 0.00000 644.92358 763.85608
0.65899 0.08800 0.00000 684.35413 764.33600
0.00000 0.11420 0.00000 388.40164 741.02533
0.08800 0.11420 0.00000 426.95093 743.44940
0.11420 0.11420 0.00000 438.77939 744.14984
0.20220 0.11420 0.00000 477.99564 746.45636
0.22840 0.11420 0.00000 490.00525 747.00549
0.31640 0.11420 0.00000 529.65906 748.76361
0.34259 0.11420 0.00000 541.67798 749.38367
0.43059 0.11420 0.00000 581.59003 750.71008
0.45679 0.11420 0.00000 593.64612 751.19623
0.54479 0.11420 0.00000 633.39307 752.10034
0.57099 0.11420 0.00000 645.51190 752.37408
0.00000 0.20220 0.00000 389.02347 701.88147
0.08800 0.20220 0.00000 427.66864 704.39380
0.11420 0.20220 0.00000 439.61688 705.01825
0.20220 0.20220 0.00000 478.82782 707.38354
0.22840 0.20220 0.00000 490.85843 707.86841
0.31640 0.20220 0.00000 530.61517 709.73096
0.34259 0.20220 0.00000 542.78644 710.24243
0.43059 0.20220 0.00000 582.66431 711.79266
0.45679 0.20220 0.00000 594.91364 712.16510
0.54479 0.20220 0.00000 634.66913 713.33069
0.57099 0.20220 0.00000 646.67108 713.46991
0.65899 0.20220 0.00000 686.21594 714.09747
0.00000 0.22840 0.00000 389.33340 690.20288
0.08800 0.22840 0.00000 427.94449 692.54456
0.11420 0.22840 0.00000 439.86908 693.32648
0.20220 0.22840 0.00000 479.17221 695.45154
0.22840 0.22840 0.00000 491.25253 696.07288
0.31640 0.22840 0.00000 530.94196 697.85144
0.34259 0.22840 0.00000 543.20404 698.46210
0.43059 0.22840 0.00000 583.06879 699.90887
0.45679 0.22840 0.00000 595.38782 700.40338
0.54479 0.22840 0.00000 635.11340 701.40100
0.57099 0.22840 0.00000 647.15332 701.63281
0.65899 0.22840 0.00000 686.80896 702.15985
0.00000 0.31640 0.00000 390.31921 650.87250
0.08800 0.31640 0.00000 429.02985 653.07458
0.11420 0.31640 0.00000 440.88672 653.78027
0.20220 0.31640 0.00000 480.34991 655.76758
0.22840 0.31640 0.00000 492.45398 656.47900
0.31640 0.31640 0.00000 532.14673 658.32611
0.34259 0.31640 0.00000 544.30646 658.84552
0.43059 0.31640 0.00000 584.34631 660.45160
0.45679 0.31640 0.00000 596.54651 660.85492
0.54479 0.31640 0.00000 636.39062 661.96851
0.57099 0.31640 0.00000 648.80731 662.13092
0.65899 0.31640 0.00000 688.42737 663.31238
0.00000 0.34259 0.00000 390.83466 638.83954
0.08800 0.34259 0.00000 429.54288 640.92822
0.11420 0.34259 0.00000 441.35718 641.72186
0.20220 0.34259 0.00000 480.63110 643.67126
0.22840 0.34259 0.00000 492.78241 644.45941
0.31640 0.34259 0.00000 532.65955 646.04260
0.34259 0.34259 0.00000 544.84161 646.78931
0.43059 0.34259 0.00000 584.89954 648.11255
0.45679 0.34259 0.00000 597.15869 648.77264
0.54479 0.34259 0.00000 636.89758 649.87488
0.57099 0.34259 0.00000 649.37585 650.32220
0.65899 0.34259 0.00000 688.51270 651.19489
0.00000 0.43059 0.00000 392.32721 599.29657
0.08800 0.43059 0.00000 430.79968 601.30188
0.11420 0.43059 0.00000 442.93726 601.90253
0.20220 0.43059 0.00000 482.18927 603.83368
0.22840 0.43059 0.00000 494.28867 604.46265
0.31640 0.43059 0.00000 533.94843 606.15942
0.34259 0.43059 0.00000 546.23145 606.78955
0.43059 0.43059 0.00000 586.18073 608.22815
0.45679 0.43059 0.00000 598.41425 608.82605
0.54479 0.43059 0.00000 638.24347 610.09351
0.57099 0.43059 0.00000 650.61981 610.33734
0.00000 0.45679 0.00000 392.84570 587.17706
0.08800 0.45679 0.00000 431.61932 588.99170
0.11420 0.45679 0.00000 443.47583 589.82080
0.20220 0.45679 0.00000 482.66177 591.62799
0.22840 0.45679 0.00000 494.69849 592.27045
0.31640 0.45679 0.00000 534.68011 593.82703
0.34259 0.45679 0.00000 546.79883 594.59045
0.43059 0.45679 0.00000 586.80975 595.89728
0.45679 0.45679 0.00000 599.12744 596.67651
0.54479 0.45679 0.00000 638.82941 597.84753
0.57099 0.45679 0.00000 651.20734 598.50140
0.65899 0.45679 0.00000 690.49945 599.45679
0.00000 0.54479 0.00000 394.85666 547.71613
0.08800 0.54479 0.00000 433.32422 549.40155
0.11420 0.54479 0.00000 445.30838 550.14380
0.20220 0.54479 0.00000 484.46078 551.64069
0.22840 0.54479 0.00000 496.66092 552.10992
0.31640 0.54479 0.00000 536.13855 553.90576
0.34259 0.54479 0.00000 548.48596 554.53345
0.43059 0.54479 0.00000 588.14374 556.06250
0.45679 0.54479 0.00000 600.58124 556.57825
0.54479 0.54479 0.00000 640.14813 558.10638
0.57099 0.54479 0.00000 652.52386 558.58978
0.00000 0.57099 0.00000 395.61700 535.60687
0.08800 0.57099 0.00000 434.21646 537.28876
0.11420 0.57099 0.00000 446.09845 537.86047
0.20220 0.57099 0.00000 484.94336 539.70203
0.22840 0.57099 0.00000 497.27115 540.30066
0.31640 0.57099 0.00000 536.75433 541.74695
0.34259 0.57099 0.00000 549.07141 542.47845
0.43059 0.57099 0.00000 588.79071 543.79663
0.45679 0.57099 0.00000 601.19470 544.55121
0.54479 0.57099 0.00000 640.83191 545.83539
0.57099 0.57099 0.00000 653.00330 546.63586
0.65899 0.57099 0.00000 692.36176 547.64642
0.00000 0.65899 0.00000 398.15454 496.33307
0.08800 0.65899 0.00000 436.33774 497.66061
0.11420 0.65899 0.00000 448.26251 498.35080
0.20220 0.65899 0.00000 487.17093 500.05566
0.22840 0.65899 0.00000 499.28839 500.34515
0.31640 0.65899 0.00000 538.49268 501.89233
0.34259 0.65899 0.00000 551.08813 502.37476
0.43059 0.65899 0.00000 590.41748 504.15027
0.45679 0.65899 0.00000 602.69916 504.56366
0.54479 0.65899 0.00000 642.08887 506.27060
0.57099 0.65899 0.00000 654.25360 506.92358
0.65899 0.65899 0.00000 693.50629 508.50201

gimbalangles:
-0.261799387799 0.174532925199 0.436332312999 

end: