T_CW:
0.99625 0.05198 0.06911 -0.36990
0.05811 -0.99426 -0.08988 0.64970
0.06404 0.09356 -0.99355 1.35581
0.00000 0.00000 0.00000 1.00000

T_CW_cov:

target_points_pix:
0.00000 0.00000 0.00000 466.39551 809.85406
0.08800 0.00000 0.00000 506.83795 812.62109
0.11420 0.00000 0.00000 518.69244 813.42371
0.20220 0.00000 0.00000 559.30811 815.41724
0.22840 0.00000 0.00000 571.55206 816.18329
0.34259 0.00000 0.00000 624.12384 817.97266
0.43059 0.00000 0.00000 664.15173 818.99640
0.54479 0.00000 0.00000 715.65369 819.19586
0.57099 0.00000 0.00000 727.19580 819.25818
0.00000 0.08800 0.00000 467.66547 770.53345
0.08800 0.08800 0.00000 508.40518 773.36938
0.11420 0.08800 0.00000 520.53424 773.79572
0.20220 0.08800 0.00000 561.18158 776.16205
0.22840 0.08800 0.00000 573.41388 776.49200
0.31640 0.08800 0.00000 613.82788 778.22424
0.34259 0.08800 0.00000 625.86926 778.69250
0.43059 0.08800 0.00000 666.29858 779.71246
0.45679 0.08800 0.00000 678.21259 779.93280
0.54479 0.08800 0.00000 717.62054 780.48755
0.57099 0.08800 0.00000 729.53601 780.55621
0.65899 0.08800 0.00000 768.07684 780.92035
0.00000 0.11420 0.00000 468.34866 758.85358
0.08800 0.11420 0.00000 508.67084 761.40076
0.11420 0.11420 0.00000 520.98413 762.05750
0.20220 0.11420 0.00000 561.64160 764.29657
0.22840 0.11420 0.00000 573.73407 764.65973
0.31640 0.11420 0.00000 614.50330 766.37640
0.34259 0.11420 0.00000 626.71735 767.07068
0.43059 0.11420 0.00000 666.91382 768.02411
0.45679 0.11420 0.00000 679.02490 768.27112
0.54479 0.11420 0.00000 718.43860 769.16663
0.57099 0.11420 0.00000 730.26288 769.13232
0.65899 0.11420 0.00000 768.69012 769.35028
0.00000 0.20220 0.00000 469.85098 718.81744
0.08800 0.20220 0.00000 510.55450 721.46783
0.11420 0.20220 0.00000 522.89105 722.05786
0.20220 0.20220 0.00000 563.53723 724.38812
0.22840 0.20220 0.00000 575.83252 724.84979
0.31640 0.20220 0.00000 616.52356 726.83112
0.34259 0.20220 0.00000 628.61603 727.38641
0.43059 0.20220 0.00000 669.24280 728.58563
0.45679 0.20220 0.00000 681.18353 728.82971
0.54479 0.20220 0.00000 720.54413 729.70001
0.57099 0.20220 0.00000 732.48877 729.74438
0.65899 0.20220 0.00000 771.33289 730.41614
0.00000 0.22840 0.00000 470.61282 706.90411
0.11420 0.22840 0.00000 523.37152 710.27039
0.20220 0.22840 0.00000 563.99249 712.29950
0.22840 0.22840 0.00000 576.47430 713.16272
0.31640 0.22840 0.00000 617.29321 714.61981
0.34259 0.22840 0.00000 629.20520 715.05945
0.43059 0.22840 0.00000 669.62805 716.57373
0.45679 0.22840 0.00000 681.66376 716.77228
0.54479 0.22840 0.00000 721.30695 718.12469
0.57099 0.22840 0.00000 733.27948 718.16760
0.65899 0.22840 0.00000 771.73187 718.66425
0.00000 0.31640 0.00000 472.51474 666.29419
0.08800 0.31640 0.00000 513.08002 668.99542
0.11420 0.31640 0.00000 525.23822 669.89502
0.20220 0.31640 0.00000 566.10870 671.93628
0.22840 0.31640 0.00000 578.46173 672.76178
0.31640 0.31640 0.00000 619.26685 674.61450
0.34259 0.31640 0.00000 631.50439 674.77771
0.43059 0.31640 0.00000 671.70453 676.59430
0.45679 0.31640 0.00000 684.01379 677.08240
0.54479 0.31640 0.00000 723.61774 678.30713
0.57099 0.31640 0.00000 735.41382 678.47583
0.65899 0.31640 0.00000 774.25452 679.50354
0.00000 0.34259 0.00000 473.25284 654.30841
0.08800 0.34259 0.00000 513.66547 656.65613
0.11420 0.34259 0.00000 526.27222 657.54822
0.20220 0.34259 0.00000 566.81079 659.80023
0.22840 0.34259 0.00000 579.28772 660.48224
0.31640 0.34259 0.00000 619.69574 662.42786
0.34259 0.34259 0.00000 632.11609 663.05835
0.43059 0.34259 0.00000 672.47015 664.63940
0.45679 0.34259 0.00000 684.57922 665.27789
0.54479 0.34259 0.00000 723.98218 666.21814
0.57099 0.34259 0.00000 735.81091 666.52045
0.65899 0.34259 0.00000 774.63611 667.61658
0.00000 0.43059 0.00000 475.29681 613.60736
0.08800 0.43059 0.00000 515.94055 616.04382
0.11420 0.43059 0.00000 528.09320 616.96179
0.20220 0.43059 0.00000 569.01746 619.04138
0.22840 0.43059 0.00000 581.12329 619.98859
0.31640 0.43059 0.00000 621.97687 621.91833
0.34259 0.43059 0.00000 633.92181 622.41254
0.43059 0.43059 0.00000 674.50562 624.07849
0.54479 0.43059 0.00000 726.05389 626.11322
0.57099 0.43059 0.00000 737.84692 626.81305
0.65899 0.43059 0.00000 776.57397 627.84369
0.00000 0.45679 0.00000 476.31277 601.37079
0.08800 0.45679 0.00000 516.71967 603.73175
0.11420 0.45679 0.00000 529.14154 604.53094
0.20220 0.45679 0.00000 569.73022 606.71301
0.22840 0.45679 0.00000 582.23474 607.53412
0.31640 0.45679 0.00000 622.65906 609.63568
0.34259 0.45679 0.00000 634.95416 610.03430
0.43059 0.45679 0.00000 675.02142 612.08893
0.45679 0.45679 0.00000 687.29291 612.63422
0.54479 0.45679 0.00000 726.91687 614.05725
0.57099 0.45679 0.00000 738.56573 614.88519
0.65899 0.45679 0.00000 777.12872 616.13464
0.00000 0.54479 0.00000 478.94052 560.59259
0.08800 0.54479 0.00000 519.06482 562.96252
0.20220 0.54479 0.00000 571.94684 566.07874
0.22840 0.54479 0.00000 584.10303 567.01483
0.31640 0.54479 0.00000 624.86523 569.13367
0.34259 0.54479 0.00000 636.87061 569.79669
0.43059 0.54479 0.00000 676.98291 571.88562
0.45679 0.54479 0.00000 689.21936 572.26147
0.54479 0.54479 0.00000 728.49585 573.93439
0.57099 0.54479 0.00000 740.11743 574.96484
0.65899 0.54479 0.00000 779.00922 576.55627
0.00000 0.57099 0.00000 479.48914 548.45941
0.08800 0.57099 0.00000 519.83551 550.83997
0.11420 0.57099 0.00000 532.27972 551.61298
0.20220 0.57099 0.00000 572.77466 553.80035
0.22840 0.57099 0.00000 585.13702 554.67035
0.31640 0.57099 0.00000 625.46893 556.67322
0.34259 0.57099 0.00000 637.72186 557.49872
0.43059 0.57099 0.00000 677.92786 559.75763
0.45679 0.57099 0.00000 689.75940 560.20026
0.54479 0.57099 0.00000 729.11926 562.14502
0.57099 0.57099 0.00000 740.86578 562.96472
0.65899 0.57099 0.00000 779.35980 564.54877
0.00000 0.65899 0.00000 482.49277 507.88159
0.08800 0.65899 0.00000 522.63562 510.31107
0.11420 0.65899 0.00000 534.71576 511.25058
0.20220 0.65899 0.00000 574.84064 513.39435
0.22840 0.65899 0.00000 587.24585 514.24152
0.31640 0.65899 0.00000 627.55933 516.46979
0.34259 0.65899 0.00000 639.91565 516.95905
0.43059 0.65899 0.00000 679.80188 519.63184
0.45679 0.65899 0.00000 691.54437 520.37067
0.54479 0.65899 0.00000 730.86877 522.50555
0.57099 0.65899 0.00000 742.32379 523.26788
0.65899 0.65899 0.00000 780.63702 525.33392

gimbalangles:
-0.261799387799 0.349065850399 -0.436332312999 

end: