T_CW:
0.99764 0.03639 0.05814 -0.57896
0.04047 -0.99669 -0.07050 0.63098
0.05538 0.07269 -0.99582 1.37454
0.00000 0.00000 0.00000 1.00000

T_CW_cov:

target_points_pix:
0.00000 0.00000 0.00000 387.53503 790.97388
0.08800 0.00000 0.00000 426.40097 793.68842
0.11420 0.00000 0.00000 437.77823 794.40057
0.20220 0.00000 0.00000 477.15079 796.70563
0.22840 0.00000 0.00000 488.83316 797.51611
0.31640 0.00000 0.00000 528.51434 799.41260
0.34259 0.00000 0.00000 540.43561 799.87927
0.43059 0.00000 0.00000 580.25549 801.13440
0.54479 0.00000 0.00000 631.75055 802.11475
0.57099 0.00000 0.00000 643.61438 802.28113
0.65899 0.00000 0.00000 683.03925 802.47742
0.00000 0.08800 0.00000 388.16602 752.59021
0.08800 0.08800 0.00000 426.78845 755.08124
0.11420 0.08800 0.00000 438.56598 755.72876
0.20220 0.08800 0.00000 477.80420 758.11456
0.22840 0.08800 0.00000 489.69299 758.56744
0.31640 0.08800 0.00000 529.39258 760.47968
0.34259 0.08800 0.00000 541.41150 761.09479
0.43059 0.08800 0.00000 581.32861 762.49152
0.45679 0.08800 0.00000 593.30975 762.70435
0.54479 0.08800 0.00000 632.86121 763.62341
0.57099 0.08800 0.00000 644.93915 763.79663
0.65899 0.08800 0.00000 684.29620 764.39471
0.00000 0.11420 0.00000 388.40695 740.95874
0.08800 0.11420 0.00000 426.93881 743.45569
0.11420 0.11420 0.00000 438.78442 744.16260
0.20220 0.11420 0.00000 477.98849 746.43347
0.22840 0.11420 0.00000 490.03711 746.95825
0.31640 0.11420 0.00000 529.63184 748.73206
0.34259 0.11420 0.00000 541.71326 749.48102
0.43059 0.11420 0.00000 581.53955 750.71356
0.45679 0.11420 0.00000 593.58405 751.18750
0.54479 0.11420 0.00000 633.42670 752.15552
0.57099 0.11420 0.00000 645.47552 752.30536
0.65899 0.11420 0.00000 684.79315 752.66913
0.00000 0.20220 0.00000 389.04810 701.91205
0.08800 0.20220 0.00000 427.63644 704.44067
0.11420 0.20220 0.00000 439.59967 705.07397
0.20220 0.20220 0.00000 478.78650 707.35938
0.22840 0.20220 0.00000 490.93533 707.94336
0.31640 0.20220 0.00000 530.61743 709.69348
0.34259 0.20220 0.00000 542.76947 710.19446
0.43059 0.20220 0.00000 582.63513 711.76245
0.45679 0.20220 0.00000 594.90106 712.13391
0.54479 0.20220 0.00000 634.66589 713.33807
0.57099 0.20220 0.00000 646.67517 713.51282
0.65899 0.20220 0.00000 686.20868 714.09363
0.00000 0.22840 0.00000 389.33725 690.23181
0.08800 0.22840 0.00000 427.93835 692.52863
0.11420 0.22840 0.00000 439.88016 693.25012
0.20220 0.22840 0.00000 479.10233 695.40900
0.22840 0.22840 0.00000 491.26849 696.13770
0.31640 0.22840 0.00000 530.93347 697.85901
0.34259 0.22840 0.00000 543.21155 698.41956
0.43059 0.22840 0.00000 583.05170 699.86658
0.45679 0.22840 0.00000 595.41217 700.39618
0.54479 0.22840 0.00000 635.04486 701.39569
0.57099 0.22840 0.00000 647.21265 701.59821
0.65899 0.22840 0.00000 686.74408 702.08704
0.00000 0.31640 0.00000 390.30725 650.78485
0.08800 0.31640 0.00000 429.06668 653.06952
0.11420 0.31640 0.00000 440.97116 653.82269
0.20220 0.31640 0.00000 480.32840 655.78967
0.22840 0.31640 0.00000 492.41647 656.46008
0.31640 0.31640 0.00000 532.09991 658.35284
0.34259 0.31640 0.00000 544.23456 658.86304
0.43059 0.31640 0.00000 584.35724 660.43329
0.45679 0.31640 0.00000 596.59009 660.86902
0.54479 0.31640 0.00000 636.36957 661.90131
0.57099 0.31640 0.00000 648.89294 662.06677
0.65899 0.31640 0.00000 688.37939 663.33173
0.00000 0.34259 0.00000 390.78680 638.81860
0.08800 0.34259 0.00000 429.53207 640.91010
0.11420 0.34259 0.00000 441.35254 641.70728
0.20220 0.34259 0.00000 480.65952 643.64905
0.22840 0.34259 0.00000 492.67474 644.44775
0.31640 0.34259 0.00000 532.71185 646.00427
0.34259 0.34259 0.00000 544.86810 646.76703
0.43059 0.34259 0.00000 584.93713 648.12695
0.45679 0.34259 0.00000 597.18536 648.72406
0.54479 0.34259 0.00000 636.90179 649.88690
0.57099 0.34259 0.00000 649.39545 650.31989
0.65899 0.34259 0.00000 688.48621 651.19983
0.00000 0.43059 0.00000 392.32974 599.30579
0.08800 0.43059 0.00000 430.79892 601.31464
0.11420 0.43059 0.00000 442.92136 601.86365
0.20220 0.43059 0.00000 482.24570 603.77338
0.22840 0.43059 0.00000 494.29843 604.44745
0.31640 0.43059 0.00000 533.89362 606.16937
0.34259 0.43059 0.00000 546.18628 606.77704
0.43059 0.43059 0.00000 586.19312 608.25616
0.45679 0.43059 0.00000 598.35077 608.76843
0.54479 0.43059 0.00000 638.26672 610.06366
0.57099 0.43059 0.00000 650.61768 610.34216
0.65899 0.43059 0.00000 690.22589 611.76141
0.00000 0.45679 0.00000 392.90802 587.08679
0.11420 0.45679 0.00000 443.45108 589.85114
0.20220 0.45679 0.00000 482.65338 591.60785
0.22840 0.45679 0.00000 494.72079 592.26123
0.31640 0.45679 0.00000 534.66571 593.82257
0.34259 0.45679 0.00000 546.83789 594.54742
0.43059 0.45679 0.00000 586.83685 595.91956
0.45679 0.45679 0.00000 599.13751 596.61786
0.54479 0.45679 0.00000 638.81458 597.80841
0.57099 0.45679 0.00000 651.24597 598.38934
0.65899 0.45679 0.00000 690.56415 599.53235
0.00000 0.54479 0.00000 394.87442 547.69348
0.08800 0.54479 0.00000 433.30426 549.35754
0.11420 0.54479 0.00000 445.30731 550.13177
0.20220 0.54479 0.00000 484.48505 551.63678
0.22840 0.54479 0.00000 496.66245 552.14655
0.31640 0.54479 0.00000 536.13464 553.97656
0.34259 0.54479 0.00000 548.47400 554.45465
0.43059 0.54479 0.00000 588.18262 556.07794
0.45679 0.54479 0.00000 600.55261 556.46667
0.54479 0.54479 0.00000 640.16681 558.10260
0.57099 0.54479 0.00000 652.51331 558.49744
0.00000 0.57099 0.00000 395.60226 535.53998
0.08800 0.57099 0.00000 434.21152 537.26270
0.11420 0.57099 0.00000 446.08746 537.83624
0.20220 0.57099 0.00000 484.93781 539.67548
0.22840 0.57099 0.00000 497.28967 540.25818
0.31640 0.57099 0.00000 536.77960 541.77136
0.34259 0.57099 0.00000 549.18689 542.39685
0.43059 0.57099 0.00000 588.78717 543.81030
0.45679 0.57099 0.00000 601.21356 544.53082
0.54479 0.57099 0.00000 640.76520 545.77686
0.57099 0.57099 0.00000 653.10144 546.55237
0.65899 0.57099 0.00000 692.36566 547.63580
0.00000 0.65899 0.00000 398.12100 496.32263
0.08800 0.65899 0.00000 436.39087 497.63434
0.11420 0.65899 0.00000 448.25769 498.25259
0.20220 0.65899 0.00000 487.18475 500.02237
0.22840 0.65899 0.00000 499.29294 500.31281
0.31640 0.65899 0.00000 538.54443 501.89084
0.34259 0.65899 0.00000 551.04694 502.34106
0.43059 0.65899 0.00000 590.37585 504.13419
0.45679 0.65899 0.00000 602.69336 504.53189
0.54479 0.65899 0.00000 642.08612 506.24533
0.57099 0.65899 0.00000 654.24744 506.89966
0.65899 0.65899 0.00000 693.50647 508.50751

gimbalangles:
-0.261799387799 0.349065850399 -0.261799387799 

end: