T_CW:
0.95410 -0.29765 -0.03318 -0.12610
-0.27726 -0.91974 0.27786 -0.05587
-0.11322 -0.25590 -0.96005 1.56174
0.00000 0.00000 0.00000 1.00000

T_CW_cov:

target_points_pix:
0.00000 0.00000 0.00000 593.48462 304.77597
0.08800 0.00000 0.00000 655.13324 286.20172
0.11420 0.00000 0.00000 673.58899 280.49377
0.20220 0.00000 0.00000 736.22729 261.49039
0.22840 0.00000 0.00000 755.42810 255.77150
0.31640 0.00000 0.00000 819.00043 236.60513
0.34259 0.00000 0.00000 838.49945 230.79329
0.43059 0.00000 0.00000 903.33502 211.22597
0.54479 0.00000 0.00000 988.68085 184.99794
0.57099 0.00000 0.00000 1008.75854 179.08075
0.65899 0.00000 0.00000 1075.96631 158.66617
0.00000 0.08800 0.00000 572.71100 242.68088
0.08800 0.08800 0.00000 634.98401 223.51997
0.11420 0.08800 0.00000 653.92596 217.54190
0.20220 0.08800 0.00000 717.33093 197.92284
0.22840 0.08800 0.00000 736.42212 192.04314
0.31640 0.08800 0.00000 800.81067 172.17284
0.34259 0.08800 0.00000 820.47632 165.89610
0.43059 0.08800 0.00000 886.11139 145.62476
0.45679 0.08800 0.00000 906.09644 139.61688
0.54479 0.08800 0.00000 972.62805 118.95055
0.57099 0.08800 0.00000 993.21173 112.54322
0.65899 0.08800 0.00000 1061.00085 91.50019
0.00000 0.11420 0.00000 566.58752 223.66115
0.08800 0.11420 0.00000 628.80450 204.26080
0.11420 0.11420 0.00000 647.86615 198.28391
0.20220 0.11420 0.00000 711.54071 178.50052
0.22840 0.11420 0.00000 730.70453 172.55069
0.31640 0.11420 0.00000 795.47211 152.32697
0.34259 0.11420 0.00000 815.16553 146.09261
0.43059 0.11420 0.00000 880.78204 125.55777
0.45679 0.11420 0.00000 901.16754 119.23283
0.54479 0.11420 0.00000 967.78149 98.39539
0.00000 0.20220 0.00000 544.60461 159.54367
0.08800 0.20220 0.00000 607.89343 139.52664
0.11420 0.20220 0.00000 627.50726 133.38524
0.20220 0.20220 0.00000 691.49530 112.57194
0.22840 0.20220 0.00000 711.34381 106.41462
0.31640 0.20220 0.00000 776.60559 85.50661
0.34259 0.20220 0.00000 796.71368 79.20198
0.45679 0.20220 0.00000 883.72272 51.43378
0.54479 0.20220 0.00000 951.43762 29.64892
0.00000 0.22840 0.00000 538.34906 139.88564
0.08800 0.22840 0.00000 601.53906 119.47883
0.11420 0.22840 0.00000 620.77515 113.32841
0.20220 0.22840 0.00000 685.44806 92.53254
0.00000 0.31640 0.00000 515.56152 73.44630
0.11420 0.31640 0.00000 599.52460 45.63639
0.20220 0.31640 0.00000 664.92621 24.06013

gimbalangles:
-0.261799387799 0.349065850399 -0.0872664625997 

end: