T_CW:
0.94644 -0.29911 0.12164 -0.36171
-0.31970 -0.92090 0.22303 0.04453
0.04531 -0.24998 -0.96719 1.52576
0.00000 0.00000 0.00000 1.00000

T_CW_cov:

target_points_pix:
0.00000 0.00000 0.00000 414.31943 380.30133
0.08800 0.00000 0.00000 477.38950 358.80743
0.11420 0.00000 0.00000 496.26663 352.38684
0.20220 0.00000 0.00000 558.84692 331.21060
0.22840 0.00000 0.00000 577.57928 324.77393
0.31640 0.00000 0.00000 639.82245 303.59488
0.34259 0.00000 0.00000 658.58160 297.38522
0.43059 0.00000 0.00000 720.45276 276.27548
0.45679 0.00000 0.00000 739.16144 269.80380
0.54479 0.00000 0.00000 800.49713 248.75980
0.65899 0.00000 0.00000 880.47797 221.57535
0.00000 0.08800 0.00000 390.53528 318.10669
0.08800 0.08800 0.00000 454.33746 296.39093
0.11420 0.08800 0.00000 473.54041 289.88940
0.20220 0.08800 0.00000 537.02124 268.43005
0.22840 0.08800 0.00000 556.20288 262.03159
0.31640 0.08800 0.00000 619.22076 240.70457
0.34259 0.08800 0.00000 638.46271 234.35844
0.43059 0.08800 0.00000 701.18268 213.14743
0.45679 0.08800 0.00000 719.83331 206.65675
0.54479 0.08800 0.00000 782.24335 185.61458
0.57099 0.08800 0.00000 801.26086 179.28961
0.65899 0.08800 0.00000 863.38727 158.26866
0.00000 0.11420 0.00000 383.36969 298.90329
0.08800 0.11420 0.00000 447.47073 277.37872
0.11420 0.11420 0.00000 466.56345 270.78186
0.20220 0.11420 0.00000 530.64819 249.35606
0.22840 0.11420 0.00000 549.56683 242.81758
0.31640 0.11420 0.00000 613.16278 221.51117
0.34259 0.11420 0.00000 632.17542 214.98538
0.43059 0.11420 0.00000 695.19940 193.68095
0.45679 0.11420 0.00000 714.22437 187.28651
0.54479 0.11420 0.00000 776.79303 166.17972
0.57099 0.11420 0.00000 795.62085 159.75142
0.65899 0.11420 0.00000 858.15887 138.61775
0.00000 0.20220 0.00000 358.56119 234.50639
0.08800 0.20220 0.00000 423.58591 212.62918
0.11420 0.20220 0.00000 443.37589 206.21088
0.20220 0.20220 0.00000 507.92343 184.40384
0.22840 0.20220 0.00000 527.47845 177.91733
0.31640 0.20220 0.00000 591.69263 156.41623
0.34259 0.20220 0.00000 611.21295 149.94597
0.43059 0.20220 0.00000 675.21161 128.50124
0.45679 0.20220 0.00000 694.43616 121.99546
0.54479 0.20220 0.00000 757.89520 100.70064
0.57099 0.20220 0.00000 777.30371 94.27882
0.65899 0.20220 0.00000 840.44263 73.15179
0.00000 0.22840 0.00000 350.93259 214.77731
0.08800 0.22840 0.00000 416.43500 192.96616
0.11420 0.22840 0.00000 436.21509 186.27255
0.20220 0.22840 0.00000 500.91724 164.46263
0.22840 0.22840 0.00000 520.60889 157.89656
0.31640 0.22840 0.00000 585.42871 136.38405
0.34259 0.22840 0.00000 604.69885 129.76556
0.43059 0.22840 0.00000 669.11517 108.43305
0.45679 0.22840 0.00000 688.47986 101.88204
0.54479 0.22840 0.00000 752.30347 80.46189
0.00000 0.31640 0.00000 325.31030 147.97125
0.08800 0.31640 0.00000 391.49960 125.75789
0.11420 0.31640 0.00000 411.60535 119.19437
0.20220 0.31640 0.00000 477.65250 97.16415
0.22840 0.31640 0.00000 497.55804 90.55026
0.31640 0.31640 0.00000 563.27936 68.81079
0.43059 0.31640 0.00000 648.42010 40.58470
0.45679 0.31640 0.00000 668.08319 34.11952
0.54479 0.31640 0.00000 732.88104 12.49627
0.00000 0.34259 0.00000 317.42834 127.23828
0.08800 0.34259 0.00000 384.19315 105.23084
0.11420 0.34259 0.00000 404.33704 98.40487
0.20220 0.34259 0.00000 470.51761 76.42617
0.00000 0.43059 0.00000 290.52255 57.61802
0.08800 0.43059 0.00000 358.38971 35.32746
0.11420 0.43059 0.00000 378.73697 28.51048
0.20220 0.43059 0.00000 446.25812 6.27140

gimbalangles:
-0.261799387799 0.349065850399 0.0872664625997 

end: