T_CW:
0.91059 -0.29843 0.28594 -0.60241
-0.35214 -0.92239 0.15872 0.15784
0.21638 -0.24522 -0.94501 1.44255
0.00000 0.00000 0.00000 1.00000

T_CW_cov:

target_points_pix:
0.00000 0.00000 0.00000 209.20709 473.15210
0.08800 0.00000 0.00000 277.47150 447.06039
0.11420 0.00000 0.00000 297.60422 439.37259
0.20220 0.00000 0.00000 363.74988 414.16876
0.22840 0.00000 0.00000 383.43326 406.71365
0.31640 0.00000 0.00000 447.81879 382.27087
0.34259 0.00000 0.00000 467.01590 374.95963
0.43059 0.00000 0.00000 529.41461 351.36420
0.45679 0.00000 0.00000 547.76221 344.16092
0.54479 0.00000 0.00000 608.35352 321.10883
0.57099 0.00000 0.00000 626.32739 314.17590
0.65899 0.00000 0.00000 685.07947 291.79712
0.00000 0.08800 0.00000 181.28687 408.67044
0.08800 0.08800 0.00000 250.50150 382.99811
0.11420 0.08800 0.00000 271.40933 375.40143
0.20220 0.08800 0.00000 338.59256 350.51999
0.22840 0.08800 0.00000 358.61261 343.28656
0.31640 0.08800 0.00000 423.99481 319.36209
0.34259 0.08800 0.00000 443.49466 312.13864
0.43059 0.08800 0.00000 506.88474 288.75107
0.45679 0.08800 0.00000 525.63715 281.80466
0.54479 0.08800 0.00000 587.38251 259.26071
0.57099 0.08800 0.00000 605.54907 252.52530
0.65899 0.08800 0.00000 665.44983 230.64467
0.00000 0.11420 0.00000 172.69208 388.86884
0.08800 0.11420 0.00000 242.45154 363.40381
0.11420 0.11420 0.00000 263.39471 355.82300
0.20220 0.11420 0.00000 331.12772 331.15485
0.22840 0.11420 0.00000 351.19464 323.70160
0.31640 0.11420 0.00000 416.71045 299.84558
0.34259 0.11420 0.00000 436.43201 292.78064
0.43059 0.11420 0.00000 500.19647 269.65436
0.45679 0.11420 0.00000 519.27972 262.83569
0.54479 0.11420 0.00000 581.19073 240.44084
0.57099 0.11420 0.00000 599.45215 233.54684
0.65899 0.11420 0.00000 659.42731 211.64699
0.00000 0.20220 0.00000 143.47704 322.21356
0.08800 0.20220 0.00000 214.67505 297.26498
0.11420 0.20220 0.00000 235.71228 289.63205
0.20220 0.20220 0.00000 304.85107 265.40085
0.22840 0.20220 0.00000 325.56049 258.26291
0.31640 0.20220 0.00000 392.49374 234.72110
0.34259 0.20220 0.00000 412.44287 227.78220
0.43059 0.20220 0.00000 477.40683 205.15651
0.45679 0.20220 0.00000 496.57327 198.41449
0.54479 0.20220 0.00000 559.61774 176.25583
0.57099 0.20220 0.00000 578.34619 169.78607
0.65899 0.20220 0.00000 639.51428 148.27878
0.00000 0.22840 0.00000 134.46747 301.57535
0.08800 0.22840 0.00000 206.37915 276.77771
0.11420 0.22840 0.00000 227.55644 269.44839
0.20220 0.22840 0.00000 297.24783 245.30986
0.22840 0.22840 0.00000 317.72388 237.98534
0.31640 0.22840 0.00000 384.93079 214.71072
0.34259 0.22840 0.00000 405.03180 207.73257
0.43059 0.22840 0.00000 470.40225 185.21661
0.45679 0.22840 0.00000 489.70923 178.46269
0.54479 0.22840 0.00000 553.19659 156.63635
0.57099 0.22840 0.00000 571.94489 150.01341
0.65899 0.22840 0.00000 633.42737 128.82155
0.00000 0.31640 0.00000 104.45114 232.32857
0.08800 0.31640 0.00000 177.37646 207.80852
0.11420 0.31640 0.00000 199.38591 200.60921
0.20220 0.31640 0.00000 269.97812 177.11819
0.22840 0.31640 0.00000 291.25638 170.00012
0.31640 0.31640 0.00000 359.73709 147.25458
0.34259 0.31640 0.00000 380.44156 140.39456
0.43059 0.31640 0.00000 446.92038 118.20082
0.45679 0.31640 0.00000 466.56226 111.58205
0.54479 0.31640 0.00000 531.01471 90.28526
0.57099 0.31640 0.00000 550.31287 83.77266
0.65899 0.31640 0.00000 612.84943 63.08754
0.00000 0.34259 0.00000 94.80259 210.83385
0.08800 0.34259 0.00000 168.61011 186.52910
0.11420 0.34259 0.00000 190.58562 179.33652
0.20220 0.34259 0.00000 261.92200 155.89137
0.31640 0.34259 0.00000 352.25223 126.32869
0.34259 0.34259 0.00000 372.60919 119.59872
0.43059 0.34259 0.00000 439.53436 97.58279
0.00000 0.43059 0.00000 63.46410 138.48695
0.08800 0.43059 0.00000 138.67715 114.76895
0.11420 0.43059 0.00000 161.15320 107.72050
0.20220 0.43059 0.00000 233.65334 85.04755
0.31640 0.43059 0.00000 325.83667 56.07139
0.43059 0.43059 0.00000 415.01971 27.99142
0.00000 0.45679 0.00000 53.71292 115.94328
0.08800 0.45679 0.00000 129.38101 92.59335
0.00000 0.54479 0.00000 21.10096 40.73242
0.08800 0.54479 0.00000 98.31357 18.01917

gimbalangles:
-0.261799387799 0.349065850399 0.261799387799 

end: