T_CW:
0.90340 0.38039 -0.19792 -0.07210
0.41525 -0.89120 0.18255 -0.10905
-0.10695 -0.24710 -0.96307 1.56208
0.00000 0.00000 0.00000 1.00000

T_CW_cov:

target_points_pix:
0.00000 0.00000 0.00000 633.20660 265.07050
0.08800 0.00000 0.00000 691.65662 291.82367
0.11420 0.00000 0.00000 709.40686 300.03094
0.20220 0.00000 0.00000 768.72742 327.46027
0.22840 0.00000 0.00000 786.97760 335.71289
0.31640 0.00000 0.00000 847.24542 363.62964
0.34259 0.00000 0.00000 865.52216 372.04633
0.43059 0.00000 0.00000 926.94238 400.30106
0.45679 0.00000 0.00000 945.72052 408.74756
0.54479 0.00000 0.00000 1008.17181 437.46402
0.00000 0.08800 0.00000 657.57776 204.39557
0.08800 0.08800 0.00000 716.94714 231.42372
0.11420 0.08800 0.00000 735.15924 239.49181
0.20220 0.08800 0.00000 795.47327 266.87729
0.22840 0.08800 0.00000 813.93152 275.10199
0.31640 0.08800 0.00000 875.20319 302.90009
0.34259 0.08800 0.00000 893.89667 311.30280
0.43059 0.08800 0.00000 956.29822 339.57312
0.45679 0.08800 0.00000 975.27271 348.16113
0.54479 0.08800 0.00000 1038.48706 376.76569
0.57099 0.08800 0.00000 1057.85974 385.37119
0.65899 0.08800 0.00000 1122.40955 414.62704
0.00000 0.11420 0.00000 664.97247 185.98068
0.08800 0.11420 0.00000 724.74609 212.79137
0.11420 0.11420 0.00000 742.90302 220.93901
0.20220 0.11420 0.00000 803.56604 248.33392
0.22840 0.11420 0.00000 822.11194 256.58456
0.31640 0.11420 0.00000 883.70276 284.36710
0.34259 0.11420 0.00000 902.52667 292.82095
0.43059 0.11420 0.00000 965.18085 321.12613
0.45679 0.11420 0.00000 984.22589 329.60629
0.54479 0.11420 0.00000 1047.76379 358.28711
0.57099 0.11420 0.00000 1067.24451 366.83179
0.65899 0.11420 0.00000 1132.21399 396.10956
0.00000 0.20220 0.00000 690.16595 123.16859
0.08800 0.20220 0.00000 750.81354 150.12125
0.11420 0.20220 0.00000 769.37012 158.30861
0.20220 0.20220 0.00000 831.06439 185.57018
0.22840 0.20220 0.00000 850.03888 193.67110
0.31640 0.20220 0.00000 912.61816 221.62701
0.34259 0.20220 0.00000 931.65906 230.14127
0.43059 0.20220 0.00000 995.64166 258.32324
0.45679 0.20220 0.00000 1015.13165 266.79507
0.54479 0.20220 0.00000 1079.83044 295.56519
0.57099 0.20220 0.00000 1099.39502 304.29990
0.65899 0.20220 0.00000 1165.47742 333.44583
0.00000 0.22840 0.00000 697.80707 103.74594
0.08800 0.22840 0.00000 758.84399 130.81650
0.11420 0.22840 0.00000 777.42450 139.01564
0.20220 0.22840 0.00000 839.53900 166.37068
0.22840 0.22840 0.00000 858.39398 174.64145
0.31640 0.22840 0.00000 921.58398 202.39749
0.34259 0.22840 0.00000 940.80542 210.77184
0.43059 0.22840 0.00000 1004.85681 239.04494
0.45679 0.22840 0.00000 1024.43457 247.63228
0.54479 0.22840 0.00000 1089.65149 276.27612
0.57099 0.22840 0.00000 1109.34399 284.99503
0.00000 0.31640 0.00000 723.76373 38.84201
0.08800 0.31640 0.00000 785.97998 65.62082
0.11420 0.31640 0.00000 805.01807 73.76192
0.20220 0.31640 0.00000 867.98096 101.29552
0.22840 0.31640 0.00000 887.34277 109.47870
0.31640 0.31640 0.00000 951.58917 137.27121
0.34259 0.31640 0.00000 971.15417 145.67119
0.43059 0.31640 0.00000 1036.56067 173.97025
0.45679 0.31640 0.00000 1056.41809 182.52585
0.54479 0.31640 0.00000 1122.73743 211.26373
0.57099 0.31640 0.00000 1143.16724 219.96240
0.65899 0.31640 0.00000 1210.53174 249.14453
0.22840 0.34259 0.00000 896.27936 89.43985
0.31640 0.34259 0.00000 960.84271 117.30158
0.34259 0.34259 0.00000 980.50525 125.66359
0.43059 0.34259 0.00000 1046.14734 153.92451
0.45679 0.34259 0.00000 1066.26575 162.47668
0.54479 0.34259 0.00000 1132.95813 191.24091
0.57099 0.34259 0.00000 1153.41614 199.78365
0.65899 0.34259 0.00000 1221.33936 229.12408
0.22840 0.43059 0.00000 926.40759 21.68489
0.31640 0.43059 0.00000 992.08856 49.45232
0.34259 0.43059 0.00000 1012.30347 57.79323
0.43059 0.43059 0.00000 1079.26990 86.11877
0.45679 0.43059 0.00000 1099.46790 94.60198
0.54479 0.43059 0.00000 1167.56128 123.35721
0.57099 0.43059 0.00000 1188.41870 131.97751
0.65899 0.43059 0.00000 1257.70642 161.23138
0.57099 0.45679 0.00000 1199.09717 111.11629
0.65899 0.45679 0.00000 1268.82227 140.41542
0.57099 0.54479 0.00000 1235.44434 40.50486

gimbalangles:
-0.261799387799 -0.349065850399 -0.261799387799 

end: