T_CW:
0.84427 -0.29974 0.44426 -0.82436
-0.37238 -0.92426 0.08407 0.27665
0.38542 -0.23641 -0.89194 1.31173
0.00000 0.00000 0.00000 1.00000

T_CW_cov:

target_points_pix:
0.11420 0.00000 0.00000 75.15405 545.68414
0.20220 0.00000 0.00000 149.67931 514.07703
0.22840 0.00000 0.00000 171.58553 504.75360
0.31640 0.00000 0.00000 242.31030 474.99069
0.34259 0.00000 0.00000 262.70734 466.35583
0.43059 0.00000 0.00000 329.47192 437.99506
0.45679 0.00000 0.00000 349.25595 429.60608
0.54479 0.00000 0.00000 411.91968 402.85565
0.57099 0.00000 0.00000 430.49509 394.96289
0.65899 0.00000 0.00000 490.51685 369.66995
0.11420 0.08800 0.00000 43.28223 478.25082
0.20220 0.08800 0.00000 119.78587 447.55646
0.22840 0.08800 0.00000 142.26884 438.66495
0.31640 0.08800 0.00000 214.41437 409.79626
0.34259 0.08800 0.00000 235.49814 401.45325
0.43059 0.08800 0.00000 303.52542 374.27509
0.45679 0.08800 0.00000 323.47028 366.37085
0.54479 0.08800 0.00000 387.71005 340.53979
0.57099 0.08800 0.00000 406.66846 333.06979
0.65899 0.08800 0.00000 467.81931 308.72754
0.22840 0.11420 0.00000 133.26994 418.43808
0.31640 0.11420 0.00000 205.75000 389.90567
0.34259 0.11420 0.00000 227.10744 381.62170
0.43059 0.11420 0.00000 295.66971 354.77051
0.45679 0.11420 0.00000 315.59814 346.89221
0.54479 0.11420 0.00000 380.45239 321.46237
0.57099 0.11420 0.00000 399.57388 314.07648
0.65899 0.11420 0.00000 461.08383 289.99106
0.22840 0.20220 0.00000 102.78216 350.16040
0.31640 0.20220 0.00000 177.19754 322.69312
0.34259 0.20220 0.00000 199.04192 314.74500
0.43059 0.20220 0.00000 269.08905 289.04385
0.45679 0.20220 0.00000 289.70200 281.47913
0.54479 0.20220 0.00000 355.69174 257.11227
0.57099 0.20220 0.00000 375.31372 249.97731
0.65899 0.20220 0.00000 437.86386 226.94395
0.22840 0.22840 0.00000 93.60120 328.87888
0.31640 0.22840 0.00000 168.50592 302.03268
0.34259 0.22840 0.00000 190.43491 294.12366
0.43059 0.22840 0.00000 260.74887 268.69485
0.45679 0.22840 0.00000 281.56387 261.33121
0.54479 0.22840 0.00000 348.36978 237.24472
0.57099 0.22840 0.00000 367.73251 230.24963
0.65899 0.22840 0.00000 430.90540 207.54703
0.22840 0.31640 0.00000 62.07473 257.84531
0.31640 0.31640 0.00000 138.61929 232.16214
0.34259 0.31640 0.00000 161.18347 224.63629
0.43059 0.31640 0.00000 233.47987 200.36717
0.45679 0.31640 0.00000 254.71210 193.30307
0.54479 0.31640 0.00000 323.07358 170.44366
0.57099 0.31640 0.00000 343.15228 163.72406
0.65899 0.31640 0.00000 407.50919 142.28148
0.22840 0.34259 0.00000 52.39732 235.82599
0.31640 0.34259 0.00000 129.65543 210.64110
0.34259 0.34259 0.00000 152.29211 203.02094
0.43059 0.34259 0.00000 225.04266 179.34477
0.45679 0.34259 0.00000 246.54179 172.32980
0.54479 0.34259 0.00000 315.21158 149.77931
0.57099 0.34259 0.00000 335.52332 143.36224
0.22840 0.43059 0.00000 19.64285 161.80890
0.31640 0.43059 0.00000 98.60185 137.67798
0.34259 0.43059 0.00000 121.95561 130.68344
0.43059 0.43059 0.00000 196.65948 108.28117
0.45679 0.43059 0.00000 218.50598 101.69297
0.54479 0.43059 0.00000 288.76309 80.47637
0.57099 0.43059 0.00000 309.52954 74.33178
0.65899 0.43059 0.00000 375.79581 54.24006
0.34259 0.45679 0.00000 112.66122 108.47739
0.43059 0.45679 0.00000 187.71313 86.40634
0.34259 0.54479 0.00000 81.31892 33.34349
0.43059 0.54479 0.00000 158.42099 12.66867

gimbalangles:
-0.261799387799 0.349065850399 0.436332312999 

end: