T_CW:
0.99610 0.05114 0.07185 -0.37407
0.05767 -0.99409 -0.09198 0.65236
0.06672 0.09577 -0.99317 1.35386
0.00000 0.00000 0.00000 1.00000

T_CW_cov:

target_points_pix:
0.00000 0.00000 0.00000 464.41785 811.56659
0.08800 0.00000 0.00000 504.69870 813.82568
0.11420 0.00000 0.00000 517.05200 814.75720
0.20220 0.00000 0.00000 557.44818 816.63751
0.22840 0.00000 0.00000 569.59326 817.32916
0.31640 0.00000 0.00000 610.01361 818.92761
0.43059 0.00000 0.00000 662.24658 819.97229
0.45679 0.00000 0.00000 674.17670 820.18390
0.54479 0.00000 0.00000 713.58575 820.46735
0.57099 0.00000 0.00000 725.47614 820.46704
0.65899 0.00000 0.00000 763.88269 820.26709
0.00000 0.08800 0.00000 465.83591 772.08185
0.08800 0.08800 0.00000 506.08252 774.50940
0.11420 0.08800 0.00000 518.49408 775.41705
0.20220 0.08800 0.00000 558.89972 777.38074
0.22840 0.08800 0.00000 571.38062 778.08392
0.31640 0.08800 0.00000 612.19342 779.56012
0.34259 0.08800 0.00000 624.18964 779.81989
0.43059 0.08800 0.00000 664.30182 781.18823
0.45679 0.08800 0.00000 676.34698 781.38550
0.54479 0.08800 0.00000 716.00372 781.78558
0.57099 0.08800 0.00000 727.57642 782.03467
0.65899 0.08800 0.00000 766.23212 781.83771
0.00000 0.11420 0.00000 466.22745 760.01746
0.08800 0.11420 0.00000 506.93015 762.68042
0.11420 0.11420 0.00000 518.72510 763.41974
0.20220 0.11420 0.00000 559.86212 765.54645
0.22840 0.11420 0.00000 571.91840 766.10565
0.31640 0.11420 0.00000 612.56268 767.65424
0.34259 0.11420 0.00000 624.72845 768.02374
0.43059 0.11420 0.00000 664.76501 769.33673
0.45679 0.11420 0.00000 676.69714 769.50287
0.54479 0.11420 0.00000 716.51074 769.85181
0.57099 0.11420 0.00000 728.09412 769.99847
0.00000 0.20220 0.00000 467.79669 720.22766
0.08800 0.20220 0.00000 508.44110 722.80383
0.11420 0.20220 0.00000 520.62097 723.51581
0.20220 0.20220 0.00000 561.53333 725.76324
0.22840 0.20220 0.00000 573.69855 726.28662
0.31640 0.20220 0.00000 614.46985 727.78522
0.34259 0.20220 0.00000 626.85571 728.39349
0.43059 0.20220 0.00000 666.79773 729.72925
0.45679 0.20220 0.00000 679.09387 730.11212
0.54479 0.20220 0.00000 718.78668 731.09155
0.57099 0.20220 0.00000 730.38000 731.27374
0.08800 0.22840 0.00000 509.18518 710.60168
0.11420 0.22840 0.00000 521.06665 711.36169
0.20220 0.22840 0.00000 562.31769 713.59985
0.22840 0.22840 0.00000 574.28186 714.06299
0.31640 0.22840 0.00000 615.06866 716.11139
0.34259 0.22840 0.00000 627.40063 716.48956
0.43059 0.22840 0.00000 667.69244 718.05627
0.45679 0.22840 0.00000 679.76178 718.17706
0.54479 0.22840 0.00000 719.38660 718.75677
0.57099 0.22840 0.00000 730.86407 719.15662
0.65899 0.22840 0.00000 769.97473 719.87927
0.00000 0.31640 0.00000 470.44064 667.65076
0.08800 0.31640 0.00000 511.14389 670.30432
0.11420 0.31640 0.00000 523.25012 670.81384
0.20220 0.31640 0.00000 564.29755 673.43719
0.22840 0.31640 0.00000 576.46893 673.73779
0.31640 0.31640 0.00000 617.06628 675.94562
0.34259 0.31640 0.00000 629.40112 676.34186
0.43059 0.31640 0.00000 669.90692 678.07947
0.45679 0.31640 0.00000 681.73431 678.35919
0.54479 0.31640 0.00000 721.51373 679.24072
0.57099 0.31640 0.00000 733.07605 679.85785
0.65899 0.31640 0.00000 771.77521 680.38397
0.00000 0.34259 0.00000 470.73062 655.53882
0.08800 0.34259 0.00000 511.56134 658.28149
0.11420 0.34259 0.00000 523.70605 658.63812
0.20220 0.34259 0.00000 564.66687 661.22754
0.22840 0.34259 0.00000 576.78485 661.65021
0.31640 0.34259 0.00000 618.12054 663.64539
0.34259 0.34259 0.00000 629.95062 664.06744
0.43059 0.34259 0.00000 670.51282 665.72064
0.45679 0.34259 0.00000 682.37189 665.87256
0.54479 0.34259 0.00000 722.22491 667.34308
0.57099 0.34259 0.00000 734.07935 667.84485
0.65899 0.34259 0.00000 772.63245 668.71234
0.00000 0.43059 0.00000 473.30920 614.67523
0.08800 0.43059 0.00000 514.03937 617.28308
0.11420 0.43059 0.00000 526.07104 618.03522
0.20220 0.43059 0.00000 567.08362 620.32904
0.22840 0.43059 0.00000 579.20819 620.88824
0.31640 0.43059 0.00000 619.84229 623.05334
0.34259 0.43059 0.00000 632.32898 623.60437
0.43059 0.43059 0.00000 672.44861 625.48334
0.45679 0.43059 0.00000 684.51495 625.75623
0.54479 0.43059 0.00000 724.26984 627.49170
0.57099 0.43059 0.00000 736.04083 627.99103
0.65899 0.43059 0.00000 774.60718 629.26874
0.08800 0.45679 0.00000 514.50916 605.28119
0.11420 0.45679 0.00000 526.68744 605.69250
0.20220 0.45679 0.00000 567.51654 608.24707
0.22840 0.45679 0.00000 579.70325 608.61975
0.31640 0.45679 0.00000 620.56738 611.13263
0.34259 0.45679 0.00000 632.69788 611.39484
0.43059 0.45679 0.00000 672.83380 613.21692
0.45679 0.45679 0.00000 684.98877 613.77698
0.54479 0.45679 0.00000 724.53943 615.38171
0.57099 0.45679 0.00000 736.31866 615.76343
0.65899 0.45679 0.00000 774.94971 617.04584
0.00000 0.54479 0.00000 476.59027 561.69489
0.08800 0.54479 0.00000 517.09515 564.31494
0.11420 0.54479 0.00000 529.19946 564.95227
0.20220 0.54479 0.00000 570.05902 567.29065
0.22840 0.54479 0.00000 582.11169 568.07172
0.31640 0.54479 0.00000 622.66144 570.06958
0.34259 0.54479 0.00000 634.99695 570.95917
0.43059 0.54479 0.00000 674.97656 573.01636
0.45679 0.54479 0.00000 686.75012 573.56250
0.54479 0.54479 0.00000 726.41803 575.45312
0.57099 0.54479 0.00000 738.10205 575.95477
0.65899 0.54479 0.00000 776.50458 577.62549
0.00000 0.57099 0.00000 477.23779 549.74622
0.08800 0.57099 0.00000 517.62610 552.20795
0.11420 0.57099 0.00000 529.80090 552.72577
0.20220 0.57099 0.00000 570.48993 555.28247
0.22840 0.57099 0.00000 582.69006 555.71344
0.31640 0.57099 0.00000 623.19208 558.15009
0.34259 0.57099 0.00000 635.40796 558.65668
0.43059 0.57099 0.00000 675.62048 560.69342
0.45679 0.57099 0.00000 687.59418 561.30902
0.54479 0.57099 0.00000 726.70807 563.35431
0.57099 0.57099 0.00000 738.60565 563.73059
0.65899 0.57099 0.00000 776.88885 565.81769
0.00000 0.65899 0.00000 480.29990 509.30136
0.08800 0.65899 0.00000 520.39978 511.62250
0.11420 0.65899 0.00000 532.61957 512.18170
0.20220 0.65899 0.00000 573.15601 514.80878
0.22840 0.65899 0.00000 584.80298 515.45135
0.31640 0.65899 0.00000 625.48584 517.97540
0.34259 0.65899 0.00000 637.51654 518.43561
0.43059 0.65899 0.00000 677.42578 520.65833
0.45679 0.65899 0.00000 689.30017 521.34131
0.54479 0.65899 0.00000 728.44745 523.63086
0.57099 0.65899 0.00000 740.11713 524.26166
0.65899 0.65899 0.00000 778.39532 526.34149

gimbalangles:
-0.261799387799 0.349065850399 0.436332312999 

end: