T_CW:
0.92211 0.38529 -0.03544 -0.33237
0.38691 -0.91777 0.08941 0.05359
0.00192 -0.09616 -0.99536 1.53161
0.00000 0.00000 0.00000 1.00000

T_CW_cov:

target_points_pix:
0.11420 0.00000 0.00000 516.33185 420.74005
0.20220 0.00000 0.00000 577.09607 446.70810
0.22840 0.00000 0.00000 595.28320 454.57089
0.31640 0.00000 0.00000 655.88953 480.42929
0.34259 0.00000 0.00000 674.13721 488.30188
0.43059 0.00000 0.00000 734.88342 513.98254
0.45679 0.00000 0.00000 753.31653 521.89893
0.54479 0.00000 0.00000 814.11237 547.73981
0.57099 0.00000 0.00000 832.31891 555.45508
0.00000 0.08800 0.00000 461.70868 325.57669
0.08800 0.08800 0.00000 522.67480 351.60382
0.11420 0.08800 0.00000 540.93134 359.44946
0.20220 0.08800 0.00000 601.91736 385.46289
0.22840 0.08800 0.00000 620.33252 393.29193
0.31640 0.08800 0.00000 681.32367 419.29251
0.34259 0.08800 0.00000 699.69214 427.12897
0.43059 0.08800 0.00000 760.67517 453.06012
0.45679 0.08800 0.00000 779.05377 460.91193
0.54479 0.08800 0.00000 839.99536 486.86731
0.57099 0.08800 0.00000 858.41858 494.64008
0.65899 0.08800 0.00000 919.71753 520.72870
0.00000 0.11420 0.00000 469.03223 307.06036
0.08800 0.11420 0.00000 529.96631 333.11188
0.11420 0.11420 0.00000 548.41956 340.92700
0.20220 0.11420 0.00000 609.53375 366.95917
0.31640 0.11420 0.00000 688.99133 400.81552
0.34259 0.11420 0.00000 707.39819 408.65579
0.43059 0.11420 0.00000 768.46643 434.70926
0.45679 0.11420 0.00000 786.97858 442.49017
0.54479 0.11420 0.00000 848.02673 468.58066
0.57099 0.11420 0.00000 866.45380 476.40109
0.65899 0.11420 0.00000 927.68396 502.42859
0.00000 0.20220 0.00000 493.24582 244.76778
0.08800 0.20220 0.00000 554.87750 270.95670
0.11420 0.20220 0.00000 573.28174 278.92285
0.20220 0.20220 0.00000 634.73035 305.01855
0.22840 0.20220 0.00000 653.27295 312.94174
0.31640 0.20220 0.00000 714.65491 339.06570
0.34259 0.20220 0.00000 733.25507 347.04904
0.43059 0.20220 0.00000 794.54065 373.16565
0.45679 0.20220 0.00000 813.14221 381.00986
0.54479 0.20220 0.00000 874.54761 407.17322
0.57099 0.20220 0.00000 893.25488 415.09845
0.65899 0.20220 0.00000 954.72729 441.19510
0.00000 0.22840 0.00000 500.74585 225.84314
0.08800 0.22840 0.00000 562.10065 252.15852
0.11420 0.22840 0.00000 580.72406 259.93021
0.20220 0.22840 0.00000 642.30182 286.30582
0.22840 0.22840 0.00000 660.83099 294.01929
0.31640 0.22840 0.00000 722.39954 320.45999
0.34259 0.22840 0.00000 740.95093 328.24728
0.43059 0.22840 0.00000 802.45532 354.47253
0.45679 0.22840 0.00000 821.07758 362.30154
0.54479 0.22840 0.00000 882.73627 388.54849
0.57099 0.22840 0.00000 901.21881 396.42548
0.65899 0.22840 0.00000 962.87787 422.57309
0.00000 0.31640 0.00000 525.34210 162.59616
0.08800 0.31640 0.00000 587.34760 189.10451
0.11420 0.31640 0.00000 606.03430 197.00388
0.20220 0.31640 0.00000 667.86206 223.38075
0.22840 0.31640 0.00000 686.54492 231.35175
0.31640 0.31640 0.00000 748.50989 257.72787
0.34259 0.31640 0.00000 767.17786 265.61859
0.43059 0.31640 0.00000 829.18658 291.98785
0.45679 0.31640 0.00000 847.89056 299.80222
0.54479 0.31640 0.00000 909.84698 326.23737
0.57099 0.31640 0.00000 928.46130 334.17734
0.65899 0.31640 0.00000 990.51147 360.50790
0.00000 0.34259 0.00000 532.80023 143.35333
0.08800 0.34259 0.00000 594.98700 169.82414
0.11420 0.34259 0.00000 613.63629 177.71272
0.20220 0.34259 0.00000 675.63232 204.20384
0.22840 0.34259 0.00000 694.33380 212.20149
0.31640 0.34259 0.00000 756.53760 238.63177
0.34259 0.34259 0.00000 775.23798 246.63245
0.43059 0.34259 0.00000 837.17542 272.99789
0.45679 0.34259 0.00000 855.89209 280.92862
0.54479 0.34259 0.00000 917.97546 307.28796
0.57099 0.34259 0.00000 936.73419 315.25870
0.65899 0.34259 0.00000 998.93665 341.71396
0.00000 0.43059 0.00000 558.08032 79.06969
0.08800 0.43059 0.00000 620.53571 105.59873
0.11420 0.43059 0.00000 639.37756 113.65769
0.20220 0.43059 0.00000 701.72400 140.31212
0.22840 0.43059 0.00000 720.59174 148.27623
0.31640 0.43059 0.00000 783.01733 174.95439
0.34259 0.43059 0.00000 801.87329 182.79721
0.43059 0.43059 0.00000 864.38171 209.37384
0.45679 0.43059 0.00000 883.17889 217.41785
0.54479 0.43059 0.00000 945.62213 243.98523
0.57099 0.43059 0.00000 964.56952 252.07932
0.65899 0.43059 0.00000 1027.06604 278.49182
0.11420 0.45679 0.00000 647.10687 94.32724
0.20220 0.45679 0.00000 709.66321 120.78978
0.22840 0.45679 0.00000 728.46063 128.88197
0.31640 0.45679 0.00000 791.02881 155.61879
0.34259 0.45679 0.00000 809.95374 163.50308
0.43059 0.45679 0.00000 872.51129 190.09232
0.45679 0.45679 0.00000 891.30945 198.15663
0.54479 0.45679 0.00000 953.87189 224.72479
0.57099 0.45679 0.00000 972.77930 232.70540
0.65899 0.45679 0.00000 1035.55713 259.42581
0.11420 0.54479 0.00000 673.21661 29.32696
0.20220 0.54479 0.00000 736.17999 55.91225
0.22840 0.54479 0.00000 755.26428 64.10191
0.31640 0.54479 0.00000 818.02557 90.79066
0.34259 0.54479 0.00000 837.08850 98.82831
0.43059 0.54479 0.00000 899.88556 125.60598
0.45679 0.54479 0.00000 918.94379 133.67126
0.54479 0.54479 0.00000 981.79431 160.42900
0.57099 0.54479 0.00000 1000.77588 168.42061
0.65899 0.54479 0.00000 1063.90588 195.25929
0.34259 0.57099 0.00000 845.22009 79.27149
0.43059 0.57099 0.00000 908.30115 106.01869
0.45679 0.57099 0.00000 927.31329 114.05804
0.54479 0.57099 0.00000 990.22858 140.99255
0.57099 0.57099 0.00000 1009.28931 148.91754
0.65899 0.57099 0.00000 1072.51489 175.69366
0.34259 0.65899 0.00000 872.96973 13.31806
0.43059 0.65899 0.00000 936.29187 40.38900
0.45679 0.65899 0.00000 955.46265 48.46558
0.54479 0.65899 0.00000 1018.87177 75.48043
0.57099 0.65899 0.00000 1037.99951 83.56667
0.65899 0.65899 0.00000 1101.61230 110.53022

gimbalangles:
-0.10471975512 -0.349065850399 -0.0872664625997 

end: