T_CW:
0.99743 0.03528 0.06240 -0.58508
0.03978 -0.99659 -0.07235 0.63360
0.05964 0.07465 -0.99543 1.37195
0.00000 0.00000 0.00000 1.00000

T_CW_cov:

target_points_pix:
0.00000 0.00000 0.00000 384.64890 792.48718
0.08800 0.00000 0.00000 423.29681 794.93805
0.11420 0.00000 0.00000 434.92795 795.78601
0.20220 0.00000 0.00000 474.21841 798.06732
0.22840 0.00000 0.00000 485.85574 798.58221
0.31640 0.00000 0.00000 525.61694 800.47296
0.34259 0.00000 0.00000 537.54004 800.91547
0.43059 0.00000 0.00000 577.41193 802.20502
0.45679 0.00000 0.00000 589.40540 802.46716
0.54479 0.00000 0.00000 628.99286 802.96405
0.57099 0.00000 0.00000 640.81610 803.24304
0.65899 0.00000 0.00000 680.24756 803.37506
0.00000 0.08800 0.00000 385.08200 753.94299
0.08800 0.08800 0.00000 423.88995 756.38531
0.11420 0.08800 0.00000 435.56808 757.11536
0.20220 0.08800 0.00000 474.89325 759.38483
0.22840 0.08800 0.00000 486.78128 759.86725
0.31640 0.08800 0.00000 526.51447 761.67328
0.34259 0.08800 0.00000 538.53009 762.23676
0.43059 0.08800 0.00000 578.44501 763.56531
0.45679 0.08800 0.00000 590.42957 763.83093
0.54479 0.08800 0.00000 630.12805 764.64056
0.57099 0.08800 0.00000 642.12854 764.90106
0.65899 0.08800 0.00000 681.36395 765.24591
0.00000 0.11420 0.00000 385.30850 742.29132
0.08800 0.11420 0.00000 423.93219 744.71735
0.11420 0.11420 0.00000 435.83804 745.46460
0.20220 0.11420 0.00000 475.12119 747.63025
0.22840 0.11420 0.00000 487.10092 748.31848
0.31640 0.11420 0.00000 526.72919 749.88739
0.34259 0.11420 0.00000 538.83234 750.58777
0.43059 0.11420 0.00000 578.64893 751.80768
0.45679 0.11420 0.00000 590.69293 752.19427
0.54479 0.11420 0.00000 630.49274 753.10016
0.57099 0.11420 0.00000 642.56482 753.29401
0.65899 0.11420 0.00000 682.04205 753.66205
0.00000 0.20220 0.00000 386.19186 703.32806
0.08800 0.20220 0.00000 424.69183 705.59436
0.11420 0.20220 0.00000 436.62924 706.39819
0.20220 0.20220 0.00000 475.81317 708.44623
0.22840 0.20220 0.00000 487.95145 709.04736
0.31640 0.20220 0.00000 527.70270 710.78357
0.34259 0.20220 0.00000 539.97296 711.37903
0.43059 0.20220 0.00000 579.78467 712.73285
0.45679 0.20220 0.00000 592.06665 713.20874
0.54479 0.20220 0.00000 631.74554 714.20178
0.57099 0.20220 0.00000 643.79010 714.47198
0.65899 0.20220 0.00000 683.19928 714.83252
0.00000 0.22840 0.00000 386.41125 691.47876
0.08800 0.22840 0.00000 424.95557 693.77124
0.11420 0.22840 0.00000 436.86505 694.54926
0.20220 0.22840 0.00000 476.16724 696.61230
0.22840 0.22840 0.00000 488.32980 697.27057
0.31640 0.22840 0.00000 528.10901 698.99011
0.34259 0.22840 0.00000 540.32776 699.54797
0.43059 0.22840 0.00000 580.07574 700.92053
0.45679 0.22840 0.00000 592.39709 701.45593
0.54479 0.22840 0.00000 632.14874 702.28094
0.57099 0.22840 0.00000 644.26318 702.45239
0.65899 0.22840 0.00000 683.80341 703.06055
0.00000 0.31640 0.00000 387.28610 652.17413
0.08800 0.31640 0.00000 425.86954 654.39465
0.11420 0.31640 0.00000 437.84991 654.84839
0.20220 0.31640 0.00000 477.19147 656.97961
0.22840 0.31640 0.00000 489.38184 657.68896
0.31640 0.31640 0.00000 529.00647 659.39276
0.34259 0.31640 0.00000 541.30518 660.05365
0.43059 0.31640 0.00000 581.32526 661.51068
0.45679 0.31640 0.00000 593.55188 661.86218
0.54479 0.31640 0.00000 633.41443 662.74744
0.57099 0.31640 0.00000 645.80896 663.02856
0.65899 0.31640 0.00000 685.28406 664.34235
0.00000 0.34259 0.00000 387.62833 640.22656
0.08800 0.34259 0.00000 426.49194 642.24719
0.11420 0.34259 0.00000 438.42865 642.92371
0.20220 0.34259 0.00000 477.72998 644.80566
0.22840 0.34259 0.00000 489.88968 645.52545
0.31640 0.34259 0.00000 529.68463 647.18134
0.34259 0.34259 0.00000 541.90094 647.87329
0.43059 0.34259 0.00000 581.91681 649.14178
0.45679 0.34259 0.00000 594.20404 649.74127
0.54479 0.34259 0.00000 633.88312 650.83362
0.57099 0.34259 0.00000 646.36401 651.27631
0.65899 0.34259 0.00000 685.52655 652.22650
0.00000 0.43059 0.00000 389.32758 600.43011
0.08800 0.43059 0.00000 427.72409 602.41602
0.11420 0.43059 0.00000 439.79959 602.88519
0.20220 0.43059 0.00000 479.04373 604.96692
0.22840 0.43059 0.00000 491.15182 605.65912
0.34259 0.43059 0.00000 543.10217 607.84747
0.43059 0.43059 0.00000 583.10504 609.29077
0.45679 0.43059 0.00000 595.37238 609.93243
0.54479 0.43059 0.00000 635.17938 611.02051
0.57099 0.43059 0.00000 647.58978 611.42230
0.65899 0.43059 0.00000 687.18359 612.58685
0.00000 0.45679 0.00000 389.62509 588.37982
0.08800 0.45679 0.00000 428.46109 590.37457
0.11420 0.45679 0.00000 440.51321 590.90167
0.20220 0.45679 0.00000 479.68219 592.72852
0.22840 0.45679 0.00000 491.66574 593.38007
0.31640 0.45679 0.00000 531.54449 594.80469
0.34259 0.45679 0.00000 543.80121 595.63062
0.43059 0.45679 0.00000 583.79144 596.92847
0.45679 0.45679 0.00000 596.15460 597.67920
0.54479 0.45679 0.00000 635.79163 598.83514
0.57099 0.45679 0.00000 648.23163 599.38586
0.65899 0.45679 0.00000 687.46539 600.43060
0.00000 0.54479 0.00000 391.71008 548.75006
0.08800 0.54479 0.00000 430.37155 550.52802
0.11420 0.54479 0.00000 442.22491 551.19934
0.20220 0.54479 0.00000 481.27234 552.82037
0.22840 0.54479 0.00000 493.54581 553.40997
0.31640 0.54479 0.00000 532.97534 555.03973
0.34259 0.54479 0.00000 545.34290 555.68945
0.43059 0.54479 0.00000 585.05786 557.10913
0.45679 0.54479 0.00000 597.27069 557.69037
0.54479 0.54479 0.00000 636.98523 559.08856
0.57099 0.54479 0.00000 649.35211 559.62903
0.00000 0.57099 0.00000 392.60989 536.76788
0.08800 0.57099 0.00000 431.11185 538.39685
0.11420 0.57099 0.00000 442.98090 538.94025
0.20220 0.57099 0.00000 481.85742 540.76489
0.22840 0.57099 0.00000 494.27432 541.35730
0.31640 0.57099 0.00000 533.73999 542.76984
0.34259 0.57099 0.00000 546.12030 543.46979
0.43059 0.57099 0.00000 585.74603 544.82208
0.45679 0.57099 0.00000 598.03644 545.70190
0.54479 0.57099 0.00000 637.68195 546.76459
0.57099 0.57099 0.00000 649.96057 547.49603
0.65899 0.57099 0.00000 689.11737 548.56232
0.00000 0.65899 0.00000 394.86456 497.55298
0.08800 0.65899 0.00000 433.15039 498.87735
0.11420 0.65899 0.00000 444.95850 499.60175
0.20220 0.65899 0.00000 484.13931 501.09949
0.22840 0.65899 0.00000 496.31787 501.44174
0.31640 0.65899 0.00000 535.38885 503.06561
0.34259 0.65899 0.00000 547.93402 503.56366
0.43059 0.65899 0.00000 587.21527 505.11295
0.45679 0.65899 0.00000 599.42053 505.81091
0.54479 0.65899 0.00000 638.86780 507.32474
0.57099 0.65899 0.00000 651.23395 508.10101
0.65899 0.65899 0.00000 690.42743 509.52792

gimbalangles:
-0.10471975512 -0.349065850399 0.0872664625997 

end: