T_CW:
0.99603 0.05083 0.07307 -0.37607
0.05743 -0.99416 -0.09132 0.65227
0.06801 0.09515 -0.99314 1.35347
0.00000 0.00000 0.00000 1.00000

T_CW_cov:

target_points_pix:
0.00000 0.00000 0.00000 463.26865 811.55029
0.08800 0.00000 0.00000 503.79657 814.13409
0.11420 0.00000 0.00000 515.65808 814.54663
0.20220 0.00000 0.00000 556.54810 816.90765
0.22840 0.00000 0.00000 568.59845 817.42383
0.31640 0.00000 0.00000 609.19867 818.76556
0.34259 0.00000 0.00000 621.18280 819.19073
0.54479 0.00000 0.00000 712.85016 820.22522
0.57099 0.00000 0.00000 724.41602 820.20587
0.00000 0.08800 0.00000 464.86981 771.90430
0.08800 0.08800 0.00000 505.37823 774.51324
0.11420 0.08800 0.00000 517.54095 775.10028
0.20220 0.08800 0.00000 558.32068 777.42297
0.22840 0.08800 0.00000 570.48596 777.71021
0.31640 0.08800 0.00000 610.73956 779.46716
0.34259 0.08800 0.00000 623.05469 779.87225
0.43059 0.08800 0.00000 663.34595 780.68292
0.45679 0.08800 0.00000 675.31421 780.88605
0.54479 0.08800 0.00000 714.66486 781.56757
0.57099 0.08800 0.00000 726.57043 781.62933
0.65899 0.08800 0.00000 765.14575 781.81189
0.00000 0.11420 0.00000 465.31247 760.28809
0.11420 0.11420 0.00000 518.23486 763.36853
0.20220 0.11420 0.00000 558.61829 765.55261
0.22840 0.11420 0.00000 570.84723 765.91388
0.31640 0.11420 0.00000 611.60883 767.71912
0.34259 0.11420 0.00000 623.76404 768.14307
0.43059 0.11420 0.00000 663.99152 769.14447
0.45679 0.11420 0.00000 676.17517 769.39557
0.54479 0.11420 0.00000 715.52527 770.14648
0.57099 0.11420 0.00000 727.30627 770.20282
0.65899 0.11420 0.00000 765.80920 770.07593
0.00000 0.20220 0.00000 467.03873 720.15765
0.08800 0.20220 0.00000 507.43900 722.54883
0.11420 0.20220 0.00000 519.87439 723.33691
0.20220 0.20220 0.00000 560.50140 725.55933
0.22840 0.20220 0.00000 572.95428 726.05157
0.31640 0.20220 0.00000 613.53711 728.16077
0.34259 0.20220 0.00000 625.62579 728.40308
0.43059 0.20220 0.00000 666.21600 729.73499
0.45679 0.20220 0.00000 678.16187 729.96167
0.54479 0.20220 0.00000 717.61121 730.56610
0.57099 0.20220 0.00000 729.54620 730.66327
0.65899 0.20220 0.00000 768.25848 731.41180
0.00000 0.22840 0.00000 467.45972 708.32635
0.08800 0.22840 0.00000 507.80823 710.65613
0.11420 0.22840 0.00000 520.40454 711.47736
0.20220 0.22840 0.00000 560.86682 713.63727
0.22840 0.22840 0.00000 573.43738 714.33490
0.31640 0.22840 0.00000 614.19666 715.84491
0.34259 0.22840 0.00000 626.20959 716.26050
0.43059 0.22840 0.00000 666.68707 717.70544
0.45679 0.22840 0.00000 678.66895 717.80371
0.54479 0.22840 0.00000 718.30054 719.17474
0.57099 0.22840 0.00000 730.23456 719.20337
0.65899 0.22840 0.00000 768.71777 719.63959
0.00000 0.31640 0.00000 469.24652 667.88037
0.08800 0.31640 0.00000 509.82986 670.19568
0.11420 0.31640 0.00000 522.19006 671.13586
0.20220 0.31640 0.00000 562.95123 673.17413
0.22840 0.31640 0.00000 575.35480 674.10870
0.31640 0.31640 0.00000 616.23956 675.74011
0.34259 0.31640 0.00000 628.40875 676.07373
0.43059 0.31640 0.00000 668.66400 677.73022
0.45679 0.31640 0.00000 681.05109 677.98077
0.54479 0.31640 0.00000 720.48999 679.42255
0.57099 0.31640 0.00000 732.40851 679.59961
0.65899 0.31640 0.00000 771.15454 680.39911
0.00000 0.34259 0.00000 470.26666 655.52686
0.08800 0.34259 0.00000 510.62943 657.78699
0.11420 0.34259 0.00000 523.03351 658.80847
0.20220 0.34259 0.00000 563.78992 660.81232
0.22840 0.34259 0.00000 576.27478 661.66461
0.31640 0.34259 0.00000 616.68170 663.59637
0.34259 0.34259 0.00000 629.11664 664.10443
0.43059 0.34259 0.00000 669.39703 665.89526
0.45679 0.34259 0.00000 681.59027 666.22870
0.54479 0.34259 0.00000 720.85547 667.26709
0.57099 0.34259 0.00000 732.66516 667.59821
0.65899 0.34259 0.00000 771.57819 668.47394
0.00000 0.43059 0.00000 472.07184 614.96338
0.08800 0.43059 0.00000 512.73767 617.26685
0.11420 0.43059 0.00000 525.11761 618.01447
0.20220 0.43059 0.00000 565.76117 620.25092
0.22840 0.43059 0.00000 578.02954 621.00458
0.31640 0.43059 0.00000 618.92609 623.06982
0.34259 0.43059 0.00000 630.80603 623.60651
0.43059 0.43059 0.00000 671.37695 625.08081
0.54479 0.43059 0.00000 722.84784 627.21680
0.57099 0.43059 0.00000 734.82697 627.76044
0.65899 0.43059 0.00000 773.49854 628.74762
0.00000 0.45679 0.00000 473.22757 602.52759
0.08800 0.45679 0.00000 513.50360 604.74634
0.11420 0.45679 0.00000 525.94543 605.86700
0.20220 0.45679 0.00000 566.59839 607.78705
0.22840 0.45679 0.00000 579.02155 608.76501
0.31640 0.45679 0.00000 619.53723 610.59961
0.34259 0.45679 0.00000 631.91077 611.25269
0.43059 0.45679 0.00000 672.03204 613.11639
0.45679 0.45679 0.00000 684.21204 613.76813
0.54479 0.45679 0.00000 723.77716 614.98877
0.57099 0.45679 0.00000 735.34955 615.84460
0.65899 0.45679 0.00000 773.94366 616.97845
0.00000 0.54479 0.00000 475.44077 562.15527
0.08800 0.54479 0.00000 515.78723 564.20062
0.11420 0.54479 0.00000 528.04291 565.04309
0.20220 0.54479 0.00000 568.74213 567.24817
0.22840 0.54479 0.00000 581.11871 568.02124
0.31640 0.54479 0.00000 621.67401 570.24664
0.34259 0.54479 0.00000 633.85583 570.79578
0.43059 0.54479 0.00000 673.85150 572.87555
0.45679 0.54479 0.00000 686.21161 573.32654
0.54479 0.54479 0.00000 725.23260 574.86841
0.57099 0.54479 0.00000 737.00220 575.91003
0.65899 0.54479 0.00000 775.70166 577.51562
0.00000 0.57099 0.00000 476.35428 549.62128
0.08800 0.57099 0.00000 516.78491 551.85907
0.11420 0.57099 0.00000 528.98883 552.82550
0.20220 0.57099 0.00000 569.54633 554.79657
0.22840 0.57099 0.00000 581.94897 555.91656
0.31640 0.57099 0.00000 622.20331 557.81915
0.34259 0.57099 0.00000 634.37561 558.65216
0.43059 0.57099 0.00000 674.49060 560.90747
0.45679 0.57099 0.00000 686.54187 561.38000
0.54479 0.57099 0.00000 725.99060 563.07086
0.57099 0.57099 0.00000 737.72070 564.09802
0.65899 0.57099 0.00000 776.17780 565.60449
0.00000 0.65899 0.00000 479.00134 509.19070
0.08800 0.65899 0.00000 519.12646 511.61624
0.11420 0.65899 0.00000 531.41736 512.34460
0.20220 0.65899 0.00000 571.70941 514.60742
0.22840 0.65899 0.00000 584.19507 515.23010
0.31640 0.65899 0.00000 624.40625 517.62695
0.34259 0.65899 0.00000 636.61139 518.11615
0.43059 0.65899 0.00000 676.33148 520.69855
0.45679 0.65899 0.00000 688.30707 521.31934
0.54479 0.65899 0.00000 727.57959 523.53864
0.57099 0.65899 0.00000 739.20245 524.21008
0.65899 0.65899 0.00000 777.48889 526.37201

gimbalangles:
-0.10471975512 -0.349065850399 0.0872664625997 

end: