T_CW:
0.87649 0.38615 0.28750 -0.82005
0.33833 -0.91892 0.20277 -0.11211
0.34249 -0.08045 -0.93607 1.33846
0.00000 0.00000 0.00000 1.00000

T_CW_cov:

target_points_pix:
0.11420 0.00000 0.00000 90.27596 284.10681
0.20220 0.00000 0.00000 164.86751 310.03610
0.22840 0.00000 0.00000 186.61484 317.66693
0.31640 0.00000 0.00000 257.24982 342.38727
0.43059 0.00000 0.00000 345.07297 372.83667
0.45679 0.00000 0.00000 364.99930 379.56219
0.54479 0.00000 0.00000 428.87927 401.70648
0.57099 0.00000 0.00000 447.64493 408.06857
0.65899 0.00000 0.00000 508.64227 429.24399
0.11420 0.08800 0.00000 115.60265 215.35005
0.20220 0.08800 0.00000 189.81451 242.71109
0.22840 0.08800 0.00000 211.54440 250.72055
0.31640 0.08800 0.00000 282.00000 276.83618
0.34259 0.08800 0.00000 302.60150 284.38428
0.43059 0.08800 0.00000 369.52020 309.10992
0.45679 0.08800 0.00000 389.24478 316.35345
0.54479 0.08800 0.00000 453.11765 339.72806
0.57099 0.08800 0.00000 471.77432 346.55014
0.65899 0.08800 0.00000 532.65387 368.91763
0.00000 0.11420 0.00000 21.96876 156.53157
0.08800 0.11420 0.00000 99.91593 185.90866
0.11420 0.11420 0.00000 123.14113 194.57466
0.20220 0.11420 0.00000 197.37788 222.45915
0.22840 0.11420 0.00000 219.13885 230.62753
0.31640 0.11420 0.00000 289.43741 257.02612
0.34259 0.11420 0.00000 310.08301 264.79468
0.43059 0.11420 0.00000 376.97418 289.87790
0.45679 0.11420 0.00000 396.59131 297.26700
0.54479 0.11420 0.00000 460.47626 321.09332
0.57099 0.11420 0.00000 479.13806 327.94324
0.65899 0.11420 0.00000 539.78162 350.77423
0.00000 0.20220 0.00000 47.17359 84.71307
0.08800 0.20220 0.00000 125.38258 115.84803
0.11420 0.20220 0.00000 148.46352 125.00574
0.20220 0.20220 0.00000 222.50481 154.40189
0.22840 0.20220 0.00000 244.18961 163.13533
0.31640 0.20220 0.00000 314.62732 191.09978
0.34259 0.20220 0.00000 335.10440 199.23930
0.43059 0.20220 0.00000 401.97891 225.69394
0.45679 0.20220 0.00000 421.48865 233.49597
0.54479 0.20220 0.00000 485.04807 258.61658
0.57099 0.20220 0.00000 503.70303 265.97028
0.65899 0.20220 0.00000 564.22620 290.01486
0.11420 0.22840 0.00000 156.01131 103.87637
0.20220 0.22840 0.00000 230.07101 133.77588
0.22840 0.22840 0.00000 251.66701 142.54945
0.31640 0.22840 0.00000 322.08701 171.02098
0.34259 0.22840 0.00000 342.69867 179.35201
0.43059 0.22840 0.00000 409.34796 206.30180
0.45679 0.22840 0.00000 429.03683 214.14856
0.54479 0.22840 0.00000 492.53705 239.66637
0.57099 0.22840 0.00000 511.14548 247.24487
0.65899 0.22840 0.00000 571.64673 271.57330
0.11420 0.31640 0.00000 181.67744 33.31609
0.20220 0.31640 0.00000 255.75453 64.91737
0.22840 0.31640 0.00000 277.42084 74.19505
0.31640 0.31640 0.00000 347.55627 104.05178
0.34259 0.31640 0.00000 368.20352 112.96842
0.43059 0.31640 0.00000 434.70099 141.24960
0.45679 0.31640 0.00000 454.25198 149.52892
0.54479 0.31640 0.00000 517.60706 176.48392
0.57099 0.31640 0.00000 536.22485 184.45895
0.65899 0.31640 0.00000 596.58453 210.12613
0.34259 0.34259 0.00000 375.93289 92.67049
0.43059 0.34259 0.00000 442.43439 121.57657
0.45679 0.34259 0.00000 461.95996 129.77220
0.54479 0.34259 0.00000 525.21014 157.46251
0.57099 0.34259 0.00000 543.76959 165.41624
0.65899 0.34259 0.00000 604.01489 191.50085
0.34259 0.43059 0.00000 401.67618 25.21032
0.43059 0.43059 0.00000 468.10806 55.56897
0.45679 0.43059 0.00000 487.56741 64.36582
0.54479 0.43059 0.00000 550.73010 93.23347
0.57099 0.43059 0.00000 569.25793 101.67757
0.65899 0.43059 0.00000 629.40912 129.09972
0.57099 0.54479 0.00000 602.67297 17.69329
0.65899 0.54479 0.00000 662.61426 47.13652

gimbalangles:
-0.10471975512 -0.349065850399 0.261799387799 

end: