T_CW:
0.99603 0.05080 0.07304 -0.37606
0.05740 -0.99417 -0.09123 0.65228
0.06798 0.09506 -0.99315 1.35350
0.00000 0.00000 0.00000 1.00000

T_CW_cov:

target_points_pix:
0.00000 0.00000 0.00000 463.26196 811.50281
0.08800 0.00000 0.00000 503.76300 814.17383
0.11420 0.00000 0.00000 515.71252 814.56049
0.20220 0.00000 0.00000 556.47076 816.81720
0.22840 0.00000 0.00000 568.60760 817.45874
0.31640 0.00000 0.00000 609.26782 818.71881
0.34259 0.00000 0.00000 621.17175 819.10828
0.54479 0.00000 0.00000 712.83704 820.20807
0.57099 0.00000 0.00000 724.42126 820.18958
0.00000 0.08800 0.00000 464.88916 771.93658
0.08800 0.08800 0.00000 505.33652 774.48224
0.11420 0.08800 0.00000 517.52844 775.06622
0.20220 0.08800 0.00000 558.32941 777.38965
0.22840 0.08800 0.00000 570.47900 777.76135
0.31640 0.08800 0.00000 610.71967 779.46271
0.34259 0.08800 0.00000 623.06079 779.90088
0.43059 0.08800 0.00000 663.37335 780.69409
0.45679 0.08800 0.00000 675.27026 780.98041
0.54479 0.08800 0.00000 714.66022 781.56879
0.57099 0.08800 0.00000 726.56842 781.64050
0.65899 0.08800 0.00000 765.13959 781.80530
0.00000 0.11420 0.00000 465.33847 760.31860
0.08800 0.11420 0.00000 505.68112 762.56708
0.11420 0.11420 0.00000 518.25946 763.37915
0.20220 0.11420 0.00000 558.62659 765.56030
0.22840 0.11420 0.00000 570.87726 765.91632
0.31640 0.11420 0.00000 611.66168 767.71967
0.34259 0.11420 0.00000 623.74701 768.08478
0.43059 0.11420 0.00000 664.06360 769.13763
0.45679 0.11420 0.00000 676.21210 769.44519
0.54479 0.11420 0.00000 715.51093 770.12006
0.57099 0.11420 0.00000 727.32611 770.14349
0.65899 0.11420 0.00000 765.82611 770.10187
0.00000 0.20220 0.00000 467.02969 720.13818
0.08800 0.20220 0.00000 507.44788 722.56244
0.11420 0.20220 0.00000 519.87592 723.41211
0.20220 0.20220 0.00000 560.51556 725.58716
0.22840 0.20220 0.00000 572.94232 726.03308
0.31640 0.20220 0.00000 613.52063 728.16693
0.34259 0.20220 0.00000 625.60089 728.40350
0.43059 0.20220 0.00000 666.25494 729.73700
0.45679 0.20220 0.00000 678.07562 729.97101
0.54479 0.20220 0.00000 717.60773 730.56268
0.57099 0.20220 0.00000 729.52991 730.67462
0.65899 0.20220 0.00000 768.30713 731.40704
0.00000 0.22840 0.00000 467.46259 708.28497
0.08800 0.22840 0.00000 507.78604 710.66650
0.11420 0.22840 0.00000 520.40631 711.51312
0.20220 0.22840 0.00000 560.87000 713.61865
0.22840 0.22840 0.00000 573.41968 714.32434
0.31640 0.22840 0.00000 614.20703 715.81915
0.34259 0.22840 0.00000 626.25061 716.27710
0.43059 0.22840 0.00000 666.68494 717.70404
0.45679 0.22840 0.00000 678.66052 717.80286
0.54479 0.22840 0.00000 718.28314 719.15027
0.57099 0.22840 0.00000 730.20599 719.18530
0.65899 0.22840 0.00000 768.71472 719.66760
0.00000 0.31640 0.00000 469.25864 667.89478
0.08800 0.31640 0.00000 509.81967 670.18469
0.11420 0.31640 0.00000 522.22021 671.16486
0.20220 0.31640 0.00000 562.94989 673.16132
0.22840 0.31640 0.00000 575.34137 674.10809
0.31640 0.31640 0.00000 616.21844 675.75977
0.34259 0.31640 0.00000 628.34998 676.08728
0.43059 0.31640 0.00000 668.68976 677.75861
0.45679 0.31640 0.00000 681.03668 678.01984
0.54479 0.31640 0.00000 720.47974 679.41852
0.57099 0.31640 0.00000 732.40155 679.60303
0.65899 0.31640 0.00000 771.10339 680.34290
0.00000 0.34259 0.00000 470.26508 655.57703
0.08800 0.34259 0.00000 510.66940 657.77087
0.11420 0.34259 0.00000 523.05402 658.84247
0.20220 0.34259 0.00000 563.77496 660.77936
0.22840 0.34259 0.00000 576.25562 661.65204
0.31640 0.34259 0.00000 616.68292 663.59296
0.34259 0.34259 0.00000 629.10132 664.03992
0.43059 0.34259 0.00000 669.37427 665.81567
0.45679 0.34259 0.00000 681.56604 666.25775
0.54479 0.34259 0.00000 720.90497 667.22272
0.57099 0.34259 0.00000 732.68719 667.58240
0.65899 0.34259 0.00000 771.55579 668.46045
0.00000 0.43059 0.00000 471.99301 614.93359
0.08800 0.43059 0.00000 512.73340 617.27509
0.11420 0.43059 0.00000 525.08636 617.99396
0.20220 0.43059 0.00000 565.77246 620.24261
0.22840 0.43059 0.00000 578.06403 621.03009
0.31640 0.43059 0.00000 618.90063 623.09204
0.34259 0.43059 0.00000 630.82233 623.59601
0.43059 0.43059 0.00000 671.35522 625.06305
0.54479 0.43059 0.00000 722.90802 627.16461
0.57099 0.43059 0.00000 734.82660 627.83154
0.65899 0.43059 0.00000 773.51239 628.73364
0.00000 0.45679 0.00000 473.16760 602.55048
0.08800 0.45679 0.00000 513.51935 604.72083
0.11420 0.45679 0.00000 525.95892 605.85339
0.20220 0.45679 0.00000 566.59705 607.78796
0.22840 0.45679 0.00000 579.02386 608.75458
0.31640 0.45679 0.00000 619.55707 610.62762
0.34259 0.45679 0.00000 631.95624 611.24280
0.43059 0.45679 0.00000 672.04645 613.10321
0.45679 0.45679 0.00000 684.20148 613.73138
0.54479 0.45679 0.00000 723.76965 614.93329
0.57099 0.45679 0.00000 735.34448 615.85962
0.65899 0.45679 0.00000 773.94971 616.97321
0.00000 0.54479 0.00000 475.43188 562.20349
0.08800 0.54479 0.00000 515.80493 564.20416
0.11420 0.54479 0.00000 528.12170 565.06335
0.20220 0.54479 0.00000 568.72754 567.25433
0.22840 0.54479 0.00000 581.05060 567.96570
0.31640 0.54479 0.00000 621.69025 570.23969
0.34259 0.54479 0.00000 633.81372 570.76965
0.43059 0.54479 0.00000 673.83752 572.86249
0.45679 0.54479 0.00000 686.15564 573.25000
0.54479 0.54479 0.00000 725.22638 574.86969
0.57099 0.54479 0.00000 737.01282 575.89996
0.65899 0.54479 0.00000 775.72571 577.52881
0.00000 0.57099 0.00000 476.36374 549.62598
0.08800 0.57099 0.00000 516.76331 551.82336
0.11420 0.57099 0.00000 529.04993 552.86438
0.20220 0.57099 0.00000 569.54535 554.77222
0.22840 0.57099 0.00000 581.94476 555.94666
0.31640 0.57099 0.00000 622.24304 557.80481
0.34259 0.57099 0.00000 634.35461 558.65509
0.43059 0.57099 0.00000 674.53259 560.93408
0.45679 0.57099 0.00000 686.56665 561.37524
0.54479 0.57099 0.00000 725.97430 563.06354
0.57099 0.57099 0.00000 737.71301 564.12518
0.65899 0.57099 0.00000 776.21271 565.61151
0.00000 0.65899 0.00000 479.01175 509.19962
0.08800 0.65899 0.00000 519.14545 511.61349
0.11420 0.65899 0.00000 531.41803 512.36877
0.20220 0.65899 0.00000 571.68683 514.58472
0.22840 0.65899 0.00000 584.21216 515.24738
0.31640 0.65899 0.00000 624.36511 517.62579
0.34259 0.65899 0.00000 636.58344 518.04285
0.43059 0.65899 0.00000 676.35602 520.70850
0.45679 0.65899 0.00000 688.31812 521.34613
0.54479 0.65899 0.00000 727.59430 523.54205
0.57099 0.65899 0.00000 739.19550 524.19342
0.65899 0.65899 0.00000 777.48169 526.38818

gimbalangles:
-0.10471975512 -0.349065850399 0.261799387799 

end: