T_CW:
0.99743 0.03523 0.06234 -0.58509
0.03973 -0.99658 -0.07245 0.63362
0.05957 0.07474 -0.99542 1.37198
0.00000 0.00000 0.00000 1.00000

T_CW_cov:

target_points_pix:
0.00000 0.00000 0.00000 384.60516 792.49133
0.08800 0.00000 0.00000 423.33682 794.93311
0.11420 0.00000 0.00000 434.90411 795.74158
0.20220 0.00000 0.00000 474.21182 798.06311
0.22840 0.00000 0.00000 485.97256 798.58173
0.31640 0.00000 0.00000 525.59326 800.49530
0.34259 0.00000 0.00000 537.53137 800.87909
0.43059 0.00000 0.00000 577.39532 802.23468
0.45679 0.00000 0.00000 589.43329 802.40912
0.54479 0.00000 0.00000 628.96161 803.03870
0.57099 0.00000 0.00000 640.75281 803.26025
0.65899 0.00000 0.00000 680.26538 803.41931
0.00000 0.08800 0.00000 385.18005 753.94708
0.08800 0.08800 0.00000 423.73636 756.37268
0.11420 0.08800 0.00000 435.58704 757.07312
0.20220 0.08800 0.00000 474.80270 759.36713
0.22840 0.08800 0.00000 486.73508 759.84106
0.31640 0.08800 0.00000 526.47766 761.63422
0.34259 0.08800 0.00000 538.58148 762.24396
0.43059 0.08800 0.00000 578.43823 763.55231
0.45679 0.08800 0.00000 590.44635 763.80750
0.54479 0.08800 0.00000 630.03271 764.61786
0.57099 0.08800 0.00000 642.17657 764.87073
0.65899 0.08800 0.00000 681.42639 765.22559
0.00000 0.11420 0.00000 385.31967 742.31873
0.08800 0.11420 0.00000 423.94772 744.76086
0.11420 0.11420 0.00000 435.86346 745.51538
0.20220 0.11420 0.00000 475.09808 747.56805
0.22840 0.11420 0.00000 487.09714 748.30713
0.31640 0.11420 0.00000 526.73328 749.94812
0.34259 0.11420 0.00000 538.78430 750.54492
0.43059 0.11420 0.00000 578.64557 751.83588
0.45679 0.11420 0.00000 590.73145 752.16394
0.54479 0.11420 0.00000 630.49249 753.10815
0.57099 0.11420 0.00000 642.51050 753.34790
0.65899 0.11420 0.00000 682.00110 753.55817
0.00000 0.20220 0.00000 386.18402 703.32758
0.08800 0.20220 0.00000 424.74832 705.64856
0.11420 0.20220 0.00000 436.58432 706.38647
0.20220 0.20220 0.00000 475.82343 708.41498
0.22840 0.20220 0.00000 488.09494 709.12152
0.31640 0.20220 0.00000 527.68628 710.77368
0.34259 0.20220 0.00000 539.93237 711.33325
0.43059 0.20220 0.00000 579.79364 712.69397
0.45679 0.20220 0.00000 592.04614 713.16797
0.54479 0.20220 0.00000 631.75330 714.21381
0.57099 0.20220 0.00000 643.75836 714.42633
0.65899 0.20220 0.00000 683.24988 714.84399
0.00000 0.22840 0.00000 386.37595 691.46576
0.08800 0.22840 0.00000 424.93555 693.76489
0.11420 0.22840 0.00000 436.87494 694.54211
0.20220 0.22840 0.00000 476.15002 696.62091
0.22840 0.22840 0.00000 488.37814 697.29211
0.31640 0.22840 0.00000 528.06146 698.95416
0.34259 0.22840 0.00000 540.29382 699.53156
0.43059 0.22840 0.00000 580.14587 700.94330
0.45679 0.22840 0.00000 592.40027 701.45135
0.54479 0.22840 0.00000 632.19806 702.29901
0.57099 0.22840 0.00000 644.23663 702.50458
0.65899 0.22840 0.00000 683.84393 703.02612
0.00000 0.31640 0.00000 387.31937 652.23395
0.08800 0.31640 0.00000 425.88104 654.34094
0.11420 0.31640 0.00000 437.87756 654.88550
0.20220 0.31640 0.00000 477.21945 656.92889
0.22840 0.31640 0.00000 489.37225 657.65680
0.31640 0.31640 0.00000 529.02747 659.43109
0.34259 0.31640 0.00000 541.26721 660.00867
0.43059 0.31640 0.00000 581.33923 661.41119
0.45679 0.31640 0.00000 593.61493 661.89417
0.54479 0.31640 0.00000 633.46063 662.73883
0.57099 0.31640 0.00000 645.74805 663.03149
0.00000 0.34259 0.00000 387.62976 640.25336
0.08800 0.34259 0.00000 426.47696 642.25836
0.11420 0.34259 0.00000 438.48294 642.96240
0.20220 0.34259 0.00000 477.68372 644.77576
0.22840 0.34259 0.00000 489.83936 645.56689
0.31640 0.34259 0.00000 529.62061 647.15594
0.34259 0.34259 0.00000 541.90332 647.82971
0.43059 0.34259 0.00000 581.89490 649.12561
0.45679 0.34259 0.00000 594.14160 649.75323
0.54479 0.34259 0.00000 633.87207 650.79596
0.57099 0.34259 0.00000 646.37817 651.21478
0.65899 0.34259 0.00000 685.53223 652.18719
0.00000 0.43059 0.00000 389.29269 600.44275
0.08800 0.43059 0.00000 427.72922 602.40643
0.11420 0.43059 0.00000 439.84500 603.00702
0.20220 0.43059 0.00000 479.04642 604.95410
0.22840 0.43059 0.00000 491.18842 605.67218
0.31640 0.43059 0.00000 530.83612 607.22186
0.34259 0.43059 0.00000 543.13074 607.83398
0.43059 0.43059 0.00000 583.12561 609.31921
0.45679 0.43059 0.00000 595.34021 609.85767
0.54479 0.43059 0.00000 635.19757 610.97009
0.57099 0.43059 0.00000 647.53369 611.43872
0.65899 0.43059 0.00000 687.19916 612.64038
0.00000 0.45679 0.00000 389.62369 588.38123
0.08800 0.45679 0.00000 428.45639 590.33228
0.11420 0.45679 0.00000 440.48602 590.94250
0.20220 0.45679 0.00000 479.66473 592.72516
0.22840 0.45679 0.00000 491.64172 593.36383
0.31640 0.45679 0.00000 531.55823 594.82910
0.34259 0.45679 0.00000 543.69446 595.75220
0.43059 0.45679 0.00000 583.73792 596.92389
0.45679 0.45679 0.00000 596.16663 597.70862
0.54479 0.45679 0.00000 635.76221 598.79401
0.57099 0.45679 0.00000 648.22278 599.36975
0.65899 0.45679 0.00000 687.46289 600.42340
0.00000 0.54479 0.00000 391.73734 548.73755
0.08800 0.54479 0.00000 430.30661 550.55579
0.11420 0.54479 0.00000 442.23941 551.19757
0.20220 0.54479 0.00000 481.33124 552.75018
0.22840 0.54479 0.00000 493.53024 553.40613
0.34259 0.54479 0.00000 545.25702 555.65240
0.43059 0.54479 0.00000 585.00543 557.10474
0.45679 0.54479 0.00000 597.37653 557.71729
0.54479 0.54479 0.00000 637.01575 559.06122
0.57099 0.54479 0.00000 649.29608 559.60693
0.00000 0.57099 0.00000 392.63290 536.74298
0.08800 0.57099 0.00000 431.10483 538.38477
0.11420 0.57099 0.00000 442.98584 538.91327
0.20220 0.57099 0.00000 481.83231 540.76306
0.22840 0.57099 0.00000 494.29254 541.35217
0.31640 0.57099 0.00000 533.70001 542.73077
0.34259 0.57099 0.00000 546.05548 543.51819
0.43059 0.57099 0.00000 585.73523 544.78448
0.45679 0.57099 0.00000 598.14972 545.59271
0.54479 0.57099 0.00000 637.71613 546.78583
0.57099 0.57099 0.00000 649.92657 547.54999
0.65899 0.57099 0.00000 689.14008 548.58521
0.00000 0.65899 0.00000 394.86981 497.53558
0.08800 0.65899 0.00000 433.08466 498.93329
0.11420 0.65899 0.00000 445.00537 499.61337
0.20220 0.65899 0.00000 484.18048 501.14856
0.22840 0.65899 0.00000 496.28036 501.45203
0.31640 0.65899 0.00000 535.39069 502.99731
0.34259 0.65899 0.00000 547.81873 503.54495
0.43059 0.65899 0.00000 587.15625 505.26038
0.45679 0.65899 0.00000 599.47040 505.80719
0.54479 0.65899 0.00000 638.87177 507.33923
0.57099 0.65899 0.00000 651.20593 508.07907
0.65899 0.65899 0.00000 690.34509 509.58380

gimbalangles:
-0.10471975512 -0.349065850399 0.261799387799 

end: