T_CW:
0.80830 0.38430 0.44605 -1.03417
0.29904 -0.92057 0.25124 -0.17741
0.50717 -0.06970 -0.85902 1.17302
0.00000 0.00000 0.00000 1.00000

T_CW_cov:

target_points_pix:
0.34259 0.00000 0.00000 46.19377 281.46707
0.43059 0.00000 0.00000 123.70185 305.54541
0.45679 0.00000 0.00000 146.23065 312.47931
0.54479 0.00000 0.00000 218.25053 334.64584
0.57099 0.00000 0.00000 238.89865 340.91611
0.65899 0.00000 0.00000 305.75217 361.69070
0.34259 0.08800 0.00000 71.52146 210.99210
0.43059 0.08800 0.00000 148.62663 237.26855
0.45679 0.08800 0.00000 171.12875 244.97853
0.54479 0.08800 0.00000 242.36513 269.20374
0.57099 0.08800 0.00000 263.17770 276.27374
0.65899 0.08800 0.00000 329.53336 298.82089
0.34259 0.11420 0.00000 79.27774 189.67265
0.43059 0.11420 0.00000 156.13686 216.81827
0.45679 0.11420 0.00000 178.50311 224.58093
0.54479 0.11420 0.00000 249.79161 249.43594
0.57099 0.11420 0.00000 270.37033 256.66479
0.65899 0.11420 0.00000 336.65198 279.81168
0.34259 0.20220 0.00000 105.00769 118.68662
0.43059 0.20220 0.00000 181.75125 148.05125
0.45679 0.20220 0.00000 203.88725 156.51379
0.54479 0.20220 0.00000 274.71619 183.52869
0.57099 0.20220 0.00000 295.32654 191.41444
0.65899 0.20220 0.00000 361.07138 216.50354
0.34259 0.22840 0.00000 112.76708 97.17699
0.43059 0.22840 0.00000 189.34142 127.28941
0.45679 0.22840 0.00000 211.53883 135.84753
0.54479 0.22840 0.00000 282.41214 163.68523
0.57099 0.22840 0.00000 302.80420 171.61333
0.65899 0.22840 0.00000 368.42841 197.39978
0.34259 0.31640 0.00000 139.16252 25.30868
0.43059 0.31640 0.00000 215.31078 57.65702
0.45679 0.31640 0.00000 237.31519 67.05701
0.54479 0.31640 0.00000 307.69028 96.95425
0.57099 0.31640 0.00000 328.03857 105.56018
0.65899 0.31640 0.00000 393.22598 133.32774
0.57099 0.34259 0.00000 335.70746 85.53466
0.65899 0.34259 0.00000 400.80066 113.82703
0.57099 0.43059 0.00000 361.36874 18.61970

gimbalangles:
-0.10471975512 -0.349065850399 0.436332312999 

end: