T_CW:
0.95345 0.21783 -0.20854 -0.01864
0.23543 -0.96982 0.06337 0.15675
-0.18844 -0.10952 -0.97596 1.56063
0.00000 0.00000 0.00000 1.00000

T_CW_cov:

target_points_pix:
0.00000 0.00000 0.00000 672.45367 463.54623
0.08800 0.00000 0.00000 734.74408 480.55194
0.11420 0.00000 0.00000 753.81543 485.53766
0.20220 0.00000 0.00000 817.67798 502.94644
0.22840 0.00000 0.00000 837.33087 508.36258
0.31640 0.00000 0.00000 903.37311 526.33228
0.34259 0.00000 0.00000 923.49084 531.75580
0.43059 0.00000 0.00000 991.35162 550.00476
0.54479 0.00000 0.00000 1081.80859 574.22522
0.00000 0.08800 0.00000 686.61859 400.22211
0.08800 0.08800 0.00000 749.46442 416.41693
0.11420 0.08800 0.00000 768.64392 421.42276
0.20220 0.08800 0.00000 833.25067 438.20950
0.22840 0.08800 0.00000 853.09259 443.31064
0.31640 0.08800 0.00000 919.44751 460.46136
0.34259 0.08800 0.00000 939.74536 465.69904
0.43059 0.08800 0.00000 1008.11963 483.55417
0.45679 0.08800 0.00000 1028.90759 488.77283
0.54479 0.08800 0.00000 1099.39124 507.07651
0.57099 0.08800 0.00000 1120.93726 512.46051
0.65899 0.08800 0.00000 1193.42444 531.34863
0.00000 0.11420 0.00000 691.07745 381.03470
0.08800 0.11420 0.00000 753.79749 396.96252
0.11420 0.11420 0.00000 773.31818 402.08075
0.20220 0.11420 0.00000 838.04822 418.52310
0.22840 0.11420 0.00000 857.79633 423.50272
0.31640 0.11420 0.00000 924.46124 440.59903
0.34259 0.11420 0.00000 944.91449 445.69696
0.43059 0.11420 0.00000 1013.40063 463.38071
0.45679 0.11420 0.00000 1034.18860 468.74478
0.54479 0.11420 0.00000 1104.71704 486.61139
0.57099 0.11420 0.00000 1126.23877 492.14313
0.65899 0.11420 0.00000 1199.14368 510.59131
0.00000 0.20220 0.00000 705.44659 316.70663
0.08800 0.20220 0.00000 768.75616 332.16870
0.11420 0.20220 0.00000 788.38525 337.01184
0.20220 0.20220 0.00000 853.61377 352.73703
0.22840 0.20220 0.00000 873.56250 357.61685
0.31640 0.20220 0.00000 940.84161 374.06186
0.34259 0.20220 0.00000 961.41534 379.17789
0.43059 0.20220 0.00000 1030.74585 395.87698
0.45679 0.20220 0.00000 1051.63599 401.15738
0.54479 0.20220 0.00000 1122.88916 418.41364
0.57099 0.20220 0.00000 1144.73340 423.56555
0.00000 0.22840 0.00000 709.65424 297.24805
0.08800 0.22840 0.00000 773.45038 312.48972
0.11420 0.22840 0.00000 792.78632 317.23697
0.20220 0.22840 0.00000 858.33173 332.88235
0.22840 0.22840 0.00000 878.37128 337.66476
0.31640 0.22840 0.00000 945.77991 353.82278
0.34259 0.22840 0.00000 966.49420 358.82742
0.43059 0.22840 0.00000 1035.68994 375.50909
0.45679 0.22840 0.00000 1057.17053 380.56009
0.54479 0.22840 0.00000 1128.58984 397.59534
0.57099 0.22840 0.00000 1150.18066 402.90295
0.65899 0.22840 0.00000 1223.82019 420.53522
0.00000 0.31640 0.00000 724.29608 231.67836
0.08800 0.31640 0.00000 788.43103 246.51740
0.11420 0.31640 0.00000 808.21783 251.09489
0.20220 0.31640 0.00000 874.30963 266.15024
0.22840 0.31640 0.00000 894.54431 270.71753
0.31640 0.31640 0.00000 962.62354 286.23453
0.34259 0.31640 0.00000 983.49725 291.03143
0.43059 0.31640 0.00000 1053.63208 306.94516
0.45679 0.31640 0.00000 1074.99390 311.79883
0.54479 0.31640 0.00000 1146.96973 328.37070
0.57099 0.31640 0.00000 1169.19690 333.33716
0.65899 0.31640 0.00000 1243.45190 350.36890
0.00000 0.34259 0.00000 728.62762 211.79333
0.08800 0.34259 0.00000 793.25848 226.44684
0.11420 0.34259 0.00000 812.90057 230.73457
0.20220 0.34259 0.00000 879.34570 245.76654
0.22840 0.34259 0.00000 899.50677 250.37085
0.31640 0.34259 0.00000 967.73035 265.63953
0.34259 0.34259 0.00000 988.73029 270.26675
0.43059 0.34259 0.00000 1058.82349 286.04544
0.45679 0.34259 0.00000 1080.39478 290.88885
0.54479 0.34259 0.00000 1152.63354 307.15936
0.57099 0.34259 0.00000 1174.87891 312.05661
0.65899 0.34259 0.00000 1249.52979 328.84134
0.00000 0.43059 0.00000 743.41882 145.33939
0.08800 0.43059 0.00000 808.50922 159.30533
0.11420 0.43059 0.00000 828.48059 163.40549
0.20220 0.43059 0.00000 895.53638 177.59221
0.22840 0.43059 0.00000 915.89514 181.93266
0.31640 0.43059 0.00000 984.84106 196.60881
0.34259 0.43059 0.00000 1005.73840 201.25983
0.43059 0.43059 0.00000 1076.85889 216.28960
0.45679 0.43059 0.00000 1098.52002 221.02805
0.54479 0.43059 0.00000 1171.68701 236.40089
0.57099 0.43059 0.00000 1193.90100 241.14607
0.65899 0.43059 0.00000 1269.32019 257.30325
0.00000 0.45679 0.00000 747.91656 124.96830
0.08800 0.45679 0.00000 813.36053 138.66513
0.11420 0.45679 0.00000 833.23926 142.85252
0.20220 0.45679 0.00000 900.47601 156.94762
0.22840 0.45679 0.00000 920.99567 161.29114
0.31640 0.45679 0.00000 989.94336 175.66998
0.34259 0.45679 0.00000 1011.23596 180.17459
0.43059 0.45679 0.00000 1082.30872 194.94014
0.45679 0.45679 0.00000 1103.95825 199.55914
0.54479 0.45679 0.00000 1177.51624 214.79657
0.57099 0.45679 0.00000 1199.66675 219.54834
0.65899 0.45679 0.00000 1275.42542 235.45091
0.00000 0.54479 0.00000 763.11371 57.34466
0.08800 0.54479 0.00000 828.88708 70.43430
0.11420 0.54479 0.00000 849.19531 74.38628
0.20220 0.54479 0.00000 916.89783 87.62737
0.22840 0.54479 0.00000 937.55365 91.90683
0.31640 0.54479 0.00000 1007.47736 105.53584
0.34259 0.54479 0.00000 1028.64343 109.72915
0.43059 0.54479 0.00000 1100.55701 123.79433
0.45679 0.54479 0.00000 1122.50391 128.32541
0.54479 0.54479 0.00000 1196.66162 142.71410
0.57099 0.54479 0.00000 1219.32263 147.31090
0.65899 0.54479 0.00000 1295.59705 162.42188
0.34259 0.57099 0.00000 1033.97729 88.46089
0.43059 0.57099 0.00000 1105.95105 102.43574
0.45679 0.57099 0.00000 1128.06201 106.58232
0.54479 0.57099 0.00000 1202.42151 120.97202
0.57099 0.57099 0.00000 1225.16541 125.41239
0.65899 0.57099 0.00000 1301.64502 140.11404
0.34259 0.65899 0.00000 1052.19678 16.53601
0.43059 0.65899 0.00000 1124.87354 29.71848
0.45679 0.65899 0.00000 1147.10754 33.91199
0.54479 0.65899 0.00000 1222.10999 47.59359

gimbalangles:
-0.10471975512 -0.174532925199 -0.261799387799 

end: