T_CW:
0.99743 0.03524 0.06243 -0.58509
0.03974 -0.99659 -0.07235 0.63362
0.05967 0.07464 -0.99542 1.37201
0.00000 0.00000 0.00000 1.00000

T_CW_cov:

target_points_pix:
0.00000 0.00000 0.00000 384.63379 792.46252
0.08800 0.00000 0.00000 423.35272 794.99561
0.11420 0.00000 0.00000 434.84415 795.71375
0.20220 0.00000 0.00000 474.19724 798.02570
0.22840 0.00000 0.00000 485.93683 798.59009
0.31640 0.00000 0.00000 525.60559 800.47668
0.34259 0.00000 0.00000 537.54950 800.88885
0.43059 0.00000 0.00000 577.34174 802.24420
0.45679 0.00000 0.00000 589.38165 802.38519
0.54479 0.00000 0.00000 628.90887 803.07001
0.57099 0.00000 0.00000 640.83575 803.22870
0.65899 0.00000 0.00000 680.24847 803.41370
0.00000 0.08800 0.00000 385.14053 753.89740
0.08800 0.08800 0.00000 423.81522 756.36060
0.11420 0.08800 0.00000 435.60846 757.11438
0.20220 0.08800 0.00000 474.86874 759.32581
0.22840 0.08800 0.00000 486.80145 759.86768
0.31640 0.08800 0.00000 526.48956 761.67566
0.34259 0.08800 0.00000 538.54138 762.19745
0.43059 0.08800 0.00000 578.47156 763.53943
0.45679 0.08800 0.00000 590.42535 763.77106
0.54479 0.08800 0.00000 630.18799 764.63885
0.57099 0.08800 0.00000 642.11975 764.77960
0.65899 0.08800 0.00000 681.40106 765.32227
0.00000 0.11420 0.00000 385.27426 742.26575
0.08800 0.11420 0.00000 423.97446 744.74689
0.11420 0.11420 0.00000 435.77039 745.45563
0.20220 0.11420 0.00000 475.09958 747.59192
0.22840 0.11420 0.00000 487.09143 748.27960
0.31640 0.11420 0.00000 526.74567 749.94342
0.34259 0.11420 0.00000 538.87012 750.53204
0.43059 0.11420 0.00000 578.69238 751.81018
0.45679 0.11420 0.00000 590.67749 752.18884
0.54479 0.11420 0.00000 630.46649 753.09052
0.57099 0.11420 0.00000 642.55969 753.33453
0.65899 0.11420 0.00000 682.00360 753.52472
0.00000 0.20220 0.00000 386.16351 703.29370
0.08800 0.20220 0.00000 424.68729 705.60205
0.11420 0.20220 0.00000 436.61874 706.37762
0.20220 0.20220 0.00000 475.82950 708.42236
0.22840 0.20220 0.00000 488.04199 709.17072
0.31640 0.20220 0.00000 527.69446 710.79535
0.34259 0.20220 0.00000 539.95441 711.40479
0.43059 0.20220 0.00000 579.77136 712.66931
0.45679 0.20220 0.00000 592.04681 713.14081
0.54479 0.20220 0.00000 631.75134 714.24640
0.57099 0.20220 0.00000 643.75262 714.40857
0.65899 0.20220 0.00000 683.22382 714.81226
0.00000 0.22840 0.00000 386.37289 691.43610
0.08800 0.22840 0.00000 424.96045 693.84778
0.11420 0.22840 0.00000 436.85486 694.48254
0.20220 0.22840 0.00000 476.18549 696.65680
0.22840 0.22840 0.00000 488.36987 697.24622
0.31640 0.22840 0.00000 528.00604 698.98425
0.34259 0.22840 0.00000 540.29004 699.53320
0.43059 0.22840 0.00000 580.08124 700.94031
0.45679 0.22840 0.00000 592.47552 701.41010
0.54479 0.22840 0.00000 632.30133 702.24603
0.57099 0.22840 0.00000 644.25714 702.48596
0.65899 0.22840 0.00000 683.80957 703.01068
0.00000 0.31640 0.00000 387.30835 652.20630
0.08800 0.31640 0.00000 425.87317 654.33905
0.11420 0.31640 0.00000 437.85403 654.85406
0.20220 0.31640 0.00000 477.29980 656.85278
0.22840 0.31640 0.00000 489.40836 657.68512
0.31640 0.31640 0.00000 529.08185 659.41040
0.34259 0.31640 0.00000 541.30640 660.05402
0.43059 0.31640 0.00000 581.32520 661.43439
0.45679 0.31640 0.00000 593.58972 661.86664
0.54479 0.31640 0.00000 633.44061 662.72198
0.57099 0.31640 0.00000 645.85284 663.06769
0.65899 0.31640 0.00000 685.30634 664.30890
0.00000 0.34259 0.00000 387.64899 640.20721
0.08800 0.34259 0.00000 426.47449 642.23865
0.11420 0.34259 0.00000 438.41122 642.95544
0.20220 0.34259 0.00000 477.69650 644.75165
0.22840 0.34259 0.00000 489.82330 645.60468
0.31640 0.34259 0.00000 529.69116 647.19287
0.34259 0.34259 0.00000 541.82233 647.89001
0.43059 0.34259 0.00000 581.93567 649.18622
0.45679 0.34259 0.00000 594.26624 649.67279
0.54479 0.34259 0.00000 633.91211 650.85974
0.57099 0.34259 0.00000 646.36761 651.21588
0.65899 0.34259 0.00000 685.50812 652.16571
0.00000 0.43059 0.00000 389.31616 600.43121
0.08800 0.43059 0.00000 427.72699 602.41901
0.11420 0.43059 0.00000 439.86688 602.98828
0.20220 0.43059 0.00000 479.06802 604.91516
0.22840 0.43059 0.00000 491.17566 605.65424
0.31640 0.43059 0.00000 530.81659 607.26385
0.34259 0.43059 0.00000 543.13788 607.90503
0.43059 0.43059 0.00000 583.08136 609.30292
0.45679 0.43059 0.00000 595.36377 609.87427
0.54479 0.43059 0.00000 635.17627 611.01239
0.57099 0.43059 0.00000 647.54370 611.37616
0.65899 0.43059 0.00000 687.07886 612.69629
0.00000 0.45679 0.00000 389.60944 588.39740
0.08800 0.45679 0.00000 428.43381 590.31836
0.11420 0.45679 0.00000 440.50134 590.94067
0.20220 0.45679 0.00000 479.66681 592.70544
0.22840 0.45679 0.00000 491.59576 593.41479
0.31640 0.45679 0.00000 531.54596 594.80243
0.34259 0.45679 0.00000 543.75824 595.70935
0.43059 0.45679 0.00000 583.76611 596.92719
0.45679 0.45679 0.00000 596.15662 597.70966
0.54479 0.45679 0.00000 635.74121 598.77045
0.57099 0.45679 0.00000 648.22119 599.39563
0.65899 0.45679 0.00000 687.42242 600.41583
0.00000 0.54479 0.00000 391.71994 548.76599
0.08800 0.54479 0.00000 430.35904 550.52533
0.11420 0.54479 0.00000 442.29974 551.27106
0.20220 0.54479 0.00000 481.27899 552.78845
0.22840 0.54479 0.00000 493.58783 553.40417
0.31640 0.54479 0.00000 532.99103 555.03876
0.34259 0.54479 0.00000 545.29230 555.70355
0.45679 0.54479 0.00000 597.30798 557.63226
0.57099 0.54479 0.00000 649.28888 559.63959
0.00000 0.57099 0.00000 392.62415 536.73297
0.08800 0.57099 0.00000 430.98178 538.33636
0.11420 0.57099 0.00000 442.98239 538.98578
0.20220 0.57099 0.00000 481.85156 540.75732
0.22840 0.57099 0.00000 494.24878 541.34778
0.31640 0.57099 0.00000 533.72516 542.77386
0.34259 0.57099 0.00000 546.00214 543.63763
0.43059 0.57099 0.00000 585.73688 544.81616
0.45679 0.57099 0.00000 598.11542 545.57996
0.54479 0.57099 0.00000 637.72321 546.76740
0.57099 0.57099 0.00000 649.86865 547.52423
0.65899 0.57099 0.00000 689.12714 548.56281
0.00000 0.65899 0.00000 394.87177 497.55527
0.08800 0.65899 0.00000 433.06436 498.97229
0.11420 0.65899 0.00000 444.88840 499.58133
0.20220 0.65899 0.00000 484.14594 501.12881
0.22840 0.65899 0.00000 496.32706 501.45392
0.31640 0.65899 0.00000 535.40613 502.97040
0.34259 0.65899 0.00000 547.82001 503.45554
0.43059 0.65899 0.00000 587.11169 505.24039
0.45679 0.65899 0.00000 599.56763 505.88223
0.54479 0.65899 0.00000 638.84833 507.38663
0.57099 0.65899 0.00000 651.16400 508.05765
0.65899 0.65899 0.00000 690.37341 509.54572

gimbalangles:
-0.10471975512 -0.174532925199 -0.261799387799 

end: