T_CW:
0.99602 0.05083 0.07317 -0.37606
0.05744 -0.99417 -0.09121 0.65224
0.06811 0.09505 -0.99314 1.35345
0.00000 0.00000 0.00000 1.00000

T_CW_cov:

target_points_pix:
0.00000 0.00000 0.00000 463.25150 811.53973
0.08800 0.00000 0.00000 503.81708 814.12976
0.11420 0.00000 0.00000 515.70105 814.54633
0.20220 0.00000 0.00000 556.51965 816.86774
0.22840 0.00000 0.00000 568.59473 817.41113
0.31640 0.00000 0.00000 609.31366 818.68817
0.34259 0.00000 0.00000 621.21295 819.08813
0.54479 0.00000 0.00000 712.84283 820.19244
0.57099 0.00000 0.00000 724.42902 820.22272
0.65899 0.00000 0.00000 763.12067 820.13080
0.00000 0.08800 0.00000 464.89587 771.95868
0.08800 0.08800 0.00000 505.33545 774.49622
0.11420 0.08800 0.00000 517.58209 774.99011
0.20220 0.08800 0.00000 558.32684 777.41211
0.22840 0.08800 0.00000 570.47327 777.69080
0.31640 0.08800 0.00000 610.73096 779.44751
0.34259 0.08800 0.00000 623.09680 779.90283
0.43059 0.08800 0.00000 663.38654 780.68365
0.45679 0.08800 0.00000 675.29523 780.87213
0.54479 0.08800 0.00000 714.64557 781.55908
0.57099 0.08800 0.00000 726.58044 781.61084
0.65899 0.08800 0.00000 765.15845 781.84894
0.00000 0.11420 0.00000 465.33096 760.29120
0.11420 0.11420 0.00000 518.25348 763.39246
0.20220 0.11420 0.00000 558.63824 765.55884
0.22840 0.11420 0.00000 570.88794 765.94714
0.31640 0.11420 0.00000 611.61584 767.68549
0.34259 0.11420 0.00000 623.72363 768.11896
0.43059 0.11420 0.00000 663.99524 769.13690
0.45679 0.11420 0.00000 676.23822 769.39233
0.54479 0.11420 0.00000 715.53845 770.14172
0.57099 0.11420 0.00000 727.31299 770.19830
0.65899 0.11420 0.00000 765.81750 770.09448
0.00000 0.20220 0.00000 467.02670 720.13690
0.08800 0.20220 0.00000 507.42590 722.56409
0.11420 0.20220 0.00000 519.88965 723.41345
0.20220 0.20220 0.00000 560.49963 725.57971
0.22840 0.20220 0.00000 572.92725 726.02045
0.31640 0.20220 0.00000 613.48560 728.16547
0.34259 0.20220 0.00000 625.60565 728.40295
0.43059 0.20220 0.00000 666.24420 729.70880
0.45679 0.20220 0.00000 678.17499 729.93195
0.54479 0.20220 0.00000 717.60504 730.56433
0.57099 0.20220 0.00000 729.54358 730.69556
0.65899 0.20220 0.00000 768.25317 731.40631
0.00000 0.22840 0.00000 467.43750 708.27673
0.11420 0.22840 0.00000 520.39130 711.48712
0.20220 0.22840 0.00000 560.84442 713.64111
0.22840 0.22840 0.00000 573.43506 714.29211
0.31640 0.22840 0.00000 614.21338 715.83044
0.34259 0.22840 0.00000 626.23853 716.26166
0.43059 0.22840 0.00000 666.68256 717.71906
0.45679 0.22840 0.00000 678.66333 717.77057
0.54479 0.22840 0.00000 718.33447 719.19464
0.57099 0.22840 0.00000 730.21210 719.18341
0.65899 0.22840 0.00000 768.70825 719.69342
0.00000 0.31640 0.00000 469.21219 667.84326
0.08800 0.31640 0.00000 509.83008 670.21796
0.11420 0.31640 0.00000 522.21698 671.11578
0.20220 0.31640 0.00000 562.93475 673.15308
0.22840 0.31640 0.00000 575.34625 674.07227
0.31640 0.31640 0.00000 616.23883 675.78754
0.34259 0.31640 0.00000 628.40460 676.05609
0.43059 0.31640 0.00000 668.65857 677.72766
0.45679 0.31640 0.00000 681.03326 678.00372
0.54479 0.31640 0.00000 720.50543 679.42114
0.57099 0.31640 0.00000 732.40082 679.56622
0.65899 0.31640 0.00000 771.11646 680.33984
0.00000 0.34259 0.00000 470.27750 655.56854
0.08800 0.34259 0.00000 510.61865 657.77832
0.11420 0.34259 0.00000 523.04675 658.79456
0.20220 0.34259 0.00000 563.76770 660.77515
0.22840 0.34259 0.00000 576.26709 661.65100
0.31640 0.34259 0.00000 616.69812 663.59717
0.34259 0.34259 0.00000 629.12201 664.05212
0.43059 0.34259 0.00000 669.35321 665.78265
0.45679 0.34259 0.00000 681.56049 666.24078
0.54479 0.34259 0.00000 720.89886 667.22046
0.57099 0.34259 0.00000 732.70685 667.57294
0.65899 0.34259 0.00000 771.57483 668.46808
0.00000 0.43059 0.00000 472.07779 614.92133
0.08800 0.43059 0.00000 512.72241 617.28827
0.11420 0.43059 0.00000 525.00983 617.98029
0.20220 0.43059 0.00000 565.77679 620.24939
0.22840 0.43059 0.00000 578.04163 621.01215
0.31640 0.43059 0.00000 618.93774 623.04285
0.34259 0.43059 0.00000 630.79413 623.57715
0.43059 0.43059 0.00000 671.34790 624.98950
0.54479 0.43059 0.00000 722.83984 627.19006
0.57099 0.43059 0.00000 734.80438 627.77759
0.65899 0.43059 0.00000 773.47699 628.74683
0.00000 0.45679 0.00000 473.15118 602.56140
0.08800 0.45679 0.00000 513.52747 604.72565
0.11420 0.45679 0.00000 525.93781 605.83887
0.20220 0.45679 0.00000 566.60083 607.76147
0.22840 0.45679 0.00000 579.04187 608.72253
0.31640 0.45679 0.00000 619.54736 610.60907
0.34259 0.45679 0.00000 632.00079 611.20142
0.43059 0.45679 0.00000 672.03491 613.10944
0.45679 0.45679 0.00000 684.21509 613.75378
0.54479 0.45679 0.00000 723.76886 614.93842
0.57099 0.45679 0.00000 735.30090 615.87207
0.65899 0.45679 0.00000 773.95441 617.01355
0.00000 0.54479 0.00000 475.40857 562.09863
0.08800 0.54479 0.00000 515.81012 564.18604
0.11420 0.54479 0.00000 528.12402 565.06470
0.20220 0.54479 0.00000 568.78479 567.21942
0.22840 0.54479 0.00000 581.04871 567.98712
0.31640 0.54479 0.00000 621.66827 570.25653
0.34259 0.54479 0.00000 633.85669 570.82288
0.43059 0.54479 0.00000 673.84186 572.78333
0.45679 0.54479 0.00000 686.18597 573.26532
0.54479 0.54479 0.00000 725.25452 574.85065
0.57099 0.54479 0.00000 736.97021 575.89594
0.65899 0.54479 0.00000 775.71655 577.51947
0.00000 0.57099 0.00000 476.35379 549.60590
0.08800 0.57099 0.00000 516.75055 551.83789
0.11420 0.57099 0.00000 529.03119 552.84503
0.20220 0.57099 0.00000 569.55664 554.73846
0.22840 0.57099 0.00000 581.99426 555.86792
0.31640 0.57099 0.00000 622.24377 557.80750
0.34259 0.57099 0.00000 634.37524 558.66315
0.43059 0.57099 0.00000 674.52728 560.95636
0.45679 0.57099 0.00000 686.56097 561.36420
0.54479 0.57099 0.00000 725.94592 563.05157
0.57099 0.57099 0.00000 737.70300 564.11920
0.65899 0.57099 0.00000 776.16650 565.55261
0.00000 0.65899 0.00000 479.02853 509.18411
0.08800 0.65899 0.00000 519.15613 511.61465
0.11420 0.65899 0.00000 531.44202 512.36237
0.20220 0.65899 0.00000 571.68872 514.57031
0.22840 0.65899 0.00000 584.16736 515.21045
0.31640 0.65899 0.00000 624.36243 517.63513
0.34259 0.65899 0.00000 636.60492 518.05646
0.43059 0.65899 0.00000 676.39502 520.66504
0.45679 0.65899 0.00000 688.27966 521.29828
0.54479 0.65899 0.00000 727.59375 523.49304
0.57099 0.65899 0.00000 739.24585 524.27209
0.65899 0.65899 0.00000 777.50830 526.35089

gimbalangles:
-0.10471975512 -0.174532925199 -0.0872664625997 

end: