T_CW:
0.92363 0.38189 -0.03268 -0.33191
0.37771 -0.89236 0.24704 -0.20173
0.06518 -0.24051 -0.96845 1.51858
0.00000 0.00000 0.00000 1.00000

T_CW_cov:

target_points_pix:
0.00000 0.00000 0.00000 435.81427 191.56480
0.08800 0.00000 0.00000 497.66766 217.50249
0.11420 0.00000 0.00000 516.09198 225.29019
0.20220 0.00000 0.00000 577.46936 250.90833
0.22840 0.00000 0.00000 595.88123 258.62894
0.31640 0.00000 0.00000 656.72516 284.30157
0.34259 0.00000 0.00000 675.05542 291.91458
0.43059 0.00000 0.00000 735.25696 317.14594
0.45679 0.00000 0.00000 753.33624 324.65256
0.54479 0.00000 0.00000 813.31195 349.58170
0.57099 0.00000 0.00000 831.05469 356.98828
0.00000 0.08800 0.00000 457.95111 128.17371
0.08800 0.08800 0.00000 520.73682 154.73535
0.11420 0.08800 0.00000 539.50201 162.73016
0.20220 0.08800 0.00000 601.57178 188.97061
0.22840 0.08800 0.00000 620.26398 196.81215
0.31640 0.08800 0.00000 681.74579 222.81113
0.34259 0.08800 0.00000 700.23108 230.79994
0.43059 0.08800 0.00000 761.21490 256.48907
0.45679 0.08800 0.00000 779.46442 264.24030
0.54479 0.08800 0.00000 839.97583 289.61044
0.57099 0.08800 0.00000 858.18121 297.28659
0.65899 0.08800 0.00000 918.35815 322.60861
0.00000 0.11420 0.00000 464.75528 108.85763
0.08800 0.11420 0.00000 527.64838 135.57584
0.11420 0.11420 0.00000 546.51544 143.56557
0.20220 0.11420 0.00000 608.87189 169.94450
0.22840 0.11420 0.00000 627.60785 177.80856
0.31640 0.11420 0.00000 689.36652 204.12788
0.34259 0.11420 0.00000 707.93903 211.87292
0.43059 0.11420 0.00000 769.20325 237.90549
0.45679 0.11420 0.00000 787.45764 245.75375
0.54479 0.11420 0.00000 848.23480 271.43622
0.57099 0.11420 0.00000 866.30005 279.05930
0.65899 0.11420 0.00000 926.68854 304.57031
0.00000 0.20220 0.00000 487.65598 43.40146
0.08800 0.20220 0.00000 551.42755 70.61885
0.11420 0.20220 0.00000 570.58014 78.79907
0.20220 0.20220 0.00000 633.76880 105.77399
0.22840 0.20220 0.00000 652.71216 113.98057
0.31640 0.20220 0.00000 715.34283 140.79286
0.34259 0.20220 0.00000 734.15704 148.85892
0.43059 0.20220 0.00000 796.11670 175.33853
0.45679 0.20220 0.00000 814.67780 183.29826
0.54479 0.20220 0.00000 876.25848 209.51674
0.57099 0.20220 0.00000 894.58954 217.34354
0.65899 0.20220 0.00000 955.65900 243.38708
0.22840 0.22840 0.00000 660.32770 94.44370
0.31640 0.22840 0.00000 723.28949 121.42336
0.34259 0.22840 0.00000 742.11499 129.40744
0.43059 0.22840 0.00000 804.33002 156.18782
0.45679 0.22840 0.00000 823.11823 164.14738
0.54479 0.22840 0.00000 884.75293 190.63037
0.57099 0.22840 0.00000 903.28961 198.52939
0.65899 0.22840 0.00000 964.54211 224.70055
0.31640 0.31640 0.00000 750.19989 55.55546
0.34259 0.31640 0.00000 769.38477 63.93855
0.43059 0.31640 0.00000 832.44830 91.29209
0.45679 0.31640 0.00000 851.39569 99.40634
0.54479 0.31640 0.00000 913.83490 126.38905
0.57099 0.31640 0.00000 932.69495 134.48177
0.65899 0.31640 0.00000 994.54883 161.44543
0.45679 0.34259 0.00000 860.12543 79.50420
0.54479 0.34259 0.00000 922.97021 106.69762
0.57099 0.34259 0.00000 941.63300 114.80698
0.65899 0.34259 0.00000 1003.81775 141.85909
0.45679 0.43059 0.00000 889.54919 12.15445
0.54479 0.43059 0.00000 953.18958 40.11204
0.57099 0.43059 0.00000 972.18298 48.46172
0.65899 0.43059 0.00000 1035.33789 76.13829

gimbalangles:
-0.261799387799 -0.349065850399 -0.0872664625997 

end: