T_CW:
0.96600 0.22130 0.13366 -0.55368
0.20512 -0.97075 0.12480 0.06634
0.15737 -0.09314 -0.98314 1.46756
0.00000 0.00000 0.00000 1.00000

T_CW_cov:

target_points_pix:
0.00000 0.00000 0.00000 254.84370 398.64154
0.08800 0.00000 0.00000 324.07776 412.46869
0.11420 0.00000 0.00000 344.76318 416.46640
0.20220 0.00000 0.00000 412.42645 430.03754
0.22840 0.00000 0.00000 432.50146 434.06339
0.31640 0.00000 0.00000 498.81760 447.38593
0.34259 0.00000 0.00000 518.62616 451.30087
0.43059 0.00000 0.00000 583.48474 463.97198
0.45679 0.00000 0.00000 602.81390 467.63193
0.54479 0.00000 0.00000 666.30328 480.10992
0.57099 0.00000 0.00000 685.18915 483.76395
0.00000 0.08800 0.00000 267.60709 331.15390
0.08800 0.08800 0.00000 337.23560 345.47232
0.11420 0.08800 0.00000 357.70761 349.60248
0.20220 0.08800 0.00000 425.80829 363.63980
0.22840 0.08800 0.00000 446.18118 367.93896
0.31640 0.08800 0.00000 512.60022 381.61716
0.34259 0.08800 0.00000 532.44855 385.82361
0.43059 0.08800 0.00000 597.40979 399.37656
0.45679 0.08800 0.00000 616.63989 403.33850
0.54479 0.08800 0.00000 680.35889 416.47070
0.57099 0.08800 0.00000 699.36224 420.30057
0.65899 0.08800 0.00000 761.55804 433.16977
0.00000 0.11420 0.00000 271.53549 310.53085
0.08800 0.11420 0.00000 341.25861 325.31418
0.11420 0.11420 0.00000 361.76514 329.49191
0.20220 0.11420 0.00000 429.74036 343.70749
0.22840 0.11420 0.00000 450.22586 347.99429
0.31640 0.11420 0.00000 516.69916 361.89810
0.34259 0.11420 0.00000 536.54877 366.08716
0.43059 0.11420 0.00000 601.58392 379.68427
0.45679 0.11420 0.00000 621.00488 383.76642
0.54479 0.11420 0.00000 684.62378 397.12158
0.57099 0.11420 0.00000 703.55957 400.99792
0.65899 0.11420 0.00000 765.88977 414.01556
0.00000 0.20220 0.00000 284.47824 242.06818
0.08800 0.20220 0.00000 354.24905 257.36636
0.11420 0.20220 0.00000 375.08408 261.73914
0.20220 0.20220 0.00000 443.48734 276.65402
0.22840 0.20220 0.00000 463.70761 281.20868
0.31640 0.20220 0.00000 530.59827 295.75610
0.34259 0.20220 0.00000 550.44012 300.16922
0.43059 0.20220 0.00000 615.77673 314.50253
0.45679 0.20220 0.00000 635.42841 318.69122
0.54479 0.20220 0.00000 699.28479 332.58569
0.57099 0.20220 0.00000 718.30902 336.73352
0.65899 0.20220 0.00000 780.61719 350.36481
0.00000 0.22840 0.00000 288.44601 221.34503
0.08800 0.22840 0.00000 358.35736 236.71460
0.11420 0.22840 0.00000 379.14438 241.36678
0.20220 0.22840 0.00000 447.53052 256.44147
0.22840 0.22840 0.00000 467.76297 260.90427
0.31640 0.22840 0.00000 534.73889 275.69373
0.34259 0.22840 0.00000 554.73706 280.27335
0.43059 0.22840 0.00000 620.26837 294.71140
0.45679 0.22840 0.00000 639.57587 299.05432
0.54479 0.22840 0.00000 703.56281 313.11621
0.57099 0.22840 0.00000 722.52722 317.39029
0.65899 0.22840 0.00000 785.28729 331.29822
0.00000 0.31640 0.00000 301.44028 151.60017
0.08800 0.31640 0.00000 371.56769 167.70642
0.11420 0.31640 0.00000 392.59918 172.62173
0.20220 0.31640 0.00000 461.30270 188.48495
0.22840 0.31640 0.00000 481.64102 193.09961
0.31640 0.31640 0.00000 549.02942 208.74051
0.34259 0.31640 0.00000 569.01929 213.35492
0.43059 0.31640 0.00000 634.70367 228.49953
0.54479 0.31640 0.00000 718.44348 247.66685
0.57099 0.31640 0.00000 737.52942 252.15781
0.00000 0.34259 0.00000 305.40549 130.44421
0.08800 0.34259 0.00000 375.70505 146.83871
0.11420 0.34259 0.00000 396.66431 151.64172
0.20220 0.34259 0.00000 465.47681 167.74963
0.22840 0.34259 0.00000 486.09949 172.49190
0.31640 0.34259 0.00000 553.41052 188.42998
0.34259 0.34259 0.00000 573.27979 193.03514
0.43059 0.34259 0.00000 639.15820 208.31836
0.45679 0.34259 0.00000 658.61389 212.76025
0.54479 0.34259 0.00000 722.84766 227.77185
0.57099 0.34259 0.00000 742.12488 232.35196
0.65899 0.34259 0.00000 804.93091 246.98186
0.00000 0.43059 0.00000 318.66049 59.68015
0.08800 0.43059 0.00000 389.51569 76.83212
0.11420 0.43059 0.00000 410.53189 82.06391
0.20220 0.43059 0.00000 479.59671 98.59992
0.22840 0.43059 0.00000 500.23419 103.60148
0.31640 0.43059 0.00000 567.62604 120.09706
0.34259 0.43059 0.00000 587.70001 124.92956
0.43059 0.43059 0.00000 653.81482 140.87517
0.45679 0.43059 0.00000 673.53583 145.77881
0.54479 0.43059 0.00000 737.95410 161.50189
0.57099 0.43059 0.00000 757.33807 166.14774
0.65899 0.43059 0.00000 820.43018 181.40819
0.22840 0.45679 0.00000 504.49777 82.84256
0.31640 0.45679 0.00000 572.00610 99.42234
0.34259 0.45679 0.00000 592.11951 104.36087
0.43059 0.45679 0.00000 658.42694 120.67066
0.45679 0.45679 0.00000 677.90442 125.37623
0.54479 0.45679 0.00000 742.48181 141.28113
0.65899 0.45679 0.00000 825.21106 161.51180
0.31640 0.54479 0.00000 586.72833 30.16341
0.34259 0.54479 0.00000 606.86182 35.37168
0.43059 0.54479 0.00000 673.15607 52.38319
0.45679 0.54479 0.00000 693.03644 57.28182
0.54479 0.54479 0.00000 757.88428 73.70738
0.57099 0.54479 0.00000 777.29089 78.66395
0.65899 0.54479 0.00000 840.66132 94.77365

gimbalangles:
-0.10471975512 -0.174532925199 0.0872664625997 

end: