T_CW:
0.92679 0.22086 0.30378 -0.80388
0.18168 -0.97153 0.15205 0.02951
0.32871 -0.08573 -0.94053 1.35132
0.00000 0.00000 0.00000 1.00000

T_CW_cov:

target_points_pix:
0.08800 0.00000 0.00000 89.60251 383.94568
0.11420 0.00000 0.00000 113.32392 387.79407
0.20220 0.00000 0.00000 189.58136 400.41391
0.22840 0.00000 0.00000 212.12518 403.88959
0.31640 0.00000 0.00000 284.87366 415.76947
0.34259 0.00000 0.00000 306.30548 419.45850
0.43059 0.00000 0.00000 375.56479 430.47186
0.45679 0.00000 0.00000 396.15103 433.62662
0.54479 0.00000 0.00000 462.42117 444.35507
0.57099 0.00000 0.00000 481.78271 447.40564
0.00000 0.08800 0.00000 21.76504 297.57678
0.08800 0.08800 0.00000 102.56260 312.13635
0.11420 0.08800 0.00000 126.14143 316.39349
0.20220 0.08800 0.00000 202.62877 330.19620
0.22840 0.08800 0.00000 225.28590 334.31180
0.31640 0.08800 0.00000 298.00632 347.47873
0.34259 0.08800 0.00000 319.44168 351.26505
0.43059 0.08800 0.00000 388.87476 363.67786
0.45679 0.08800 0.00000 409.38654 367.43198
0.54479 0.08800 0.00000 475.60492 379.34467
0.57099 0.08800 0.00000 495.36996 382.66751
0.65899 0.08800 0.00000 558.49084 394.22736
0.00000 0.11420 0.00000 25.63789 275.44586
0.08800 0.11420 0.00000 106.37225 290.40195
0.11420 0.11420 0.00000 129.75012 294.68988
0.20220 0.11420 0.00000 206.52510 309.05981
0.22840 0.11420 0.00000 229.22778 313.32050
0.31640 0.11420 0.00000 301.94772 326.69046
0.34259 0.11420 0.00000 323.38602 330.66211
0.43059 0.11420 0.00000 392.86566 343.64963
0.45679 0.11420 0.00000 413.32834 347.52106
0.54479 0.11420 0.00000 479.62903 359.61533
0.57099 0.11420 0.00000 499.24081 363.30710
0.65899 0.11420 0.00000 562.52222 374.85257
0.00000 0.20220 0.00000 38.26817 200.99147
0.08800 0.20220 0.00000 119.23819 217.48639
0.11420 0.20220 0.00000 142.67686 222.37257
0.20220 0.20220 0.00000 219.61450 238.11682
0.22840 0.20220 0.00000 242.29668 242.69279
0.31640 0.20220 0.00000 315.28577 257.60892
0.34259 0.20220 0.00000 336.56970 262.07965
0.43059 0.20220 0.00000 406.42654 276.43289
0.45679 0.20220 0.00000 426.77771 280.53586
0.54479 0.20220 0.00000 493.29855 294.18054
0.57099 0.20220 0.00000 512.72345 298.10983
0.65899 0.20220 0.00000 576.28491 311.06757
0.00000 0.22840 0.00000 41.97031 178.38968
0.08800 0.22840 0.00000 122.91722 195.50325
0.11420 0.22840 0.00000 146.64192 200.44049
0.20220 0.22840 0.00000 223.63271 216.61195
0.22840 0.22840 0.00000 246.27954 221.48764
0.31640 0.22840 0.00000 319.44925 236.75912
0.34259 0.22840 0.00000 340.72061 241.37918
0.43059 0.22840 0.00000 410.50363 255.91161
0.45679 0.22840 0.00000 431.03018 260.29953
0.54479 0.22840 0.00000 497.47690 274.31567
0.57099 0.22840 0.00000 516.98041 278.28131
0.65899 0.22840 0.00000 580.45630 291.67609
0.08800 0.31640 0.00000 136.03018 121.51720
0.11420 0.31640 0.00000 160.00378 126.96701
0.20220 0.31640 0.00000 236.97757 144.69121
0.22840 0.31640 0.00000 259.57642 149.80925
0.31640 0.31640 0.00000 332.92108 166.69601
0.34259 0.31640 0.00000 354.51099 171.76042
0.43059 0.31640 0.00000 424.37622 187.71162
0.45679 0.31640 0.00000 444.80478 192.44215
0.54479 0.31640 0.00000 511.48178 207.66881
0.57099 0.31640 0.00000 530.77417 212.17245
0.65899 0.31640 0.00000 594.33765 226.67218
0.11420 0.34259 0.00000 163.91818 104.59337
0.20220 0.34259 0.00000 241.07401 122.84028
0.22840 0.34259 0.00000 263.61456 128.19160
0.31640 0.34259 0.00000 337.23889 145.56042
0.34259 0.34259 0.00000 358.59653 150.50966
0.43059 0.34259 0.00000 428.46100 166.95946
0.45679 0.34259 0.00000 449.11874 171.87726
0.54479 0.34259 0.00000 515.55652 187.56186
0.57099 0.34259 0.00000 535.27826 192.20235
0.65899 0.34259 0.00000 598.61774 207.17400
0.11420 0.43059 0.00000 177.43794 30.01100
0.20220 0.43059 0.00000 254.75246 49.75335
0.22840 0.43059 0.00000 277.45880 55.53518
0.31640 0.43059 0.00000 350.93857 74.42871
0.34259 0.43059 0.00000 372.60248 79.96140
0.43059 0.43059 0.00000 442.58582 97.78913
0.45679 0.43059 0.00000 463.16977 103.08288
0.54479 0.43059 0.00000 529.74756 120.10023
0.57099 0.43059 0.00000 549.43750 125.11815
0.65899 0.43059 0.00000 612.99524 141.44255
0.45679 0.45679 0.00000 467.33682 82.23580
0.54479 0.45679 0.00000 534.00635 99.54784
0.57099 0.45679 0.00000 553.58331 104.63099
0.65899 0.45679 0.00000 617.37427 121.35681
0.45679 0.54479 0.00000 481.63922 12.50277
0.54479 0.54479 0.00000 548.36481 31.16284
0.57099 0.54479 0.00000 567.97156 36.64270

gimbalangles:
-0.10471975512 -0.174532925199 0.261799387799 

end: