T_CW:
0.99603 0.05082 0.07304 -0.37607
0.05741 -0.99418 -0.09117 0.65224
0.06798 0.09500 -0.99315 1.35353
0.00000 0.00000 0.00000 1.00000

T_CW_cov:

target_points_pix:
0.00000 0.00000 0.00000 463.25162 811.45581
0.08800 0.00000 0.00000 503.76382 814.16254
0.11420 0.00000 0.00000 515.66699 814.53540
0.20220 0.00000 0.00000 556.51776 816.84851
0.22840 0.00000 0.00000 568.60596 817.47144
0.31640 0.00000 0.00000 609.25574 818.69580
0.34259 0.00000 0.00000 621.17255 819.03369
0.54479 0.00000 0.00000 712.82324 820.17371
0.57099 0.00000 0.00000 724.38940 820.15997
0.65899 0.00000 0.00000 763.15778 820.12531
0.00000 0.08800 0.00000 464.90240 771.89380
0.08800 0.08800 0.00000 505.35147 774.48529
0.11420 0.08800 0.00000 517.49518 774.96753
0.20220 0.08800 0.00000 558.33862 777.36072
0.22840 0.08800 0.00000 570.47998 777.71185
0.31640 0.08800 0.00000 610.72192 779.44470
0.34259 0.08800 0.00000 623.03241 779.89984
0.43059 0.08800 0.00000 663.35443 780.70026
0.45679 0.08800 0.00000 675.27966 780.93500
0.54479 0.08800 0.00000 714.68567 781.55084
0.57099 0.08800 0.00000 726.57080 781.62970
0.65899 0.08800 0.00000 765.10138 781.81030
0.00000 0.11420 0.00000 465.32840 760.30042
0.11420 0.11420 0.00000 518.24731 763.37329
0.20220 0.11420 0.00000 558.62115 765.51447
0.22840 0.11420 0.00000 570.89764 765.90643
0.31640 0.11420 0.00000 611.68555 767.64587
0.34259 0.11420 0.00000 623.74030 768.08990
0.43059 0.11420 0.00000 664.03473 769.13568
0.45679 0.11420 0.00000 676.19275 769.42542
0.54479 0.11420 0.00000 715.53162 770.11951
0.57099 0.11420 0.00000 727.27155 770.17053
0.65899 0.11420 0.00000 765.85327 770.07135
0.00000 0.20220 0.00000 467.06522 720.12354
0.08800 0.20220 0.00000 507.44589 722.55579
0.11420 0.20220 0.00000 519.88434 723.38788
0.20220 0.20220 0.00000 560.48785 725.57300
0.22840 0.20220 0.00000 572.88776 726.02484
0.31640 0.20220 0.00000 613.57617 728.16406
0.34259 0.20220 0.00000 625.58380 728.40045
0.43059 0.20220 0.00000 666.26831 729.72888
0.45679 0.20220 0.00000 678.19360 729.88898
0.54479 0.20220 0.00000 717.60675 730.56079
0.57099 0.20220 0.00000 729.55347 730.65466
0.65899 0.20220 0.00000 768.31085 731.40668
0.00000 0.22840 0.00000 467.44525 708.29797
0.08800 0.22840 0.00000 507.82309 710.59595
0.11420 0.22840 0.00000 520.39960 711.46808
0.20220 0.22840 0.00000 560.84113 713.61420
0.22840 0.22840 0.00000 573.44159 714.30176
0.31640 0.22840 0.00000 614.21954 715.81445
0.34259 0.22840 0.00000 626.21631 716.26154
0.43059 0.22840 0.00000 666.67670 717.69775
0.45679 0.22840 0.00000 678.65503 717.78461
0.54479 0.22840 0.00000 718.28754 719.10999
0.57099 0.22840 0.00000 730.20532 719.13519
0.65899 0.22840 0.00000 768.72528 719.65472
0.00000 0.31640 0.00000 469.23441 667.85504
0.08800 0.31640 0.00000 509.82059 670.19574
0.11420 0.31640 0.00000 522.20294 671.13171
0.20220 0.31640 0.00000 562.99158 673.16754
0.22840 0.31640 0.00000 575.35266 674.05878
0.31640 0.31640 0.00000 616.23816 675.74457
0.34259 0.31640 0.00000 628.37177 676.01324
0.43059 0.31640 0.00000 668.64282 677.72400
0.45679 0.31640 0.00000 681.01019 677.98450
0.54479 0.31640 0.00000 720.49866 679.40460
0.57099 0.31640 0.00000 732.39502 679.53485
0.65899 0.31640 0.00000 771.14685 680.32263
0.00000 0.34259 0.00000 470.27725 655.55176
0.08800 0.34259 0.00000 510.62784 657.78497
0.11420 0.34259 0.00000 523.02295 658.77759
0.20220 0.34259 0.00000 563.80359 660.78406
0.22840 0.34259 0.00000 576.25934 661.65637
0.31640 0.34259 0.00000 616.68848 663.59766
0.34259 0.34259 0.00000 629.09167 664.01782
0.43059 0.34259 0.00000 669.34052 665.79681
0.45679 0.34259 0.00000 681.58875 666.19244
0.54479 0.34259 0.00000 720.95648 667.21490
0.57099 0.34259 0.00000 732.66840 667.57379
0.65899 0.34259 0.00000 771.57605 668.46240
0.00000 0.43059 0.00000 472.07785 614.92163
0.08800 0.43059 0.00000 512.73969 617.26880
0.11420 0.43059 0.00000 525.05420 617.96613
0.20220 0.43059 0.00000 565.75610 620.23682
0.22840 0.43059 0.00000 578.04187 621.02588
0.31640 0.43059 0.00000 618.90558 623.02344
0.34259 0.43059 0.00000 630.82526 623.57007
0.43059 0.43059 0.00000 671.35553 625.07202
0.54479 0.43059 0.00000 722.91125 627.14325
0.57099 0.43059 0.00000 734.85217 627.76508
0.65899 0.43059 0.00000 773.50458 628.73151
0.00000 0.45679 0.00000 473.14331 602.51813
0.08800 0.45679 0.00000 513.50995 604.71118
0.11420 0.45679 0.00000 525.96405 605.85138
0.20220 0.45679 0.00000 566.62091 607.76459
0.22840 0.45679 0.00000 579.01202 608.76099
0.31640 0.45679 0.00000 619.56256 610.61224
0.34259 0.45679 0.00000 631.93549 611.22681
0.43059 0.45679 0.00000 671.98657 613.07159
0.45679 0.45679 0.00000 684.20013 613.70276
0.54479 0.45679 0.00000 723.74976 614.92395
0.57099 0.45679 0.00000 735.33618 615.79401
0.65899 0.45679 0.00000 773.92694 616.93951
0.00000 0.54479 0.00000 475.42056 562.13959
0.08800 0.54479 0.00000 515.78418 564.19678
0.11420 0.54479 0.00000 528.11652 565.03326
0.20220 0.54479 0.00000 568.75848 567.24445
0.22840 0.54479 0.00000 581.06207 567.99817
0.31640 0.54479 0.00000 621.66736 570.25867
0.34259 0.54479 0.00000 633.80469 570.81354
0.43059 0.54479 0.00000 673.88361 572.82745
0.45679 0.54479 0.00000 686.20239 573.27972
0.54479 0.54479 0.00000 725.24127 574.85370
0.57099 0.54479 0.00000 736.97632 575.88159
0.65899 0.54479 0.00000 775.71765 577.48352
0.00000 0.57099 0.00000 476.35953 549.61499
0.08800 0.57099 0.00000 516.77631 551.84021
0.11420 0.57099 0.00000 529.06030 552.81476
0.20220 0.57099 0.00000 569.57544 554.76794
0.22840 0.57099 0.00000 581.94177 555.90649
0.31640 0.57099 0.00000 622.25024 557.81250
0.34259 0.57099 0.00000 634.36810 558.65479
0.43059 0.57099 0.00000 674.53320 560.94519
0.45679 0.57099 0.00000 686.56104 561.35986
0.54479 0.57099 0.00000 725.94330 563.04449
0.65899 0.57099 0.00000 776.18799 565.56696
0.00000 0.65899 0.00000 478.98492 509.21664
0.08800 0.65899 0.00000 519.16284 511.55273
0.11420 0.65899 0.00000 531.43115 512.36469
0.20220 0.65899 0.00000 571.68304 514.55450
0.22840 0.65899 0.00000 584.18658 515.21698
0.31640 0.65899 0.00000 624.38336 517.60632
0.34259 0.65899 0.00000 636.56299 518.00964
0.43059 0.65899 0.00000 676.34125 520.67041
0.45679 0.65899 0.00000 688.30585 521.29785
0.54479 0.65899 0.00000 727.60187 523.45819
0.57099 0.65899 0.00000 739.21069 524.20618
0.65899 0.65899 0.00000 777.48212 526.37787

gimbalangles:
-0.10471975512 -0.174532925199 0.261799387799 

end: