T_CW:
0.85520 0.21981 0.46939 -1.02982
0.15408 -0.97249 0.17469 0.00104
0.49487 -0.07708 -0.86554 1.18932
0.00000 0.00000 0.00000 1.00000

T_CW_cov:

target_points_pix:
0.34259 0.00000 0.00000 68.76153 391.79776
0.43059 0.00000 0.00000 148.19624 401.76740
0.45679 0.00000 0.00000 171.20312 404.61282
0.54479 0.00000 0.00000 244.54073 413.90808
0.57099 0.00000 0.00000 265.88010 416.52118
0.34259 0.08800 0.00000 81.57356 318.58990
0.43059 0.08800 0.00000 160.85214 330.79193
0.45679 0.08800 0.00000 183.86412 334.41168
0.54479 0.08800 0.00000 257.39267 345.66690
0.57099 0.08800 0.00000 278.67349 349.08716
0.65899 0.08800 0.00000 346.98383 359.48346
0.34259 0.11420 0.00000 85.49635 296.55402
0.43059 0.11420 0.00000 164.85068 309.51804
0.45679 0.11420 0.00000 187.61523 313.28662
0.54479 0.11420 0.00000 261.23001 325.20612
0.57099 0.11420 0.00000 282.61301 328.57306
0.65899 0.11420 0.00000 350.80524 339.63794
0.34259 0.20220 0.00000 98.55887 222.62386
0.43059 0.20220 0.00000 177.91452 237.83643
0.45679 0.20220 0.00000 200.73276 242.25905
0.57099 0.20220 0.00000 295.58456 260.28879
0.65899 0.20220 0.00000 363.89832 273.38901
0.34259 0.22840 0.00000 102.59827 200.40137
0.43059 0.22840 0.00000 181.87206 216.20053
0.45679 0.22840 0.00000 205.11240 220.72638
0.54479 0.22840 0.00000 278.49091 235.44751
0.57099 0.22840 0.00000 299.69794 239.60492
0.65899 0.22840 0.00000 367.85550 253.31674
0.34259 0.31640 0.00000 116.06466 125.35686
0.43059 0.31640 0.00000 195.49760 143.53189
0.45679 0.31640 0.00000 218.46625 148.87943
0.54479 0.31640 0.00000 291.90012 165.63187
0.57099 0.31640 0.00000 313.23499 170.45583
0.65899 0.31640 0.00000 381.58057 186.07828
0.34259 0.34259 0.00000 120.13866 102.58030
0.43059 0.34259 0.00000 199.48735 121.53621
0.45679 0.34259 0.00000 222.52783 126.97868
0.54479 0.34259 0.00000 296.10178 144.51299
0.57099 0.34259 0.00000 317.33917 149.55219
0.65899 0.34259 0.00000 385.60800 165.69220
0.34259 0.43059 0.00000 133.95905 26.55940
0.43059 0.43059 0.00000 213.34012 47.89481
0.45679 0.43059 0.00000 236.38672 54.12124
0.54479 0.43059 0.00000 309.74902 73.63401
0.57099 0.43059 0.00000 331.14438 79.37613

gimbalangles:
-0.10471975512 -0.174532925199 0.436332312999 

end: