T_CW:
0.99744 0.03521 0.06223 -0.58508
0.03970 -0.99659 -0.07238 0.63360
0.05946 0.07467 -0.99543 1.37201
0.00000 0.00000 0.00000 1.00000

T_CW_cov:

target_points_pix:
0.00000 0.00000 0.00000 384.67740 792.49896
0.08800 0.00000 0.00000 423.31152 794.94922
0.11420 0.00000 0.00000 434.88736 795.67084
0.20220 0.00000 0.00000 474.23395 798.13135
0.22840 0.00000 0.00000 485.94614 798.55725
0.31640 0.00000 0.00000 525.63226 800.45148
0.34259 0.00000 0.00000 537.62476 800.93921
0.43059 0.00000 0.00000 577.40973 802.21680
0.45679 0.00000 0.00000 589.40778 802.42725
0.54479 0.00000 0.00000 628.94299 803.00037
0.57099 0.00000 0.00000 640.78125 803.24261
0.65899 0.00000 0.00000 680.28265 803.41254
0.00000 0.08800 0.00000 385.16959 753.91431
0.08800 0.08800 0.00000 423.83536 756.35516
0.11420 0.08800 0.00000 435.57785 757.02942
0.20220 0.08800 0.00000 474.81973 759.37823
0.22840 0.08800 0.00000 486.75262 759.83557
0.31640 0.08800 0.00000 526.51660 761.65277
0.34259 0.08800 0.00000 538.51093 762.17255
0.43059 0.08800 0.00000 578.46039 763.57391
0.45679 0.08800 0.00000 590.44873 763.83807
0.54479 0.08800 0.00000 630.09442 764.56470
0.57099 0.08800 0.00000 642.14777 764.84448
0.65899 0.08800 0.00000 681.38251 765.23871
0.00000 0.11420 0.00000 385.30475 742.24994
0.08800 0.11420 0.00000 423.94208 744.72852
0.11420 0.11420 0.00000 435.81171 745.48047
0.20220 0.11420 0.00000 475.13773 747.60455
0.22840 0.11420 0.00000 487.12997 748.27356
0.31640 0.11420 0.00000 526.76984 749.94934
0.34259 0.11420 0.00000 538.85004 750.56061
0.43059 0.11420 0.00000 578.60480 751.80792
0.45679 0.11420 0.00000 590.71161 752.14105
0.54479 0.11420 0.00000 630.50793 753.09521
0.57099 0.11420 0.00000 642.56024 753.31799
0.65899 0.11420 0.00000 682.02032 753.53912
0.00000 0.20220 0.00000 386.13571 703.30225
0.08800 0.20220 0.00000 424.70990 705.57501
0.11420 0.20220 0.00000 436.61539 706.39136
0.20220 0.20220 0.00000 475.81546 708.44562
0.22840 0.20220 0.00000 488.01373 709.06769
0.31640 0.20220 0.00000 527.67334 710.75385
0.34259 0.20220 0.00000 539.92609 711.34717
0.43059 0.20220 0.00000 579.77307 712.70239
0.45679 0.20220 0.00000 592.09961 713.23981
0.54479 0.20220 0.00000 631.76794 714.20575
0.57099 0.20220 0.00000 643.82117 714.45758
0.65899 0.20220 0.00000 683.22290 714.91602
0.00000 0.22840 0.00000 386.37463 691.43060
0.08800 0.22840 0.00000 424.92017 693.77216
0.11420 0.22840 0.00000 436.89163 694.53656
0.20220 0.22840 0.00000 476.15149 696.57452
0.22840 0.22840 0.00000 488.37625 697.25208
0.31640 0.22840 0.00000 528.08600 698.92511
0.34259 0.22840 0.00000 540.32471 699.53113
0.43059 0.22840 0.00000 580.16211 700.90289
0.45679 0.22840 0.00000 592.43732 701.41650
0.54479 0.22840 0.00000 632.19775 702.18671
0.57099 0.22840 0.00000 644.19000 702.45844
0.65899 0.22840 0.00000 683.82172 703.02771
0.00000 0.31640 0.00000 387.33847 652.21002
0.08800 0.31640 0.00000 425.89459 654.33972
0.11420 0.31640 0.00000 437.81763 654.76233
0.20220 0.31640 0.00000 477.22311 656.90613
0.22840 0.31640 0.00000 489.39539 657.65613
0.31640 0.31640 0.00000 528.98926 659.42487
0.34259 0.31640 0.00000 541.27277 660.03650
0.43059 0.31640 0.00000 581.29163 661.38782
0.45679 0.31640 0.00000 593.57220 661.84790
0.54479 0.31640 0.00000 633.45038 662.71411
0.57099 0.31640 0.00000 645.81885 663.06366
0.65899 0.31640 0.00000 685.29956 664.31317
0.00000 0.34259 0.00000 387.63193 640.23291
0.08800 0.34259 0.00000 426.50101 642.26135
0.11420 0.34259 0.00000 438.44559 642.93445
0.20220 0.34259 0.00000 477.66132 644.76245
0.22840 0.34259 0.00000 489.76382 645.58789
0.31640 0.34259 0.00000 529.67548 647.17468
0.34259 0.34259 0.00000 541.86572 647.87329
0.43059 0.34259 0.00000 581.90430 649.16669
0.45679 0.34259 0.00000 594.16486 649.73181
0.54479 0.34259 0.00000 633.90259 650.83057
0.57099 0.34259 0.00000 646.39056 651.22437
0.65899 0.34259 0.00000 685.52820 652.16583
0.00000 0.43059 0.00000 389.32736 600.46344
0.08800 0.43059 0.00000 427.75519 602.40552
0.11420 0.43059 0.00000 439.83554 602.97467
0.20220 0.43059 0.00000 479.05945 604.95984
0.22840 0.43059 0.00000 491.18872 605.65125
0.31640 0.43059 0.00000 530.85822 607.22083
0.34259 0.43059 0.00000 543.15088 607.89069
0.43059 0.43059 0.00000 583.13611 609.29590
0.45679 0.43059 0.00000 595.43243 609.83258
0.54479 0.43059 0.00000 635.21869 610.93036
0.57099 0.43059 0.00000 647.57019 611.37891
0.65899 0.43059 0.00000 687.11176 612.68036
0.00000 0.45679 0.00000 389.62918 588.36908
0.08800 0.45679 0.00000 428.46848 590.29480
0.11420 0.45679 0.00000 440.50064 590.87952
0.20220 0.45679 0.00000 479.70444 592.72736
0.22840 0.45679 0.00000 491.70074 593.35028
0.31640 0.45679 0.00000 531.56329 594.79407
0.34259 0.45679 0.00000 543.70251 595.70422
0.43059 0.45679 0.00000 583.76776 596.91290
0.45679 0.45679 0.00000 596.14850 597.67828
0.54479 0.45679 0.00000 635.76379 598.76459
0.57099 0.45679 0.00000 648.21613 599.34924
0.65899 0.45679 0.00000 687.42816 600.40826
0.00000 0.54479 0.00000 391.72440 548.75824
0.08800 0.54479 0.00000 430.29446 550.59412
0.11420 0.54479 0.00000 442.22485 551.19580
0.20220 0.54479 0.00000 481.27390 552.78186
0.22840 0.54479 0.00000 493.55194 553.38770
0.34259 0.54479 0.00000 545.23877 555.63007
0.43059 0.54479 0.00000 585.02106 557.10986
0.45679 0.54479 0.00000 597.28461 557.65021
0.57099 0.54479 0.00000 649.33466 559.60168
0.00000 0.57099 0.00000 392.60394 536.71277
0.08800 0.57099 0.00000 431.11707 538.36743
0.11420 0.57099 0.00000 442.99435 538.96039
0.20220 0.57099 0.00000 481.87729 540.76617
0.22840 0.57099 0.00000 494.23471 541.37555
0.31640 0.57099 0.00000 533.71021 542.73145
0.34259 0.57099 0.00000 546.08698 543.47479
0.43059 0.57099 0.00000 585.75787 544.80292
0.45679 0.57099 0.00000 598.16492 545.53705
0.54479 0.57099 0.00000 637.68896 546.77209
0.57099 0.57099 0.00000 649.85468 547.49359
0.65899 0.57099 0.00000 689.14056 548.56976
0.00000 0.65899 0.00000 394.89798 497.50238
0.08800 0.65899 0.00000 433.06540 498.95132
0.11420 0.65899 0.00000 444.86154 499.55917
0.20220 0.65899 0.00000 484.16055 501.14038
0.22840 0.65899 0.00000 496.35248 501.45450
0.31640 0.65899 0.00000 535.37946 502.98288
0.34259 0.65899 0.00000 547.83917 503.48459
0.43059 0.65899 0.00000 587.18524 505.11801
0.45679 0.65899 0.00000 599.47235 505.71884
0.54479 0.65899 0.00000 638.86066 507.33630
0.57099 0.65899 0.00000 651.22424 508.04764
0.65899 0.65899 0.00000 690.32355 509.62857

gimbalangles:
-0.10471975512 0.0 -0.436332312999 

end: