T_CW:
0.99604 0.05081 0.07299 -0.37606
0.05740 -0.99417 -0.09128 0.65224
0.06792 0.09511 -0.99315 1.35352
0.00000 0.00000 0.00000 1.00000

T_CW_cov:

target_points_pix:
0.00000 0.00000 0.00000 463.24243 811.46143
0.08800 0.00000 0.00000 503.78412 814.13861
0.11420 0.00000 0.00000 515.68439 814.52472
0.20220 0.00000 0.00000 556.51929 816.86658
0.22840 0.00000 0.00000 568.62732 817.46277
0.31640 0.00000 0.00000 609.25494 818.70898
0.34259 0.00000 0.00000 621.20825 819.03357
0.54479 0.00000 0.00000 712.87714 820.19714
0.57099 0.00000 0.00000 724.41278 820.17175
0.65899 0.00000 0.00000 763.13043 820.17126
0.00000 0.08800 0.00000 464.91324 771.90405
0.08800 0.08800 0.00000 505.34982 774.50763
0.20220 0.08800 0.00000 558.33771 777.39929
0.22840 0.08800 0.00000 570.47174 777.71698
0.31640 0.08800 0.00000 610.68610 779.44983
0.34259 0.08800 0.00000 623.10010 779.93195
0.43059 0.08800 0.00000 663.34131 780.65826
0.45679 0.08800 0.00000 675.26703 780.90540
0.54479 0.08800 0.00000 714.65198 781.57263
0.57099 0.08800 0.00000 726.57617 781.63879
0.65899 0.08800 0.00000 765.19110 781.83813
0.00000 0.11420 0.00000 465.34201 760.29041
0.11420 0.11420 0.00000 518.22369 763.36206
0.20220 0.11420 0.00000 558.61340 765.53345
0.22840 0.11420 0.00000 570.88672 765.96106
0.31640 0.11420 0.00000 611.65375 767.66156
0.34259 0.11420 0.00000 623.77979 768.10706
0.43059 0.11420 0.00000 664.06036 769.11908
0.45679 0.11420 0.00000 676.20056 769.42651
0.54479 0.11420 0.00000 715.54608 770.12061
0.57099 0.11420 0.00000 727.29248 770.14655
0.65899 0.11420 0.00000 765.83917 770.05206
0.00000 0.20220 0.00000 467.03290 720.14075
0.08800 0.20220 0.00000 507.42627 722.57831
0.11420 0.20220 0.00000 519.88361 723.37592
0.20220 0.20220 0.00000 560.50366 725.57025
0.22840 0.20220 0.00000 572.90234 726.04810
0.31640 0.20220 0.00000 613.57544 728.14807
0.34259 0.20220 0.00000 625.63477 728.39502
0.43059 0.20220 0.00000 666.24554 729.68286
0.45679 0.20220 0.00000 678.15356 729.90680
0.54479 0.20220 0.00000 717.60187 730.59753
0.57099 0.20220 0.00000 729.55676 730.65344
0.65899 0.20220 0.00000 768.24713 731.40045
0.00000 0.22840 0.00000 467.44052 708.28027
0.08800 0.22840 0.00000 507.81445 710.62659
0.11420 0.22840 0.00000 520.41058 711.47296
0.20220 0.22840 0.00000 560.84424 713.59943
0.22840 0.22840 0.00000 573.44104 714.30701
0.31640 0.22840 0.00000 614.22247 715.80450
0.34259 0.22840 0.00000 626.21924 716.25128
0.43059 0.22840 0.00000 666.67120 717.72168
0.45679 0.22840 0.00000 678.67706 717.80585
0.54479 0.22840 0.00000 718.32642 719.15399
0.57099 0.22840 0.00000 730.23535 719.11761
0.65899 0.22840 0.00000 768.72717 719.65411
0.00000 0.31640 0.00000 469.24039 667.85858
0.08800 0.31640 0.00000 509.79727 670.21802
0.11420 0.31640 0.00000 522.18140 671.11871
0.20220 0.31640 0.00000 562.96918 673.12689
0.22840 0.31640 0.00000 575.36993 674.02637
0.31640 0.31640 0.00000 616.23895 675.78076
0.34259 0.31640 0.00000 628.40009 676.01416
0.43059 0.31640 0.00000 668.63934 677.74017
0.45679 0.31640 0.00000 681.04889 677.98584
0.54479 0.31640 0.00000 720.51849 679.38837
0.57099 0.31640 0.00000 732.40900 679.56744
0.65899 0.31640 0.00000 771.16821 680.36188
0.00000 0.34259 0.00000 470.26422 655.51794
0.08800 0.34259 0.00000 510.65829 657.73975
0.11420 0.34259 0.00000 523.00598 658.82410
0.20220 0.34259 0.00000 563.75470 660.76459
0.22840 0.34259 0.00000 576.27856 661.64862
0.31640 0.34259 0.00000 616.67450 663.57562
0.34259 0.34259 0.00000 629.07379 664.05798
0.43059 0.34259 0.00000 669.37909 665.82629
0.45679 0.34259 0.00000 681.58997 666.21741
0.54479 0.34259 0.00000 720.91034 667.21381
0.57099 0.34259 0.00000 732.69208 667.57257
0.65899 0.34259 0.00000 771.54755 668.46393
0.00000 0.43059 0.00000 472.05722 614.93646
0.08800 0.43059 0.00000 512.75116 617.24670
0.11420 0.43059 0.00000 525.08826 617.98810
0.20220 0.43059 0.00000 565.77045 620.25751
0.22840 0.43059 0.00000 578.03540 621.01636
0.31640 0.43059 0.00000 618.92889 623.05865
0.34259 0.43059 0.00000 630.81274 623.56543
0.43059 0.43059 0.00000 671.37231 624.95380
0.54479 0.43059 0.00000 722.93921 627.14441
0.57099 0.43059 0.00000 734.84314 627.75751
0.65899 0.43059 0.00000 773.48077 628.72937
0.00000 0.45679 0.00000 473.15955 602.51758
0.08800 0.45679 0.00000 513.52423 604.72919
0.11420 0.45679 0.00000 525.99054 605.84674
0.20220 0.45679 0.00000 566.61639 607.78674
0.22840 0.45679 0.00000 579.05304 608.71332
0.31640 0.45679 0.00000 619.54700 610.62799
0.34259 0.45679 0.00000 631.92920 611.20435
0.43059 0.45679 0.00000 672.07507 613.12811
0.45679 0.45679 0.00000 684.21149 613.70050
0.54479 0.45679 0.00000 723.75360 614.91504
0.57099 0.45679 0.00000 735.28699 615.78680
0.65899 0.45679 0.00000 773.93842 616.98383
0.00000 0.54479 0.00000 475.42447 562.12433
0.08800 0.54479 0.00000 515.81787 564.20459
0.11420 0.54479 0.00000 528.08588 565.03998
0.20220 0.54479 0.00000 568.76544 567.25421
0.22840 0.54479 0.00000 581.05487 567.97314
0.31640 0.54479 0.00000 621.69281 570.24060
0.34259 0.54479 0.00000 633.83148 570.81122
0.43059 0.54479 0.00000 673.83820 572.86792
0.45679 0.54479 0.00000 686.14941 573.26984
0.54479 0.54479 0.00000 725.22083 574.91644
0.57099 0.54479 0.00000 736.98291 575.87579
0.65899 0.54479 0.00000 775.71118 577.51288
0.00000 0.57099 0.00000 476.35519 549.61963
0.08800 0.57099 0.00000 516.75159 551.83136
0.11420 0.57099 0.00000 529.05060 552.84314
0.20220 0.57099 0.00000 569.54285 554.75269
0.22840 0.57099 0.00000 581.91559 555.93121
0.31640 0.57099 0.00000 622.27521 557.82971
0.34259 0.57099 0.00000 634.37299 558.63416
0.43059 0.57099 0.00000 674.52191 560.95276
0.45679 0.57099 0.00000 686.54956 561.37494
0.54479 0.57099 0.00000 725.97748 563.08441
0.57099 0.57099 0.00000 737.70892 564.10498
0.65899 0.57099 0.00000 776.19287 565.56036
0.00000 0.65899 0.00000 479.01089 509.16388
0.08800 0.65899 0.00000 519.16193 511.58109
0.11420 0.65899 0.00000 531.41693 512.35443
0.20220 0.65899 0.00000 571.69958 514.57666
0.22840 0.65899 0.00000 584.19666 515.20996
0.31640 0.65899 0.00000 624.39343 517.59900
0.34259 0.65899 0.00000 636.56445 518.01471
0.43059 0.65899 0.00000 676.33154 520.70001
0.45679 0.65899 0.00000 688.29474 521.28375
0.54479 0.65899 0.00000 727.57153 523.48358
0.57099 0.65899 0.00000 739.23071 524.22101
0.65899 0.65899 0.00000 777.49164 526.36700

gimbalangles:
-0.10471975512 0.0 -0.436332312999 

end: