T_CW:
0.97663 0.04711 -0.20969 0.03302
0.06844 -0.99306 0.09564 0.15798
-0.20373 -0.10775 -0.97308 1.55985
0.00000 0.00000 0.00000 1.00000

T_CW_cov:

target_points_pix:
0.00000 0.00000 0.00000 710.48676 464.57809
0.08800 0.00000 0.00000 774.84204 470.43723
0.11420 0.00000 0.00000 794.53699 472.32462
0.20220 0.00000 0.00000 860.89948 478.44318
0.22840 0.00000 0.00000 881.30194 480.34491
0.31640 0.00000 0.00000 949.50970 486.56149
0.34259 0.00000 0.00000 970.49323 488.57071
0.43059 0.00000 0.00000 1041.05054 494.91266
0.45679 0.00000 0.00000 1062.59705 496.89661
0.54479 0.00000 0.00000 1135.40381 503.45630
0.00000 0.08800 0.00000 713.90900 399.52698
0.08800 0.08800 0.00000 778.61926 404.73932
0.11420 0.08800 0.00000 798.45288 406.29135
0.20220 0.08800 0.00000 865.37146 411.53412
0.22840 0.08800 0.00000 885.60675 413.31903
0.31640 0.08800 0.00000 954.39966 418.66678
0.34259 0.08800 0.00000 975.45746 420.43063
0.43059 0.08800 0.00000 1046.45667 426.18021
0.45679 0.08800 0.00000 1068.31165 427.71500
0.54479 0.08800 0.00000 1141.41211 433.54141
0.57099 0.08800 0.00000 1163.80042 435.40390
0.65899 0.08800 0.00000 1239.68152 441.38470
0.00000 0.11420 0.00000 715.01862 379.84122
0.08800 0.11420 0.00000 779.70691 384.67886
0.11420 0.11420 0.00000 799.51105 386.40060
0.20220 0.11420 0.00000 866.47675 391.49979
0.31640 0.11420 0.00000 956.03430 398.20862
0.43059 0.11420 0.00000 1048.25500 405.33179
0.45679 0.11420 0.00000 1070.00256 406.79208
0.54479 0.11420 0.00000 1143.45996 412.45538
0.57099 0.11420 0.00000 1165.56445 414.21780
0.65899 0.11420 0.00000 1241.69617 419.76672
0.00000 0.20220 0.00000 718.32391 314.20157
0.08800 0.20220 0.00000 783.48462 318.32303
0.11420 0.20220 0.00000 803.41699 319.51074
0.20220 0.20220 0.00000 870.66345 323.70029
0.22840 0.20220 0.00000 891.50946 325.16299
0.31640 0.20220 0.00000 960.89423 329.57516
0.34259 0.20220 0.00000 982.26715 330.97415
0.43059 0.20220 0.00000 1053.78845 335.53702
0.45679 0.20220 0.00000 1075.72961 336.80350
0.57099 0.20220 0.00000 1172.41772 343.13409
0.65899 0.20220 0.00000 1248.78882 347.86066
0.00000 0.22840 0.00000 719.19849 294.22095
0.08800 0.22840 0.00000 784.58514 298.04764
0.11420 0.22840 0.00000 804.59314 299.39948
0.20220 0.22840 0.00000 872.28149 303.39816
0.22840 0.22840 0.00000 892.83380 304.56793
0.31640 0.22840 0.00000 962.47510 308.74054
0.34259 0.22840 0.00000 983.66016 310.16812
0.43059 0.22840 0.00000 1055.51636 314.42618
0.45679 0.22840 0.00000 1077.63062 315.61752
0.57099 0.22840 0.00000 1174.41602 321.52545
0.65899 0.22840 0.00000 1251.27673 326.16235
0.00000 0.31640 0.00000 722.44067 227.20660
0.08800 0.31640 0.00000 788.37836 230.34923
0.11420 0.31640 0.00000 808.55554 231.40709
0.20220 0.31640 0.00000 876.62189 234.49049
0.22840 0.31640 0.00000 897.45819 235.53792
0.31640 0.31640 0.00000 967.53778 238.83888
0.34259 0.31640 0.00000 989.20813 239.95123
0.43059 0.31640 0.00000 1061.55420 243.47585
0.45679 0.31640 0.00000 1083.61475 244.48148
0.54479 0.31640 0.00000 1158.40918 248.11942
0.57099 0.31640 0.00000 1181.41748 249.25688
0.65899 0.31640 0.00000 1258.51892 252.82185
0.00000 0.34259 0.00000 723.43042 206.61195
0.08800 0.34259 0.00000 789.52057 209.58911
0.11420 0.34259 0.00000 809.61383 210.63501
0.20220 0.34259 0.00000 877.90686 213.51717
0.22840 0.34259 0.00000 898.75464 214.51178
0.31640 0.34259 0.00000 969.23450 217.59636
0.34259 0.34259 0.00000 990.71033 218.58095
0.43059 0.34259 0.00000 1063.30725 221.76599
0.45679 0.34259 0.00000 1085.38892 222.76895
0.54479 0.34259 0.00000 1160.57764 226.12244
0.57099 0.34259 0.00000 1183.36096 227.08615
0.65899 0.34259 0.00000 1260.63770 230.49165
0.00000 0.43059 0.00000 726.67340 138.50307
0.08800 0.43059 0.00000 793.43451 140.61533
0.11420 0.43059 0.00000 813.76996 141.40715
0.20220 0.43059 0.00000 882.51331 143.51802
0.22840 0.43059 0.00000 903.51172 144.31659
0.31640 0.43059 0.00000 974.31342 146.51823
0.34259 0.43059 0.00000 996.13153 147.32416
0.43059 0.43059 0.00000 1069.31055 149.57591
0.45679 0.43059 0.00000 1091.49707 150.28387
0.54479 0.43059 0.00000 1167.29797 152.61171
0.57099 0.43059 0.00000 1190.24316 153.45772
0.65899 0.43059 0.00000 1268.63147 155.76454
0.00000 0.45679 0.00000 727.68683 117.71877
0.08800 0.45679 0.00000 794.51965 119.67524
0.11420 0.45679 0.00000 815.19733 120.31351
0.20220 0.45679 0.00000 883.79449 122.23322
0.22840 0.45679 0.00000 904.96881 122.80423
0.31640 0.45679 0.00000 975.82953 124.71233
0.34259 0.45679 0.00000 997.63464 125.53986
0.43059 0.45679 0.00000 1071.27148 127.54169
0.45679 0.45679 0.00000 1093.48694 128.26176
0.54479 0.45679 0.00000 1169.23450 130.43672
0.57099 0.45679 0.00000 1192.38684 130.96899
0.65899 0.45679 0.00000 1270.86182 133.37842
0.00000 0.54479 0.00000 731.39313 48.40147
0.08800 0.54479 0.00000 798.53827 49.67823
0.11420 0.54479 0.00000 819.30182 49.91926
0.20220 0.54479 0.00000 888.40503 51.23857
0.22840 0.54479 0.00000 909.72253 51.48105
0.31640 0.54479 0.00000 981.20026 52.55198
0.34259 0.54479 0.00000 1003.24371 52.85551
0.43059 0.54479 0.00000 1076.93823 54.20206
0.45679 0.54479 0.00000 1099.54907 54.44213
0.54479 0.54479 0.00000 1176.04089 55.60354
0.57099 0.54479 0.00000 1199.38098 55.95661
0.65899 0.54479 0.00000 1278.39832 57.27496

gimbalangles:
-0.10471975512 0.0 -0.261799387799 

end: