T_CW:
0.99742 0.03528 0.06245 -0.58508
0.03976 -0.99660 -0.07215 0.63359
0.05969 0.07445 -0.99544 1.37202
0.00000 0.00000 0.00000 1.00000

T_CW_cov:

target_points_pix:
0.00000 0.00000 0.00000 384.64822 792.50610
0.08800 0.00000 0.00000 423.34116 794.91351
0.11420 0.00000 0.00000 434.95575 795.74402
0.20220 0.00000 0.00000 474.22061 798.07288
0.22840 0.00000 0.00000 486.02402 798.58887
0.31640 0.00000 0.00000 525.60016 800.44598
0.34259 0.00000 0.00000 537.54327 800.82666
0.43059 0.00000 0.00000 577.42548 802.21460
0.45679 0.00000 0.00000 589.41327 802.39758
0.54479 0.00000 0.00000 628.93066 803.01196
0.57099 0.00000 0.00000 640.74316 803.19202
0.65899 0.00000 0.00000 680.26886 803.37048
0.00000 0.08800 0.00000 385.13571 753.88715
0.08800 0.08800 0.00000 423.80737 756.40894
0.11420 0.08800 0.00000 435.55182 757.08392
0.20220 0.08800 0.00000 474.86606 759.33832
0.22840 0.08800 0.00000 486.77017 759.86090
0.31640 0.08800 0.00000 526.49963 761.67322
0.34259 0.08800 0.00000 538.51453 762.17188
0.43059 0.08800 0.00000 578.43536 763.55115
0.45679 0.08800 0.00000 590.40466 763.76849
0.54479 0.08800 0.00000 630.08331 764.63898
0.57099 0.08800 0.00000 642.14313 764.80560
0.65899 0.08800 0.00000 681.42621 765.29498
0.00000 0.11420 0.00000 385.30447 742.26447
0.08800 0.11420 0.00000 423.95572 744.74133
0.11420 0.11420 0.00000 435.85706 745.47070
0.20220 0.11420 0.00000 475.11615 747.63580
0.22840 0.11420 0.00000 487.10480 748.23065
0.31640 0.11420 0.00000 526.77460 749.93634
0.34259 0.11420 0.00000 538.87720 750.51819
0.43059 0.11420 0.00000 578.63379 751.82990
0.45679 0.11420 0.00000 590.67188 752.20123
0.54479 0.11420 0.00000 630.46942 753.08252
0.57099 0.11420 0.00000 642.55157 753.27539
0.65899 0.11420 0.00000 682.02533 753.56158
0.00000 0.20220 0.00000 386.17233 703.29932
0.08800 0.20220 0.00000 424.71927 705.58759
0.11420 0.20220 0.00000 436.58920 706.39209
0.20220 0.20220 0.00000 475.86035 708.44672
0.22840 0.20220 0.00000 488.00626 709.06726
0.31640 0.20220 0.00000 527.69263 710.72986
0.34259 0.20220 0.00000 539.95502 711.33179
0.43059 0.20220 0.00000 579.81195 712.66760
0.45679 0.20220 0.00000 591.99622 713.17493
0.54479 0.20220 0.00000 631.78314 714.17853
0.57099 0.20220 0.00000 643.78650 714.44940
0.65899 0.20220 0.00000 683.20990 714.93958
0.00000 0.22840 0.00000 386.36313 691.44476
0.08800 0.22840 0.00000 424.94574 693.80389
0.11420 0.22840 0.00000 436.90872 694.49805
0.20220 0.22840 0.00000 476.17319 696.61426
0.22840 0.22840 0.00000 488.38742 697.24933
0.31640 0.22840 0.00000 528.07916 698.98560
0.34259 0.22840 0.00000 540.33850 699.53522
0.43059 0.22840 0.00000 580.13727 700.87323
0.45679 0.22840 0.00000 592.42444 701.42242
0.54479 0.22840 0.00000 632.26379 702.27209
0.57099 0.22840 0.00000 644.26013 702.44861
0.65899 0.22840 0.00000 683.82843 703.02496
0.00000 0.31640 0.00000 387.32120 652.20941
0.08800 0.31640 0.00000 425.87805 654.35443
0.11420 0.31640 0.00000 437.84827 654.83710
0.20220 0.31640 0.00000 477.24542 656.82867
0.22840 0.31640 0.00000 489.34067 657.65076
0.31640 0.31640 0.00000 529.01495 659.41772
0.34259 0.31640 0.00000 541.24152 659.97852
0.43059 0.31640 0.00000 581.30780 661.46826
0.45679 0.31640 0.00000 593.56848 661.83899
0.54479 0.31640 0.00000 633.44116 662.69885
0.57099 0.31640 0.00000 645.77063 662.98932
0.65899 0.31640 0.00000 685.29425 664.28656
0.00000 0.34259 0.00000 387.64676 640.19403
0.08800 0.34259 0.00000 426.50018 642.21625
0.11420 0.34259 0.00000 438.41895 642.91571
0.20220 0.34259 0.00000 477.68918 644.77325
0.22840 0.34259 0.00000 489.80817 645.58447
0.31640 0.34259 0.00000 529.72437 647.16583
0.34259 0.34259 0.00000 541.85620 647.88544
0.43059 0.34259 0.00000 581.93011 649.15839
0.45679 0.34259 0.00000 594.21393 649.74530
0.54479 0.34259 0.00000 633.90460 650.89075
0.57099 0.34259 0.00000 646.37042 651.27484
0.65899 0.34259 0.00000 685.53906 652.21967
0.00000 0.43059 0.00000 389.30276 600.43445
0.08800 0.43059 0.00000 427.72549 602.43890
0.11420 0.43059 0.00000 439.86603 603.00586
0.20220 0.43059 0.00000 479.07089 604.95837
0.22840 0.43059 0.00000 491.17383 605.65649
0.31640 0.43059 0.00000 530.84631 607.26599
0.34259 0.43059 0.00000 543.16656 607.88190
0.45679 0.43059 0.00000 595.34515 609.89093
0.54479 0.43059 0.00000 635.16296 611.01263
0.57099 0.43059 0.00000 647.61761 611.46014
0.65899 0.43059 0.00000 687.06927 612.71045
0.00000 0.45679 0.00000 389.61600 588.37799
0.08800 0.45679 0.00000 428.45813 590.32532
0.11420 0.45679 0.00000 440.49210 590.90039
0.20220 0.45679 0.00000 479.67969 592.73163
0.22840 0.45679 0.00000 491.69919 593.34045
0.31640 0.45679 0.00000 531.56189 594.80188
0.34259 0.45679 0.00000 543.77417 595.66309
0.43059 0.45679 0.00000 583.74323 596.90356
0.45679 0.45679 0.00000 596.13440 597.69214
0.54479 0.45679 0.00000 635.72784 598.73724
0.57099 0.45679 0.00000 648.21460 599.31897
0.65899 0.45679 0.00000 687.45361 600.42334
0.00000 0.54479 0.00000 391.70938 548.71552
0.08800 0.54479 0.00000 430.35129 550.56909
0.11420 0.54479 0.00000 442.33640 551.26471
0.20220 0.54479 0.00000 481.27945 552.79883
0.22840 0.54479 0.00000 493.61713 553.39349
0.31640 0.54479 0.00000 532.98077 555.01715
0.34259 0.54479 0.00000 545.37177 555.68225
0.43059 0.54479 0.00000 585.03400 557.09705
0.45679 0.54479 0.00000 597.35944 557.62897
0.54479 0.54479 0.00000 636.97705 559.07141
0.57099 0.54479 0.00000 649.29712 559.57025
0.00000 0.57099 0.00000 392.58588 536.74799
0.08800 0.57099 0.00000 431.01636 538.34686
0.11420 0.57099 0.00000 442.99222 538.90485
0.20220 0.57099 0.00000 481.89255 540.77820
0.22840 0.57099 0.00000 494.27893 541.32745
0.31640 0.57099 0.00000 533.72845 542.74127
0.34259 0.57099 0.00000 546.08380 543.48322
0.43059 0.57099 0.00000 585.79443 544.86084
0.45679 0.57099 0.00000 598.18323 545.54236
0.54479 0.57099 0.00000 637.73651 546.80908
0.57099 0.57099 0.00000 649.89850 547.47083
0.65899 0.57099 0.00000 689.14478 548.51196
0.00000 0.65899 0.00000 394.84103 497.52084
0.08800 0.65899 0.00000 433.06842 498.97440
0.11420 0.65899 0.00000 444.97470 499.57660
0.20220 0.65899 0.00000 484.10684 501.08231
0.22840 0.65899 0.00000 496.29440 501.42322
0.31640 0.65899 0.00000 535.40668 502.97314
0.34259 0.65899 0.00000 547.92725 503.53372
0.43059 0.65899 0.00000 587.12201 505.07742
0.45679 0.65899 0.00000 599.39551 505.75485
0.54479 0.65899 0.00000 638.90247 507.29587
0.57099 0.65899 0.00000 651.22192 508.08224
0.65899 0.65899 0.00000 690.34436 509.59238

gimbalangles:
-0.10471975512 0.0 -0.261799387799 

end: