T_CW:
0.99602 0.05084 0.07317 -0.37607
0.05745 -0.99417 -0.09125 0.65222
0.06810 0.09509 -0.99314 1.35349
0.00000 0.00000 0.00000 1.00000

T_CW_cov:

target_points_pix:
0.00000 0.00000 0.00000 463.29437 811.42999
0.08800 0.00000 0.00000 503.77676 814.12915
0.11420 0.00000 0.00000 515.71234 814.58691
0.20220 0.00000 0.00000 556.50372 816.80493
0.22840 0.00000 0.00000 568.56158 817.40100
0.31640 0.00000 0.00000 609.27985 818.67926
0.34259 0.00000 0.00000 621.13507 819.07635
0.54479 0.00000 0.00000 712.82562 820.20673
0.57099 0.00000 0.00000 724.43835 820.18774
0.65899 0.00000 0.00000 763.12866 820.12701
0.00000 0.08800 0.00000 464.87833 771.93732
0.08800 0.08800 0.00000 505.33228 774.47705
0.20220 0.08800 0.00000 558.32904 777.40918
0.22840 0.08800 0.00000 570.48743 777.66089
0.31640 0.08800 0.00000 610.71979 779.46936
0.34259 0.08800 0.00000 623.05859 779.87677
0.43059 0.08800 0.00000 663.36078 780.68793
0.45679 0.08800 0.00000 675.33276 780.83453
0.54479 0.08800 0.00000 714.63440 781.56915
0.57099 0.08800 0.00000 726.57959 781.63635
0.65899 0.08800 0.00000 765.10791 781.76703
0.00000 0.11420 0.00000 465.32040 760.32239
0.08800 0.11420 0.00000 505.64444 762.54266
0.11420 0.11420 0.00000 518.24927 763.38141
0.20220 0.11420 0.00000 558.60950 765.53552
0.22840 0.11420 0.00000 570.86987 765.93488
0.31640 0.11420 0.00000 611.62646 767.66248
0.34259 0.11420 0.00000 623.73889 768.12195
0.43059 0.11420 0.00000 664.02924 769.10693
0.45679 0.11420 0.00000 676.16077 769.42877
0.54479 0.11420 0.00000 715.51251 770.10980
0.57099 0.11420 0.00000 727.28638 770.17603
0.65899 0.11420 0.00000 765.82660 770.08289
0.00000 0.20220 0.00000 467.05145 720.14722
0.08800 0.20220 0.00000 507.43408 722.54913
0.11420 0.20220 0.00000 519.89062 723.36597
0.20220 0.20220 0.00000 560.51001 725.55310
0.22840 0.20220 0.00000 572.90991 726.02643
0.31640 0.20220 0.00000 613.56439 728.10034
0.34259 0.20220 0.00000 625.59814 728.39136
0.43059 0.20220 0.00000 666.22089 729.70190
0.45679 0.20220 0.00000 678.15826 729.89941
0.54479 0.20220 0.00000 717.61041 730.54675
0.57099 0.20220 0.00000 729.56439 730.67529
0.65899 0.20220 0.00000 768.28528 731.40436
0.00000 0.22840 0.00000 467.47433 708.32269
0.08800 0.22840 0.00000 507.80176 710.64429
0.11420 0.22840 0.00000 520.41180 711.49225
0.20220 0.22840 0.00000 560.83820 713.60358
0.22840 0.22840 0.00000 573.42755 714.29236
0.31640 0.22840 0.00000 614.23187 715.80927
0.34259 0.22840 0.00000 626.21027 716.26422
0.43059 0.22840 0.00000 666.70703 717.69073
0.45679 0.22840 0.00000 678.63617 717.77856
0.54479 0.22840 0.00000 718.30719 719.18213
0.57099 0.22840 0.00000 730.19720 719.12720
0.65899 0.22840 0.00000 768.72266 719.64673
0.00000 0.31640 0.00000 469.23483 667.82605
0.08800 0.31640 0.00000 509.82343 670.21411
0.11420 0.31640 0.00000 522.17566 671.09576
0.20220 0.31640 0.00000 562.94537 673.08734
0.22840 0.31640 0.00000 575.37506 674.05951
0.31640 0.31640 0.00000 616.22430 675.75897
0.34259 0.31640 0.00000 628.44177 676.02673
0.43059 0.31640 0.00000 668.65509 677.73932
0.45679 0.31640 0.00000 681.01068 677.96722
0.54479 0.31640 0.00000 720.50208 679.39258
0.57099 0.31640 0.00000 732.39679 679.53723
0.65899 0.31640 0.00000 771.03687 680.32593
0.00000 0.34259 0.00000 470.27704 655.54877
0.08800 0.34259 0.00000 510.62570 657.78156
0.11420 0.34259 0.00000 523.07233 658.79370
0.20220 0.34259 0.00000 563.75714 660.83502
0.22840 0.34259 0.00000 576.25372 661.66101
0.31640 0.34259 0.00000 616.66064 663.57483
0.34259 0.34259 0.00000 629.13300 664.09814
0.43059 0.34259 0.00000 669.42383 665.84857
0.45679 0.34259 0.00000 681.57068 666.25275
0.54479 0.34259 0.00000 720.90424 667.21674
0.57099 0.34259 0.00000 732.66986 667.56677
0.65899 0.34259 0.00000 771.55756 668.46796
0.00000 0.43059 0.00000 472.06345 614.92627
0.08800 0.43059 0.00000 512.79510 617.22296
0.11420 0.43059 0.00000 525.06940 617.98309
0.20220 0.43059 0.00000 565.76129 620.23846
0.22840 0.43059 0.00000 578.05298 621.02399
0.31640 0.43059 0.00000 618.92590 623.02124
0.34259 0.43059 0.00000 630.79236 623.56061
0.43059 0.43059 0.00000 671.36090 624.97614
0.54479 0.43059 0.00000 722.89404 627.14844
0.57099 0.43059 0.00000 734.82147 627.77893
0.65899 0.43059 0.00000 773.49432 628.73993
0.00000 0.45679 0.00000 473.14627 602.49847
0.08800 0.45679 0.00000 513.51154 604.68573
0.11420 0.45679 0.00000 525.93842 605.86060
0.20220 0.45679 0.00000 566.60461 607.77850
0.22840 0.45679 0.00000 579.06622 608.72949
0.31640 0.45679 0.00000 619.54211 610.61621
0.34259 0.45679 0.00000 631.97968 611.18555
0.43059 0.45679 0.00000 672.04608 613.11871
0.45679 0.45679 0.00000 684.21869 613.72198
0.54479 0.45679 0.00000 723.70599 614.90625
0.57099 0.45679 0.00000 735.29480 615.80255
0.65899 0.45679 0.00000 773.91669 616.97430
0.00000 0.54479 0.00000 475.44336 562.18475
0.08800 0.54479 0.00000 515.80072 564.18768
0.11420 0.54479 0.00000 528.05420 565.04102
0.20220 0.54479 0.00000 568.76672 567.23480
0.22840 0.54479 0.00000 581.09235 567.96783
0.31640 0.54479 0.00000 621.68890 570.23413
0.34259 0.54479 0.00000 633.85193 570.79651
0.43059 0.54479 0.00000 673.83826 572.84534
0.45679 0.54479 0.00000 686.14484 573.26086
0.54479 0.54479 0.00000 725.27374 574.83411
0.57099 0.54479 0.00000 736.99341 575.90558
0.65899 0.54479 0.00000 775.70972 577.47369
0.00000 0.57099 0.00000 476.34973 549.62769
0.08800 0.57099 0.00000 516.75702 551.82599
0.11420 0.57099 0.00000 529.08734 552.79083
0.20220 0.57099 0.00000 569.57135 554.75226
0.22840 0.57099 0.00000 581.93256 555.88379
0.31640 0.57099 0.00000 622.25415 557.82617
0.34259 0.57099 0.00000 634.33789 558.64209
0.43059 0.57099 0.00000 674.54755 560.92535
0.45679 0.57099 0.00000 686.57312 561.34534
0.54479 0.57099 0.00000 725.99530 563.10205
0.57099 0.57099 0.00000 737.71222 564.10010
0.65899 0.57099 0.00000 776.19806 565.56982
0.00000 0.65899 0.00000 479.07809 509.14874
0.08800 0.65899 0.00000 519.16626 511.57019
0.11420 0.65899 0.00000 531.44196 512.35333
0.20220 0.65899 0.00000 571.66376 514.55981
0.22840 0.65899 0.00000 584.19617 515.21948
0.31640 0.65899 0.00000 624.40411 517.58069
0.34259 0.65899 0.00000 636.60089 518.10736
0.43059 0.65899 0.00000 676.31201 520.64948
0.45679 0.65899 0.00000 688.28149 521.29565
0.54479 0.65899 0.00000 727.60205 523.49738
0.57099 0.65899 0.00000 739.16998 524.16388
0.65899 0.65899 0.00000 777.48944 526.36865

gimbalangles:
-0.10471975512 0.0 -0.0872664625997 

end: