T_CW:
0.99743 0.03520 0.06234 -0.58508
0.03970 -0.99658 -0.07247 0.63360
0.05957 0.07476 -0.99542 1.37202
0.00000 0.00000 0.00000 1.00000

T_CW_cov:

target_points_pix:
0.00000 0.00000 0.00000 384.59940 792.47534
0.08800 0.00000 0.00000 423.36273 794.99426
0.11420 0.00000 0.00000 434.92035 795.72198
0.20220 0.00000 0.00000 474.25681 798.01758
0.22840 0.00000 0.00000 485.86353 798.51550
0.31640 0.00000 0.00000 525.64728 800.46338
0.34259 0.00000 0.00000 537.54736 800.86432
0.43059 0.00000 0.00000 577.36249 802.16144
0.45679 0.00000 0.00000 589.40631 802.42816
0.54479 0.00000 0.00000 628.92297 802.98511
0.57099 0.00000 0.00000 640.78595 803.17926
0.65899 0.00000 0.00000 680.24957 803.40985
0.00000 0.08800 0.00000 385.20004 753.92096
0.08800 0.08800 0.00000 423.79126 756.39417
0.11420 0.08800 0.00000 435.60004 757.03143
0.20220 0.08800 0.00000 474.90521 759.38403
0.22840 0.08800 0.00000 486.80518 759.83136
0.31640 0.08800 0.00000 526.50500 761.66949
0.34259 0.08800 0.00000 538.57928 762.18188
0.43059 0.08800 0.00000 578.48608 763.54297
0.45679 0.08800 0.00000 590.41205 763.78467
0.54479 0.08800 0.00000 630.05383 764.56775
0.57099 0.08800 0.00000 642.19928 764.84119
0.65899 0.08800 0.00000 681.40906 765.14801
0.00000 0.11420 0.00000 385.26425 742.24451
0.08800 0.11420 0.00000 423.92487 744.74365
0.11420 0.11420 0.00000 435.80682 745.47247
0.20220 0.11420 0.00000 475.10736 747.61432
0.22840 0.11420 0.00000 487.06693 748.26410
0.31640 0.11420 0.00000 526.75049 749.94385
0.34259 0.11420 0.00000 538.83765 750.50385
0.43059 0.11420 0.00000 578.63928 751.77460
0.45679 0.11420 0.00000 590.70081 752.20660
0.54479 0.11420 0.00000 630.47113 753.05310
0.57099 0.11420 0.00000 642.56372 753.29181
0.65899 0.11420 0.00000 682.02814 753.59467
0.00000 0.20220 0.00000 386.22784 703.32062
0.08800 0.20220 0.00000 424.70450 705.59961
0.11420 0.20220 0.00000 436.63611 706.36481
0.20220 0.20220 0.00000 475.82721 708.43506
0.22840 0.20220 0.00000 488.02451 709.10480
0.31640 0.20220 0.00000 527.67242 710.77185
0.34259 0.20220 0.00000 539.96967 711.33813
0.43059 0.20220 0.00000 579.78510 712.68951
0.45679 0.20220 0.00000 592.00250 713.13702
0.54479 0.20220 0.00000 631.79822 714.20349
0.57099 0.20220 0.00000 643.80365 714.49176
0.65899 0.20220 0.00000 683.27032 714.81946
0.00000 0.22840 0.00000 386.41177 691.43408
0.08800 0.22840 0.00000 424.96594 693.78418
0.11420 0.22840 0.00000 436.88693 694.55365
0.20220 0.22840 0.00000 476.20731 696.64685
0.22840 0.22840 0.00000 488.40811 697.25464
0.31640 0.22840 0.00000 528.03705 698.97333
0.34259 0.22840 0.00000 540.30707 699.54779
0.43059 0.22840 0.00000 580.21667 700.96960
0.45679 0.22840 0.00000 592.43420 701.42255
0.54479 0.22840 0.00000 632.20758 702.23810
0.57099 0.22840 0.00000 644.22870 702.46625
0.65899 0.22840 0.00000 683.78314 703.00354
0.00000 0.31640 0.00000 387.29761 652.15680
0.08800 0.31640 0.00000 425.92715 654.32520
0.11420 0.31640 0.00000 437.82269 654.81982
0.20220 0.31640 0.00000 477.22879 656.86041
0.22840 0.31640 0.00000 489.34683 657.67181
0.31640 0.31640 0.00000 529.02716 659.45050
0.34259 0.31640 0.00000 541.28186 660.04449
0.43059 0.31640 0.00000 581.33801 661.40118
0.45679 0.31640 0.00000 593.51038 661.79138
0.54479 0.31640 0.00000 633.43225 662.77252
0.57099 0.31640 0.00000 645.75177 662.98132
0.65899 0.31640 0.00000 685.29108 664.28094
0.00000 0.34259 0.00000 387.67285 640.17584
0.08800 0.34259 0.00000 426.47433 642.21185
0.11420 0.34259 0.00000 438.42746 642.92072
0.20220 0.34259 0.00000 477.71432 644.76617
0.22840 0.34259 0.00000 489.74899 645.58081
0.31640 0.34259 0.00000 529.68469 647.14325
0.34259 0.34259 0.00000 541.87292 647.87366
0.43059 0.34259 0.00000 581.99323 649.17627
0.45679 0.34259 0.00000 594.20721 649.72870
0.54479 0.34259 0.00000 633.86816 650.83063
0.57099 0.34259 0.00000 646.37872 651.27252
0.65899 0.34259 0.00000 685.63232 652.20117
0.00000 0.43059 0.00000 389.30286 600.41571
0.08800 0.43059 0.00000 427.75192 602.41852
0.11420 0.43059 0.00000 439.81418 602.89026
0.20220 0.43059 0.00000 479.13159 604.86243
0.22840 0.43059 0.00000 491.22266 605.68402
0.31640 0.43059 0.00000 530.83698 607.24426
0.34259 0.43059 0.00000 543.05566 607.80670
0.43059 0.43059 0.00000 583.14679 609.26337
0.45679 0.43059 0.00000 595.36475 609.84052
0.54479 0.43059 0.00000 635.17761 610.92877
0.57099 0.43059 0.00000 647.54028 611.38879
0.65899 0.43059 0.00000 687.18365 612.60297
0.00000 0.45679 0.00000 389.68597 588.33990
0.08800 0.45679 0.00000 428.44785 590.35657
0.11420 0.45679 0.00000 440.49921 591.00409
0.20220 0.45679 0.00000 479.62759 592.67145
0.22840 0.45679 0.00000 491.59900 593.37756
0.31640 0.45679 0.00000 531.59003 594.80536
0.34259 0.45679 0.00000 543.77411 595.65094
0.43059 0.45679 0.00000 583.74084 596.87982
0.45679 0.45679 0.00000 596.12091 597.67578
0.54479 0.45679 0.00000 635.71436 598.73877
0.57099 0.45679 0.00000 648.21362 599.34705
0.65899 0.45679 0.00000 687.46454 600.42017
0.00000 0.54479 0.00000 391.70978 548.75128
0.08800 0.54479 0.00000 430.35373 550.52319
0.11420 0.54479 0.00000 442.25607 551.21906
0.20220 0.54479 0.00000 481.29700 552.76355
0.22840 0.54479 0.00000 493.59509 553.40649
0.31640 0.54479 0.00000 532.95758 555.03729
0.34259 0.54479 0.00000 545.32306 555.68170
0.43059 0.54479 0.00000 585.02997 557.13196
0.45679 0.54479 0.00000 597.31946 557.62555
0.57099 0.54479 0.00000 649.31049 559.58527
0.00000 0.57099 0.00000 392.59152 536.74042
0.08800 0.57099 0.00000 431.09930 538.37915
0.11420 0.57099 0.00000 442.94604 539.01483
0.20220 0.57099 0.00000 481.85876 540.74969
0.22840 0.57099 0.00000 494.26105 541.30499
0.31640 0.57099 0.00000 533.71985 542.75537
0.34259 0.57099 0.00000 546.10345 543.52930
0.43059 0.57099 0.00000 585.70630 544.74042
0.45679 0.57099 0.00000 598.14801 545.56592
0.54479 0.57099 0.00000 637.67664 546.75842
0.57099 0.57099 0.00000 649.91266 547.49237
0.65899 0.57099 0.00000 689.13196 548.57074
0.00000 0.65899 0.00000 394.90018 497.54654
0.08800 0.65899 0.00000 433.13196 498.88986
0.11420 0.65899 0.00000 445.02536 499.59930
0.20220 0.65899 0.00000 484.05386 501.15561
0.22840 0.65899 0.00000 496.30960 501.44223
0.31640 0.65899 0.00000 535.41406 503.00378
0.34259 0.65899 0.00000 547.88525 503.60150
0.43059 0.65899 0.00000 587.13470 505.24982
0.45679 0.65899 0.00000 599.38934 505.76212
0.54479 0.65899 0.00000 638.86975 507.30920
0.57099 0.65899 0.00000 651.17078 508.06403
0.65899 0.65899 0.00000 690.38623 509.53055

gimbalangles:
-0.10471975512 0.0 -0.0872664625997 

end: