T_CW:
0.94922 0.04950 0.31069 -0.76537
0.01976 -0.99498 0.09814 0.16970
0.31398 -0.08702 -0.94543 1.36363
0.00000 0.00000 0.00000 1.00000

T_CW_cov:

target_points_pix:
0.00000 0.00000 0.00000 47.35421 489.87903
0.08800 0.00000 0.00000 127.52404 488.64767
0.11420 0.00000 0.00000 150.75449 488.50797
0.20220 0.00000 0.00000 227.40723 487.50400
0.22840 0.00000 0.00000 249.65508 487.33731
0.31640 0.00000 0.00000 322.55045 486.33310
0.34259 0.00000 0.00000 344.17148 485.92633
0.43059 0.00000 0.00000 413.71494 484.87280
0.45679 0.00000 0.00000 434.39487 484.52002
0.54479 0.00000 0.00000 500.94739 483.52390
0.57099 0.00000 0.00000 520.52637 483.41528
0.00000 0.08800 0.00000 47.47908 416.02457
0.08800 0.08800 0.00000 127.66192 416.26697
0.11420 0.08800 0.00000 151.59090 416.34796
0.20220 0.08800 0.00000 228.39383 416.49097
0.22840 0.08800 0.00000 250.66315 416.56851
0.31640 0.08800 0.00000 323.93719 416.77020
0.34259 0.08800 0.00000 345.52753 416.86682
0.43059 0.08800 0.00000 415.48361 417.24780
0.45679 0.08800 0.00000 436.04196 417.28491
0.54479 0.08800 0.00000 503.04178 417.35620
0.57099 0.08800 0.00000 522.66058 417.45703
0.65899 0.08800 0.00000 586.82727 417.50620
0.00000 0.11420 0.00000 47.50145 393.56836
0.08800 0.11420 0.00000 127.85587 394.35367
0.11420 0.11420 0.00000 151.61322 394.52383
0.20220 0.11420 0.00000 228.58868 395.18066
0.22840 0.11420 0.00000 251.04720 395.37030
0.31640 0.11420 0.00000 324.45258 395.85321
0.34259 0.11420 0.00000 345.98505 396.16174
0.45679 0.11420 0.00000 436.56128 396.85464
0.54479 0.11420 0.00000 503.59409 397.41895
0.57099 0.11420 0.00000 523.46222 397.51337
0.65899 0.11420 0.00000 587.55682 397.92746
0.00000 0.20220 0.00000 47.44851 318.76849
0.08800 0.20220 0.00000 128.37849 320.82779
0.11420 0.20220 0.00000 152.32640 321.48230
0.20220 0.20220 0.00000 229.50731 323.50296
0.22840 0.20220 0.00000 252.18111 324.04718
0.31640 0.20220 0.00000 325.83377 325.91571
0.34259 0.20220 0.00000 347.48203 326.50189
0.43059 0.20220 0.00000 417.80264 328.42328
0.45679 0.20220 0.00000 438.48016 328.81094
0.54479 0.20220 0.00000 505.97336 330.52441
0.57099 0.20220 0.00000 525.73779 331.11118
0.65899 0.20220 0.00000 590.31482 332.59229
0.00000 0.22840 0.00000 47.44064 296.16428
0.08800 0.22840 0.00000 128.42107 298.58920
0.11420 0.22840 0.00000 152.40869 299.47565
0.20220 0.22840 0.00000 229.65755 301.66928
0.22840 0.22840 0.00000 252.43416 302.45587
0.31640 0.22840 0.00000 326.38861 304.76324
0.34259 0.22840 0.00000 348.13956 305.50430
0.43059 0.22840 0.00000 418.52786 307.59634
0.45679 0.22840 0.00000 439.37381 308.32663
0.54479 0.22840 0.00000 506.65170 310.36331
0.57099 0.22840 0.00000 526.53564 310.87930
0.65899 0.22840 0.00000 591.16937 312.90359
0.00000 0.31640 0.00000 47.29236 220.26588
0.08800 0.31640 0.00000 128.95505 224.22716
0.11420 0.31640 0.00000 152.77470 225.31332
0.20220 0.31640 0.00000 230.86852 229.19641
0.22840 0.31640 0.00000 253.64218 230.22372
0.31640 0.31640 0.00000 327.69952 233.72197
0.34259 0.31640 0.00000 349.57236 234.73698
0.43059 0.31640 0.00000 420.54315 238.38354
0.45679 0.31640 0.00000 441.50742 239.39131
0.54479 0.31640 0.00000 509.18881 242.52187
0.57099 0.31640 0.00000 529.25580 243.54683
0.65899 0.31640 0.00000 593.74707 246.61377
0.00000 0.34259 0.00000 47.21542 197.09325
0.08800 0.34259 0.00000 129.23276 201.54173
0.11420 0.34259 0.00000 153.13889 202.64764
0.20220 0.34259 0.00000 231.41081 207.14784
0.22840 0.34259 0.00000 254.11928 208.28506
0.31640 0.34259 0.00000 328.48648 212.37448
0.34259 0.34259 0.00000 350.25418 213.47192
0.43059 0.34259 0.00000 421.35431 217.35344
0.45679 0.34259 0.00000 442.13092 218.37788
0.54479 0.34259 0.00000 509.94077 222.02405
0.57099 0.34259 0.00000 529.66229 223.22937
0.65899 0.34259 0.00000 594.63159 226.50307
0.08800 0.43059 0.00000 129.56409 125.70373
0.11420 0.43059 0.00000 153.96417 127.52087
0.20220 0.43059 0.00000 232.35744 133.13785
0.22840 0.43059 0.00000 255.33759 134.69382
0.31640 0.43059 0.00000 330.05566 140.24338
0.34259 0.43059 0.00000 352.14758 141.70496
0.43059 0.43059 0.00000 423.46091 146.77080
0.45679 0.43059 0.00000 444.40875 148.41893
0.54479 0.43059 0.00000 512.51788 153.29260
0.57099 0.43059 0.00000 532.49707 154.67827
0.65899 0.43059 0.00000 597.65332 159.44220
0.00000 0.45679 0.00000 47.10917 96.36788
0.08800 0.45679 0.00000 129.64198 102.68967
0.11420 0.45679 0.00000 154.19388 104.63876
0.20220 0.45679 0.00000 232.60074 110.69116
0.22840 0.45679 0.00000 255.56821 112.49496
0.31640 0.45679 0.00000 330.49628 118.40779
0.34259 0.45679 0.00000 352.55276 120.05640
0.43059 0.45679 0.00000 423.85458 125.49706
0.45679 0.45679 0.00000 444.80804 127.30339
0.54479 0.45679 0.00000 513.28400 132.44141
0.57099 0.45679 0.00000 533.35168 133.83627
0.65899 0.45679 0.00000 598.52533 138.91350
0.08800 0.54479 0.00000 130.42851 26.12293
0.11420 0.54479 0.00000 154.68114 28.36706
0.20220 0.54479 0.00000 233.69308 35.76482
0.22840 0.54479 0.00000 257.09930 38.12957
0.31640 0.54479 0.00000 332.35785 45.30735
0.34259 0.54479 0.00000 354.42682 47.46235
0.43059 0.54479 0.00000 426.15784 54.28229
0.45679 0.54479 0.00000 447.40527 56.35901
0.54479 0.54479 0.00000 515.65741 62.67547
0.57099 0.54479 0.00000 535.84460 64.56652
0.65899 0.54479 0.00000 601.51453 70.89543

gimbalangles:
-0.10471975512 0.0 0.261799387799 

end: