T_CW:
0.99742 0.03526 0.06258 -0.58507
0.03976 -0.99659 -0.07226 0.63357
0.05982 0.07456 -0.99542 1.37194
0.00000 0.00000 0.00000 1.00000

T_CW_cov:

target_points_pix:
0.00000 0.00000 0.00000 384.61685 792.48523
0.08800 0.00000 0.00000 423.35315 794.92896
0.11420 0.00000 0.00000 434.88647 795.66724
0.20220 0.00000 0.00000 474.22827 798.11951
0.22840 0.00000 0.00000 485.92441 798.56604
0.31640 0.00000 0.00000 525.58783 800.48035
0.34259 0.00000 0.00000 537.56201 800.89972
0.43059 0.00000 0.00000 577.36877 802.16083
0.45679 0.00000 0.00000 589.38910 802.40076
0.54479 0.00000 0.00000 629.00110 802.99835
0.57099 0.00000 0.00000 640.83795 803.13385
0.65899 0.00000 0.00000 680.24255 803.43073
0.00000 0.08800 0.00000 385.12500 753.88416
0.08800 0.08800 0.00000 423.90347 756.41614
0.11420 0.08800 0.00000 435.55875 757.06006
0.20220 0.08800 0.00000 474.85275 759.31982
0.22840 0.08800 0.00000 486.82178 759.89288
0.31640 0.08800 0.00000 526.50195 761.65521
0.34259 0.08800 0.00000 538.58063 762.16443
0.43059 0.08800 0.00000 578.45410 763.55231
0.45679 0.08800 0.00000 590.44867 763.80157
0.54479 0.08800 0.00000 630.06635 764.62958
0.57099 0.08800 0.00000 642.13660 764.84735
0.65899 0.08800 0.00000 681.34668 765.20764
0.00000 0.11420 0.00000 385.29089 742.29028
0.08800 0.11420 0.00000 424.00995 744.72290
0.11420 0.11420 0.00000 435.84149 745.43030
0.20220 0.11420 0.00000 475.07260 747.64447
0.22840 0.11420 0.00000 487.08331 748.25269
0.31640 0.11420 0.00000 526.75085 749.90344
0.34259 0.11420 0.00000 538.79480 750.51270
0.43059 0.11420 0.00000 578.64655 751.82117
0.45679 0.11420 0.00000 590.67120 752.15002
0.54479 0.11420 0.00000 630.49396 753.08228
0.57099 0.11420 0.00000 642.54370 753.32373
0.65899 0.11420 0.00000 682.01599 753.53137
0.00000 0.20220 0.00000 386.15326 703.27478
0.08800 0.20220 0.00000 424.65308 705.60059
0.11420 0.20220 0.00000 436.62039 706.28387
0.20220 0.20220 0.00000 475.84738 708.42969
0.22840 0.20220 0.00000 488.02374 709.07483
0.31640 0.20220 0.00000 527.67444 710.74579
0.34259 0.20220 0.00000 539.99377 711.34204
0.43059 0.20220 0.00000 579.80237 712.70312
0.45679 0.20220 0.00000 592.05322 713.22919
0.54479 0.20220 0.00000 631.79022 714.17468
0.57099 0.20220 0.00000 643.77283 714.42419
0.65899 0.20220 0.00000 683.27893 714.80304
0.00000 0.22840 0.00000 386.36414 691.42828
0.08800 0.22840 0.00000 424.94583 693.80505
0.11420 0.22840 0.00000 436.85437 694.52057
0.20220 0.22840 0.00000 476.14328 696.61792
0.22840 0.22840 0.00000 488.35934 697.26642
0.31640 0.22840 0.00000 528.10010 698.99146
0.34259 0.22840 0.00000 540.33405 699.53357
0.43059 0.22840 0.00000 580.17450 700.89117
0.45679 0.22840 0.00000 592.43365 701.39484
0.54479 0.22840 0.00000 632.18311 702.27252
0.57099 0.22840 0.00000 644.27063 702.42609
0.65899 0.22840 0.00000 683.82465 703.05560
0.00000 0.31640 0.00000 387.32535 652.17804
0.08800 0.31640 0.00000 425.91159 654.36127
0.11420 0.31640 0.00000 437.85715 654.84271
0.20220 0.31640 0.00000 477.21613 656.89142
0.22840 0.31640 0.00000 489.33530 657.62146
0.31640 0.31640 0.00000 529.07910 659.42096
0.34259 0.31640 0.00000 541.33777 660.04010
0.43059 0.31640 0.00000 581.32416 661.41431
0.45679 0.31640 0.00000 593.55249 661.80219
0.54479 0.31640 0.00000 633.46802 662.72308
0.57099 0.31640 0.00000 645.74133 662.97766
0.65899 0.31640 0.00000 685.33911 664.30548
0.00000 0.34259 0.00000 387.63110 640.20117
0.08800 0.34259 0.00000 426.49045 642.24487
0.11420 0.34259 0.00000 438.37625 642.92426
0.20220 0.34259 0.00000 477.68707 644.74536
0.22840 0.34259 0.00000 489.83530 645.57727
0.31640 0.34259 0.00000 529.70447 647.15399
0.34259 0.34259 0.00000 541.85645 647.90466
0.43059 0.34259 0.00000 581.91669 649.17194
0.45679 0.34259 0.00000 594.24066 649.72571
0.54479 0.34259 0.00000 633.87378 650.82831
0.57099 0.34259 0.00000 646.32825 651.25372
0.65899 0.34259 0.00000 685.48816 652.13861
0.00000 0.43059 0.00000 389.30157 600.43420
0.08800 0.43059 0.00000 427.76135 602.40576
0.11420 0.43059 0.00000 439.85760 602.98645
0.20220 0.43059 0.00000 479.07220 604.90594
0.22840 0.43059 0.00000 491.23862 605.63983
0.31640 0.43059 0.00000 530.85522 607.23779
0.34259 0.43059 0.00000 543.16321 607.85980
0.43059 0.43059 0.00000 583.05341 609.28308
0.45679 0.43059 0.00000 595.42175 609.85760
0.54479 0.43059 0.00000 635.15771 611.01062
0.57099 0.43059 0.00000 647.58051 611.34613
0.65899 0.43059 0.00000 687.16943 612.63007
0.00000 0.45679 0.00000 389.68658 588.33508
0.08800 0.45679 0.00000 428.44443 590.27368
0.11420 0.45679 0.00000 440.45700 590.87891
0.20220 0.45679 0.00000 479.65994 592.70612
0.22840 0.45679 0.00000 491.69504 593.32385
0.31640 0.45679 0.00000 531.60010 594.82538
0.34259 0.45679 0.00000 543.75513 595.65448
0.43059 0.45679 0.00000 583.76184 596.88623
0.45679 0.45679 0.00000 596.15436 597.66321
0.54479 0.45679 0.00000 635.77911 598.77820
0.57099 0.45679 0.00000 648.21332 599.33514
0.65899 0.45679 0.00000 687.44653 600.41339
0.00000 0.54479 0.00000 391.69815 548.73462
0.08800 0.54479 0.00000 430.24628 550.53680
0.11420 0.54479 0.00000 442.29349 551.24817
0.20220 0.54479 0.00000 481.27322 552.80035
0.22840 0.54479 0.00000 493.56485 553.33765
0.34259 0.54479 0.00000 545.33862 555.67804
0.43059 0.54479 0.00000 585.08221 557.10693
0.45679 0.54479 0.00000 597.30194 557.64471
0.54479 0.54479 0.00000 637.00391 559.06195
0.57099 0.54479 0.00000 649.35199 559.57660
0.00000 0.57099 0.00000 392.58139 536.74536
0.08800 0.57099 0.00000 431.11636 538.38007
0.11420 0.57099 0.00000 442.95453 538.97205
0.20220 0.57099 0.00000 481.89117 540.78259
0.22840 0.57099 0.00000 494.28928 541.27979
0.31640 0.57099 0.00000 533.70917 542.74170
0.34259 0.57099 0.00000 546.07953 543.50916
0.43059 0.57099 0.00000 585.75806 544.83307
0.45679 0.57099 0.00000 598.14099 545.58490
0.54479 0.57099 0.00000 637.69080 546.77234
0.57099 0.57099 0.00000 649.91522 547.48267
0.65899 0.57099 0.00000 689.15363 548.51080
0.00000 0.65899 0.00000 394.77209 497.45880
0.08800 0.65899 0.00000 433.07022 498.93240
0.11420 0.65899 0.00000 444.99704 499.60083
0.20220 0.65899 0.00000 484.12790 501.12573
0.22840 0.65899 0.00000 496.29230 501.41428
0.31640 0.65899 0.00000 535.40613 503.00046
0.34259 0.65899 0.00000 547.88641 503.52151
0.43059 0.65899 0.00000 587.12720 505.14197
0.45679 0.65899 0.00000 599.47284 505.74689
0.54479 0.65899 0.00000 638.88403 507.31857
0.57099 0.65899 0.00000 651.18134 508.04263
0.65899 0.65899 0.00000 690.31305 509.62628

gimbalangles:
-0.10471975512 0.0 0.261799387799 

end: