T_CW:
0.99603 0.05083 0.07303 -0.37607
0.05743 -0.99417 -0.09130 0.65222
0.06796 0.09513 -0.99314 1.35353
0.00000 0.00000 0.00000 1.00000

T_CW_cov:

target_points_pix:
0.00000 0.00000 0.00000 463.23929 811.44189
0.08800 0.00000 0.00000 503.79034 814.12933
0.11420 0.00000 0.00000 515.68927 814.55872
0.20220 0.00000 0.00000 556.51379 816.80853
0.22840 0.00000 0.00000 568.61224 817.46222
0.31640 0.00000 0.00000 609.31744 818.68359
0.34259 0.00000 0.00000 621.16064 819.08063
0.54479 0.00000 0.00000 712.80737 820.22131
0.57099 0.00000 0.00000 724.42419 820.16675
0.65899 0.00000 0.00000 763.14697 820.15009
0.00000 0.08800 0.00000 464.85223 771.83771
0.08800 0.08800 0.00000 505.35388 774.49323
0.20220 0.08800 0.00000 558.34930 777.38434
0.22840 0.08800 0.00000 570.50391 777.72784
0.31640 0.08800 0.00000 610.71362 779.44592
0.34259 0.08800 0.00000 623.07861 779.87408
0.43059 0.08800 0.00000 663.34509 780.67981
0.45679 0.08800 0.00000 675.26959 780.86536
0.54479 0.08800 0.00000 714.64014 781.53906
0.57099 0.08800 0.00000 726.57111 781.62152
0.65899 0.08800 0.00000 765.17499 781.79736
0.00000 0.11420 0.00000 465.33075 760.29407
0.08800 0.11420 0.00000 505.66141 762.53699
0.11420 0.11420 0.00000 518.22412 763.35876
0.20220 0.11420 0.00000 558.61591 765.53839
0.22840 0.11420 0.00000 570.86096 765.89081
0.31640 0.11420 0.00000 611.61102 767.62299
0.34259 0.11420 0.00000 623.73737 768.11829
0.43059 0.11420 0.00000 663.97284 769.10077
0.45679 0.11420 0.00000 676.17151 769.42590
0.54479 0.11420 0.00000 715.53400 770.09479
0.57099 0.11420 0.00000 727.27612 770.13690
0.65899 0.11420 0.00000 765.83423 770.09918
0.00000 0.20220 0.00000 467.06564 720.08978
0.08800 0.20220 0.00000 507.44766 722.58185
0.11420 0.20220 0.00000 519.85529 723.37219
0.20220 0.20220 0.00000 560.52606 725.54529
0.22840 0.20220 0.00000 572.93054 726.04187
0.31640 0.20220 0.00000 613.55426 728.12933
0.34259 0.20220 0.00000 625.61536 728.39740
0.43059 0.20220 0.00000 666.21387 729.69678
0.45679 0.20220 0.00000 678.18115 729.87622
0.54479 0.20220 0.00000 717.58759 730.59741
0.57099 0.20220 0.00000 729.53448 730.68146
0.65899 0.20220 0.00000 768.26990 731.39923
0.00000 0.22840 0.00000 467.45285 708.27679
0.08800 0.22840 0.00000 507.83469 710.66022
0.11420 0.22840 0.00000 520.42035 711.47296
0.20220 0.22840 0.00000 560.86157 713.60535
0.22840 0.22840 0.00000 573.42694 714.31354
0.31640 0.22840 0.00000 614.25269 715.81653
0.34259 0.22840 0.00000 626.24817 716.25439
0.43059 0.22840 0.00000 666.68701 717.68652
0.45679 0.22840 0.00000 678.67566 717.76910
0.54479 0.22840 0.00000 718.30005 719.11823
0.57099 0.22840 0.00000 730.19946 719.15277
0.65899 0.22840 0.00000 768.71912 719.63647
0.00000 0.31640 0.00000 469.24445 667.80090
0.08800 0.31640 0.00000 509.80457 670.16663
0.11420 0.31640 0.00000 522.19611 671.11523
0.20220 0.31640 0.00000 562.97595 673.14935
0.22840 0.31640 0.00000 575.36603 674.03906
0.31640 0.31640 0.00000 616.26825 675.74292
0.34259 0.31640 0.00000 628.41931 675.99432
0.43059 0.31640 0.00000 668.64966 677.71930
0.45679 0.31640 0.00000 681.00140 678.00598
0.54479 0.31640 0.00000 720.47748 679.38947
0.57099 0.31640 0.00000 732.39069 679.52673
0.65899 0.31640 0.00000 771.07343 680.33679
0.00000 0.34259 0.00000 470.28549 655.54889
0.08800 0.34259 0.00000 510.64130 657.72638
0.11420 0.34259 0.00000 523.08734 658.75800
0.20220 0.34259 0.00000 563.77563 660.76837
0.22840 0.34259 0.00000 576.25696 661.65729
0.31640 0.34259 0.00000 616.66748 663.57147
0.34259 0.34259 0.00000 629.12170 664.00269
0.43059 0.34259 0.00000 669.38190 665.80121
0.45679 0.34259 0.00000 681.55756 666.26227
0.54479 0.34259 0.00000 720.91095 667.18988
0.57099 0.34259 0.00000 732.71320 667.55280
0.65899 0.34259 0.00000 771.56555 668.43195
0.00000 0.43059 0.00000 472.06326 614.91724
0.08800 0.43059 0.00000 512.73169 617.26324
0.11420 0.43059 0.00000 525.00275 617.96246
0.20220 0.43059 0.00000 565.76202 620.20972
0.22840 0.43059 0.00000 578.06390 621.01282
0.31640 0.43059 0.00000 619.01141 623.03027
0.34259 0.43059 0.00000 630.79572 623.55109
0.43059 0.43059 0.00000 671.35303 625.02936
0.54479 0.43059 0.00000 722.95282 627.13525
0.57099 0.43059 0.00000 734.85510 627.80554
0.65899 0.43059 0.00000 773.48151 628.73419
0.00000 0.45679 0.00000 473.15317 602.50610
0.08800 0.45679 0.00000 513.52734 604.71057
0.11420 0.45679 0.00000 525.95612 605.84387
0.20220 0.45679 0.00000 566.58533 607.76477
0.22840 0.45679 0.00000 579.06268 608.69910
0.31640 0.45679 0.00000 619.54358 610.60687
0.34259 0.45679 0.00000 631.92676 611.19702
0.43059 0.45679 0.00000 672.02716 613.08978
0.45679 0.45679 0.00000 684.21179 613.71875
0.54479 0.45679 0.00000 723.77716 614.94000
0.57099 0.45679 0.00000 735.31000 615.76532
0.65899 0.45679 0.00000 773.90741 616.95392
0.00000 0.54479 0.00000 475.46750 562.18481
0.08800 0.54479 0.00000 515.80328 564.20264
0.11420 0.54479 0.00000 528.05005 565.01324
0.20220 0.54479 0.00000 568.74249 567.25220
0.22840 0.54479 0.00000 581.02576 567.98035
0.31640 0.54479 0.00000 621.70258 570.23279
0.34259 0.54479 0.00000 633.83820 570.81555
0.43059 0.54479 0.00000 673.83405 572.80542
0.45679 0.54479 0.00000 686.14392 573.23267
0.54479 0.54479 0.00000 725.26312 574.83539
0.57099 0.54479 0.00000 737.01068 575.86108
0.65899 0.54479 0.00000 775.70941 577.47864
0.00000 0.57099 0.00000 476.37738 549.61163
0.08800 0.57099 0.00000 516.77484 551.82983
0.11420 0.57099 0.00000 529.01086 552.84467
0.20220 0.57099 0.00000 569.57477 554.74951
0.22840 0.57099 0.00000 581.98047 555.85541
0.31640 0.57099 0.00000 622.25214 557.78656
0.34259 0.57099 0.00000 634.36053 558.62482
0.43059 0.57099 0.00000 674.52295 560.94690
0.45679 0.57099 0.00000 686.55981 561.34888
0.54479 0.57099 0.00000 725.95374 563.06744
0.57099 0.57099 0.00000 737.72357 564.11505
0.65899 0.57099 0.00000 776.20251 565.53564
0.00000 0.65899 0.00000 479.04681 509.14890
0.08800 0.65899 0.00000 519.13470 511.58078
0.11420 0.65899 0.00000 531.44672 512.36115
0.20220 0.65899 0.00000 571.68628 514.56427
0.22840 0.65899 0.00000 584.17688 515.22186
0.31640 0.65899 0.00000 624.40692 517.60028
0.34259 0.65899 0.00000 636.54205 518.01349
0.43059 0.65899 0.00000 676.35608 520.66370
0.45679 0.65899 0.00000 688.30743 521.32007
0.54479 0.65899 0.00000 727.55127 523.45178
0.57099 0.65899 0.00000 739.22675 524.21478
0.65899 0.65899 0.00000 777.45819 526.37811

gimbalangles:
-0.10471975512 0.0 0.436332312999 

end: