T_CW:
0.99603 0.05083 0.07310 -0.37606
0.05744 -0.99417 -0.09130 0.65221
0.06803 0.09514 -0.99314 1.35349
0.00000 0.00000 0.00000 1.00000

T_CW_cov:

target_points_pix:
0.00000 0.00000 0.00000 463.24170 811.48151
0.08800 0.00000 0.00000 503.82489 814.11981
0.11420 0.00000 0.00000 515.66016 814.51984
0.20220 0.00000 0.00000 556.50946 816.80933
0.22840 0.00000 0.00000 568.58044 817.47400
0.31640 0.00000 0.00000 609.28430 818.69232
0.34259 0.00000 0.00000 621.18732 819.04443
0.54479 0.00000 0.00000 712.87744 820.20746
0.57099 0.00000 0.00000 724.41064 820.15704
0.00000 0.08800 0.00000 464.86249 771.89978
0.08800 0.08800 0.00000 505.34308 774.48541
0.20220 0.08800 0.00000 558.31592 777.37653
0.22840 0.08800 0.00000 570.48737 777.69348
0.31640 0.08800 0.00000 610.72229 779.44379
0.34259 0.08800 0.00000 622.99994 779.84991
0.43059 0.08800 0.00000 663.35986 780.66663
0.45679 0.08800 0.00000 675.24274 780.95593
0.54479 0.08800 0.00000 714.64282 781.56268
0.57099 0.08800 0.00000 726.57599 781.63214
0.65899 0.08800 0.00000 765.09991 781.78601
0.00000 0.11420 0.00000 465.36227 760.26196
0.08800 0.11420 0.00000 505.64410 762.53711
0.11420 0.11420 0.00000 518.24200 763.40106
0.20220 0.11420 0.00000 558.62762 765.53265
0.22840 0.11420 0.00000 570.87122 765.87628
0.31640 0.11420 0.00000 611.70428 767.62573
0.34259 0.11420 0.00000 623.76556 768.07166
0.43059 0.11420 0.00000 664.00885 769.15479
0.45679 0.11420 0.00000 676.23700 769.43164
0.54479 0.11420 0.00000 715.54144 770.11871
0.57099 0.11420 0.00000 727.25775 770.16449
0.65899 0.11420 0.00000 765.83099 770.06519
0.00000 0.20220 0.00000 467.03882 720.11719
0.08800 0.20220 0.00000 507.43350 722.54199
0.11420 0.20220 0.00000 519.89545 723.37134
0.20220 0.20220 0.00000 560.49792 725.57953
0.22840 0.20220 0.00000 572.89862 726.00958
0.31640 0.20220 0.00000 613.53693 728.15253
0.34259 0.20220 0.00000 625.63184 728.37579
0.43059 0.20220 0.00000 666.22430 729.70721
0.45679 0.20220 0.00000 678.17548 729.90033
0.54479 0.20220 0.00000 717.62030 730.57104
0.57099 0.20220 0.00000 729.55811 730.64044
0.65899 0.20220 0.00000 768.30322 731.36926
0.00000 0.22840 0.00000 467.45340 708.31018
0.08800 0.22840 0.00000 507.81625 710.59924
0.11420 0.22840 0.00000 520.39240 711.46143
0.20220 0.22840 0.00000 560.87903 713.58325
0.22840 0.22840 0.00000 573.43243 714.31110
0.31640 0.22840 0.00000 614.22675 715.81805
0.34259 0.22840 0.00000 626.24048 716.25946
0.43059 0.22840 0.00000 666.65601 717.68134
0.45679 0.22840 0.00000 678.65143 717.78058
0.54479 0.22840 0.00000 718.26471 719.16455
0.57099 0.22840 0.00000 730.21844 719.17413
0.65899 0.22840 0.00000 768.70288 719.61407
0.00000 0.31640 0.00000 469.24286 667.83923
0.08800 0.31640 0.00000 509.83163 670.15796
0.11420 0.31640 0.00000 522.19690 671.11145
0.20220 0.31640 0.00000 562.97467 673.15125
0.22840 0.31640 0.00000 575.35138 674.01660
0.31640 0.31640 0.00000 616.24255 675.73322
0.34259 0.31640 0.00000 628.42407 675.98450
0.43059 0.31640 0.00000 668.66296 677.72192
0.45679 0.31640 0.00000 681.02350 677.97620
0.54479 0.31640 0.00000 720.50391 679.38794
0.57099 0.31640 0.00000 732.38611 679.53619
0.65899 0.31640 0.00000 771.12103 680.34534
0.00000 0.34259 0.00000 470.27631 655.56079
0.08800 0.34259 0.00000 510.61816 657.77405
0.11420 0.34259 0.00000 523.06073 658.78949
0.20220 0.34259 0.00000 563.75830 660.81885
0.22840 0.34259 0.00000 576.28760 661.64282
0.31640 0.34259 0.00000 616.67828 663.56543
0.34259 0.34259 0.00000 629.11414 664.14667
0.43059 0.34259 0.00000 669.39392 665.74615
0.45679 0.34259 0.00000 681.55164 666.24243
0.54479 0.34259 0.00000 720.91382 667.17682
0.57099 0.34259 0.00000 732.73560 667.54437
0.65899 0.34259 0.00000 771.54895 668.47662
0.00000 0.43059 0.00000 472.04044 614.90961
0.08800 0.43059 0.00000 512.75354 617.26428
0.11420 0.43059 0.00000 525.02777 617.95239
0.20220 0.43059 0.00000 565.76575 620.21466
0.22840 0.43059 0.00000 578.14136 621.03668
0.31640 0.43059 0.00000 618.94098 623.05334
0.34259 0.43059 0.00000 630.81567 623.53046
0.43059 0.43059 0.00000 671.37189 624.99976
0.54479 0.43059 0.00000 722.90356 627.15131
0.57099 0.43059 0.00000 734.82861 627.75488
0.65899 0.43059 0.00000 773.49121 628.74695
0.00000 0.45679 0.00000 473.14789 602.49554
0.08800 0.45679 0.00000 513.50354 604.72974
0.11420 0.45679 0.00000 525.99640 605.81042
0.20220 0.45679 0.00000 566.60345 607.77313
0.22840 0.45679 0.00000 579.06915 608.70343
0.31640 0.45679 0.00000 619.55560 610.61017
0.34259 0.45679 0.00000 631.93579 611.18896
0.43059 0.45679 0.00000 672.03815 613.14081
0.45679 0.45679 0.00000 684.22003 613.73499
0.54479 0.45679 0.00000 723.74969 614.93854
0.57099 0.45679 0.00000 735.33215 615.79352
0.65899 0.45679 0.00000 773.88727 616.90863
0.00000 0.54479 0.00000 475.46579 562.18805
0.08800 0.54479 0.00000 515.81146 564.18640
0.11420 0.54479 0.00000 528.08215 565.04309
0.20220 0.54479 0.00000 568.75726 567.25000
0.22840 0.54479 0.00000 581.05310 567.97485
0.31640 0.54479 0.00000 621.68555 570.23907
0.34259 0.54479 0.00000 633.84082 570.80096
0.43059 0.54479 0.00000 673.84601 572.82440
0.45679 0.54479 0.00000 686.17017 573.25336
0.54479 0.54479 0.00000 725.27161 574.83887
0.57099 0.54479 0.00000 737.00562 575.90765
0.65899 0.54479 0.00000 775.76752 577.48462
0.00000 0.57099 0.00000 476.37036 549.59534
0.08800 0.57099 0.00000 516.73145 551.82312
0.11420 0.57099 0.00000 529.03479 552.82306
0.20220 0.57099 0.00000 569.56793 554.74750
0.22840 0.57099 0.00000 581.96869 555.87915
0.31640 0.57099 0.00000 622.23846 557.80524
0.34259 0.57099 0.00000 634.37054 558.63806
0.43059 0.57099 0.00000 674.49139 560.84967
0.45679 0.57099 0.00000 686.56238 561.34698
0.54479 0.57099 0.00000 725.96637 563.04779
0.57099 0.57099 0.00000 737.71820 564.11029
0.65899 0.57099 0.00000 776.19629 565.57166
0.00000 0.65899 0.00000 479.04602 509.13962
0.08800 0.65899 0.00000 519.16174 511.53949
0.11420 0.65899 0.00000 531.43225 512.34808
0.20220 0.65899 0.00000 571.67505 514.55341
0.22840 0.65899 0.00000 584.16382 515.19678
0.31640 0.65899 0.00000 624.40863 517.59503
0.34259 0.65899 0.00000 636.60419 518.08929
0.43059 0.65899 0.00000 676.36407 520.64752
0.45679 0.65899 0.00000 688.29108 521.31647
0.54479 0.65899 0.00000 727.55511 523.45758
0.57099 0.65899 0.00000 739.18988 524.20966
0.65899 0.65899 0.00000 777.43628 526.38367

gimbalangles:
-0.10471975512 0.174532925199 -0.436332312999 

end: