T_CW:
0.99764 0.03626 0.05833 -0.57890
0.04038 -0.99665 -0.07112 0.63111
0.05555 0.07331 -0.99576 1.37430
0.00000 0.00000 0.00000 1.00000

T_CW_cov:

target_points_pix:
0.00000 0.00000 0.00000 387.54999 791.07269
0.08800 0.00000 0.00000 426.26169 793.83423
0.11420 0.00000 0.00000 437.81033 794.48224
0.20220 0.00000 0.00000 477.15234 796.77332
0.22840 0.00000 0.00000 488.80658 797.59210
0.31640 0.00000 0.00000 528.53223 799.44556
0.34259 0.00000 0.00000 540.38385 799.87634
0.43059 0.00000 0.00000 580.28821 801.22418
0.45679 0.00000 0.00000 592.25293 801.48669
0.54479 0.00000 0.00000 631.73657 802.19324
0.57099 0.00000 0.00000 643.69159 802.29175
0.65899 0.00000 0.00000 683.08197 802.48828
0.00000 0.08800 0.00000 388.14886 752.62012
0.08800 0.08800 0.00000 426.78973 755.22559
0.11420 0.08800 0.00000 438.56784 755.80029
0.20220 0.08800 0.00000 477.78281 758.20251
0.22840 0.08800 0.00000 489.68127 758.61401
0.31640 0.08800 0.00000 529.42114 760.59784
0.34259 0.08800 0.00000 541.45166 761.14148
0.43059 0.08800 0.00000 581.31519 762.53400
0.45679 0.08800 0.00000 593.33240 762.75372
0.54479 0.08800 0.00000 632.95874 763.66071
0.57099 0.08800 0.00000 644.96191 763.85651
0.65899 0.08800 0.00000 684.39441 764.41736
0.00000 0.11420 0.00000 388.33499 741.02429
0.08800 0.11420 0.00000 426.93033 743.50012
0.11420 0.11420 0.00000 438.77081 744.23999
0.20220 0.11420 0.00000 478.01581 746.47705
0.22840 0.11420 0.00000 489.97919 747.12323
0.31640 0.11420 0.00000 529.64386 748.80029
0.34259 0.11420 0.00000 541.75787 749.48358
0.43059 0.11420 0.00000 581.54816 750.76410
0.45679 0.11420 0.00000 593.65979 751.29749
0.54479 0.11420 0.00000 633.44336 752.12659
0.57099 0.11420 0.00000 645.48981 752.38348
0.65899 0.11420 0.00000 684.82751 752.70490
0.00000 0.20220 0.00000 389.11472 702.01837
0.08800 0.20220 0.00000 427.68903 704.42609
0.11420 0.20220 0.00000 439.60645 705.09747
0.20220 0.20220 0.00000 478.84167 707.39087
0.22840 0.20220 0.00000 490.98331 708.01575
0.31640 0.20220 0.00000 530.57440 709.75055
0.34259 0.20220 0.00000 542.80524 710.30542
0.43059 0.20220 0.00000 582.69897 711.80756
0.45679 0.20220 0.00000 594.96173 712.15857
0.54479 0.20220 0.00000 634.66632 713.36206
0.57099 0.20220 0.00000 646.71906 713.57758
0.65899 0.20220 0.00000 686.22864 714.11426
0.00000 0.22840 0.00000 389.31555 690.25836
0.08800 0.22840 0.00000 427.98645 692.59869
0.11420 0.22840 0.00000 439.84167 693.32373
0.20220 0.22840 0.00000 479.13303 695.48096
0.22840 0.22840 0.00000 491.26743 696.13013
0.31640 0.22840 0.00000 530.98340 697.90454
0.34259 0.22840 0.00000 543.20496 698.52356
0.43059 0.22840 0.00000 583.06519 699.99493
0.45679 0.22840 0.00000 595.44794 700.40302
0.54479 0.22840 0.00000 635.11902 701.43372
0.57099 0.22840 0.00000 647.11670 701.69446
0.65899 0.22840 0.00000 686.79791 702.18921
0.00000 0.31640 0.00000 390.35883 650.91278
0.08800 0.31640 0.00000 429.02628 653.11908
0.11420 0.31640 0.00000 440.88995 653.79877
0.20220 0.31640 0.00000 480.36670 655.82935
0.22840 0.31640 0.00000 492.47089 656.56024
0.31640 0.31640 0.00000 532.11401 658.33545
0.34259 0.31640 0.00000 544.20068 658.92731
0.43059 0.31640 0.00000 584.35541 660.46075
0.45679 0.31640 0.00000 596.56683 660.92596
0.54479 0.31640 0.00000 636.40082 661.87976
0.57099 0.31640 0.00000 648.94489 662.14594
0.65899 0.31640 0.00000 688.40985 663.33868
0.00000 0.34259 0.00000 390.82053 638.86115
0.08800 0.34259 0.00000 429.55261 641.04272
0.11420 0.34259 0.00000 441.37549 641.76575
0.20220 0.34259 0.00000 480.68326 643.69080
0.22840 0.34259 0.00000 492.79321 644.47284
0.31640 0.34259 0.00000 532.65692 646.08472
0.34259 0.34259 0.00000 544.76801 646.88824
0.43059 0.34259 0.00000 584.88733 648.17413
0.45679 0.34259 0.00000 597.11682 648.81573
0.54479 0.34259 0.00000 636.90387 649.86615
0.57099 0.34259 0.00000 649.40472 650.31519
0.65899 0.34259 0.00000 688.54437 651.25836
0.00000 0.43059 0.00000 392.37845 599.36523
0.08800 0.43059 0.00000 430.84250 601.28912
0.11420 0.43059 0.00000 442.92029 601.91992
0.20220 0.43059 0.00000 482.17249 603.83960
0.22840 0.43059 0.00000 494.30295 604.49878
0.31640 0.43059 0.00000 533.93689 606.20673
0.34259 0.43059 0.00000 546.21906 606.83008
0.43059 0.43059 0.00000 586.19916 608.25378
0.45679 0.43059 0.00000 598.40680 608.84180
0.54479 0.43059 0.00000 638.27527 610.08295
0.57099 0.43059 0.00000 650.62598 610.38885
0.65899 0.43059 0.00000 690.12695 611.79633
0.00000 0.45679 0.00000 392.85159 587.18225
0.08800 0.45679 0.00000 431.57687 589.04498
0.11420 0.45679 0.00000 443.47540 589.92401
0.20220 0.45679 0.00000 482.66205 591.63019
0.22840 0.45679 0.00000 494.72397 592.30444
0.31640 0.45679 0.00000 534.66119 593.81622
0.34259 0.45679 0.00000 546.82086 594.63159
0.43059 0.45679 0.00000 586.84863 595.92023
0.45679 0.45679 0.00000 599.15179 596.66339
0.54479 0.45679 0.00000 638.84796 597.87549
0.57099 0.45679 0.00000 651.19940 598.49963
0.65899 0.45679 0.00000 690.51849 599.46313
0.00000 0.54479 0.00000 394.94223 547.76715
0.08800 0.54479 0.00000 433.32446 549.44214
0.11420 0.54479 0.00000 445.30161 550.17737
0.20220 0.54479 0.00000 484.45865 551.67474
0.22840 0.54479 0.00000 496.69388 552.20825
0.31640 0.54479 0.00000 536.11078 553.98859
0.34259 0.54479 0.00000 548.49030 554.55115
0.43059 0.54479 0.00000 588.22046 556.01550
0.45679 0.54479 0.00000 600.61316 556.65265
0.54479 0.54479 0.00000 640.16937 558.13251
0.57099 0.54479 0.00000 652.48663 558.51306
0.00000 0.57099 0.00000 395.58044 535.69147
0.08800 0.57099 0.00000 434.21600 537.30872
0.11420 0.57099 0.00000 446.09619 537.86658
0.20220 0.57099 0.00000 484.95776 539.73071
0.22840 0.57099 0.00000 497.29080 540.30219
0.31640 0.57099 0.00000 536.73297 541.72729
0.34259 0.57099 0.00000 549.12518 542.49084
0.43059 0.57099 0.00000 588.86731 543.91156
0.45679 0.57099 0.00000 601.25732 544.55133
0.54479 0.57099 0.00000 640.77472 545.81665
0.57099 0.57099 0.00000 653.09662 546.57550
0.65899 0.57099 0.00000 692.33807 547.65155
0.00000 0.65899 0.00000 398.17526 496.37695
0.08800 0.65899 0.00000 436.35800 497.69196
0.11420 0.65899 0.00000 448.28021 498.40341
0.20220 0.65899 0.00000 487.22617 500.10257
0.22840 0.65899 0.00000 499.30432 500.37738
0.31640 0.65899 0.00000 538.52472 501.97256
0.34259 0.65899 0.00000 551.07343 502.40521
0.43059 0.65899 0.00000 590.37946 504.18558
0.45679 0.65899 0.00000 602.68549 504.62430
0.54479 0.65899 0.00000 642.01367 506.30490
0.57099 0.65899 0.00000 654.29974 507.04016
0.65899 0.65899 0.00000 693.55011 508.49014

gimbalangles:
-0.261799387799 -0.349065850399 0.0872664625997 

end: