T_CW:
0.99627 0.05188 0.06894 -0.36986
0.05805 -0.99419 -0.09066 0.64980
0.06383 0.09433 -0.99349 1.35567
0.00000 0.00000 0.00000 1.00000

T_CW_cov:

target_points_pix:
0.00000 0.00000 0.00000 466.37842 809.84778
0.08800 0.00000 0.00000 506.84784 812.68414
0.11420 0.00000 0.00000 518.64789 813.41394
0.20220 0.00000 0.00000 559.31146 815.57587
0.22840 0.00000 0.00000 571.55902 816.23920
0.31640 0.00000 0.00000 612.24249 817.70001
0.34259 0.00000 0.00000 624.10645 818.05219
0.54479 0.00000 0.00000 715.73596 819.33203
0.57099 0.00000 0.00000 727.22876 819.34259
0.00000 0.08800 0.00000 467.68802 770.56555
0.08800 0.08800 0.00000 508.43549 773.41315
0.11420 0.08800 0.00000 520.52942 773.76807
0.20220 0.08800 0.00000 561.22540 776.23944
0.22840 0.08800 0.00000 573.42633 776.55304
0.31640 0.08800 0.00000 613.77161 778.27954
0.34259 0.08800 0.00000 625.95990 778.77942
0.43059 0.08800 0.00000 666.31628 779.81238
0.45679 0.08800 0.00000 678.17529 780.02673
0.54479 0.08800 0.00000 717.62793 780.52948
0.57099 0.08800 0.00000 729.52539 780.57849
0.65899 0.08800 0.00000 768.19714 781.01355
0.00000 0.11420 0.00000 468.38632 758.89105
0.08800 0.11420 0.00000 508.67679 761.46600
0.11420 0.11420 0.00000 520.99780 762.12738
0.20220 0.11420 0.00000 561.66650 764.33295
0.22840 0.11420 0.00000 573.73682 764.72998
0.31640 0.11420 0.00000 614.53229 766.46613
0.34259 0.11420 0.00000 626.73438 767.11060
0.43059 0.11420 0.00000 666.98212 768.06970
0.45679 0.11420 0.00000 679.12854 768.31946
0.54479 0.11420 0.00000 718.45599 769.22498
0.57099 0.11420 0.00000 730.31470 769.28363
0.65899 0.11420 0.00000 768.71338 769.35498
0.00000 0.20220 0.00000 469.93356 718.91949
0.08800 0.20220 0.00000 510.54181 721.50537
0.11420 0.20220 0.00000 522.89270 722.03131
0.20220 0.20220 0.00000 563.54230 724.42871
0.22840 0.20220 0.00000 575.85242 724.91565
0.31640 0.20220 0.00000 616.55713 726.92236
0.34259 0.20220 0.00000 628.60400 727.42670
0.43059 0.20220 0.00000 669.20648 728.63373
0.45679 0.20220 0.00000 681.16022 728.88226
0.54479 0.20220 0.00000 720.57159 729.71948
0.57099 0.20220 0.00000 732.49640 729.74347
0.65899 0.20220 0.00000 771.33142 730.43439
0.00000 0.22840 0.00000 470.60791 706.98553
0.08800 0.22840 0.00000 510.84299 709.49268
0.11420 0.22840 0.00000 523.40643 710.33618
0.20220 0.22840 0.00000 563.97504 712.38690
0.22840 0.22840 0.00000 576.47760 713.23254
0.31640 0.22840 0.00000 617.28906 714.64697
0.34259 0.22840 0.00000 629.23096 715.12909
0.43059 0.22840 0.00000 669.64917 716.59229
0.45679 0.22840 0.00000 681.70496 716.79517
0.54479 0.22840 0.00000 721.38098 718.17914
0.57099 0.22840 0.00000 733.27002 718.21613
0.65899 0.22840 0.00000 771.80316 718.71735
0.00000 0.31640 0.00000 472.52570 666.42023
0.08800 0.31640 0.00000 513.06903 669.07446
0.11420 0.31640 0.00000 525.30243 670.00305
0.20220 0.31640 0.00000 566.12683 671.94464
0.22840 0.31640 0.00000 578.46875 672.84491
0.31640 0.31640 0.00000 619.31860 674.63080
0.34259 0.31640 0.00000 631.52838 674.78363
0.43059 0.31640 0.00000 671.73743 676.60370
0.45679 0.31640 0.00000 684.08990 677.12683
0.54479 0.31640 0.00000 723.62469 678.33234
0.57099 0.31640 0.00000 735.41425 678.51074
0.65899 0.31640 0.00000 774.26526 679.51581
0.00000 0.34259 0.00000 473.27301 654.34454
0.08800 0.34259 0.00000 513.70557 656.69434
0.11420 0.34259 0.00000 526.28857 657.59363
0.20220 0.34259 0.00000 566.80188 659.86304
0.22840 0.34259 0.00000 579.32697 660.53229
0.31640 0.34259 0.00000 619.71753 662.47266
0.34259 0.34259 0.00000 632.14984 663.08295
0.43059 0.34259 0.00000 672.48273 664.71967
0.45679 0.34259 0.00000 684.61688 665.28870
0.54479 0.34259 0.00000 723.88232 666.31879
0.57099 0.34259 0.00000 735.83911 666.57489
0.65899 0.34259 0.00000 774.66364 667.63214
0.00000 0.43059 0.00000 475.27734 613.68878
0.08800 0.43059 0.00000 515.90515 616.04712
0.11420 0.43059 0.00000 528.10950 617.00183
0.20220 0.43059 0.00000 568.94360 619.09070
0.22840 0.43059 0.00000 581.15179 620.04407
0.31640 0.43059 0.00000 621.99188 622.00629
0.34259 0.43059 0.00000 633.93365 622.46515
0.43059 0.43059 0.00000 674.57062 624.06500
0.54479 0.43059 0.00000 725.97998 626.17230
0.57099 0.43059 0.00000 737.80701 626.79260
0.65899 0.43059 0.00000 776.57416 627.87360
0.00000 0.45679 0.00000 476.32712 601.40637
0.08800 0.45679 0.00000 516.73865 603.74677
0.11420 0.45679 0.00000 529.18213 604.56409
0.20220 0.45679 0.00000 569.71246 606.73859
0.22840 0.45679 0.00000 582.25134 607.59723
0.31640 0.45679 0.00000 622.67944 609.67340
0.34259 0.45679 0.00000 634.98975 610.16107
0.43059 0.45679 0.00000 675.06183 612.11407
0.45679 0.45679 0.00000 687.31134 612.65753
0.54479 0.45679 0.00000 726.92688 614.05499
0.57099 0.45679 0.00000 738.60400 615.00659
0.65899 0.45679 0.00000 777.13837 616.12561
0.00000 0.54479 0.00000 478.99097 560.61102
0.08800 0.54479 0.00000 519.07086 563.01288
0.11420 0.54479 0.00000 531.22144 564.10730
0.20220 0.54479 0.00000 571.84912 566.15680
0.22840 0.54479 0.00000 584.12457 567.06866
0.31640 0.54479 0.00000 624.86328 569.13873
0.34259 0.54479 0.00000 636.93390 569.84387
0.43059 0.54479 0.00000 676.96899 571.92133
0.45679 0.54479 0.00000 689.22192 572.27087
0.54479 0.54479 0.00000 728.46954 574.00293
0.57099 0.54479 0.00000 740.12189 575.03113
0.65899 0.54479 0.00000 778.97974 576.63708
0.00000 0.57099 0.00000 479.51083 548.46973
0.08800 0.57099 0.00000 519.91022 550.92072
0.11420 0.57099 0.00000 532.28162 551.69781
0.20220 0.57099 0.00000 572.81348 553.84192
0.22840 0.57099 0.00000 585.15228 554.74646
0.31640 0.57099 0.00000 625.44421 556.69470
0.34259 0.57099 0.00000 637.71027 557.55334
0.43059 0.57099 0.00000 677.91119 559.81836
0.45679 0.57099 0.00000 689.71094 560.25549
0.54479 0.57099 0.00000 729.14270 562.16522
0.57099 0.57099 0.00000 740.86066 563.03400
0.65899 0.57099 0.00000 779.30811 564.59894
0.00000 0.65899 0.00000 482.49774 507.82550
0.08800 0.65899 0.00000 522.67169 510.47672
0.11420 0.65899 0.00000 534.67511 511.28448
0.20220 0.65899 0.00000 574.81836 513.50323
0.22840 0.65899 0.00000 587.27643 514.27087
0.31640 0.65899 0.00000 627.55475 516.52094
0.34259 0.65899 0.00000 639.99072 517.03070
0.43059 0.65899 0.00000 679.78778 519.71478
0.45679 0.65899 0.00000 691.52216 520.38550
0.54479 0.65899 0.00000 730.80750 522.57166
0.57099 0.65899 0.00000 742.29657 523.28107
0.65899 0.65899 0.00000 780.57422 525.39594

gimbalangles:
-0.261799387799 -0.349065850399 0.0872664625997 

end: