T_CW:
0.99742 0.03528 0.06249 -0.58508
0.03978 -0.99659 -0.07225 0.63356
0.05973 0.07455 -0.99543 1.37199
0.00000 0.00000 0.00000 1.00000

T_CW_cov:

target_points_pix:
0.00000 0.00000 0.00000 384.64511 792.45422
0.08800 0.00000 0.00000 423.31787 794.89380
0.11420 0.00000 0.00000 434.91873 795.78882
0.20220 0.00000 0.00000 474.23447 798.02368
0.22840 0.00000 0.00000 485.93213 798.54297
0.31640 0.00000 0.00000 525.58252 800.46484
0.34259 0.00000 0.00000 537.56384 800.90375
0.43059 0.00000 0.00000 577.30621 802.14911
0.45679 0.00000 0.00000 589.40094 802.43579
0.54479 0.00000 0.00000 628.95868 802.92084
0.57099 0.00000 0.00000 640.76135 803.17523
0.65899 0.00000 0.00000 680.29291 803.42059
0.00000 0.08800 0.00000 385.13571 753.88757
0.08800 0.08800 0.00000 423.81085 756.40179
0.11420 0.08800 0.00000 435.59631 757.05328
0.20220 0.08800 0.00000 474.90131 759.36108
0.22840 0.08800 0.00000 486.75156 759.81830
0.31640 0.08800 0.00000 526.51318 761.67346
0.34259 0.08800 0.00000 538.53119 762.19440
0.43059 0.08800 0.00000 578.47601 763.54974
0.45679 0.08800 0.00000 590.43750 763.75372
0.54479 0.08800 0.00000 630.11017 764.58209
0.57099 0.08800 0.00000 642.15149 764.83801
0.65899 0.08800 0.00000 681.40643 765.26404
0.00000 0.11420 0.00000 385.29547 742.27637
0.08800 0.11420 0.00000 423.99619 744.73804
0.11420 0.11420 0.00000 435.85251 745.51367
0.20220 0.11420 0.00000 475.11658 747.54559
0.22840 0.11420 0.00000 487.05774 748.20905
0.31640 0.11420 0.00000 526.73175 749.93402
0.34259 0.11420 0.00000 538.87817 750.55231
0.43059 0.11420 0.00000 578.60242 751.79095
0.45679 0.11420 0.00000 590.64197 752.14832
0.54479 0.11420 0.00000 630.48401 753.08276
0.57099 0.11420 0.00000 642.55383 753.28711
0.65899 0.11420 0.00000 682.01349 753.53369
0.00000 0.20220 0.00000 386.17865 703.30786
0.08800 0.20220 0.00000 424.69681 705.60175
0.11420 0.20220 0.00000 436.61862 706.37695
0.20220 0.20220 0.00000 475.85861 708.41742
0.22840 0.20220 0.00000 487.88678 708.89172
0.31640 0.20220 0.00000 527.70953 710.74829
0.34259 0.20220 0.00000 539.91260 711.31781
0.43059 0.20220 0.00000 579.76404 712.61481
0.45679 0.20220 0.00000 592.03467 713.10895
0.54479 0.20220 0.00000 631.80743 714.18640
0.57099 0.20220 0.00000 643.79340 714.44452
0.65899 0.20220 0.00000 683.25537 714.81342
0.00000 0.22840 0.00000 386.39554 691.43433
0.08800 0.22840 0.00000 424.95526 693.78308
0.11420 0.22840 0.00000 436.90378 694.53625
0.20220 0.22840 0.00000 476.21646 696.56415
0.22840 0.22840 0.00000 488.39877 697.21814
0.31640 0.22840 0.00000 528.03583 698.93811
0.34259 0.22840 0.00000 540.32294 699.53168
0.43059 0.22840 0.00000 580.17792 700.87732
0.45679 0.22840 0.00000 592.45209 701.34784
0.54479 0.22840 0.00000 632.19397 702.22137
0.57099 0.22840 0.00000 644.24536 702.44208
0.65899 0.22840 0.00000 683.82220 703.03870
0.00000 0.31640 0.00000 387.30197 652.16211
0.08800 0.31640 0.00000 425.88989 654.33063
0.11420 0.31640 0.00000 437.84265 654.84674
0.20220 0.31640 0.00000 477.24780 656.89001
0.22840 0.31640 0.00000 489.36768 657.66864
0.31640 0.31640 0.00000 529.02637 659.41394
0.34259 0.31640 0.00000 541.27777 659.94171
0.45679 0.31640 0.00000 593.60638 661.87024
0.54479 0.31640 0.00000 633.46002 662.70325
0.57099 0.31640 0.00000 645.77802 662.98840
0.65899 0.31640 0.00000 685.28705 664.26770
0.00000 0.34259 0.00000 387.66718 640.17261
0.08800 0.34259 0.00000 426.50586 642.29193
0.11420 0.34259 0.00000 438.41910 642.90533
0.20220 0.34259 0.00000 477.72025 644.77673
0.22840 0.34259 0.00000 489.88025 645.54065
0.31640 0.34259 0.00000 529.65393 647.13458
0.34259 0.34259 0.00000 541.80505 648.00446
0.43059 0.34259 0.00000 581.95697 649.18524
0.45679 0.34259 0.00000 594.20203 649.71033
0.54479 0.34259 0.00000 633.90430 650.87128
0.57099 0.34259 0.00000 646.39746 651.25421
0.65899 0.34259 0.00000 685.57965 652.16772
0.00000 0.43059 0.00000 389.32983 600.42560
0.08800 0.43059 0.00000 427.73413 602.43304
0.11420 0.43059 0.00000 439.83307 602.95721
0.20220 0.43059 0.00000 479.04779 604.95111
0.22840 0.43059 0.00000 491.22598 605.68158
0.34259 0.43059 0.00000 543.07825 607.79932
0.43059 0.43059 0.00000 583.07727 609.26208
0.45679 0.43059 0.00000 595.46222 609.86719
0.54479 0.43059 0.00000 635.15436 611.00098
0.57099 0.43059 0.00000 647.56934 611.37396
0.65899 0.43059 0.00000 687.17169 612.63324
0.00000 0.45679 0.00000 389.68369 588.32672
0.08800 0.45679 0.00000 428.46887 590.30280
0.11420 0.45679 0.00000 440.47482 590.91705
0.20220 0.45679 0.00000 479.66299 592.70612
0.22840 0.45679 0.00000 491.59979 593.44171
0.31640 0.45679 0.00000 531.57550 594.81830
0.34259 0.45679 0.00000 543.74213 595.64813
0.43059 0.45679 0.00000 583.77838 596.89783
0.45679 0.45679 0.00000 596.12305 597.68951
0.54479 0.45679 0.00000 635.75800 598.77533
0.57099 0.45679 0.00000 648.21796 599.34900
0.65899 0.45679 0.00000 687.43115 600.37891
0.00000 0.54479 0.00000 391.64133 548.65588
0.08800 0.54479 0.00000 430.29910 550.54431
0.11420 0.54479 0.00000 442.28128 551.26062
0.20220 0.54479 0.00000 481.27859 552.76984
0.22840 0.54479 0.00000 493.58276 553.36810
0.31640 0.54479 0.00000 532.99579 555.00848
0.34259 0.54479 0.00000 545.32910 555.64160
0.45679 0.54479 0.00000 597.33264 557.60535
0.54479 0.54479 0.00000 636.97754 559.04303
0.57099 0.54479 0.00000 649.30182 559.59070
0.00000 0.57099 0.00000 392.57516 536.74860
0.08800 0.57099 0.00000 431.13193 538.39606
0.11420 0.57099 0.00000 442.94907 538.97321
0.20220 0.57099 0.00000 481.91245 540.79547
0.22840 0.57099 0.00000 494.29272 541.31561
0.31640 0.57099 0.00000 533.75751 542.76477
0.34259 0.57099 0.00000 546.05292 543.47961
0.43059 0.57099 0.00000 585.76343 544.81793
0.45679 0.57099 0.00000 598.13190 545.53741
0.54479 0.57099 0.00000 637.70703 546.76636
0.57099 0.57099 0.00000 649.90833 547.50500
0.65899 0.57099 0.00000 689.20001 548.56281
0.00000 0.65899 0.00000 394.88281 497.54221
0.08800 0.65899 0.00000 433.16147 498.84186
0.11420 0.65899 0.00000 444.95673 499.55576
0.20220 0.65899 0.00000 484.19473 501.04684
0.22840 0.65899 0.00000 496.29633 501.41333
0.31640 0.65899 0.00000 535.46558 502.90582
0.34259 0.65899 0.00000 547.91327 503.47037
0.43059 0.65899 0.00000 587.17279 505.14618
0.45679 0.65899 0.00000 599.54889 505.80304
0.54479 0.65899 0.00000 638.87177 507.28714
0.57099 0.65899 0.00000 651.16595 508.05920
0.65899 0.65899 0.00000 690.37134 509.59412

gimbalangles:
-0.10471975512 0.174532925199 -0.261799387799 

end: