T_CW:
0.99604 0.05081 0.07290 -0.37607
0.05739 -0.99417 -0.09125 0.65222
0.06784 0.09507 -0.99316 1.35359
0.00000 0.00000 0.00000 1.00000

T_CW_cov:

target_points_pix:
0.00000 0.00000 0.00000 463.25131 811.47125
0.08800 0.00000 0.00000 503.81982 814.12317
0.11420 0.00000 0.00000 515.66602 814.52264
0.20220 0.00000 0.00000 556.52039 816.83179
0.22840 0.00000 0.00000 568.60541 817.41510
0.31640 0.00000 0.00000 609.24902 818.68073
0.34259 0.00000 0.00000 621.17902 819.03809
0.54479 0.00000 0.00000 712.82513 820.18842
0.57099 0.00000 0.00000 724.40204 820.11438
0.65899 0.00000 0.00000 763.15863 820.14557
0.00000 0.08800 0.00000 464.86453 771.84796
0.08800 0.08800 0.00000 505.37921 774.47876
0.20220 0.08800 0.00000 558.30469 777.38843
0.22840 0.08800 0.00000 570.48846 777.69415
0.31640 0.08800 0.00000 610.69263 779.41705
0.34259 0.08800 0.00000 623.01562 779.85724
0.43059 0.08800 0.00000 663.34534 780.66083
0.45679 0.08800 0.00000 675.27258 780.86353
0.54479 0.08800 0.00000 714.67578 781.55597
0.57099 0.08800 0.00000 726.56836 781.62109
0.65899 0.08800 0.00000 765.17236 781.83459
0.00000 0.11420 0.00000 465.34088 760.28766
0.11420 0.11420 0.00000 518.22601 763.36395
0.20220 0.11420 0.00000 558.62012 765.51935
0.22840 0.11420 0.00000 570.87677 765.88348
0.31640 0.11420 0.00000 611.66327 767.64838
0.34259 0.11420 0.00000 623.73346 768.08203
0.43059 0.11420 0.00000 663.96454 769.14136
0.45679 0.11420 0.00000 676.18103 769.42029
0.54479 0.11420 0.00000 715.50476 770.03510
0.57099 0.11420 0.00000 727.28180 770.15350
0.65899 0.11420 0.00000 765.87848 770.07904
0.00000 0.20220 0.00000 467.06064 720.11212
0.08800 0.20220 0.00000 507.45651 722.54919
0.11420 0.20220 0.00000 519.89771 723.37347
0.20220 0.20220 0.00000 560.49860 725.56122
0.22840 0.20220 0.00000 572.90350 726.02643
0.31640 0.20220 0.00000 613.52039 728.10156
0.34259 0.20220 0.00000 625.61371 728.37982
0.43059 0.20220 0.00000 666.25488 729.67249
0.45679 0.20220 0.00000 678.18427 729.92352
0.54479 0.20220 0.00000 717.63208 730.55627
0.57099 0.20220 0.00000 729.55243 730.65289
0.65899 0.20220 0.00000 768.27783 731.35718
0.00000 0.22840 0.00000 467.44962 708.29810
0.08800 0.22840 0.00000 507.82712 710.63898
0.11420 0.22840 0.00000 520.41187 711.47797
0.20220 0.22840 0.00000 560.84857 713.62128
0.22840 0.22840 0.00000 573.45294 714.30133
0.31640 0.22840 0.00000 614.25238 715.80316
0.34259 0.22840 0.00000 626.23883 716.21014
0.43059 0.22840 0.00000 666.67108 717.70239
0.45679 0.22840 0.00000 678.67212 717.77887
0.54479 0.22840 0.00000 718.33661 719.19397
0.57099 0.22840 0.00000 730.22589 719.14978
0.65899 0.22840 0.00000 768.72266 719.67780
0.00000 0.31640 0.00000 469.25552 667.77905
0.08800 0.31640 0.00000 509.82135 670.23425
0.11420 0.31640 0.00000 522.18237 671.11078
0.20220 0.31640 0.00000 562.96173 673.15045
0.22840 0.31640 0.00000 575.35150 674.03943
0.31640 0.31640 0.00000 616.24866 675.72321
0.34259 0.31640 0.00000 628.41864 675.97998
0.43059 0.31640 0.00000 668.65405 677.73413
0.45679 0.31640 0.00000 681.01062 677.99695
0.54479 0.31640 0.00000 720.49396 679.39191
0.57099 0.31640 0.00000 732.38281 679.54047
0.65899 0.31640 0.00000 771.10645 680.33459
0.00000 0.34259 0.00000 470.26740 655.54291
0.08800 0.34259 0.00000 510.62518 657.75531
0.11420 0.34259 0.00000 523.04822 658.79327
0.20220 0.34259 0.00000 563.76001 660.80591
0.22840 0.34259 0.00000 576.26935 661.62866
0.31640 0.34259 0.00000 616.66980 663.57037
0.34259 0.34259 0.00000 629.10199 664.01483
0.43059 0.34259 0.00000 669.39062 665.75616
0.45679 0.34259 0.00000 681.55933 666.26251
0.54479 0.34259 0.00000 720.98242 667.19562
0.57099 0.34259 0.00000 732.67743 667.57208
0.65899 0.34259 0.00000 771.55988 668.45758
0.00000 0.43059 0.00000 472.06015 614.90167
0.08800 0.43059 0.00000 512.73492 617.26990
0.11420 0.43059 0.00000 525.02594 617.98340
0.20220 0.43059 0.00000 565.75873 620.23712
0.22840 0.43059 0.00000 577.99603 620.99036
0.31640 0.43059 0.00000 618.91986 623.04181
0.34259 0.43059 0.00000 630.80762 623.56976
0.43059 0.43059 0.00000 671.35974 624.94769
0.54479 0.43059 0.00000 722.92047 627.14722
0.57099 0.43059 0.00000 734.82867 627.76392
0.65899 0.43059 0.00000 773.51794 628.67102
0.00000 0.45679 0.00000 473.17630 602.50378
0.08800 0.45679 0.00000 513.51227 604.71289
0.11420 0.45679 0.00000 525.94855 605.82886
0.20220 0.45679 0.00000 566.60657 607.78363
0.22840 0.45679 0.00000 579.08112 608.69214
0.31640 0.45679 0.00000 619.54065 610.59125
0.34259 0.45679 0.00000 631.92950 611.23163
0.43059 0.45679 0.00000 672.03760 613.08344
0.45679 0.45679 0.00000 684.18250 613.73151
0.54479 0.45679 0.00000 723.75067 614.90149
0.57099 0.45679 0.00000 735.31683 615.73938
0.65899 0.45679 0.00000 773.92072 616.95532
0.00000 0.54479 0.00000 475.43649 562.13202
0.08800 0.54479 0.00000 515.82379 564.16278
0.11420 0.54479 0.00000 528.06036 565.02930
0.20220 0.54479 0.00000 568.75378 567.24237
0.22840 0.54479 0.00000 581.08142 567.97253
0.31640 0.54479 0.00000 621.68774 570.23102
0.34259 0.54479 0.00000 633.82959 570.78949
0.43059 0.54479 0.00000 673.83545 572.75500
0.45679 0.54479 0.00000 686.17200 573.24011
0.54479 0.54479 0.00000 725.22247 574.86633
0.57099 0.54479 0.00000 736.97443 575.87091
0.65899 0.54479 0.00000 775.69092 577.47656
0.00000 0.57099 0.00000 476.37515 549.61981
0.08800 0.57099 0.00000 516.75745 551.84839
0.11420 0.57099 0.00000 529.03528 552.80884
0.20220 0.57099 0.00000 569.56653 554.75299
0.22840 0.57099 0.00000 581.98157 555.82672
0.31640 0.57099 0.00000 622.24078 557.80774
0.34259 0.57099 0.00000 634.35345 558.62054
0.43059 0.57099 0.00000 674.48444 560.83966
0.45679 0.57099 0.00000 686.56000 561.35321
0.54479 0.57099 0.00000 725.98181 563.08643
0.65899 0.57099 0.00000 776.20142 565.57428
0.00000 0.65899 0.00000 479.06808 509.12308
0.08800 0.65899 0.00000 519.14789 511.57886
0.11420 0.65899 0.00000 531.41321 512.34644
0.20220 0.65899 0.00000 571.69745 514.57739
0.22840 0.65899 0.00000 584.18439 515.21747
0.31640 0.65899 0.00000 624.39008 517.60254
0.34259 0.65899 0.00000 636.58716 518.05487
0.43059 0.65899 0.00000 676.31671 520.66541
0.45679 0.65899 0.00000 688.32080 521.31647
0.54479 0.65899 0.00000 727.59052 523.49384
0.57099 0.65899 0.00000 739.20844 524.18738
0.65899 0.65899 0.00000 777.47595 526.37091

gimbalangles:
-0.10471975512 0.174532925199 -0.261799387799 

end: