T_CW:
0.99153 -0.12599 -0.03148 -0.19055
-0.12201 -0.98681 0.10644 0.19514
-0.04447 -0.10169 -0.99382 1.54445
0.00000 0.00000 0.00000 1.00000

T_CW_cov:

target_points_pix:
0.00000 0.00000 0.00000 544.58313 493.62540
0.08800 0.00000 0.00000 609.27734 485.89114
0.11420 0.00000 0.00000 628.63800 483.56561
0.20220 0.00000 0.00000 693.66022 475.78812
0.22840 0.00000 0.00000 713.46301 473.55338
0.31640 0.00000 0.00000 778.80023 465.75607
0.34259 0.00000 0.00000 798.57819 463.52905
0.43059 0.00000 0.00000 864.76392 455.63004
0.45679 0.00000 0.00000 884.64264 453.29126
0.00000 0.08800 0.00000 535.59979 428.52496
0.08800 0.08800 0.00000 600.56256 420.57272
0.11420 0.08800 0.00000 620.30304 418.33270
0.20220 0.08800 0.00000 685.49164 410.34509
0.22840 0.08800 0.00000 705.27759 407.76434
0.31640 0.08800 0.00000 771.07520 399.72891
0.34259 0.08800 0.00000 790.79089 397.49054
0.43059 0.08800 0.00000 857.24902 389.41113
0.45679 0.08800 0.00000 877.33167 386.83142
0.54479 0.08800 0.00000 944.17139 378.62183
0.57099 0.08800 0.00000 964.34381 376.34601
0.65899 0.08800 0.00000 1031.64075 367.97647
0.00000 0.11420 0.00000 533.11322 408.80814
0.08800 0.11420 0.00000 597.84521 400.90573
0.11420 0.11420 0.00000 617.53528 398.51569
0.20220 0.11420 0.00000 683.11127 390.51813
0.22840 0.11420 0.00000 702.60608 388.00772
0.31640 0.11420 0.00000 768.53088 379.84229
0.34259 0.11420 0.00000 788.53625 377.55341
0.43059 0.11420 0.00000 854.87720 369.43082
0.45679 0.11420 0.00000 875.04285 366.77255
0.54479 0.11420 0.00000 941.92303 358.56476
0.57099 0.11420 0.00000 962.23785 356.21808
0.65899 0.11420 0.00000 1029.61572 347.68958
0.00000 0.20220 0.00000 523.67682 343.19980
0.08800 0.20220 0.00000 589.16925 334.76633
0.11420 0.20220 0.00000 608.72778 332.46649
0.20220 0.20220 0.00000 674.51367 324.15091
0.22840 0.20220 0.00000 694.42914 321.55594
0.31640 0.20220 0.00000 760.55310 313.37799
0.34259 0.20220 0.00000 780.75226 310.65439
0.43059 0.20220 0.00000 847.51288 302.36197
0.45679 0.20220 0.00000 867.62183 299.66449
0.54479 0.20220 0.00000 934.91968 291.31772
0.57099 0.20220 0.00000 955.42828 288.61234
0.65899 0.20220 0.00000 1023.31641 280.10333
0.00000 0.22840 0.00000 520.79950 323.26813
0.08800 0.22840 0.00000 586.39313 314.83426
0.11420 0.22840 0.00000 606.16968 312.43567
0.20220 0.22840 0.00000 672.01044 303.96088
0.22840 0.22840 0.00000 691.86389 301.47833
0.31640 0.22840 0.00000 758.30341 293.26675
0.34259 0.22840 0.00000 778.41888 290.53366
0.43059 0.22840 0.00000 845.39941 282.07880
0.45679 0.22840 0.00000 865.50348 279.52545
0.54479 0.22840 0.00000 932.81812 270.74484
0.57099 0.22840 0.00000 953.43768 268.30881
0.65899 0.22840 0.00000 1021.32983 259.58081
0.00000 0.31640 0.00000 511.48059 256.38547
0.08800 0.31640 0.00000 577.39191 247.72565
0.11420 0.31640 0.00000 597.29993 245.33394
0.20220 0.31640 0.00000 663.48657 236.56247
0.22840 0.31640 0.00000 683.51086 234.09949
0.31640 0.31640 0.00000 750.38861 225.40477
0.34259 0.31640 0.00000 770.48792 222.60947
0.45679 0.31640 0.00000 858.33398 211.36661
0.54479 0.31640 0.00000 926.22125 202.39142
0.57099 0.31640 0.00000 946.45361 199.64136
0.65899 0.31640 0.00000 1014.69110 190.83313
0.00000 0.34259 0.00000 508.56137 236.00313
0.08800 0.34259 0.00000 574.56683 227.49559
0.11420 0.34259 0.00000 594.44574 224.71062
0.20220 0.34259 0.00000 660.79333 216.08150
0.22840 0.34259 0.00000 681.05042 213.45389
0.31640 0.34259 0.00000 747.82300 204.71077
0.34259 0.34259 0.00000 768.25372 202.16925
0.43059 0.34259 0.00000 835.61041 193.28389
0.45679 0.34259 0.00000 856.13556 190.51999
0.54479 0.34259 0.00000 923.87286 181.52339
0.57099 0.34259 0.00000 944.41772 178.90193
0.65899 0.34259 0.00000 1012.87775 169.91101
0.00000 0.43059 0.00000 499.01218 167.99710
0.08800 0.43059 0.00000 565.42902 159.22905
0.11420 0.43059 0.00000 585.55066 156.58263
0.20220 0.43059 0.00000 652.32916 147.60606
0.22840 0.43059 0.00000 672.49811 144.76074
0.31640 0.43059 0.00000 739.66718 135.70415
0.34259 0.43059 0.00000 760.23285 133.04320
0.43059 0.43059 0.00000 828.13379 123.82511
0.45679 0.43059 0.00000 848.54150 121.34089
0.54479 0.43059 0.00000 916.83057 112.09873
0.57099 0.43059 0.00000 937.47247 109.36285
0.65899 0.43059 0.00000 1006.46674 100.03281
0.00000 0.45679 0.00000 496.24982 147.49664
0.08800 0.45679 0.00000 562.62958 138.46660
0.11420 0.45679 0.00000 582.66388 135.66342
0.20220 0.45679 0.00000 649.63354 126.60981
0.22840 0.45679 0.00000 669.81964 124.05777
0.31640 0.45679 0.00000 737.39551 114.75760
0.34259 0.45679 0.00000 757.60486 112.25006
0.43059 0.45679 0.00000 825.65118 102.76073
0.45679 0.45679 0.00000 846.22668 100.32487
0.54479 0.45679 0.00000 914.61780 90.93541
0.57099 0.45679 0.00000 935.38495 88.24509
0.65899 0.45679 0.00000 1004.42950 78.71328
0.00000 0.54479 0.00000 486.52774 78.40643
0.08800 0.54479 0.00000 553.45648 69.19688
0.11420 0.54479 0.00000 573.62000 66.45734
0.20220 0.54479 0.00000 640.89557 56.97148
0.22840 0.54479 0.00000 661.36914 54.42937
0.31640 0.54479 0.00000 729.24268 44.77493
0.34259 0.54479 0.00000 749.54657 42.10043
0.43059 0.54479 0.00000 817.86127 32.59546
0.45679 0.54479 0.00000 838.58777 29.76223
0.54479 0.54479 0.00000 907.49261 20.31377
0.57099 0.54479 0.00000 928.28632 17.48848
0.65899 0.54479 0.00000 997.68903 7.70358

gimbalangles:
-0.10471975512 0.174532925199 -0.0872664625997 

end: