T_CW:
0.99602 0.05082 0.07321 -0.37606
0.05745 -0.99415 -0.09145 0.65218
0.06813 0.09529 -0.99311 1.35339
0.00000 0.00000 0.00000 1.00000

T_CW_cov:

target_points_pix:
0.00000 0.00000 0.00000 463.23022 811.47974
0.08800 0.00000 0.00000 503.81970 814.12677
0.11420 0.00000 0.00000 515.64307 814.54614
0.20220 0.00000 0.00000 556.48792 816.83606
0.22840 0.00000 0.00000 568.61633 817.46075
0.31640 0.00000 0.00000 609.27588 818.68433
0.34259 0.00000 0.00000 621.19171 819.10840
0.54479 0.00000 0.00000 712.77985 820.20770
0.57099 0.00000 0.00000 724.44525 820.20032
0.00000 0.08800 0.00000 464.86850 771.84576
0.08800 0.08800 0.00000 505.32794 774.48181
0.20220 0.08800 0.00000 558.31122 777.38379
0.22840 0.08800 0.00000 570.48492 777.71527
0.31640 0.08800 0.00000 610.71307 779.41229
0.34259 0.08800 0.00000 623.04761 779.86676
0.43059 0.08800 0.00000 663.34436 780.67432
0.45679 0.08800 0.00000 675.32788 780.84644
0.54479 0.08800 0.00000 714.64062 781.53510
0.57099 0.08800 0.00000 726.54987 781.61041
0.65899 0.08800 0.00000 765.10065 781.79321
0.00000 0.11420 0.00000 465.34036 760.30341
0.11420 0.11420 0.00000 518.19800 763.32275
0.20220 0.11420 0.00000 558.62024 765.51685
0.22840 0.11420 0.00000 570.87231 765.89740
0.31640 0.11420 0.00000 611.67419 767.66693
0.34259 0.11420 0.00000 623.78009 768.05121
0.43059 0.11420 0.00000 664.02600 769.10480
0.45679 0.11420 0.00000 676.25488 769.38867
0.54479 0.11420 0.00000 715.55316 770.10107
0.57099 0.11420 0.00000 727.28650 770.15240
0.65899 0.11420 0.00000 765.84430 770.09033
0.00000 0.20220 0.00000 467.04321 720.10822
0.08800 0.20220 0.00000 507.43549 722.54205
0.11420 0.20220 0.00000 519.88074 723.36426
0.20220 0.20220 0.00000 560.50983 725.55402
0.22840 0.20220 0.00000 572.92249 726.05334
0.31640 0.20220 0.00000 613.55713 728.13678
0.34259 0.20220 0.00000 625.59613 728.38806
0.43059 0.20220 0.00000 666.23608 729.67249
0.45679 0.20220 0.00000 678.20270 729.84631
0.54479 0.20220 0.00000 717.62329 730.56494
0.57099 0.20220 0.00000 729.54572 730.67883
0.65899 0.20220 0.00000 768.29291 731.38318
0.00000 0.22840 0.00000 467.45300 708.29016
0.08800 0.22840 0.00000 507.80045 710.62341
0.11420 0.22840 0.00000 520.42010 711.46722
0.20220 0.22840 0.00000 560.83838 713.63068
0.22840 0.22840 0.00000 573.45624 714.29443
0.31640 0.22840 0.00000 614.25739 715.78595
0.34259 0.22840 0.00000 626.24597 716.27661
0.43059 0.22840 0.00000 666.65839 717.72052
0.45679 0.22840 0.00000 678.67267 717.81256
0.54479 0.22840 0.00000 718.29797 719.17798
0.57099 0.22840 0.00000 730.19757 719.12482
0.65899 0.22840 0.00000 768.67920 719.62402
0.00000 0.31640 0.00000 469.23651 667.85925
0.08800 0.31640 0.00000 509.82382 670.18506
0.11420 0.31640 0.00000 522.17255 671.11322
0.20220 0.31640 0.00000 563.01062 673.13391
0.22840 0.31640 0.00000 575.37360 674.03973
0.31640 0.31640 0.00000 616.21008 675.73981
0.34259 0.31640 0.00000 628.42090 675.98236
0.43059 0.31640 0.00000 668.65753 677.70856
0.45679 0.31640 0.00000 681.02490 677.98578
0.54479 0.31640 0.00000 720.50952 679.38129
0.57099 0.31640 0.00000 732.39160 679.54767
0.65899 0.31640 0.00000 771.08234 680.31592
0.00000 0.34259 0.00000 470.27884 655.55737
0.08800 0.34259 0.00000 510.65820 657.75763
0.11420 0.34259 0.00000 523.04620 658.73926
0.20220 0.34259 0.00000 563.76794 660.81104
0.22840 0.34259 0.00000 576.26434 661.65387
0.31640 0.34259 0.00000 616.67010 663.55444
0.34259 0.34259 0.00000 629.09882 664.01337
0.43059 0.34259 0.00000 669.36993 665.74652
0.45679 0.34259 0.00000 681.59851 666.20276
0.54479 0.34259 0.00000 720.95508 667.21027
0.57099 0.34259 0.00000 732.66742 667.55872
0.65899 0.34259 0.00000 771.57068 668.44592
0.00000 0.43059 0.00000 472.05936 614.87994
0.08800 0.43059 0.00000 512.74445 617.27704
0.11420 0.43059 0.00000 525.01135 617.96094
0.20220 0.43059 0.00000 565.79706 620.20502
0.22840 0.43059 0.00000 578.02930 621.00269
0.31640 0.43059 0.00000 618.94006 623.01025
0.34259 0.43059 0.00000 630.81085 623.57050
0.43059 0.43059 0.00000 671.39557 625.01917
0.54479 0.43059 0.00000 722.88422 627.16479
0.57099 0.43059 0.00000 734.82635 627.76855
0.65899 0.43059 0.00000 773.48175 628.72412
0.00000 0.45679 0.00000 473.12466 602.49274
0.08800 0.45679 0.00000 513.52582 604.69763
0.11420 0.45679 0.00000 525.97711 605.80286
0.20220 0.45679 0.00000 566.60419 607.75720
0.22840 0.45679 0.00000 579.06665 608.69824
0.31640 0.45679 0.00000 619.54517 610.59521
0.34259 0.45679 0.00000 631.91095 611.15875
0.43059 0.45679 0.00000 671.95398 613.01886
0.45679 0.45679 0.00000 684.20184 613.70630
0.54479 0.45679 0.00000 723.76172 614.96814
0.57099 0.45679 0.00000 735.29852 615.78430
0.65899 0.45679 0.00000 773.90472 616.93921
0.00000 0.54479 0.00000 475.40961 562.14264
0.08800 0.54479 0.00000 515.82678 564.17188
0.11420 0.54479 0.00000 528.02899 565.00781
0.20220 0.54479 0.00000 568.73340 567.24890
0.22840 0.54479 0.00000 581.08368 567.98016
0.31640 0.54479 0.00000 621.68463 570.22101
0.34259 0.54479 0.00000 633.83746 570.78033
0.43059 0.54479 0.00000 673.82471 572.81531
0.45679 0.54479 0.00000 686.14880 573.26471
0.54479 0.54479 0.00000 725.23145 574.85651
0.57099 0.54479 0.00000 736.97052 575.89081
0.65899 0.54479 0.00000 775.70618 577.46741
0.00000 0.57099 0.00000 476.39288 549.60199
0.08800 0.57099 0.00000 516.77710 551.81567
0.11420 0.57099 0.00000 529.05829 552.81555
0.20220 0.57099 0.00000 569.56366 554.74725
0.22840 0.57099 0.00000 581.97186 555.85876
0.31640 0.57099 0.00000 622.25983 557.79553
0.34259 0.57099 0.00000 634.36829 558.62469
0.43059 0.57099 0.00000 674.52240 560.84570
0.45679 0.57099 0.00000 686.54163 561.35187
0.54479 0.57099 0.00000 725.99115 563.09161
0.65899 0.57099 0.00000 776.19519 565.56671
0.00000 0.65899 0.00000 479.04617 509.13007
0.08800 0.65899 0.00000 519.13776 511.53714
0.11420 0.65899 0.00000 531.43567 512.36255
0.20220 0.65899 0.00000 571.67896 514.56116
0.22840 0.65899 0.00000 584.17206 515.20734
0.31640 0.65899 0.00000 624.36774 517.61646
0.34259 0.65899 0.00000 636.56201 518.02234
0.43059 0.65899 0.00000 676.37219 520.62854
0.45679 0.65899 0.00000 688.29315 521.32007
0.54479 0.65899 0.00000 727.57275 523.45679
0.57099 0.65899 0.00000 739.16821 524.14368
0.65899 0.65899 0.00000 777.48242 526.37805

gimbalangles:
-0.10471975512 0.174532925199 -0.0872664625997 

end: