T_CW:
0.98252 -0.12475 0.13819 -0.45193
-0.13627 -0.98765 0.07728 0.24404
0.12685 -0.09476 -0.98739 1.48331
0.00000 0.00000 0.00000 1.00000

T_CW_cov:

target_points_pix:
0.00000 0.00000 0.00000 337.60239 537.48846
0.08800 0.00000 0.00000 406.20425 526.87604
0.11420 0.00000 0.00000 426.52249 523.69916
0.20220 0.00000 0.00000 493.83212 513.46973
0.22840 0.00000 0.00000 514.01190 510.34927
0.31640 0.00000 0.00000 580.26935 500.34537
0.34259 0.00000 0.00000 599.84662 497.34735
0.43059 0.00000 0.00000 665.00153 487.04410
0.45679 0.00000 0.00000 684.41766 483.93808
0.54479 0.00000 0.00000 748.35004 474.04877
0.57099 0.00000 0.00000 767.35504 471.10605
0.00000 0.08800 0.00000 327.24390 470.24408
0.08800 0.08800 0.00000 396.30753 459.76892
0.11420 0.08800 0.00000 416.64084 456.78711
0.20220 0.08800 0.00000 484.49826 446.76996
0.22840 0.08800 0.00000 504.56503 443.78635
0.31640 0.08800 0.00000 571.34039 434.07251
0.34259 0.08800 0.00000 591.18781 431.22336
0.43059 0.08800 0.00000 656.47760 421.51587
0.45679 0.08800 0.00000 675.78351 418.52765
0.54479 0.08800 0.00000 740.02875 409.23743
0.57099 0.08800 0.00000 759.19763 406.29489
0.65899 0.08800 0.00000 822.49750 396.93991
0.00000 0.11420 0.00000 324.10306 449.72440
0.08800 0.11420 0.00000 393.21606 439.59464
0.11420 0.11420 0.00000 413.54276 436.61078
0.20220 0.11420 0.00000 481.58102 426.66037
0.31640 0.11420 0.00000 568.56946 414.15173
0.34259 0.11420 0.00000 588.46527 411.37097
0.43059 0.11420 0.00000 653.73041 401.70129
0.45679 0.11420 0.00000 673.45593 398.80481
0.54479 0.11420 0.00000 737.63159 389.48853
0.57099 0.11420 0.00000 756.71661 386.60376
0.65899 0.11420 0.00000 820.27344 377.48962
0.00000 0.20220 0.00000 313.47186 381.50620
0.08800 0.20220 0.00000 382.84882 371.74557
0.11420 0.20220 0.00000 403.63470 368.95245
0.20220 0.20220 0.00000 471.92810 359.48651
0.22840 0.20220 0.00000 492.40448 356.64206
0.31640 0.20220 0.00000 559.51764 347.40912
0.34259 0.20220 0.00000 579.50104 344.54602
0.43059 0.20220 0.00000 645.42816 335.51291
0.45679 0.20220 0.00000 665.11407 332.75500
0.54479 0.20220 0.00000 729.67151 323.70792
0.57099 0.20220 0.00000 749.06415 321.18939
0.00000 0.22840 0.00000 310.30438 360.78085
0.08800 0.22840 0.00000 379.74774 351.37369
0.11420 0.22840 0.00000 400.57013 348.57257
0.20220 0.22840 0.00000 469.17465 339.18695
0.22840 0.22840 0.00000 489.52670 336.42233
0.31640 0.22840 0.00000 556.73578 327.39395
0.34259 0.22840 0.00000 576.74005 324.53281
0.43059 0.22840 0.00000 642.80713 315.51242
0.45679 0.22840 0.00000 662.51971 312.71564
0.54479 0.22840 0.00000 727.44824 303.82889
0.57099 0.22840 0.00000 746.53003 301.34525
0.65899 0.22840 0.00000 810.45087 292.52542
0.00000 0.31640 0.00000 299.41626 291.58133
0.08800 0.31640 0.00000 369.48587 282.45477
0.11420 0.31640 0.00000 390.42316 279.75830
0.20220 0.31640 0.00000 459.44095 270.77524
0.22840 0.31640 0.00000 479.83484 268.33722
0.31640 0.31640 0.00000 547.59760 259.50186
0.34259 0.31640 0.00000 567.74756 256.81165
0.43059 0.31640 0.00000 634.40753 248.41731
0.45679 0.31640 0.00000 654.25397 245.77451
0.54479 0.31640 0.00000 719.48431 237.27344
0.57099 0.31640 0.00000 738.91492 234.56915
0.65899 0.31640 0.00000 803.27838 226.34276
0.00000 0.34259 0.00000 296.19638 270.57629
0.08800 0.34259 0.00000 366.27310 261.54141
0.11420 0.34259 0.00000 387.44388 259.00391
0.20220 0.34259 0.00000 456.44788 250.22742
0.22840 0.34259 0.00000 477.06168 247.54932
0.31640 0.34259 0.00000 544.93256 238.86174
0.34259 0.34259 0.00000 565.20428 236.38400
0.43059 0.34259 0.00000 631.65411 227.81714
0.45679 0.34259 0.00000 651.55139 225.35786
0.54479 0.34259 0.00000 717.07037 216.98137
0.57099 0.34259 0.00000 736.55865 214.52846
0.65899 0.34259 0.00000 801.00745 206.38568
0.00000 0.43059 0.00000 285.17480 200.36116
0.08800 0.43059 0.00000 356.09750 191.59448
0.11420 0.43059 0.00000 377.20264 189.27332
0.20220 0.43059 0.00000 446.56360 180.75159
0.22840 0.43059 0.00000 467.39352 178.31487
0.31640 0.43059 0.00000 535.57306 170.12877
0.34259 0.43059 0.00000 556.06213 167.55040
0.43059 0.43059 0.00000 623.10449 159.50464
0.45679 0.43059 0.00000 643.25763 157.26910
0.54479 0.43059 0.00000 708.90503 149.33130
0.57099 0.43059 0.00000 728.62982 146.81213
0.65899 0.43059 0.00000 793.51074 138.99486
0.00000 0.45679 0.00000 281.78006 178.82869
0.08800 0.45679 0.00000 352.85916 170.47720
0.11420 0.45679 0.00000 373.86722 167.91194
0.20220 0.45679 0.00000 443.58752 159.63950
0.22840 0.45679 0.00000 464.44379 157.34689
0.31640 0.45679 0.00000 532.84241 149.34236
0.34259 0.45679 0.00000 553.38647 146.66698
0.43059 0.45679 0.00000 620.56195 138.81467
0.45679 0.45679 0.00000 640.51178 136.54518
0.54479 0.45679 0.00000 706.49847 128.63129
0.57099 0.45679 0.00000 726.30963 126.45158
0.65899 0.45679 0.00000 791.29529 118.57021
0.00000 0.54479 0.00000 271.03928 107.55937
0.08800 0.54479 0.00000 342.40720 99.56477
0.11420 0.54479 0.00000 363.61664 97.33103
0.20220 0.54479 0.00000 433.65723 89.44853
0.22840 0.54479 0.00000 454.69785 87.22873
0.31640 0.54479 0.00000 523.48956 79.36373
0.34259 0.54479 0.00000 544.07062 77.13718
0.43059 0.54479 0.00000 611.62146 69.59518
0.45679 0.54479 0.00000 631.81604 67.42400
0.54479 0.54479 0.00000 698.41815 59.95655
0.57099 0.54479 0.00000 718.22107 57.68774
0.65899 0.54479 0.00000 783.53333 50.55022
0.00000 0.57099 0.00000 267.54199 85.74088
0.08800 0.57099 0.00000 339.22592 78.19904
0.00000 0.65899 0.00000 256.46384 13.37244
0.08800 0.65899 0.00000 328.51218 5.93515

gimbalangles:
-0.10471975512 0.174532925199 0.0872664625997 

end: