T_CW:
0.99743 0.03524 0.06230 -0.58507
0.03973 -0.99659 -0.07237 0.63355
0.05954 0.07466 -0.99543 1.37199
0.00000 0.00000 0.00000 1.00000

T_CW_cov:

target_points_pix:
0.00000 0.00000 0.00000 384.64401 792.45728
0.08800 0.00000 0.00000 423.32379 794.89978
0.11420 0.00000 0.00000 434.85071 795.68384
0.20220 0.00000 0.00000 474.24338 798.05109
0.22840 0.00000 0.00000 485.94647 798.56812
0.31640 0.00000 0.00000 525.61371 800.49921
0.34259 0.00000 0.00000 537.54218 800.87128
0.43059 0.00000 0.00000 577.34442 802.20416
0.45679 0.00000 0.00000 589.38599 802.35797
0.54479 0.00000 0.00000 628.91785 803.06580
0.57099 0.00000 0.00000 640.80554 803.15698
0.65899 0.00000 0.00000 680.26953 803.42426
0.00000 0.08800 0.00000 385.13394 753.87805
0.08800 0.08800 0.00000 423.80057 756.37146
0.11420 0.08800 0.00000 435.57141 757.04205
0.20220 0.08800 0.00000 474.90817 759.36072
0.22840 0.08800 0.00000 486.83890 759.83899
0.31640 0.08800 0.00000 526.51416 761.65741
0.34259 0.08800 0.00000 538.52710 762.18378
0.43059 0.08800 0.00000 578.43262 763.57593
0.45679 0.08800 0.00000 590.47650 763.77905
0.54479 0.08800 0.00000 630.09454 764.61700
0.57099 0.08800 0.00000 642.15601 764.79352
0.65899 0.08800 0.00000 681.39539 765.29468
0.00000 0.11420 0.00000 385.29312 742.28314
0.08800 0.11420 0.00000 423.97476 744.78333
0.11420 0.11420 0.00000 435.85590 745.45642
0.20220 0.11420 0.00000 475.10590 747.56512
0.22840 0.11420 0.00000 487.08286 748.24316
0.31640 0.11420 0.00000 526.74194 749.92993
0.34259 0.11420 0.00000 538.89166 750.55823
0.43059 0.11420 0.00000 578.64935 751.75604
0.45679 0.11420 0.00000 590.68878 752.14709
0.54479 0.11420 0.00000 630.48206 753.09149
0.57099 0.11420 0.00000 642.57953 753.27374
0.65899 0.11420 0.00000 682.03345 753.52795
0.00000 0.20220 0.00000 386.18430 703.32458
0.08800 0.20220 0.00000 424.73718 705.60553
0.11420 0.20220 0.00000 436.60944 706.27484
0.20220 0.20220 0.00000 475.79477 708.44257
0.22840 0.20220 0.00000 488.05249 709.13446
0.31640 0.20220 0.00000 527.69519 710.76660
0.34259 0.20220 0.00000 539.93091 711.33020
0.43059 0.20220 0.00000 579.76935 712.67712
0.45679 0.20220 0.00000 592.00604 713.14136
0.54479 0.20220 0.00000 631.78351 714.19611
0.57099 0.20220 0.00000 643.75983 714.40997
0.65899 0.20220 0.00000 683.24335 714.82959
0.00000 0.22840 0.00000 386.41623 691.44128
0.08800 0.22840 0.00000 424.93689 693.75446
0.11420 0.22840 0.00000 436.87704 694.53430
0.20220 0.22840 0.00000 476.19983 696.59760
0.22840 0.22840 0.00000 488.36014 697.25525
0.31640 0.22840 0.00000 528.02130 698.90674
0.34259 0.22840 0.00000 540.33032 699.47839
0.43059 0.22840 0.00000 580.15009 700.90973
0.45679 0.22840 0.00000 592.43372 701.37067
0.54479 0.22840 0.00000 632.20355 702.25812
0.57099 0.22840 0.00000 644.25934 702.44202
0.65899 0.22840 0.00000 683.83783 702.97876
0.00000 0.31640 0.00000 387.33313 652.20044
0.08800 0.31640 0.00000 425.88861 654.33575
0.11420 0.31640 0.00000 437.79489 654.74573
0.20220 0.31640 0.00000 477.27982 656.77887
0.22840 0.31640 0.00000 489.33023 657.62915
0.31640 0.31640 0.00000 529.03516 659.31726
0.34259 0.31640 0.00000 541.28967 660.03644
0.43059 0.31640 0.00000 581.35309 661.41711
0.45679 0.31640 0.00000 593.55566 661.81580
0.54479 0.31640 0.00000 633.42804 662.73956
0.57099 0.31640 0.00000 645.75708 662.98358
0.65899 0.31640 0.00000 685.30469 664.25653
0.00000 0.34259 0.00000 387.66010 640.20386
0.08800 0.34259 0.00000 426.49405 642.19159
0.11420 0.34259 0.00000 438.43628 642.90350
0.20220 0.34259 0.00000 477.71411 644.77563
0.22840 0.34259 0.00000 489.78024 645.54590
0.31640 0.34259 0.00000 529.66620 647.09540
0.34259 0.34259 0.00000 541.87201 647.88501
0.43059 0.34259 0.00000 581.87402 649.10681
0.45679 0.34259 0.00000 594.18219 649.74982
0.54479 0.34259 0.00000 633.91010 650.87128
0.57099 0.34259 0.00000 646.37067 651.24048
0.65899 0.34259 0.00000 685.48169 652.13330
0.00000 0.43059 0.00000 389.33081 600.47437
0.08800 0.43059 0.00000 427.74686 602.40515
0.11420 0.43059 0.00000 439.83026 602.95386
0.20220 0.43059 0.00000 479.09253 604.94012
0.22840 0.43059 0.00000 491.20230 605.57306
0.34259 0.43059 0.00000 543.16022 607.86377
0.43059 0.43059 0.00000 583.07928 609.31525
0.45679 0.43059 0.00000 595.37640 609.76990
0.54479 0.43059 0.00000 635.20691 610.91602
0.57099 0.43059 0.00000 647.58795 611.36603
0.65899 0.43059 0.00000 687.21899 612.61780
0.00000 0.45679 0.00000 389.68298 588.33563
0.08800 0.45679 0.00000 428.41821 590.25854
0.11420 0.45679 0.00000 440.49393 590.96021
0.20220 0.45679 0.00000 479.62332 592.66681
0.22840 0.45679 0.00000 491.71414 593.31183
0.31640 0.45679 0.00000 531.57709 594.83905
0.34259 0.45679 0.00000 543.73175 595.66473
0.43059 0.45679 0.00000 583.77075 596.92383
0.45679 0.45679 0.00000 596.12512 597.69220
0.54479 0.45679 0.00000 635.76996 598.77747
0.57099 0.45679 0.00000 648.20697 599.31714
0.65899 0.45679 0.00000 687.44629 600.43640
0.00000 0.54479 0.00000 391.70151 548.70337
0.08800 0.54479 0.00000 430.28195 550.51849
0.11420 0.54479 0.00000 442.31760 551.24377
0.20220 0.54479 0.00000 481.28516 552.76282
0.22840 0.54479 0.00000 493.58087 553.37695
0.31640 0.54479 0.00000 532.97565 555.03107
0.34259 0.54479 0.00000 545.34821 555.64441
0.43059 0.54479 0.00000 585.06219 557.08032
0.45679 0.54479 0.00000 597.31409 557.67383
0.57099 0.54479 0.00000 649.37372 559.57367
0.00000 0.57099 0.00000 392.60373 536.73737
0.08800 0.57099 0.00000 431.07965 538.39709
0.11420 0.57099 0.00000 443.01208 538.91931
0.20220 0.57099 0.00000 481.88470 540.79236
0.22840 0.57099 0.00000 494.30112 541.30054
0.31640 0.57099 0.00000 533.71326 542.73334
0.34259 0.57099 0.00000 546.12537 543.49261
0.43059 0.57099 0.00000 585.76404 544.82361
0.45679 0.57099 0.00000 598.17548 545.54352
0.54479 0.57099 0.00000 637.69781 546.77734
0.57099 0.57099 0.00000 649.84686 547.48621
0.65899 0.57099 0.00000 689.15228 548.54926
0.00000 0.65899 0.00000 394.87088 497.51266
0.08800 0.65899 0.00000 433.07724 498.92923
0.11420 0.65899 0.00000 444.98090 499.53735
0.20220 0.65899 0.00000 484.00635 501.10767
0.22840 0.65899 0.00000 496.29343 501.43143
0.31640 0.65899 0.00000 535.42639 503.00735
0.34259 0.65899 0.00000 547.84454 503.43204
0.43059 0.65899 0.00000 587.16205 505.11005
0.45679 0.65899 0.00000 599.57715 505.80664
0.54479 0.65899 0.00000 638.87018 507.31821
0.57099 0.65899 0.00000 651.21332 508.04874
0.65899 0.65899 0.00000 690.41876 509.53308

gimbalangles:
-0.10471975512 0.174532925199 0.261799387799 

end: