T_CW:
0.99602 0.05083 0.07315 -0.37606
0.05744 -0.99417 -0.09129 0.65219
0.06808 0.09513 -0.99313 1.35348
0.00000 0.00000 0.00000 1.00000

T_CW_cov:

target_points_pix:
0.00000 0.00000 0.00000 463.26532 811.47797
0.08800 0.00000 0.00000 503.82458 814.10370
0.11420 0.00000 0.00000 515.64966 814.51562
0.20220 0.00000 0.00000 556.47522 816.87097
0.22840 0.00000 0.00000 568.62030 817.41943
0.31640 0.00000 0.00000 609.27118 818.64655
0.34259 0.00000 0.00000 621.16614 819.06006
0.54479 0.00000 0.00000 712.85297 820.19537
0.57099 0.00000 0.00000 724.41687 820.14282
0.00000 0.08800 0.00000 464.87939 771.88123
0.08800 0.08800 0.00000 505.36728 774.51068
0.20220 0.08800 0.00000 558.33246 777.36078
0.22840 0.08800 0.00000 570.46942 777.70215
0.31640 0.08800 0.00000 610.69568 779.42072
0.34259 0.08800 0.00000 623.04529 779.83380
0.43059 0.08800 0.00000 663.35675 780.67163
0.45679 0.08800 0.00000 675.29620 780.90405
0.54479 0.08800 0.00000 714.65088 781.53796
0.57099 0.08800 0.00000 726.57672 781.60382
0.65899 0.08800 0.00000 765.12048 781.83954
0.00000 0.11420 0.00000 465.30099 760.23956
0.08800 0.11420 0.00000 505.62689 762.57117
0.11420 0.11420 0.00000 518.20587 763.33850
0.20220 0.11420 0.00000 558.63489 765.52441
0.22840 0.11420 0.00000 570.90790 765.89319
0.31640 0.11420 0.00000 611.63013 767.62689
0.34259 0.11420 0.00000 623.76721 768.07605
0.43059 0.11420 0.00000 664.03558 769.14136
0.45679 0.11420 0.00000 676.23383 769.38379
0.54479 0.11420 0.00000 715.52399 770.09814
0.57099 0.11420 0.00000 727.28320 770.14771
0.65899 0.11420 0.00000 765.82281 770.11084
0.00000 0.20220 0.00000 467.06592 720.13055
0.08800 0.20220 0.00000 507.45273 722.57196
0.11420 0.20220 0.00000 519.88403 723.35712
0.20220 0.20220 0.00000 560.50909 725.55206
0.22840 0.20220 0.00000 572.87482 726.04486
0.31640 0.20220 0.00000 613.55890 728.10406
0.34259 0.20220 0.00000 625.59625 728.40771
0.43059 0.20220 0.00000 666.25970 729.66858
0.45679 0.20220 0.00000 678.20990 729.92786
0.54479 0.20220 0.00000 717.60449 730.55005
0.57099 0.20220 0.00000 729.55609 730.67188
0.65899 0.20220 0.00000 768.25787 731.36432
0.00000 0.22840 0.00000 467.42935 708.30615
0.08800 0.22840 0.00000 507.79938 710.62048
0.11420 0.22840 0.00000 520.41260 711.46783
0.20220 0.22840 0.00000 560.88550 713.58710
0.22840 0.22840 0.00000 573.43726 714.31610
0.31640 0.22840 0.00000 614.24939 715.77454
0.34259 0.22840 0.00000 626.24609 716.24384
0.43059 0.22840 0.00000 666.65436 717.67969
0.45679 0.22840 0.00000 678.67035 717.77924
0.54479 0.22840 0.00000 718.28491 719.13458
0.57099 0.22840 0.00000 730.20001 719.12756
0.65899 0.22840 0.00000 768.72711 719.64728
0.00000 0.31640 0.00000 469.21588 667.79547
0.08800 0.31640 0.00000 509.83383 670.17969
0.11420 0.31640 0.00000 522.20081 671.11340
0.20220 0.31640 0.00000 562.96112 673.15002
0.22840 0.31640 0.00000 575.39771 674.03833
0.31640 0.31640 0.00000 616.22192 675.75244
0.34259 0.31640 0.00000 628.43738 675.96094
0.43059 0.31640 0.00000 668.64844 677.69763
0.45679 0.31640 0.00000 680.99432 678.01874
0.54479 0.31640 0.00000 720.48480 679.40967
0.57099 0.31640 0.00000 732.39807 679.54865
0.65899 0.31640 0.00000 771.06226 680.30573
0.00000 0.34259 0.00000 470.28220 655.51874
0.08800 0.34259 0.00000 510.67126 657.77283
0.11420 0.34259 0.00000 523.03345 658.77673
0.20220 0.34259 0.00000 563.76398 660.74561
0.22840 0.34259 0.00000 576.25537 661.63324
0.31640 0.34259 0.00000 616.67419 663.56763
0.34259 0.34259 0.00000 629.07251 664.05334
0.43059 0.34259 0.00000 669.38220 665.79889
0.45679 0.34259 0.00000 681.57367 666.22046
0.54479 0.34259 0.00000 720.93176 667.18842
0.57099 0.34259 0.00000 732.68225 667.53778
0.65899 0.34259 0.00000 771.56580 668.44922
0.00000 0.43059 0.00000 472.00970 614.92523
0.08800 0.43059 0.00000 512.73865 617.27197
0.11420 0.43059 0.00000 525.10352 617.99127
0.20220 0.43059 0.00000 565.77844 620.19733
0.22840 0.43059 0.00000 578.04163 621.01562
0.31640 0.43059 0.00000 618.96173 623.00580
0.34259 0.43059 0.00000 630.80371 623.54822
0.43059 0.43059 0.00000 671.31836 624.94983
0.54479 0.43059 0.00000 722.92029 627.12518
0.57099 0.43059 0.00000 734.83240 627.76208
0.65899 0.43059 0.00000 773.51544 628.69098
0.00000 0.45679 0.00000 473.15430 602.49969
0.08800 0.45679 0.00000 513.49847 604.70563
0.11420 0.45679 0.00000 525.99164 605.77057
0.20220 0.45679 0.00000 566.61066 607.78235
0.22840 0.45679 0.00000 579.05603 608.68860
0.31640 0.45679 0.00000 619.53815 610.60480
0.34259 0.45679 0.00000 631.92853 611.19818
0.43059 0.45679 0.00000 672.03119 613.07678
0.45679 0.45679 0.00000 684.22131 613.67920
0.54479 0.45679 0.00000 723.72797 614.91986
0.57099 0.45679 0.00000 735.25543 615.78107
0.65899 0.45679 0.00000 773.91498 616.95618
0.00000 0.54479 0.00000 475.39069 562.09210
0.08800 0.54479 0.00000 515.84503 564.15552
0.11420 0.54479 0.00000 528.06189 565.03949
0.20220 0.54479 0.00000 568.77881 567.22089
0.22840 0.54479 0.00000 581.10181 567.96802
0.31640 0.54479 0.00000 621.67224 570.24939
0.34259 0.54479 0.00000 633.84387 570.79742
0.43059 0.54479 0.00000 673.82477 572.82831
0.45679 0.54479 0.00000 686.12445 573.22638
0.54479 0.54479 0.00000 725.24695 574.88513
0.57099 0.54479 0.00000 736.97003 575.87616
0.65899 0.54479 0.00000 775.71063 577.46460
0.00000 0.57099 0.00000 476.38754 549.58203
0.08800 0.57099 0.00000 516.77917 551.85529
0.11420 0.57099 0.00000 529.05371 552.82288
0.20220 0.57099 0.00000 569.56653 554.73773
0.22840 0.57099 0.00000 581.97906 555.84454
0.31640 0.57099 0.00000 622.26160 557.82257
0.34259 0.57099 0.00000 634.34833 558.61206
0.43059 0.57099 0.00000 674.50183 560.80865
0.45679 0.57099 0.00000 686.54242 561.35828
0.54479 0.57099 0.00000 725.95490 563.08746
0.65899 0.57099 0.00000 776.22540 565.57159
0.00000 0.65899 0.00000 479.05399 509.12561
0.08800 0.65899 0.00000 519.14423 511.54681
0.11420 0.65899 0.00000 531.43170 512.36475
0.20220 0.65899 0.00000 571.68127 514.54272
0.22840 0.65899 0.00000 584.16730 515.20917
0.31640 0.65899 0.00000 624.40356 517.59265
0.34259 0.65899 0.00000 636.56439 518.02942
0.43059 0.65899 0.00000 676.35559 520.60541
0.45679 0.65899 0.00000 688.29114 521.29529
0.54479 0.65899 0.00000 727.58270 523.46667
0.57099 0.65899 0.00000 739.19794 524.17175
0.65899 0.65899 0.00000 777.48236 526.37482

gimbalangles:
-0.10471975512 0.174532925199 0.261799387799 

end: