T_CW:
0.87340 -0.12404 0.47094 -0.92968
-0.14836 -0.98882 0.01471 0.34777
0.46386 -0.08272 -0.88204 1.22319
0.00000 0.00000 0.00000 1.00000

T_CW_cov:

target_points_pix:
0.22840 0.00000 0.00000 61.44867 619.00275
0.31640 0.00000 0.00000 143.00188 600.49457
0.34259 0.00000 0.00000 166.60374 595.19043
0.43059 0.00000 0.00000 242.29694 577.80811
0.45679 0.00000 0.00000 264.36389 572.76672
0.54479 0.00000 0.00000 334.84015 556.55872
0.57099 0.00000 0.00000 355.42963 551.82715
0.22840 0.08800 0.00000 48.58014 544.24170
0.31640 0.08800 0.00000 130.61943 527.65808
0.34259 0.08800 0.00000 154.43297 522.94617
0.43059 0.08800 0.00000 230.83649 507.51080
0.45679 0.08800 0.00000 253.06876 503.21039
0.54479 0.08800 0.00000 324.20520 488.76840
0.57099 0.08800 0.00000 344.85864 484.57275
0.65899 0.08800 0.00000 411.54480 471.13690
0.22840 0.11420 0.00000 44.67054 521.64136
0.31640 0.11420 0.00000 127.14675 505.67694
0.34259 0.11420 0.00000 150.71808 501.23895
0.43059 0.11420 0.00000 227.56041 486.42197
0.45679 0.11420 0.00000 249.59932 482.11362
0.54479 0.11420 0.00000 320.91660 468.32877
0.57099 0.11420 0.00000 341.60620 464.30014
0.65899 0.11420 0.00000 408.62900 451.39847
0.22840 0.20220 0.00000 31.76296 446.22699
0.31640 0.20220 0.00000 114.71718 432.36685
0.34259 0.20220 0.00000 138.67653 428.37054
0.43059 0.20220 0.00000 216.31815 415.44275
0.45679 0.20220 0.00000 238.51514 411.64224
0.54479 0.20220 0.00000 310.42993 399.66211
0.57099 0.20220 0.00000 331.52405 396.20108
0.65899 0.20220 0.00000 398.69568 384.85718
0.22840 0.22840 0.00000 27.75290 423.36847
0.31640 0.22840 0.00000 111.27362 410.14819
0.34259 0.22840 0.00000 135.24554 406.33310
0.43059 0.22840 0.00000 212.71759 394.02536
0.45679 0.22840 0.00000 235.36319 390.41406
0.54479 0.22840 0.00000 307.46008 378.82306
0.57099 0.22840 0.00000 328.41324 375.57428
0.22840 0.31640 0.00000 14.63111 346.74036
0.31640 0.31640 0.00000 98.79426 335.63135
0.34259 0.31640 0.00000 123.11565 332.44046
0.43059 0.31640 0.00000 201.44901 322.15601
0.45679 0.31640 0.00000 224.31581 319.23914
0.54479 0.31640 0.00000 296.82654 309.49420
0.57099 0.31640 0.00000 318.22852 306.59918
0.65899 0.31640 0.00000 386.33911 297.57584
0.34259 0.34259 0.00000 119.60554 310.06863
0.43059 0.34259 0.00000 198.04396 300.39523
0.45679 0.34259 0.00000 220.89172 297.49899
0.54479 0.34259 0.00000 293.79514 288.42673
0.57099 0.34259 0.00000 315.03207 285.60361
0.65899 0.34259 0.00000 383.36530 277.31873
0.43059 0.43059 0.00000 186.51085 227.47714
0.45679 0.43059 0.00000 209.59734 225.30081
0.54479 0.43059 0.00000 283.43393 217.92708
0.57099 0.43059 0.00000 304.77655 215.87610
0.65899 0.43059 0.00000 373.56387 209.16678
0.34259 0.45679 0.00000 103.68134 212.41119
0.43059 0.45679 0.00000 183.22008 205.39804
0.45679 0.45679 0.00000 206.25917 203.35429
0.54479 0.45679 0.00000 280.01239 196.53310
0.57099 0.45679 0.00000 301.59695 194.65251
0.65899 0.45679 0.00000 370.59915 188.50644
0.34259 0.54479 0.00000 91.31477 136.39723
0.43059 0.54479 0.00000 171.54121 131.43036
0.45679 0.54479 0.00000 194.62466 129.90410
0.54479 0.54479 0.00000 269.40903 125.39061
0.57099 0.54479 0.00000 291.24097 124.03177
0.65899 0.54479 0.00000 360.79904 119.55998
0.34259 0.57099 0.00000 87.65524 113.40692
0.43059 0.57099 0.00000 168.05739 109.00533
0.45679 0.57099 0.00000 191.49883 107.66795
0.54479 0.57099 0.00000 266.19000 103.63736
0.57099 0.57099 0.00000 287.91708 102.50307
0.34259 0.65899 0.00000 75.25049 36.17238
0.43059 0.65899 0.00000 156.49033 34.03994
0.45679 0.65899 0.00000 180.09692 33.36743
0.54479 0.65899 0.00000 255.48062 31.23002
0.57099 0.65899 0.00000 277.54556 30.61322

gimbalangles:
-0.10471975512 0.174532925199 0.436332312999 

end: