T_CW:
0.99743 0.03526 0.06238 -0.58508
0.03976 -0.99659 -0.07231 0.63355
0.05962 0.07460 -0.99543 1.37201
0.00000 0.00000 0.00000 1.00000

T_CW_cov:

target_points_pix:
0.00000 0.00000 0.00000 384.66373 792.45251
0.08800 0.00000 0.00000 423.30099 794.90125
0.11420 0.00000 0.00000 434.88721 795.70758
0.20220 0.00000 0.00000 474.24786 798.02509
0.22840 0.00000 0.00000 485.95639 798.56964
0.31640 0.00000 0.00000 525.58411 800.44238
0.34259 0.00000 0.00000 537.53235 800.88208
0.43059 0.00000 0.00000 577.37659 802.20428
0.45679 0.00000 0.00000 589.38959 802.42761
0.54479 0.00000 0.00000 628.94647 802.96527
0.57099 0.00000 0.00000 640.79047 803.20612
0.65899 0.00000 0.00000 680.31451 803.36823
0.00000 0.08800 0.00000 385.12976 753.85034
0.08800 0.08800 0.00000 423.86777 756.41992
0.11420 0.08800 0.00000 435.57599 757.04437
0.20220 0.08800 0.00000 474.85422 759.36536
0.22840 0.08800 0.00000 486.81403 759.87366
0.31640 0.08800 0.00000 526.48810 761.63391
0.34259 0.08800 0.00000 538.51581 762.17053
0.43059 0.08800 0.00000 578.48792 763.54810
0.45679 0.08800 0.00000 590.44354 763.77832
0.54479 0.08800 0.00000 630.10986 764.65411
0.57099 0.08800 0.00000 642.07312 764.78735
0.65899 0.08800 0.00000 681.36017 765.28021
0.00000 0.11420 0.00000 385.29269 742.24652
0.08800 0.11420 0.00000 423.97925 744.71124
0.11420 0.11420 0.00000 435.85687 745.47015
0.20220 0.11420 0.00000 475.11655 747.59753
0.22840 0.11420 0.00000 487.12952 748.28058
0.31640 0.11420 0.00000 526.73523 749.87817
0.34259 0.11420 0.00000 538.82507 750.54669
0.43059 0.11420 0.00000 578.62329 751.74658
0.45679 0.11420 0.00000 590.68726 752.15027
0.54479 0.11420 0.00000 630.49323 753.08710
0.57099 0.11420 0.00000 642.55011 753.26520
0.65899 0.11420 0.00000 681.96875 753.50116
0.00000 0.20220 0.00000 386.20166 703.29987
0.08800 0.20220 0.00000 424.71835 705.64429
0.11420 0.20220 0.00000 436.64444 706.32751
0.20220 0.20220 0.00000 475.82123 708.42572
0.22840 0.20220 0.00000 487.89398 708.93884
0.31640 0.20220 0.00000 527.71490 710.72302
0.34259 0.20220 0.00000 539.95990 711.27600
0.43059 0.20220 0.00000 579.77533 712.71411
0.45679 0.20220 0.00000 592.04248 713.20081
0.54479 0.20220 0.00000 631.78198 714.17719
0.57099 0.20220 0.00000 643.81702 714.43341
0.65899 0.20220 0.00000 683.25964 714.77063
0.00000 0.22840 0.00000 386.37579 691.41589
0.08800 0.22840 0.00000 424.95374 693.77197
0.11420 0.22840 0.00000 436.85730 694.49420
0.20220 0.22840 0.00000 476.20795 696.58112
0.22840 0.22840 0.00000 488.34039 697.26794
0.31640 0.22840 0.00000 528.07074 698.94336
0.34259 0.22840 0.00000 540.30267 699.48846
0.43059 0.22840 0.00000 580.19934 700.91180
0.45679 0.22840 0.00000 592.45990 701.40430
0.54479 0.22840 0.00000 632.21356 702.26190
0.57099 0.22840 0.00000 644.21503 702.49243
0.65899 0.22840 0.00000 683.80115 703.05109
0.00000 0.31640 0.00000 387.32510 652.15240
0.08800 0.31640 0.00000 425.88821 654.35291
0.11420 0.31640 0.00000 437.88312 654.84613
0.20220 0.31640 0.00000 477.23056 656.86768
0.22840 0.31640 0.00000 489.37982 657.63641
0.31640 0.31640 0.00000 529.04132 659.36523
0.34259 0.31640 0.00000 541.29370 660.00690
0.43059 0.31640 0.00000 581.31702 661.39191
0.45679 0.31640 0.00000 593.55109 661.83716
0.54479 0.31640 0.00000 633.46149 662.68079
0.57099 0.31640 0.00000 645.81946 662.97443
0.65899 0.31640 0.00000 685.28882 664.30084
0.00000 0.34259 0.00000 387.63489 640.20636
0.08800 0.34259 0.00000 426.49265 642.30176
0.11420 0.34259 0.00000 438.41187 642.91553
0.20220 0.34259 0.00000 477.70288 644.75543
0.22840 0.34259 0.00000 489.82755 645.52991
0.31640 0.34259 0.00000 529.68823 647.12360
0.34259 0.34259 0.00000 541.85339 647.86218
0.43059 0.34259 0.00000 581.92810 649.15912
0.45679 0.34259 0.00000 594.20190 649.73920
0.54479 0.34259 0.00000 633.93890 650.88684
0.57099 0.34259 0.00000 646.35278 651.23688
0.65899 0.34259 0.00000 685.51147 652.18671
0.00000 0.43059 0.00000 389.31064 600.41925
0.08800 0.43059 0.00000 427.72592 602.42352
0.11420 0.43059 0.00000 439.85532 602.97473
0.20220 0.43059 0.00000 479.10623 604.87598
0.22840 0.43059 0.00000 491.22235 605.61548
0.31640 0.43059 0.00000 530.83527 607.23901
0.34259 0.43059 0.00000 543.11041 607.80011
0.43059 0.43059 0.00000 583.10278 609.25299
0.45679 0.43059 0.00000 595.35394 609.85773
0.54479 0.43059 0.00000 635.21643 610.90881
0.57099 0.43059 0.00000 647.56921 611.36694
0.65899 0.43059 0.00000 687.17969 612.63733
0.00000 0.45679 0.00000 389.67212 588.32422
0.08800 0.45679 0.00000 428.47748 590.29877
0.11420 0.45679 0.00000 440.50375 590.83038
0.20220 0.45679 0.00000 479.65067 592.70081
0.22840 0.45679 0.00000 491.64935 593.36768
0.31640 0.45679 0.00000 531.57263 594.77161
0.34259 0.45679 0.00000 543.77228 595.67188
0.43059 0.45679 0.00000 583.73859 596.87146
0.45679 0.45679 0.00000 596.13940 597.67371
0.54479 0.45679 0.00000 635.75275 598.79858
0.57099 0.45679 0.00000 648.21313 599.29639
0.65899 0.45679 0.00000 687.47662 600.42487
0.00000 0.54479 0.00000 391.73325 548.74548
0.08800 0.54479 0.00000 430.27213 550.49933
0.11420 0.54479 0.00000 442.23343 551.18213
0.20220 0.54479 0.00000 481.27814 552.79211
0.22840 0.54479 0.00000 493.57382 553.36285
0.34259 0.54479 0.00000 545.38025 555.68420
0.43059 0.54479 0.00000 585.08667 557.06915
0.45679 0.54479 0.00000 597.32483 557.66235
0.54479 0.54479 0.00000 636.98920 559.04102
0.57099 0.54479 0.00000 649.31793 559.58496
0.00000 0.57099 0.00000 392.56421 536.70386
0.08800 0.57099 0.00000 431.08984 538.36078
0.11420 0.57099 0.00000 442.97354 538.94507
0.20220 0.57099 0.00000 481.86783 540.76544
0.22840 0.57099 0.00000 494.24869 541.31244
0.31640 0.57099 0.00000 533.72101 542.72333
0.34259 0.57099 0.00000 546.05896 543.44781
0.43059 0.57099 0.00000 585.71307 544.76489
0.45679 0.57099 0.00000 598.14734 545.56500
0.54479 0.57099 0.00000 637.69415 546.76263
0.57099 0.57099 0.00000 649.91064 547.44611
0.65899 0.57099 0.00000 689.12183 548.55310
0.00000 0.65899 0.00000 394.85687 497.49432
0.08800 0.65899 0.00000 433.11066 498.92648
0.11420 0.65899 0.00000 444.99304 499.54260
0.20220 0.65899 0.00000 484.13312 501.10016
0.22840 0.65899 0.00000 496.31656 501.42596
0.31640 0.65899 0.00000 535.43927 502.95480
0.34259 0.65899 0.00000 547.89789 503.53702
0.43059 0.65899 0.00000 587.16376 505.13611
0.45679 0.65899 0.00000 599.47333 505.72287
0.54479 0.65899 0.00000 638.86639 507.29184
0.57099 0.65899 0.00000 651.19861 508.07700
0.65899 0.65899 0.00000 690.33960 509.59576

gimbalangles:
-0.10471975512 0.174532925199 0.436332312999 

end: