T_CW:
0.88605 -0.29896 -0.35430 0.39591
-0.23034 -0.94717 0.22319 0.03572
-0.40231 -0.11615 -0.90811 1.51981
0.00000 0.00000 0.00000 1.00000

T_CW_cov:

target_points_pix:
0.00000 0.00000 0.00000 986.25922 373.85379
0.08800 0.00000 0.00000 1053.57263 358.50406
0.11420 0.00000 0.00000 1074.66565 353.67041
0.20220 0.00000 0.00000 1146.52649 337.44122
0.22840 0.00000 0.00000 1169.14856 332.35159
0.31640 0.00000 0.00000 1245.66516 314.98532
0.00000 0.08800 0.00000 968.39978 309.64862
0.08800 0.08800 0.00000 1035.74341 292.52921
0.11420 0.08800 0.00000 1057.11218 287.34979
0.20220 0.08800 0.00000 1128.69116 269.22906
0.22840 0.08800 0.00000 1151.33765 263.51379
0.31640 0.08800 0.00000 1227.74426 244.24132
0.00000 0.11420 0.00000 962.87427 289.94748
0.08800 0.11420 0.00000 1030.47253 272.49167
0.11420 0.11420 0.00000 1051.60364 266.99948
0.20220 0.11420 0.00000 1123.55029 248.41924
0.22840 0.11420 0.00000 1145.84558 242.49403
0.31640 0.11420 0.00000 1222.45117 222.66490
0.34259 0.11420 0.00000 1246.41931 216.59924
0.43059 0.11420 0.00000 1327.98535 195.44116
0.00000 0.20220 0.00000 944.52728 224.82198
0.08800 0.20220 0.00000 1012.03516 205.67381
0.11420 0.20220 0.00000 1033.34302 199.59990
0.20220 0.20220 0.00000 1105.29248 179.21030
0.22840 0.20220 0.00000 1127.46472 172.71257
0.31640 0.20220 0.00000 1204.34106 151.15884
0.34259 0.20220 0.00000 1228.51831 144.20967
0.43059 0.20220 0.00000 1310.20337 121.14849
0.00000 0.22840 0.00000 939.27203 204.85530
0.08800 0.22840 0.00000 1006.76959 185.29520
0.11420 0.22840 0.00000 1027.71057 179.03189
0.20220 0.22840 0.00000 1099.71753 158.06676
0.22840 0.22840 0.00000 1122.16577 151.55684
0.31640 0.22840 0.00000 1199.23804 129.16336
0.43059 0.22840 0.00000 1305.14075 98.28594
0.00000 0.31640 0.00000 920.43799 138.58273
0.08800 0.31640 0.00000 987.98309 117.24044
0.11420 0.31640 0.00000 1009.38733 110.42632
0.20220 0.31640 0.00000 1081.34814 87.52632
0.22840 0.31640 0.00000 1103.92566 80.39574
0.31640 0.31640 0.00000 1180.66040 56.01865
0.34259 0.31640 0.00000 1204.63538 48.48040
0.43059 0.31640 0.00000 1287.03967 22.20499
0.00000 0.34259 0.00000 915.04474 118.07379
0.08800 0.34259 0.00000 982.58533 96.35100
0.00000 0.43059 0.00000 895.73212 50.66659
0.08800 0.43059 0.00000 963.48267 27.03595

gimbalangles:
-0.10471975512 0.349065850399 -0.436332312999 

end: