T_CW:
0.99603 0.05081 0.07306 -0.37606
0.05742 -0.99415 -0.09145 0.65219
0.06798 0.09528 -0.99313 1.35348
0.00000 0.00000 0.00000 1.00000

T_CW_cov:

target_points_pix:
0.00000 0.00000 0.00000 463.27930 811.50623
0.08800 0.00000 0.00000 503.82852 814.12164
0.11420 0.00000 0.00000 515.67651 814.54401
0.20220 0.00000 0.00000 556.50732 816.79193
0.22840 0.00000 0.00000 568.61316 817.46124
0.31640 0.00000 0.00000 609.30713 818.66693
0.34259 0.00000 0.00000 621.19818 819.07068
0.54479 0.00000 0.00000 712.85071 820.18109
0.57099 0.00000 0.00000 724.43268 820.15503
0.00000 0.08800 0.00000 464.87109 771.88904
0.08800 0.08800 0.00000 505.34030 774.47308
0.20220 0.08800 0.00000 558.31982 777.36517
0.22840 0.08800 0.00000 570.50464 777.67395
0.31640 0.08800 0.00000 610.73969 779.40112
0.34259 0.08800 0.00000 623.07153 779.89368
0.43059 0.08800 0.00000 663.36377 780.67554
0.45679 0.08800 0.00000 675.28259 780.83539
0.54479 0.08800 0.00000 714.66833 781.54755
0.57099 0.08800 0.00000 726.55945 781.61523
0.65899 0.08800 0.00000 765.11371 781.79926
0.00000 0.11420 0.00000 465.33905 760.28534
0.11420 0.11420 0.00000 518.22656 763.37579
0.20220 0.11420 0.00000 558.61981 765.49976
0.22840 0.11420 0.00000 570.87378 765.94171
0.31640 0.11420 0.00000 611.59906 767.64410
0.34259 0.11420 0.00000 623.75287 768.07074
0.43059 0.11420 0.00000 664.01898 769.13843
0.45679 0.11420 0.00000 676.20380 769.39594
0.54479 0.11420 0.00000 715.52118 770.08093
0.57099 0.11420 0.00000 727.28668 770.16034
0.65899 0.11420 0.00000 765.83813 770.12097
0.00000 0.20220 0.00000 467.02884 720.09351
0.08800 0.20220 0.00000 507.43594 722.55621
0.11420 0.20220 0.00000 519.88617 723.33679
0.20220 0.20220 0.00000 560.50085 725.56897
0.22840 0.20220 0.00000 572.89587 725.96497
0.31640 0.20220 0.00000 613.53552 728.14008
0.34259 0.20220 0.00000 625.60101 728.39905
0.43059 0.20220 0.00000 666.25598 729.66882
0.45679 0.20220 0.00000 678.13239 729.89435
0.54479 0.20220 0.00000 717.60400 730.57697
0.57099 0.20220 0.00000 729.52264 730.63440
0.65899 0.20220 0.00000 768.27966 731.38171
0.00000 0.22840 0.00000 467.43887 708.28534
0.11420 0.22840 0.00000 520.38580 711.46906
0.20220 0.22840 0.00000 560.87012 713.59607
0.22840 0.22840 0.00000 573.46136 714.32123
0.31640 0.22840 0.00000 614.24457 715.79785
0.34259 0.22840 0.00000 626.22705 716.25134
0.43059 0.22840 0.00000 666.64551 717.69928
0.45679 0.22840 0.00000 678.64832 717.78113
0.54479 0.22840 0.00000 718.30377 719.12189
0.57099 0.22840 0.00000 730.19617 719.13690
0.65899 0.22840 0.00000 768.72290 719.62524
0.00000 0.31640 0.00000 469.25058 667.84473
0.08800 0.31640 0.00000 509.80029 670.18005
0.11420 0.31640 0.00000 522.19855 671.07690
0.20220 0.31640 0.00000 562.93964 673.16571
0.22840 0.31640 0.00000 575.39606 674.01770
0.31640 0.31640 0.00000 616.24536 675.75055
0.34259 0.31640 0.00000 628.41412 676.00970
0.43059 0.31640 0.00000 668.66638 677.70410
0.45679 0.31640 0.00000 681.02234 678.00385
0.54479 0.31640 0.00000 720.51068 679.40381
0.57099 0.31640 0.00000 732.37781 679.51947
0.65899 0.31640 0.00000 771.12396 680.36615
0.00000 0.34259 0.00000 470.26526 655.49017
0.08800 0.34259 0.00000 510.63522 657.78632
0.11420 0.34259 0.00000 523.06091 658.76483
0.20220 0.34259 0.00000 563.77686 660.76172
0.22840 0.34259 0.00000 576.27454 661.63330
0.31640 0.34259 0.00000 616.67517 663.58301
0.34259 0.34259 0.00000 629.06860 663.99695
0.43059 0.34259 0.00000 669.37360 665.74304
0.45679 0.34259 0.00000 681.56854 666.24628
0.54479 0.34259 0.00000 720.95898 667.24170
0.57099 0.34259 0.00000 732.69409 667.56158
0.65899 0.34259 0.00000 771.57379 668.47015
0.00000 0.43059 0.00000 472.05307 614.88318
0.08800 0.43059 0.00000 512.76880 617.25995
0.11420 0.43059 0.00000 525.00244 617.94312
0.20220 0.43059 0.00000 565.76562 620.20990
0.22840 0.43059 0.00000 578.03394 621.00989
0.31640 0.43059 0.00000 619.01508 623.00629
0.34259 0.43059 0.00000 630.80029 623.53992
0.43059 0.43059 0.00000 671.37146 624.93390
0.54479 0.43059 0.00000 722.88287 627.15747
0.57099 0.43059 0.00000 734.80676 627.70715
0.65899 0.43059 0.00000 773.51666 628.70325
0.00000 0.45679 0.00000 473.18405 602.49915
0.08800 0.45679 0.00000 513.51453 604.72284
0.11420 0.45679 0.00000 525.98236 605.80524
0.20220 0.45679 0.00000 566.61389 607.76691
0.22840 0.45679 0.00000 579.05939 608.67737
0.31640 0.45679 0.00000 619.53601 610.60876
0.34259 0.45679 0.00000 631.90289 611.14056
0.43059 0.45679 0.00000 671.94922 613.02002
0.45679 0.45679 0.00000 684.23633 613.71277
0.54479 0.45679 0.00000 723.72223 614.90253
0.57099 0.45679 0.00000 735.29340 615.69104
0.65899 0.45679 0.00000 773.94672 616.98621
0.08800 0.54479 0.00000 515.81287 564.17584
0.11420 0.54479 0.00000 528.09717 565.03082
0.20220 0.54479 0.00000 568.75873 567.24634
0.22840 0.54479 0.00000 581.09088 567.97162
0.31640 0.54479 0.00000 621.69507 570.22479
0.34259 0.54479 0.00000 633.83911 570.79901
0.43059 0.54479 0.00000 673.80328 572.75696
0.45679 0.54479 0.00000 686.13452 573.22894
0.54479 0.54479 0.00000 725.24530 574.84998
0.57099 0.54479 0.00000 736.98511 575.85876
0.65899 0.54479 0.00000 775.68738 577.45673
0.00000 0.57099 0.00000 476.37607 549.59619
0.08800 0.57099 0.00000 516.76044 551.83997
0.11420 0.57099 0.00000 529.06409 552.82715
0.20220 0.57099 0.00000 569.57532 554.75330
0.22840 0.57099 0.00000 581.96472 555.84772
0.31640 0.57099 0.00000 622.27649 557.79303
0.34259 0.57099 0.00000 634.34778 558.62671
0.43059 0.57099 0.00000 674.52167 560.89014
0.45679 0.57099 0.00000 686.52716 561.37555
0.54479 0.57099 0.00000 725.95844 563.03455
0.65899 0.57099 0.00000 776.19141 565.53259
0.00000 0.65899 0.00000 479.05472 509.17847
0.08800 0.65899 0.00000 519.15912 511.56912
0.11420 0.65899 0.00000 531.42499 512.34320
0.20220 0.65899 0.00000 571.72235 514.54504
0.22840 0.65899 0.00000 584.16486 515.20557
0.31640 0.65899 0.00000 624.41406 517.58490
0.34259 0.65899 0.00000 636.60193 517.98969
0.43059 0.65899 0.00000 676.34625 520.59314
0.45679 0.65899 0.00000 688.32147 521.34222
0.54479 0.65899 0.00000 727.57385 523.47058
0.57099 0.65899 0.00000 739.21783 524.20197
0.65899 0.65899 0.00000 777.46057 526.38617

gimbalangles:
-0.10471975512 0.349065850399 -0.436332312999 

end: