T_CW:
0.93444 -0.29951 -0.19266 0.13192
-0.26987 -0.94854 0.16566 0.12985
-0.23237 -0.10280 -0.96718 1.55716
0.00000 0.00000 0.00000 1.00000

T_CW_cov:

target_points_pix:
0.00000 0.00000 0.00000 783.61365 443.67227
0.08800 0.00000 0.00000 846.55255 426.94821
0.11420 0.00000 0.00000 865.64636 421.80774
0.20220 0.00000 0.00000 930.70038 404.49008
0.22840 0.00000 0.00000 950.91895 399.24103
0.31640 0.00000 0.00000 1018.23346 381.43158
0.34259 0.00000 0.00000 1038.76648 375.79398
0.43059 0.00000 0.00000 1108.63281 357.25211
0.45679 0.00000 0.00000 1130.18628 351.52570
0.54479 0.00000 0.00000 1202.70850 331.99612
0.57099 0.00000 0.00000 1224.66492 325.98672
0.00000 0.08800 0.00000 764.61786 381.38602
0.08800 0.08800 0.00000 827.51611 363.61734
0.11420 0.08800 0.00000 846.96558 358.20538
0.20220 0.08800 0.00000 912.14648 339.85767
0.22840 0.08800 0.00000 932.16968 334.29306
0.31640 0.08800 0.00000 999.50952 315.40628
0.34259 0.08800 0.00000 1020.45947 309.62784
0.43059 0.08800 0.00000 1090.28931 289.95685
0.45679 0.08800 0.00000 1111.52869 283.83051
0.54479 0.08800 0.00000 1184.29456 263.47250
0.57099 0.08800 0.00000 1206.44275 257.23303
0.65899 0.08800 0.00000 1281.71301 236.13748
0.00000 0.11420 0.00000 759.15924 362.46539
0.08800 0.11420 0.00000 821.75580 344.52780
0.11420 0.11420 0.00000 841.32574 338.96506
0.20220 0.11420 0.00000 906.56232 320.45261
0.22840 0.11420 0.00000 926.37897 314.69397
0.31640 0.11420 0.00000 993.95746 295.44061
0.34259 0.11420 0.00000 1014.74969 289.52536
0.43059 0.11420 0.00000 1084.67151 269.53650
0.45679 0.11420 0.00000 1106.11694 263.50345
0.54479 0.11420 0.00000 1178.71106 242.64755
0.57099 0.11420 0.00000 1201.15308 236.13974
0.65899 0.11420 0.00000 1276.36279 214.72501
0.00000 0.20220 0.00000 739.63489 299.45502
0.08800 0.20220 0.00000 802.79071 280.52515
0.11420 0.20220 0.00000 822.21027 274.70691
0.20220 0.20220 0.00000 887.45526 255.21898
0.22840 0.20220 0.00000 907.56744 248.92456
0.31640 0.20220 0.00000 975.26172 228.73523
0.34259 0.20220 0.00000 996.15668 222.50018
0.43059 0.20220 0.00000 1066.24768 201.54781
0.45679 0.20220 0.00000 1087.82996 195.05367
0.54479 0.20220 0.00000 1160.40796 173.22755
0.57099 0.20220 0.00000 1182.81030 166.45796
0.65899 0.20220 0.00000 1258.45068 143.64586
0.00000 0.22840 0.00000 733.85583 280.36307
0.08800 0.22840 0.00000 797.08514 261.14096
0.11420 0.22840 0.00000 816.44073 255.27171
0.20220 0.22840 0.00000 881.80475 235.26773
0.22840 0.22840 0.00000 901.74615 229.19981
0.31640 0.22840 0.00000 969.62988 208.48447
0.34259 0.22840 0.00000 990.53510 202.11156
0.43059 0.22840 0.00000 1060.49780 180.70755
0.45679 0.22840 0.00000 1082.39709 174.11009
0.54479 0.22840 0.00000 1154.90979 151.86876
0.57099 0.22840 0.00000 1177.39099 145.05179
0.65899 0.22840 0.00000 1253.25000 122.01122
0.00000 0.31640 0.00000 714.48297 216.33409
0.08800 0.31640 0.00000 777.50745 196.09492
0.11420 0.31640 0.00000 797.09503 189.86140
0.20220 0.31640 0.00000 862.52521 168.85236
0.22840 0.31640 0.00000 882.82971 162.37334
0.31640 0.31640 0.00000 950.47852 140.71529
0.34259 0.31640 0.00000 971.34674 134.02556
0.43059 0.31640 0.00000 1041.73657 111.55971
0.45679 0.31640 0.00000 1063.47668 104.55846
0.54479 0.31640 0.00000 1136.52454 81.22497
0.57099 0.31640 0.00000 1159.07458 73.99568
0.65899 0.31640 0.00000 1234.85559 49.68087
0.00000 0.34259 0.00000 708.51746 196.71120
0.08800 0.34259 0.00000 771.67249 176.28049
0.11420 0.34259 0.00000 791.30774 169.83159
0.20220 0.34259 0.00000 856.73358 148.57063
0.31640 0.34259 0.00000 945.07111 120.08570
0.34259 0.34259 0.00000 965.69147 113.33144
0.43059 0.34259 0.00000 1036.09839 90.37337
0.00000 0.43059 0.00000 688.52875 131.52333
0.08800 0.43059 0.00000 752.01404 109.95885
0.11420 0.43059 0.00000 771.57086 103.41268
0.20220 0.43059 0.00000 837.15820 81.23662
0.22840 0.43059 0.00000 857.47968 74.21903
0.31640 0.43059 0.00000 925.35480 51.21694
0.34259 0.43059 0.00000 946.44489 43.86193
0.43059 0.43059 0.00000 1016.90826 20.14947
0.00000 0.45679 0.00000 682.56317 111.69749
0.08800 0.45679 0.00000 745.95001 89.81921
0.00000 0.54479 0.00000 662.39655 45.66799

gimbalangles:
-0.10471975512 0.349065850399 -0.261799387799 

end: