T_CW:
0.99743 0.03520 0.06244 -0.58508
0.03970 -0.99659 -0.07234 0.63354
0.05968 0.07464 -0.99542 1.37196
0.00000 0.00000 0.00000 1.00000

T_CW_cov:

target_points_pix:
0.00000 0.00000 0.00000 384.67697 792.46790
0.08800 0.00000 0.00000 423.23093 794.92340
0.11420 0.00000 0.00000 434.82047 795.63672
0.20220 0.00000 0.00000 474.20358 798.00714
0.22840 0.00000 0.00000 485.99841 798.51971
0.31640 0.00000 0.00000 525.63574 800.50763
0.34259 0.00000 0.00000 537.54095 800.88373
0.43059 0.00000 0.00000 577.38763 802.18579
0.45679 0.00000 0.00000 589.41876 802.43866
0.54479 0.00000 0.00000 628.95142 802.96124
0.57099 0.00000 0.00000 640.81018 803.21191
0.65899 0.00000 0.00000 680.26575 803.36987
0.00000 0.08800 0.00000 385.14557 753.93323
0.08800 0.08800 0.00000 423.83701 756.38446
0.11420 0.08800 0.00000 435.59189 757.02924
0.20220 0.08800 0.00000 474.95197 759.30005
0.22840 0.08800 0.00000 486.80441 759.84357
0.31640 0.08800 0.00000 526.47595 761.64960
0.34259 0.08800 0.00000 538.54523 762.17419
0.43059 0.08800 0.00000 578.42975 763.57629
0.45679 0.08800 0.00000 590.42499 763.77002
0.54479 0.08800 0.00000 630.08197 764.58276
0.57099 0.08800 0.00000 642.11481 764.81238
0.65899 0.08800 0.00000 681.43060 765.23633
0.00000 0.11420 0.00000 385.27518 742.22742
0.08800 0.11420 0.00000 423.98718 744.73981
0.11420 0.11420 0.00000 435.72607 745.41125
0.20220 0.11420 0.00000 475.15585 747.59491
0.22840 0.11420 0.00000 487.13138 748.27728
0.31640 0.11420 0.00000 526.71881 749.87030
0.34259 0.11420 0.00000 538.83923 750.55804
0.43059 0.11420 0.00000 578.61945 751.74542
0.45679 0.11420 0.00000 590.69751 752.16663
0.54479 0.11420 0.00000 630.47168 752.97467
0.57099 0.11420 0.00000 642.56262 753.27197
0.65899 0.11420 0.00000 681.97656 753.53467
0.00000 0.20220 0.00000 386.18900 703.32819
0.08800 0.20220 0.00000 424.66107 705.61853
0.11420 0.20220 0.00000 436.60580 706.35419
0.20220 0.20220 0.00000 475.80005 708.43262
0.22840 0.20220 0.00000 487.85266 708.92590
0.31640 0.20220 0.00000 527.72894 710.74518
0.34259 0.20220 0.00000 539.93433 711.30249
0.43059 0.20220 0.00000 579.76953 712.70776
0.45679 0.20220 0.00000 591.97559 713.13000
0.54479 0.20220 0.00000 631.78912 714.15350
0.57099 0.20220 0.00000 643.76416 714.42145
0.65899 0.20220 0.00000 683.24591 714.78217
0.00000 0.22840 0.00000 386.34625 691.39685
0.08800 0.22840 0.00000 424.94479 693.78967
0.11420 0.22840 0.00000 436.80295 694.50684
0.20220 0.22840 0.00000 476.20026 696.55841
0.22840 0.22840 0.00000 488.36734 697.22418
0.31640 0.22840 0.00000 528.00043 698.90930
0.34259 0.22840 0.00000 540.29327 699.48376
0.43059 0.22840 0.00000 580.13232 700.89648
0.45679 0.22840 0.00000 592.43445 701.40112
0.54479 0.22840 0.00000 632.19946 702.21625
0.57099 0.22840 0.00000 644.25189 702.41394
0.65899 0.22840 0.00000 683.82501 702.97034
0.00000 0.31640 0.00000 387.32867 652.15497
0.08800 0.31640 0.00000 425.92972 654.28156
0.11420 0.31640 0.00000 437.79364 654.76923
0.20220 0.31640 0.00000 477.19745 656.88647
0.22840 0.31640 0.00000 489.39505 657.64148
0.31640 0.31640 0.00000 529.08215 659.40704
0.34259 0.31640 0.00000 541.27930 660.01843
0.43059 0.31640 0.00000 581.31183 661.44830
0.45679 0.31640 0.00000 593.54242 661.73657
0.54479 0.31640 0.00000 633.43829 662.68835
0.57099 0.31640 0.00000 645.76898 662.97430
0.65899 0.31640 0.00000 685.31726 664.24976
0.00000 0.34259 0.00000 387.61514 640.23291
0.08800 0.34259 0.00000 426.52979 642.22260
0.11420 0.34259 0.00000 438.39111 642.88550
0.20220 0.34259 0.00000 477.70398 644.76355
0.22840 0.34259 0.00000 489.83313 645.52069
0.31640 0.34259 0.00000 529.69739 647.15985
0.34259 0.34259 0.00000 541.86316 647.87390
0.43059 0.34259 0.00000 581.89185 649.14087
0.45679 0.34259 0.00000 594.18701 649.73138
0.54479 0.34259 0.00000 633.86450 650.80725
0.57099 0.34259 0.00000 646.40009 651.24908
0.65899 0.34259 0.00000 685.48590 652.14319
0.00000 0.43059 0.00000 389.30539 600.45459
0.08800 0.43059 0.00000 427.74039 602.43164
0.11420 0.43059 0.00000 439.87668 602.99554
0.20220 0.43059 0.00000 479.06781 604.91797
0.22840 0.43059 0.00000 491.27115 605.64825
0.31640 0.43059 0.00000 530.86743 607.21057
0.34259 0.43059 0.00000 543.14441 607.85138
0.43059 0.43059 0.00000 583.05859 609.29034
0.45679 0.43059 0.00000 595.30981 609.80591
0.54479 0.43059 0.00000 635.15271 610.99847
0.57099 0.43059 0.00000 647.57880 611.36407
0.65899 0.43059 0.00000 687.08240 612.64233
0.00000 0.45679 0.00000 389.63916 588.35083
0.08800 0.45679 0.00000 428.44080 590.29224
0.11420 0.45679 0.00000 440.44891 590.92847
0.20220 0.45679 0.00000 479.60416 592.66956
0.22840 0.45679 0.00000 491.69107 593.30048
0.31640 0.45679 0.00000 531.52844 594.74756
0.34259 0.45679 0.00000 543.70197 595.68433
0.43059 0.45679 0.00000 583.79163 596.89630
0.45679 0.45679 0.00000 596.14026 597.68036
0.54479 0.45679 0.00000 635.71033 598.71649
0.57099 0.45679 0.00000 648.20483 599.29114
0.65899 0.45679 0.00000 687.47455 600.41656
0.00000 0.54479 0.00000 391.69656 548.71466
0.08800 0.54479 0.00000 430.27328 550.50800
0.11420 0.54479 0.00000 442.23981 551.19873
0.20220 0.54479 0.00000 481.25916 552.80255
0.22840 0.54479 0.00000 493.57837 553.35114
0.31640 0.54479 0.00000 532.96979 555.05652
0.34259 0.54479 0.00000 545.36273 555.67523
0.43059 0.54479 0.00000 585.02789 557.11639
0.45679 0.54479 0.00000 597.34949 557.62909
0.54479 0.54479 0.00000 636.97217 559.05835
0.57099 0.54479 0.00000 649.28204 559.54468
0.00000 0.57099 0.00000 392.56607 536.69305
0.08800 0.57099 0.00000 431.00400 538.33459
0.11420 0.57099 0.00000 442.99115 538.95990
0.20220 0.57099 0.00000 481.85193 540.74298
0.22840 0.57099 0.00000 494.24442 541.27185
0.31640 0.57099 0.00000 533.70294 542.73352
0.34259 0.57099 0.00000 546.06415 543.36627
0.43059 0.57099 0.00000 585.70508 544.75696
0.45679 0.57099 0.00000 598.14697 545.53717
0.54479 0.57099 0.00000 637.66510 546.74335
0.57099 0.57099 0.00000 649.78760 547.45782
0.65899 0.57099 0.00000 689.04626 548.47021
0.00000 0.65899 0.00000 394.87460 497.49622
0.08800 0.65899 0.00000 433.04196 499.03479
0.11420 0.65899 0.00000 444.88235 499.52188
0.20220 0.65899 0.00000 484.12234 501.03009
0.22840 0.65899 0.00000 496.29132 501.38974
0.31640 0.65899 0.00000 535.38104 502.95425
0.34259 0.65899 0.00000 547.87482 503.51843
0.43059 0.65899 0.00000 587.18945 505.08878
0.45679 0.65899 0.00000 599.48248 505.71515
0.54479 0.65899 0.00000 638.87390 507.29694
0.65899 0.65899 0.00000 690.37366 509.54556

gimbalangles:
-0.10471975512 0.349065850399 -0.0872664625997 

end: