T_CW:
0.94561 -0.29789 0.13072 -0.37246
-0.30628 -0.95067 0.04919 0.32365
0.10962 -0.08655 -0.99020 1.48999
0.00000 0.00000 0.00000 1.00000

T_CW_cov:

target_points_pix:
0.00000 0.00000 0.00000 400.24521 598.87927
0.11420 0.00000 0.00000 484.63263 569.78558
0.20220 0.00000 0.00000 548.90198 547.89038
0.22840 0.00000 0.00000 568.02234 541.43701
0.31640 0.00000 0.00000 631.41156 519.87933
0.34259 0.00000 0.00000 650.35284 513.46948
0.43059 0.00000 0.00000 712.48425 491.89706
0.45679 0.00000 0.00000 731.15253 485.67108
0.54479 0.00000 0.00000 792.41394 464.49731
0.57099 0.00000 0.00000 810.67908 458.09360
0.00000 0.08800 0.00000 378.54935 534.55963
0.08800 0.08800 0.00000 444.02167 512.43250
0.11420 0.08800 0.00000 463.44342 505.98276
0.20220 0.08800 0.00000 528.25592 484.05591
0.22840 0.08800 0.00000 547.43268 477.64609
0.31640 0.08800 0.00000 611.15533 456.23459
0.34259 0.08800 0.00000 630.05084 449.90717
0.43059 0.08800 0.00000 692.57697 429.05124
0.45679 0.08800 0.00000 711.42358 422.62183
0.54479 0.08800 0.00000 772.98279 401.89014
0.57099 0.08800 0.00000 791.44427 395.59381
0.65899 0.08800 0.00000 852.46320 375.22110
0.00000 0.11420 0.00000 372.17654 514.97205
0.08800 0.11420 0.00000 437.65714 493.07159
0.11420 0.11420 0.00000 457.23434 486.62115
0.20220 0.11420 0.00000 521.84076 464.91840
0.22840 0.11420 0.00000 541.39240 458.42862
0.31640 0.11420 0.00000 605.11359 437.17560
0.34259 0.11420 0.00000 624.06335 430.82861
0.43059 0.11420 0.00000 686.70502 409.84995
0.45679 0.11420 0.00000 705.47858 403.62607
0.54479 0.11420 0.00000 767.30743 382.86392
0.57099 0.11420 0.00000 785.65143 376.75528
0.65899 0.11420 0.00000 846.67578 356.29688
0.00000 0.20220 0.00000 350.16171 450.18771
0.08800 0.20220 0.00000 415.95941 428.43243
0.11420 0.20220 0.00000 435.79227 421.90863
0.20220 0.20220 0.00000 500.89282 400.62274
0.22840 0.20220 0.00000 520.57098 394.20886
0.31640 0.20220 0.00000 584.58923 373.28226
0.34259 0.20220 0.00000 603.70099 366.84985
0.43059 0.20220 0.00000 667.01746 346.21222
0.45679 0.20220 0.00000 685.80591 339.98856
0.54479 0.20220 0.00000 747.91748 319.69318
0.57099 0.20220 0.00000 766.63892 313.49774
0.65899 0.20220 0.00000 828.09613 293.36771
0.00000 0.22840 0.00000 343.46082 430.45282
0.08800 0.22840 0.00000 409.55527 408.77493
0.11420 0.22840 0.00000 429.44479 402.40396
0.20220 0.22840 0.00000 494.75836 381.03506
0.22840 0.22840 0.00000 514.23773 374.67761
0.31640 0.22840 0.00000 578.51337 353.80499
0.34259 0.22840 0.00000 597.60193 347.57217
0.43059 0.22840 0.00000 661.19415 326.92346
0.45679 0.22840 0.00000 679.91669 320.78616
0.54479 0.22840 0.00000 742.25464 300.48862
0.57099 0.22840 0.00000 760.81036 294.35049
0.65899 0.22840 0.00000 822.49255 274.32013
0.00000 0.31640 0.00000 321.18298 364.70020
0.08800 0.31640 0.00000 387.71603 343.28098
0.11420 0.31640 0.00000 407.59821 336.89749
0.20220 0.31640 0.00000 473.52216 315.82446
0.22840 0.31640 0.00000 493.25317 309.64847
0.31640 0.31640 0.00000 557.82275 289.08749
0.34259 0.31640 0.00000 577.35809 282.78659
0.43059 0.31640 0.00000 641.30176 262.46292
0.54479 0.31640 0.00000 722.96082 236.22995
0.57099 0.31640 0.00000 741.77197 230.18436
0.65899 0.31640 0.00000 803.61993 210.40727
0.00000 0.34259 0.00000 314.32498 344.64163
0.08800 0.34259 0.00000 381.36835 323.40903
0.11420 0.34259 0.00000 401.39163 316.96439
0.20220 0.34259 0.00000 467.11731 296.07886
0.22840 0.34259 0.00000 486.79016 289.77383
0.31640 0.34259 0.00000 551.72107 269.28784
0.34259 0.34259 0.00000 571.33502 263.06851
0.43059 0.34259 0.00000 635.03699 242.77176
0.45679 0.34259 0.00000 654.25867 236.89532
0.54479 0.34259 0.00000 717.08160 216.74391
0.57099 0.34259 0.00000 735.75995 210.84177
0.65899 0.34259 0.00000 797.80444 191.11292
0.00000 0.43059 0.00000 291.76096 277.83347
0.11420 0.43059 0.00000 379.44803 250.55589
0.20220 0.43059 0.00000 445.58755 229.82327
0.22840 0.43059 0.00000 465.52008 223.64851
0.31640 0.43059 0.00000 530.88092 203.35756
0.34259 0.43059 0.00000 550.57709 197.38466
0.43059 0.43059 0.00000 614.72461 177.33356
0.45679 0.43059 0.00000 634.23602 171.40387
0.54479 0.43059 0.00000 697.43817 151.52650
0.57099 0.43059 0.00000 716.45111 145.72972
0.65899 0.43059 0.00000 779.03906 126.15366
0.00000 0.45679 0.00000 285.08746 257.42905
0.08800 0.45679 0.00000 352.52081 236.62271
0.11420 0.45679 0.00000 372.79474 230.38066
0.20220 0.45679 0.00000 439.26044 209.78172
0.22840 0.45679 0.00000 459.15503 203.58337
0.31640 0.45679 0.00000 524.64417 183.50633
0.34259 0.45679 0.00000 544.36548 177.38091
0.43059 0.45679 0.00000 608.63116 157.46022
0.45679 0.45679 0.00000 628.08252 151.44403
0.54479 0.45679 0.00000 691.45081 131.75652
0.57099 0.45679 0.00000 710.49847 125.92850
0.65899 0.45679 0.00000 773.31885 106.56167
0.00000 0.54479 0.00000 262.42557 189.76810
0.08800 0.54479 0.00000 330.39276 169.33499
0.11420 0.54479 0.00000 350.74164 163.13252
0.20220 0.54479 0.00000 417.57114 142.88531
0.22840 0.54479 0.00000 437.68713 136.69810
0.31640 0.54479 0.00000 503.51196 116.71288
0.34259 0.54479 0.00000 523.31110 110.79501
0.43059 0.54479 0.00000 588.15509 91.25362
0.45679 0.54479 0.00000 607.71014 85.30431
0.54479 0.54479 0.00000 671.40356 66.02496
0.57099 0.54479 0.00000 690.60413 59.93327
0.65899 0.54479 0.00000 753.66858 41.02561
0.00000 0.57099 0.00000 255.53647 169.38127
0.08800 0.57099 0.00000 323.66260 148.82468
0.11420 0.57099 0.00000 344.24982 142.69722
0.20220 0.57099 0.00000 411.00055 122.37907
0.22840 0.57099 0.00000 431.24731 116.42896
0.31640 0.57099 0.00000 497.11691 96.49783
0.00000 0.65899 0.00000 232.60582 100.63189
0.08800 0.65899 0.00000 301.09552 80.36936
0.11420 0.65899 0.00000 321.53824 74.32651
0.20220 0.65899 0.00000 389.10458 54.29230
0.22840 0.65899 0.00000 409.43436 48.46000
0.31640 0.65899 0.00000 475.76633 28.75193

gimbalangles:
-0.10471975512 0.349065850399 0.0872664625997 

end: