T_CW:
0.90741 -0.29829 0.29604 -0.61882
-0.30833 -0.95118 -0.01331 0.42425
0.28556 -0.07920 -0.95508 1.38319
0.00000 0.00000 0.00000 1.00000

T_CW_cov:

target_points_pix:
0.00000 0.00000 0.00000 176.71227 701.16046
0.11420 0.00000 0.00000 271.47290 664.71497
0.22840 0.00000 0.00000 361.68994 630.01917
0.31640 0.00000 0.00000 428.59833 604.32922
0.34259 0.00000 0.00000 448.65790 596.49500
0.43059 0.00000 0.00000 512.85376 571.87396
0.45679 0.00000 0.00000 532.05280 564.37500
0.54479 0.00000 0.00000 593.79248 540.45001
0.57099 0.00000 0.00000 611.85089 533.45013
0.65899 0.00000 0.00000 671.55438 510.59659
0.00000 0.08800 0.00000 152.20737 632.55231
0.08800 0.08800 0.00000 226.30702 605.42175
0.11420 0.08800 0.00000 247.42322 597.37701
0.20220 0.08800 0.00000 318.28220 571.63934
0.22840 0.08800 0.00000 339.27533 563.89679
0.31640 0.08800 0.00000 406.75446 539.19257
0.34259 0.08800 0.00000 426.81250 531.70587
0.43059 0.08800 0.00000 491.71350 507.74713
0.45679 0.08800 0.00000 511.23175 500.70627
0.54479 0.08800 0.00000 573.39746 477.87286
0.57099 0.08800 0.00000 591.72394 470.98248
0.65899 0.08800 0.00000 651.65710 448.88022
0.00000 0.11420 0.00000 145.13147 611.86469
0.08800 0.11420 0.00000 219.00188 584.86719
0.11420 0.11420 0.00000 240.63419 577.07452
0.20220 0.11420 0.00000 311.41150 551.50873
0.22840 0.11420 0.00000 332.52167 543.81842
0.31640 0.11420 0.00000 400.24197 519.43896
0.34259 0.11420 0.00000 420.46735 512.00732
0.43059 0.11420 0.00000 485.55658 488.48676
0.45679 0.11420 0.00000 504.67725 481.46494
0.54479 0.11420 0.00000 567.38147 458.77509
0.57099 0.11420 0.00000 585.68475 452.08365
0.65899 0.11420 0.00000 645.86456 430.21783
0.00000 0.20220 0.00000 120.38361 542.61841
0.08800 0.20220 0.00000 195.39635 516.69287
0.11420 0.20220 0.00000 217.33009 509.25531
0.20220 0.20220 0.00000 288.80447 484.34314
0.22840 0.20220 0.00000 309.72903 477.27170
0.31640 0.20220 0.00000 378.34451 453.57202
0.34259 0.20220 0.00000 398.69977 446.66351
0.43059 0.20220 0.00000 464.34778 423.90643
0.45679 0.20220 0.00000 483.67975 417.24240
0.54479 0.20220 0.00000 546.95007 395.41916
0.57099 0.20220 0.00000 565.60010 389.06006
0.65899 0.20220 0.00000 626.19409 368.11789
0.00000 0.22840 0.00000 113.13600 521.54260
0.08800 0.22840 0.00000 188.03954 496.14130
0.11420 0.22840 0.00000 210.10977 488.54709
0.20220 0.22840 0.00000 281.60965 464.24490
0.22840 0.22840 0.00000 303.04962 456.89297
0.31640 0.22840 0.00000 371.47513 433.63101
0.34259 0.22840 0.00000 391.99554 426.83212
0.43059 0.22840 0.00000 458.05441 404.32458
0.45679 0.22840 0.00000 477.52667 397.73026
0.54479 0.22840 0.00000 540.76123 376.25186
0.57099 0.22840 0.00000 559.59003 369.80582
0.65899 0.22840 0.00000 620.34216 349.25146
0.00000 0.31640 0.00000 87.99444 451.34628
0.08800 0.31640 0.00000 163.66064 427.09100
0.11420 0.31640 0.00000 186.24586 419.72372
0.20220 0.31640 0.00000 258.65256 396.24261
0.22840 0.31640 0.00000 280.24301 389.41968
0.31640 0.31640 0.00000 349.34607 367.20139
0.34259 0.31640 0.00000 370.20410 360.49039
0.43059 0.31640 0.00000 436.58591 339.10104
0.45679 0.31640 0.00000 456.43417 332.69931
0.54479 0.31640 0.00000 520.45361 312.12543
0.57099 0.31640 0.00000 539.22113 306.04242
0.65899 0.31640 0.00000 600.62335 286.40359
0.00000 0.34259 0.00000 80.56716 429.96652
0.08800 0.34259 0.00000 156.48880 405.81128
0.11420 0.34259 0.00000 179.16617 398.71057
0.20220 0.34259 0.00000 251.53647 375.67212
0.22840 0.34259 0.00000 273.35532 368.91403
0.31640 0.34259 0.00000 342.68887 346.84891
0.34259 0.34259 0.00000 363.42523 340.33893
0.43059 0.34259 0.00000 430.40195 319.36295
0.45679 0.34259 0.00000 450.08939 312.94647
0.54479 0.34259 0.00000 514.09882 292.66129
0.57099 0.34259 0.00000 533.19562 286.69766
0.65899 0.34259 0.00000 594.63165 267.20938
0.00000 0.43059 0.00000 55.31068 358.60809
0.08800 0.43059 0.00000 131.98036 335.82852
0.11420 0.43059 0.00000 154.75276 328.74008
0.20220 0.43059 0.00000 228.30676 307.17322
0.22840 0.43059 0.00000 250.03914 300.37003
0.31640 0.43059 0.00000 320.27319 279.56119
0.34259 0.43059 0.00000 341.32217 273.26181
0.43059 0.43059 0.00000 408.68326 253.16867
0.45679 0.43059 0.00000 428.50409 247.07391
0.54479 0.43059 0.00000 493.48810 227.69397
0.57099 0.43059 0.00000 512.49304 222.04976
0.65899 0.43059 0.00000 574.96545 203.45064
0.00000 0.45679 0.00000 47.64288 336.90479
0.08800 0.45679 0.00000 124.72002 314.37082
0.11420 0.45679 0.00000 147.58417 307.70123
0.20220 0.45679 0.00000 221.42447 286.02213
0.22840 0.45679 0.00000 242.89908 279.63736
0.31640 0.45679 0.00000 313.49289 258.86761
0.34259 0.45679 0.00000 334.37195 252.73047
0.43059 0.45679 0.00000 402.19662 232.95677
0.45679 0.45679 0.00000 422.36862 227.07584
0.54479 0.45679 0.00000 487.27112 208.08098
0.57099 0.45679 0.00000 506.41550 202.48407
0.65899 0.45679 0.00000 568.69031 184.03951
0.00000 0.54479 0.00000 22.46255 264.85892
0.11420 0.54479 0.00000 123.42408 237.03633
0.20220 0.54479 0.00000 197.64726 216.45042
0.22840 0.54479 0.00000 219.76434 210.37469
0.31640 0.54479 0.00000 290.89398 190.62506
0.34259 0.54479 0.00000 312.18216 184.84653
0.43059 0.54479 0.00000 380.50616 165.87892
0.45679 0.54479 0.00000 400.72607 160.41795
0.54479 0.54479 0.00000 466.30472 142.22412
0.57099 0.54479 0.00000 485.71515 136.92549
0.65899 0.54479 0.00000 548.59906 119.57219
0.11420 0.57099 0.00000 115.95502 215.59853
0.20220 0.57099 0.00000 190.67146 195.29858
0.22840 0.57099 0.00000 212.71878 189.35092
0.31640 0.57099 0.00000 284.30173 169.88474
0.34259 0.57099 0.00000 305.44125 164.10548
0.43059 0.57099 0.00000 373.75827 145.57838
0.45679 0.57099 0.00000 394.28058 140.00989
0.54479 0.57099 0.00000 459.98911 122.25985
0.57099 0.57099 0.00000 479.56067 116.98772
0.65899 0.57099 0.00000 542.61346 99.86280
0.11420 0.65899 0.00000 91.26849 143.69463
0.20220 0.65899 0.00000 166.88989 124.49358
0.22840 0.65899 0.00000 189.17050 118.83884
0.31640 0.65899 0.00000 261.44803 100.53365
0.34259 0.65899 0.00000 282.77380 95.19215
0.43059 0.65899 0.00000 351.94940 77.68445
0.45679 0.65899 0.00000 372.43491 72.45429
0.54479 0.65899 0.00000 438.83044 55.90340
0.57099 0.65899 0.00000 458.56903 50.72052
0.65899 0.65899 0.00000 522.32959 34.61086

gimbalangles:
-0.10471975512 0.349065850399 0.261799387799 

end: