T_CW:
0.99743 0.03523 0.06243 -0.58511
0.03973 -0.99658 -0.07240 0.63345
0.05967 0.07470 -0.99542 1.37201
0.00000 0.00000 0.00000 1.00000

T_CW_cov:

target_points_pix:
0.00000 0.00000 0.00000 384.64517 792.41205
0.08800 0.00000 0.00000 423.35599 794.83081
0.11420 0.00000 0.00000 434.93793 795.70734
0.20220 0.00000 0.00000 474.23425 798.04999
0.22840 0.00000 0.00000 485.93997 798.52588
0.31640 0.00000 0.00000 525.59802 800.42188
0.34259 0.00000 0.00000 537.59613 800.84814
0.43059 0.00000 0.00000 577.36432 802.14215
0.45679 0.00000 0.00000 589.42145 802.36407
0.54479 0.00000 0.00000 628.91687 802.92029
0.57099 0.00000 0.00000 640.79480 803.19012
0.65899 0.00000 0.00000 680.27362 803.36664
0.00000 0.08800 0.00000 385.13513 753.84985
0.08800 0.08800 0.00000 423.80688 756.37903
0.11420 0.08800 0.00000 435.58151 757.02612
0.20220 0.08800 0.00000 474.86035 759.24762
0.22840 0.08800 0.00000 486.79968 759.82465
0.31640 0.08800 0.00000 526.49438 761.64331
0.34259 0.08800 0.00000 538.55768 762.16400
0.43059 0.08800 0.00000 578.44006 763.51752
0.45679 0.08800 0.00000 590.45386 763.75696
0.54479 0.08800 0.00000 630.14716 764.56659
0.57099 0.08800 0.00000 642.05292 764.72937
0.65899 0.08800 0.00000 681.34546 765.11267
0.00000 0.11420 0.00000 385.31708 742.22961
0.08800 0.11420 0.00000 423.97369 744.64685
0.11420 0.11420 0.00000 435.84320 745.43097
0.20220 0.11420 0.00000 475.08398 747.52521
0.22840 0.11420 0.00000 487.07492 748.16467
0.31640 0.11420 0.00000 526.71930 749.86646
0.34259 0.11420 0.00000 538.81598 750.49878
0.43059 0.11420 0.00000 578.61151 751.73822
0.45679 0.11420 0.00000 590.67255 752.04706
0.54479 0.11420 0.00000 630.40997 752.98932
0.57099 0.11420 0.00000 642.52820 753.29358
0.65899 0.11420 0.00000 681.94214 753.48730
0.00000 0.20220 0.00000 386.12680 703.20776
0.08800 0.20220 0.00000 424.71088 705.56964
0.11420 0.20220 0.00000 436.63626 706.31329
0.20220 0.20220 0.00000 475.85352 708.38220
0.22840 0.20220 0.00000 487.96646 708.97162
0.31640 0.20220 0.00000 527.67352 710.70294
0.34259 0.20220 0.00000 539.88898 711.26361
0.43059 0.20220 0.00000 579.74799 712.63422
0.45679 0.20220 0.00000 591.99005 713.09174
0.54479 0.20220 0.00000 631.77954 714.19971
0.57099 0.20220 0.00000 643.77557 714.37543
0.65899 0.20220 0.00000 683.23499 714.80066
0.00000 0.22840 0.00000 386.34354 691.36774
0.08800 0.22840 0.00000 424.93597 693.71948
0.11420 0.22840 0.00000 436.85611 694.41394
0.20220 0.22840 0.00000 476.14062 696.56042
0.22840 0.22840 0.00000 488.30521 697.17737
0.31640 0.22840 0.00000 528.04260 698.86560
0.34259 0.22840 0.00000 540.23761 699.49908
0.43059 0.22840 0.00000 580.10083 700.83875
0.45679 0.22840 0.00000 592.41833 701.37396
0.54479 0.22840 0.00000 632.28455 702.18591
0.57099 0.22840 0.00000 644.11261 702.42047
0.65899 0.22840 0.00000 683.76544 702.91602
0.00000 0.31640 0.00000 387.32864 652.13226
0.08800 0.31640 0.00000 425.94687 654.24341
0.11420 0.31640 0.00000 437.78311 654.75781
0.20220 0.31640 0.00000 477.29788 656.76654
0.22840 0.31640 0.00000 489.38016 657.56970
0.31640 0.31640 0.00000 529.01398 659.37500
0.34259 0.31640 0.00000 541.26788 659.96381
0.43059 0.31640 0.00000 581.29468 661.32220
0.45679 0.31640 0.00000 593.60443 661.76190
0.54479 0.31640 0.00000 633.48358 662.63531
0.57099 0.31640 0.00000 645.75232 662.89148
0.65899 0.31640 0.00000 685.22266 664.21796
0.00000 0.34259 0.00000 387.64462 640.13245
0.08800 0.34259 0.00000 426.50955 642.16858
0.11420 0.34259 0.00000 438.40024 642.78223
0.20220 0.34259 0.00000 477.69849 644.73602
0.22840 0.34259 0.00000 489.79977 645.48688
0.31640 0.34259 0.00000 529.67993 646.97357
0.34259 0.34259 0.00000 541.85114 647.83691
0.43059 0.34259 0.00000 581.90338 649.06171
0.45679 0.34259 0.00000 594.23285 649.68243
0.54479 0.34259 0.00000 633.83978 650.74744
0.57099 0.34259 0.00000 646.32007 651.06677
0.65899 0.34259 0.00000 685.54718 652.11743
0.00000 0.43059 0.00000 389.27664 600.38110
0.08800 0.43059 0.00000 427.76218 602.38013
0.11420 0.43059 0.00000 439.84671 603.02203
0.20220 0.43059 0.00000 479.03995 604.94531
0.22840 0.43059 0.00000 491.24326 605.57025
0.34259 0.43059 0.00000 543.14728 607.82288
0.43059 0.43059 0.00000 583.14020 609.16595
0.45679 0.43059 0.00000 595.28888 609.80182
0.54479 0.43059 0.00000 635.19598 610.85889
0.57099 0.43059 0.00000 647.58881 611.31720
0.65899 0.43059 0.00000 687.15607 612.61719
0.00000 0.45679 0.00000 389.70032 588.29724
0.08800 0.45679 0.00000 428.51709 590.19934
0.11420 0.45679 0.00000 440.45444 590.83710
0.20220 0.45679 0.00000 479.62564 592.64954
0.22840 0.45679 0.00000 491.57986 593.26282
0.31640 0.45679 0.00000 531.54688 594.77057
0.34259 0.45679 0.00000 543.71198 595.56836
0.43059 0.45679 0.00000 583.73041 596.83386
0.45679 0.45679 0.00000 596.12805 597.65527
0.54479 0.45679 0.00000 635.78558 598.80481
0.57099 0.45679 0.00000 648.18854 599.26416
0.65899 0.45679 0.00000 687.38971 600.32910
0.00000 0.54479 0.00000 391.66977 548.65802
0.08800 0.54479 0.00000 430.21704 550.40588
0.11420 0.54479 0.00000 442.20334 551.14020
0.20220 0.54479 0.00000 481.32364 552.73132
0.22840 0.54479 0.00000 493.60251 553.29089
0.31640 0.54479 0.00000 532.97198 555.05408
0.34259 0.54479 0.00000 545.39026 555.59216
0.43059 0.54479 0.00000 585.05780 557.06421
0.45679 0.54479 0.00000 597.30701 557.62073
0.57099 0.54479 0.00000 649.34198 559.54291
0.00000 0.57099 0.00000 392.59509 536.67499
0.08800 0.57099 0.00000 431.10089 538.36646
0.11420 0.57099 0.00000 442.97952 538.94403
0.20220 0.57099 0.00000 481.87845 540.74255
0.22840 0.57099 0.00000 494.27725 541.21832
0.31640 0.57099 0.00000 533.63507 542.67273
0.34259 0.57099 0.00000 546.08130 543.35834
0.43059 0.57099 0.00000 585.72821 544.79462
0.45679 0.57099 0.00000 598.13409 545.48340
0.54479 0.57099 0.00000 637.65582 546.72308
0.57099 0.57099 0.00000 649.74420 547.47131
0.65899 0.57099 0.00000 689.09320 548.45917
0.00000 0.65899 0.00000 394.83673 497.48801
0.08800 0.65899 0.00000 433.02551 498.97321
0.11420 0.65899 0.00000 444.97900 499.50330
0.20220 0.65899 0.00000 484.03571 500.93030
0.22840 0.65899 0.00000 496.27087 501.35773
0.31640 0.65899 0.00000 535.42877 502.83475
0.34259 0.65899 0.00000 547.92444 503.42181
0.43059 0.65899 0.00000 587.20172 505.08041
0.45679 0.65899 0.00000 599.45374 505.70462
0.54479 0.65899 0.00000 638.88318 507.26697
0.57099 0.65899 0.00000 651.19342 508.00180
0.65899 0.65899 0.00000 690.37781 509.53897

gimbalangles:
-0.10471975512 0.349065850399 0.261799387799 

end: