T_CW:
0.87643 0.37952 0.29636 -0.82033
0.27295 -0.89859 0.34356 -0.33442
0.39669 -0.22022 -0.89114 1.29908
0.00000 0.00000 0.00000 1.00000

T_CW_cov:

target_points_pix:
0.11420 0.00000 0.00000 75.89670 84.06053
0.20220 0.00000 0.00000 154.26411 110.88374
0.22840 0.00000 0.00000 176.94739 118.46315
0.31640 0.00000 0.00000 250.34818 143.71085
0.34259 0.00000 0.00000 271.94717 151.14650
0.43059 0.00000 0.00000 341.29037 174.65054
0.45679 0.00000 0.00000 361.35809 181.39346
0.54479 0.00000 0.00000 426.85217 203.52229
0.57099 0.00000 0.00000 446.07382 209.84756
0.65899 0.00000 0.00000 508.03210 231.15385
0.11420 0.08800 0.00000 95.60974 11.26000
0.20220 0.08800 0.00000 174.54301 39.93594
0.22840 0.08800 0.00000 197.53191 48.37549
0.31640 0.08800 0.00000 271.52493 75.43277
0.34259 0.08800 0.00000 293.22598 83.34736
0.43059 0.08800 0.00000 362.92792 108.71576
0.45679 0.08800 0.00000 383.27444 116.13601
0.54479 0.08800 0.00000 448.93991 140.01221
0.57099 0.08800 0.00000 468.17673 146.98079
0.65899 0.08800 0.00000 530.42535 169.68028
0.45679 0.11420 0.00000 389.97235 96.22326
0.54479 0.11420 0.00000 455.79453 120.65749
0.57099 0.11420 0.00000 475.13126 127.67200
0.65899 0.11420 0.00000 537.39990 150.99997
0.45679 0.20220 0.00000 412.61285 28.83706
0.54479 0.20220 0.00000 478.88013 55.18853
0.57099 0.20220 0.00000 498.37558 62.89034
0.65899 0.20220 0.00000 560.85004 87.60172

gimbalangles:
-0.261799387799 -0.349065850399 0.261799387799 

end: