T_CW:
0.99627 0.05188 0.06888 -0.36987
0.05803 -0.99420 -0.09050 0.64982
0.06379 0.09416 -0.99351 1.35573
0.00000 0.00000 0.00000 1.00000

T_CW_cov:

target_points_pix:
0.00000 0.00000 0.00000 466.38745 809.86737
0.08800 0.00000 0.00000 506.86032 812.67487
0.11420 0.00000 0.00000 518.64630 813.40387
0.20220 0.00000 0.00000 559.32056 815.56085
0.22840 0.00000 0.00000 571.55304 816.28644
0.34259 0.00000 0.00000 624.04608 818.02057
0.54479 0.00000 0.00000 715.66650 819.34259
0.57099 0.00000 0.00000 727.25366 819.36200
0.00000 0.08800 0.00000 467.70319 770.54071
0.08800 0.08800 0.00000 508.41449 773.42493
0.11420 0.08800 0.00000 520.50665 773.80835
0.20220 0.08800 0.00000 561.17908 776.18390
0.22840 0.08800 0.00000 573.42096 776.53497
0.31640 0.08800 0.00000 613.78278 778.29114
0.34259 0.08800 0.00000 625.92719 778.76337
0.43059 0.08800 0.00000 666.27289 779.80225
0.45679 0.08800 0.00000 678.16638 779.99622
0.54479 0.08800 0.00000 717.64111 780.53241
0.57099 0.08800 0.00000 729.54987 780.57458
0.65899 0.08800 0.00000 768.21716 781.01355
0.00000 0.11420 0.00000 468.38065 758.94415
0.08800 0.11420 0.00000 508.68832 761.44678
0.11420 0.11420 0.00000 521.01495 762.09833
0.20220 0.11420 0.00000 561.62769 764.32074
0.22840 0.11420 0.00000 573.77814 764.74542
0.31640 0.11420 0.00000 614.52594 766.49420
0.34259 0.11420 0.00000 626.74957 767.11682
0.43059 0.11420 0.00000 666.99695 768.08282
0.45679 0.11420 0.00000 679.12476 768.34387
0.54479 0.11420 0.00000 718.45038 769.24670
0.57099 0.11420 0.00000 730.30609 769.26044
0.65899 0.11420 0.00000 768.70105 769.37042
0.00000 0.20220 0.00000 469.92117 718.91217
0.08800 0.20220 0.00000 510.54883 721.52649
0.11420 0.20220 0.00000 522.83386 722.08148
0.20220 0.20220 0.00000 563.56104 724.40814
0.22840 0.20220 0.00000 575.83893 724.90088
0.31640 0.20220 0.00000 616.61096 726.96582
0.34259 0.20220 0.00000 628.64532 727.41766
0.43059 0.20220 0.00000 669.22668 728.63873
0.45679 0.20220 0.00000 681.19733 728.85791
0.54479 0.20220 0.00000 720.59210 729.67743
0.57099 0.20220 0.00000 732.47461 729.80444
0.65899 0.20220 0.00000 771.34937 730.44165
0.00000 0.22840 0.00000 470.62006 707.00195
0.11420 0.22840 0.00000 523.39825 710.28528
0.20220 0.22840 0.00000 563.94153 712.36621
0.22840 0.22840 0.00000 576.49011 713.18237
0.31640 0.22840 0.00000 617.30859 714.69189
0.34259 0.22840 0.00000 629.25812 715.19873
0.43059 0.22840 0.00000 669.66187 716.61108
0.45679 0.22840 0.00000 681.70081 716.82129
0.54479 0.22840 0.00000 721.36359 718.17487
0.57099 0.22840 0.00000 733.25708 718.22388
0.65899 0.22840 0.00000 771.77936 718.70416
0.00000 0.31640 0.00000 472.51422 666.40198
0.08800 0.31640 0.00000 513.03278 669.08508
0.11420 0.31640 0.00000 525.27142 669.95447
0.20220 0.31640 0.00000 566.10931 671.97253
0.22840 0.31640 0.00000 578.49860 672.79675
0.31640 0.31640 0.00000 619.27441 674.64349
0.34259 0.31640 0.00000 631.55872 674.83441
0.43059 0.31640 0.00000 671.73114 676.65253
0.45679 0.31640 0.00000 684.05725 677.08411
0.54479 0.31640 0.00000 723.62885 678.30945
0.57099 0.31640 0.00000 735.42303 678.52240
0.65899 0.31640 0.00000 774.26544 679.53680
0.00000 0.34259 0.00000 473.28662 654.31982
0.08800 0.34259 0.00000 513.70673 656.70508
0.11420 0.34259 0.00000 526.25635 657.60352
0.20220 0.34259 0.00000 566.82861 659.83624
0.22840 0.34259 0.00000 579.29401 660.53931
0.31640 0.34259 0.00000 619.73303 662.48401
0.34259 0.34259 0.00000 632.16602 663.09119
0.43059 0.34259 0.00000 672.51617 664.77393
0.45679 0.34259 0.00000 684.60681 665.26459
0.54479 0.34259 0.00000 723.85919 666.29767
0.57099 0.34259 0.00000 735.83142 666.57019
0.65899 0.34259 0.00000 774.65967 667.64545
0.00000 0.43059 0.00000 475.27621 613.70428
0.08800 0.43059 0.00000 515.89246 616.09180
0.11420 0.43059 0.00000 528.09515 617.00793
0.20220 0.43059 0.00000 568.99164 619.12042
0.31640 0.43059 0.00000 621.96820 622.02844
0.34259 0.43059 0.00000 633.92529 622.48822
0.43059 0.43059 0.00000 674.53870 624.10687
0.54479 0.43059 0.00000 726.02112 626.17322
0.57099 0.43059 0.00000 737.85840 626.84210
0.65899 0.43059 0.00000 776.60876 627.82526
0.00000 0.45679 0.00000 476.31876 601.40759
0.08800 0.45679 0.00000 516.72253 603.75818
0.11420 0.45679 0.00000 529.10327 604.58569
0.20220 0.45679 0.00000 569.72778 606.73218
0.22840 0.45679 0.00000 582.24799 607.59003
0.31640 0.45679 0.00000 622.67792 609.67212
0.34259 0.45679 0.00000 634.98639 610.11127
0.43059 0.45679 0.00000 675.03430 612.12933
0.45679 0.45679 0.00000 687.28815 612.68744
0.54479 0.45679 0.00000 726.92859 614.08661
0.57099 0.45679 0.00000 738.53406 615.05701
0.65899 0.45679 0.00000 777.11871 616.10071
0.00000 0.54479 0.00000 478.95035 560.66571
0.08800 0.54479 0.00000 519.03979 563.00909
0.20220 0.54479 0.00000 571.90967 566.10986
0.22840 0.54479 0.00000 584.11115 567.04694
0.31640 0.54479 0.00000 624.83624 569.16016
0.34259 0.54479 0.00000 636.91895 569.83405
0.43059 0.54479 0.00000 677.01843 571.94403
0.45679 0.54479 0.00000 689.22321 572.25232
0.54479 0.54479 0.00000 728.49170 574.01721
0.57099 0.54479 0.00000 740.11951 574.99884
0.65899 0.54479 0.00000 778.97235 576.65961
0.00000 0.57099 0.00000 479.54044 548.46301
0.08800 0.57099 0.00000 519.87158 550.90009
0.11420 0.57099 0.00000 532.28278 551.68958
0.20220 0.57099 0.00000 572.79608 553.83838
0.22840 0.57099 0.00000 585.08844 554.77417
0.31640 0.57099 0.00000 625.45099 556.72479
0.34259 0.57099 0.00000 637.73553 557.59753
0.43059 0.57099 0.00000 677.83942 559.78235
0.45679 0.57099 0.00000 689.71088 560.26361
0.54479 0.57099 0.00000 729.11609 562.14850
0.57099 0.57099 0.00000 740.85742 563.05127
0.65899 0.57099 0.00000 779.30084 564.59827
0.00000 0.65899 0.00000 482.47302 507.88315
0.08800 0.65899 0.00000 522.64661 510.41776
0.11420 0.65899 0.00000 534.72168 511.31540
0.20220 0.65899 0.00000 574.82013 513.47821
0.22840 0.65899 0.00000 587.27991 514.27765
0.31640 0.65899 0.00000 627.56372 516.53699
0.34259 0.65899 0.00000 639.95673 517.05859
0.43059 0.65899 0.00000 679.76495 519.73566
0.45679 0.65899 0.00000 691.52826 520.39014
0.54479 0.65899 0.00000 730.85474 522.61926
0.57099 0.65899 0.00000 742.29376 523.27429
0.65899 0.65899 0.00000 780.56848 525.40442

gimbalangles:
-0.261799387799 -0.349065850399 0.261799387799 

end: