T_CW:
0.99763 0.03631 0.05840 -0.57890
0.04044 -0.99665 -0.07115 0.63109
0.05562 0.07335 -0.99575 1.37425
0.00000 0.00000 0.00000 1.00000

T_CW_cov:

target_points_pix:
0.00000 0.00000 0.00000 387.51505 791.02057
0.08800 0.00000 0.00000 426.32904 793.80756
0.11420 0.00000 0.00000 437.81250 794.44543
0.20220 0.00000 0.00000 477.13669 796.84326
0.22840 0.00000 0.00000 488.81708 797.58636
0.31640 0.00000 0.00000 528.49683 799.46027
0.34259 0.00000 0.00000 540.40271 799.90662
0.43059 0.00000 0.00000 580.31793 801.25519
0.45679 0.00000 0.00000 592.24506 801.49146
0.54479 0.00000 0.00000 631.78180 802.15784
0.57099 0.00000 0.00000 643.65887 802.32269
0.65899 0.00000 0.00000 683.07843 802.52130
0.00000 0.08800 0.00000 388.14847 752.64648
0.08800 0.08800 0.00000 426.75665 755.16772
0.11420 0.08800 0.00000 438.55325 755.78772
0.20220 0.08800 0.00000 477.74292 758.22717
0.22840 0.08800 0.00000 489.65805 758.62720
0.31640 0.08800 0.00000 529.41504 760.56659
0.34259 0.08800 0.00000 541.40063 761.13446
0.43059 0.08800 0.00000 581.31903 762.46130
0.45679 0.08800 0.00000 593.35205 762.80066
0.54479 0.08800 0.00000 632.89978 763.78400
0.57099 0.08800 0.00000 645.02759 763.95575
0.65899 0.08800 0.00000 684.36029 764.41071
0.00000 0.11420 0.00000 388.39026 741.04846
0.08800 0.11420 0.00000 426.97012 743.52454
0.11420 0.11420 0.00000 438.79758 744.27106
0.20220 0.11420 0.00000 478.00842 746.47083
0.22840 0.11420 0.00000 490.00696 747.12549
0.31640 0.11420 0.00000 529.65588 748.83423
0.34259 0.11420 0.00000 541.74231 749.48907
0.43059 0.11420 0.00000 581.52991 750.68677
0.45679 0.11420 0.00000 593.60956 751.28339
0.54479 0.11420 0.00000 633.43726 752.18085
0.57099 0.11420 0.00000 645.46863 752.37451
0.65899 0.11420 0.00000 684.76843 752.70850
0.00000 0.20220 0.00000 389.11108 702.03455
0.08800 0.20220 0.00000 427.63223 704.46338
0.11420 0.20220 0.00000 439.57626 705.05939
0.20220 0.20220 0.00000 478.77185 707.41010
0.22840 0.20220 0.00000 490.97568 708.03424
0.31640 0.20220 0.00000 530.63635 709.77777
0.34259 0.20220 0.00000 542.84021 710.26099
0.43059 0.20220 0.00000 582.65814 711.83661
0.45679 0.20220 0.00000 594.90131 712.14691
0.54479 0.20220 0.00000 634.71570 713.29266
0.57099 0.20220 0.00000 646.77454 713.62555
0.65899 0.20220 0.00000 686.18689 714.13208
0.00000 0.22840 0.00000 389.34317 690.25378
0.08800 0.22840 0.00000 427.93262 692.59216
0.11420 0.22840 0.00000 439.86880 693.39233
0.20220 0.22840 0.00000 479.14102 695.48822
0.22840 0.22840 0.00000 491.28290 696.18848
0.31640 0.22840 0.00000 530.95337 697.94092
0.34259 0.22840 0.00000 543.24841 698.49591
0.43059 0.22840 0.00000 583.05914 699.92291
0.45679 0.22840 0.00000 595.39990 700.41681
0.54479 0.22840 0.00000 635.10870 701.36511
0.57099 0.22840 0.00000 647.26740 701.60602
0.65899 0.22840 0.00000 686.81348 702.20673
0.00000 0.31640 0.00000 390.29758 650.95349
0.08800 0.31640 0.00000 429.02997 653.07166
0.11420 0.31640 0.00000 440.84570 653.75336
0.20220 0.31640 0.00000 480.36823 655.76215
0.22840 0.31640 0.00000 492.45569 656.53784
0.31640 0.31640 0.00000 532.07562 658.35437
0.34259 0.31640 0.00000 544.28632 658.95471
0.43059 0.31640 0.00000 584.36084 660.47992
0.45679 0.31640 0.00000 596.60443 660.93085
0.54479 0.31640 0.00000 636.39673 661.97540
0.57099 0.31640 0.00000 648.83093 662.11938
0.65899 0.31640 0.00000 688.42291 663.32532
0.00000 0.34259 0.00000 390.83554 638.89056
0.08800 0.34259 0.00000 429.52011 640.97064
0.11420 0.34259 0.00000 441.38672 641.75183
0.20220 0.34259 0.00000 480.72672 643.75244
0.22840 0.34259 0.00000 492.80060 644.43732
0.31640 0.34259 0.00000 532.65070 646.11469
0.34259 0.34259 0.00000 544.85345 646.79987
0.43059 0.34259 0.00000 584.92780 648.16345
0.45679 0.34259 0.00000 597.19812 648.73145
0.54479 0.34259 0.00000 636.91400 649.91901
0.57099 0.34259 0.00000 649.34637 650.36957
0.65899 0.34259 0.00000 688.49634 651.26318
0.00000 0.43059 0.00000 392.38898 599.36133
0.08800 0.43059 0.00000 430.80817 601.35010
0.11420 0.43059 0.00000 442.91800 601.88995
0.20220 0.43059 0.00000 482.17816 603.83087
0.22840 0.43059 0.00000 494.36197 604.56293
0.31640 0.43059 0.00000 533.91833 606.18451
0.34259 0.43059 0.00000 546.24261 606.84204
0.43059 0.43059 0.00000 586.26331 608.29712
0.45679 0.43059 0.00000 598.39954 608.79236
0.54479 0.43059 0.00000 638.23151 610.08478
0.57099 0.43059 0.00000 650.60364 610.37592
0.00000 0.45679 0.00000 392.87500 587.10107
0.08800 0.45679 0.00000 431.56354 589.07971
0.11420 0.45679 0.00000 443.45703 589.91431
0.20220 0.45679 0.00000 482.67825 591.67029
0.22840 0.45679 0.00000 494.75214 592.31348
0.31640 0.45679 0.00000 534.71130 593.83875
0.34259 0.45679 0.00000 546.79773 594.65875
0.43059 0.45679 0.00000 586.87952 595.98517
0.45679 0.45679 0.00000 599.15625 596.62518
0.54479 0.45679 0.00000 638.83893 597.86761
0.57099 0.45679 0.00000 651.24823 598.42938
0.65899 0.45679 0.00000 690.56165 599.52557
0.00000 0.54479 0.00000 394.95535 547.74500
0.08800 0.54479 0.00000 433.37790 549.42120
0.11420 0.54479 0.00000 445.27841 550.15973
0.20220 0.54479 0.00000 484.47586 551.65759
0.22840 0.54479 0.00000 496.69302 552.14886
0.31640 0.54479 0.00000 536.16229 553.93103
0.34259 0.54479 0.00000 548.50360 554.53894
0.43059 0.54479 0.00000 588.16473 556.13098
0.45679 0.54479 0.00000 600.59033 556.62622
0.54479 0.54479 0.00000 640.15094 558.13702
0.57099 0.54479 0.00000 652.48743 558.52344
0.00000 0.57099 0.00000 395.62405 535.68121
0.08800 0.57099 0.00000 434.22037 537.30872
0.11420 0.57099 0.00000 446.06351 537.91132
0.20220 0.57099 0.00000 484.91989 539.68933
0.22840 0.57099 0.00000 497.31577 540.29871
0.31640 0.57099 0.00000 536.84656 541.81897
0.34259 0.57099 0.00000 549.08923 542.52441
0.43059 0.57099 0.00000 588.87866 543.92047
0.45679 0.57099 0.00000 601.26453 544.51343
0.54479 0.57099 0.00000 640.76172 545.77509
0.57099 0.57099 0.00000 653.09167 546.58923
0.65899 0.57099 0.00000 692.42065 547.66986
0.00000 0.65899 0.00000 398.13617 496.37827
0.08800 0.65899 0.00000 436.34756 497.71329
0.11420 0.65899 0.00000 448.31854 498.38550
0.20220 0.65899 0.00000 487.27393 500.12598
0.22840 0.65899 0.00000 499.31024 500.37265
0.31640 0.65899 0.00000 538.55298 501.83359
0.34259 0.65899 0.00000 551.07831 502.39276
0.43059 0.65899 0.00000 590.40173 504.19580
0.45679 0.65899 0.00000 602.73260 504.62259
0.54479 0.65899 0.00000 642.05450 506.29092
0.57099 0.65899 0.00000 654.28522 507.02353
0.65899 0.65899 0.00000 693.48242 508.56415

gimbalangles:
-0.261799387799 -0.349065850399 0.261799387799 

end: