T_CW:
0.83822 -0.29779 0.45685 -0.84332
-0.29677 -0.95192 -0.07598 0.51934
0.45751 -0.07189 -0.88629 1.22725
0.00000 0.00000 0.00000 1.00000

T_CW_cov:

target_points_pix:
0.34259 0.00000 0.00000 228.57141 695.89984
0.43059 0.00000 0.00000 299.62463 665.42413
0.45679 0.00000 0.00000 320.53558 656.45435
0.54479 0.00000 0.00000 387.10373 627.83258
0.57099 0.00000 0.00000 406.41168 619.63690
0.65899 0.00000 0.00000 468.89218 592.91321
0.34259 0.08800 0.00000 204.29922 627.05823
0.43059 0.08800 0.00000 276.58591 598.27606
0.45679 0.08800 0.00000 297.65582 589.84070
0.57099 0.08800 0.00000 384.58609 555.17285
0.65899 0.08800 0.00000 447.69379 529.98914
0.22840 0.11420 0.00000 96.65051 645.31036
0.31640 0.11420 0.00000 174.61984 615.11145
0.34259 0.11420 0.00000 197.28702 606.34949
0.43059 0.11420 0.00000 269.78314 577.91864
0.45679 0.11420 0.00000 290.93469 569.63403
0.54479 0.11420 0.00000 358.47211 543.39862
0.57099 0.11420 0.00000 378.14694 535.63550
0.65899 0.11420 0.00000 441.52805 510.80814
0.22840 0.20220 0.00000 71.45158 573.46313
0.31640 0.20220 0.00000 150.29161 545.01819
0.34259 0.20220 0.00000 173.24538 536.71405
0.43059 0.20220 0.00000 246.66618 510.26660
0.45679 0.20220 0.00000 268.03748 502.46100
0.54479 0.20220 0.00000 336.44183 477.69797
0.57099 0.20220 0.00000 356.37396 470.48840
0.65899 0.20220 0.00000 420.41379 447.39917
0.22840 0.22840 0.00000 63.74563 551.73260
0.31640 0.22840 0.00000 143.00848 523.73438
0.34259 0.22840 0.00000 165.88882 515.57257
0.43059 0.22840 0.00000 239.78084 489.57770
0.45679 0.22840 0.00000 261.27457 482.04324
0.54479 0.22840 0.00000 329.70444 457.75177
0.57099 0.22840 0.00000 349.74295 450.76178
0.65899 0.22840 0.00000 414.24081 428.04697
0.22840 0.31640 0.00000 38.19435 478.82352
0.31640 0.31640 0.00000 118.35348 452.93015
0.34259 0.31640 0.00000 141.54443 445.25430
0.43059 0.31640 0.00000 216.46080 421.09558
0.45679 0.31640 0.00000 238.20860 413.99777
0.54479 0.31640 0.00000 307.64822 391.46722
0.57099 0.31640 0.00000 328.12787 384.85065
0.65899 0.31640 0.00000 393.21451 363.86499
0.22840 0.34259 0.00000 30.39048 456.67358
0.31640 0.34259 0.00000 111.20130 431.33664
0.34259 0.34259 0.00000 134.30565 423.88431
0.43059 0.34259 0.00000 209.24385 400.28934
0.45679 0.34259 0.00000 231.37216 393.42206
0.54479 0.34259 0.00000 301.27661 371.39008
0.57099 0.34259 0.00000 321.45364 364.85040
0.65899 0.34259 0.00000 386.87610 344.36484
0.22840 0.43059 0.00000 4.33884 382.72614
0.31640 0.43059 0.00000 86.18779 359.53165
0.34259 0.43059 0.00000 109.84847 352.65155
0.43059 0.43059 0.00000 185.66786 331.00116
0.45679 0.43059 0.00000 207.84583 324.58603
0.54479 0.43059 0.00000 278.58511 304.21899
0.57099 0.43059 0.00000 299.47711 298.33850
0.65899 0.43059 0.00000 365.57654 279.15756
0.34259 0.45679 0.00000 102.57812 331.04727
0.43059 0.45679 0.00000 178.66272 309.79373
0.45679 0.45679 0.00000 200.81471 303.63757
0.54479 0.45679 0.00000 271.83557 283.77267
0.65899 0.45679 0.00000 359.16150 259.53076
0.34259 0.54479 0.00000 77.73914 259.14481
0.43059 0.54479 0.00000 154.74548 239.70233
0.45679 0.54479 0.00000 177.46596 234.05237
0.54479 0.54479 0.00000 249.45453 216.18404
0.57099 0.54479 0.00000 270.44049 210.72441
0.65899 0.54479 0.00000 337.72174 193.94508
0.34259 0.57099 0.00000 70.38317 237.07768
0.43059 0.57099 0.00000 147.84491 218.46288
0.45679 0.57099 0.00000 170.36174 212.86545
0.54479 0.57099 0.00000 242.67177 195.50931
0.57099 0.57099 0.00000 263.61221 190.44286
0.65899 0.57099 0.00000 331.59695 173.97472
0.34259 0.65899 0.00000 45.19065 164.00026
0.43059 0.65899 0.00000 123.99387 147.29979
0.45679 0.65899 0.00000 147.09784 142.50258
0.54479 0.65899 0.00000 220.28329 126.66188
0.57099 0.65899 0.00000 241.60629 122.12440
0.65899 0.65899 0.00000 310.12717 107.38301

gimbalangles:
-0.10471975512 0.349065850399 0.436332312999 

end: