T_CW:
0.99601 0.05072 0.07347 -0.37626
0.05739 -0.99413 -0.09169 0.65197
0.06839 0.09554 -0.99307 1.35339
0.00000 0.00000 0.00000 1.00000

T_CW_cov:

target_points_pix:
0.00000 0.00000 0.00000 463.12070 811.37805
0.08800 0.00000 0.00000 503.73056 814.06085
0.11420 0.00000 0.00000 515.65411 814.45917
0.20220 0.00000 0.00000 556.39758 816.67065
0.31640 0.00000 0.00000 609.28845 818.59393
0.34259 0.00000 0.00000 621.15173 819.00873
0.45679 0.00000 0.00000 673.18225 820.06158
0.54479 0.00000 0.00000 712.70581 820.05090
0.57099 0.00000 0.00000 724.28473 820.04657
0.65899 0.00000 0.00000 762.93939 820.00458
0.00000 0.08800 0.00000 464.81021 771.78625
0.08800 0.08800 0.00000 505.31796 774.41150
0.20220 0.08800 0.00000 558.14966 777.27527
0.22840 0.08800 0.00000 570.42645 777.62158
0.31640 0.08800 0.00000 610.67303 779.34430
0.34259 0.08800 0.00000 622.86487 779.69806
0.43059 0.08800 0.00000 663.30585 780.63062
0.45679 0.08800 0.00000 675.22217 780.86243
0.54479 0.08800 0.00000 714.56366 781.49286
0.57099 0.08800 0.00000 726.51337 781.55481
0.65899 0.08800 0.00000 764.88770 781.56750
0.00000 0.11420 0.00000 465.20129 760.14227
0.08800 0.11420 0.00000 505.57062 762.47717
0.11420 0.11420 0.00000 518.07147 763.21576
0.20220 0.11420 0.00000 558.58771 765.45844
0.22840 0.11420 0.00000 570.71686 765.76093
0.31640 0.11420 0.00000 611.48376 767.47076
0.34259 0.11420 0.00000 623.67676 768.04144
0.43059 0.11420 0.00000 663.81763 768.94550
0.45679 0.11420 0.00000 675.96167 769.18176
0.54479 0.11420 0.00000 715.40814 769.96118
0.57099 0.11420 0.00000 727.09015 769.92834
0.65899 0.11420 0.00000 765.82031 770.05316
0.00000 0.20220 0.00000 466.87192 719.93518
0.08800 0.20220 0.00000 507.41336 722.52930
0.11420 0.20220 0.00000 519.73291 723.16492
0.20220 0.20220 0.00000 560.43903 725.53558
0.22840 0.20220 0.00000 572.76721 725.84375
0.31640 0.20220 0.00000 613.40002 727.94055
0.34259 0.20220 0.00000 625.56738 728.33990
0.43059 0.20220 0.00000 666.22913 729.54236
0.45679 0.20220 0.00000 678.16284 729.82117
0.54479 0.20220 0.00000 717.56189 730.50110
0.57099 0.20220 0.00000 729.47028 730.60248
0.65899 0.20220 0.00000 768.16693 731.22803
0.00000 0.22840 0.00000 467.36108 708.25177
0.08800 0.22840 0.00000 507.70523 710.51703
0.11420 0.22840 0.00000 520.35132 711.37231
0.20220 0.22840 0.00000 560.77777 713.46680
0.22840 0.22840 0.00000 573.31909 714.18823
0.31640 0.22840 0.00000 614.23669 715.72266
0.34259 0.22840 0.00000 626.08508 716.12823
0.43059 0.22840 0.00000 666.58887 717.61572
0.45679 0.22840 0.00000 678.55414 717.72229
0.54479 0.22840 0.00000 718.09540 718.91125
0.57099 0.22840 0.00000 729.99750 718.92383
0.65899 0.22840 0.00000 768.62012 719.54871
0.00000 0.31640 0.00000 469.07367 667.65222
0.08800 0.31640 0.00000 509.83459 670.13922
0.11420 0.31640 0.00000 522.03857 670.95367
0.20220 0.31640 0.00000 562.99609 673.06256
0.22840 0.31640 0.00000 575.12756 673.83051
0.31640 0.31640 0.00000 616.29169 675.63690
0.34259 0.31640 0.00000 628.31860 675.88251
0.43059 0.31640 0.00000 668.58698 677.58850
0.45679 0.31640 0.00000 680.83905 677.92273
0.54479 0.31640 0.00000 720.42114 679.33862
0.57099 0.31640 0.00000 732.29071 679.42694
0.65899 0.31640 0.00000 770.90466 680.12415
0.00000 0.34259 0.00000 470.15369 655.37549
0.08800 0.34259 0.00000 510.55447 657.72156
0.11420 0.34259 0.00000 522.98163 658.63873
0.20220 0.34259 0.00000 563.66663 660.71735
0.22840 0.34259 0.00000 576.25903 661.54352
0.31640 0.34259 0.00000 616.59467 663.47357
0.34259 0.34259 0.00000 628.93884 663.85065
0.43059 0.34259 0.00000 669.18134 665.61664
0.45679 0.34259 0.00000 681.42194 666.19556
0.54479 0.34259 0.00000 720.92334 667.07727
0.57099 0.34259 0.00000 732.66766 667.47266
0.65899 0.34259 0.00000 771.44366 668.36713
0.08800 0.43059 0.00000 512.74500 617.20294
0.11420 0.43059 0.00000 524.97345 617.88055
0.20220 0.43059 0.00000 565.78363 620.18213
0.22840 0.43059 0.00000 577.92102 620.85333
0.31640 0.43059 0.00000 618.98254 622.98157
0.34259 0.43059 0.00000 630.73737 623.40845
0.43059 0.43059 0.00000 671.15051 624.93793
0.45679 0.43059 0.00000 683.19751 625.87463
0.54479 0.43059 0.00000 722.86877 627.17242
0.57099 0.43059 0.00000 734.69666 627.62891
0.65899 0.43059 0.00000 773.33093 628.71344
0.00000 0.45679 0.00000 473.03430 602.34619
0.08800 0.45679 0.00000 513.41278 604.65320
0.11420 0.45679 0.00000 525.73462 605.63800
0.20220 0.45679 0.00000 566.50928 607.71399
0.22840 0.45679 0.00000 578.92529 608.50995
0.31640 0.45679 0.00000 619.40088 610.49591
0.34259 0.45679 0.00000 631.65302 610.87201
0.43059 0.45679 0.00000 671.88550 612.93823
0.54479 0.45679 0.00000 723.54700 614.79791
0.57099 0.45679 0.00000 735.06854 615.53101
0.65899 0.45679 0.00000 773.83179 616.86792
0.00000 0.54479 0.00000 475.28247 561.94904
0.08800 0.54479 0.00000 515.79547 564.15582
0.11420 0.54479 0.00000 527.94635 564.93060
0.20220 0.54479 0.00000 568.78729 567.19684
0.22840 0.54479 0.00000 581.02441 567.86401
0.31640 0.54479 0.00000 621.55670 570.26324
0.34259 0.54479 0.00000 633.70587 570.69702
0.43059 0.54479 0.00000 673.69415 572.63190
0.45679 0.54479 0.00000 686.02124 573.09637
0.54479 0.54479 0.00000 725.20050 574.82446
0.57099 0.54479 0.00000 736.87878 575.76959
0.65899 0.54479 0.00000 775.36761 577.08594
0.00000 0.57099 0.00000 476.40292 549.52319
0.08800 0.57099 0.00000 516.63086 551.73859
0.11420 0.57099 0.00000 528.98224 552.71716
0.20220 0.57099 0.00000 569.41089 554.72668
0.22840 0.57099 0.00000 581.73987 555.70959
0.31640 0.57099 0.00000 622.19440 557.74902
0.34259 0.57099 0.00000 634.12793 558.39404
0.43059 0.57099 0.00000 674.27136 560.65564
0.45679 0.57099 0.00000 686.47754 561.25262
0.54479 0.57099 0.00000 725.85999 562.92297
0.57099 0.57099 0.00000 737.49738 563.81329
0.65899 0.57099 0.00000 776.15637 565.38031
0.00000 0.65899 0.00000 479.02914 509.10898
0.11420 0.65899 0.00000 531.32819 512.28314
0.20220 0.65899 0.00000 571.67651 514.42450
0.22840 0.65899 0.00000 584.09570 515.10291
0.31640 0.65899 0.00000 624.35938 517.54211
0.34259 0.65899 0.00000 636.38153 517.93829
0.43059 0.65899 0.00000 676.10962 520.38641
0.45679 0.65899 0.00000 688.18878 521.22260
0.54479 0.65899 0.00000 727.26544 523.13330
0.57099 0.65899 0.00000 739.13568 524.09503
0.65899 0.65899 0.00000 777.33923 526.31287

gimbalangles:
-0.10471975512 0.349065850399 0.436332312999 

end: