T_CW:
0.85468 0.38570 -0.34750 0.16929
0.34375 -0.92205 -0.17794 0.48737
-0.38905 0.03263 -0.92064 1.48515
0.00000 0.00000 0.00000 1.00000

T_CW_cov:

target_points_pix:
0.00000 0.11420 0.00000 851.24945 645.40070
0.08800 0.11420 0.00000 914.56793 676.47748
0.00000 0.20220 0.00000 877.14838 581.63049
0.08800 0.20220 0.00000 940.76520 611.23059
0.00000 0.22840 0.00000 884.86841 562.58093
0.08800 0.22840 0.00000 948.74585 591.65759
0.11420 0.22840 0.00000 968.49249 600.61780
0.20220 0.22840 0.00000 1036.31848 631.45648
0.22840 0.22840 0.00000 1057.33984 640.98059
0.31640 0.22840 0.00000 1129.56213 673.80756
0.00000 0.31640 0.00000 910.36237 499.12265
0.08800 0.31640 0.00000 974.83563 526.64880
0.11420 0.31640 0.00000 994.80890 535.15448
0.20220 0.31640 0.00000 1063.27234 564.44464
0.22840 0.31640 0.00000 1084.48914 573.54279
0.31640 0.31640 0.00000 1157.12939 604.64185
0.00000 0.34259 0.00000 918.04883 479.80798
0.08800 0.34259 0.00000 982.77203 507.20160
0.11420 0.34259 0.00000 1002.59637 515.51886
0.20220 0.34259 0.00000 1071.35632 544.36597
0.22840 0.34259 0.00000 1092.45386 553.22314
0.31640 0.34259 0.00000 1165.38306 583.80341
0.34259 0.34259 0.00000 1188.04358 593.34229
0.43059 0.34259 0.00000 1265.80920 625.89502
0.00000 0.43059 0.00000 943.68494 416.66428
0.08800 0.43059 0.00000 1008.88916 442.40207
0.11420 0.43059 0.00000 1029.07642 450.29745
0.20220 0.43059 0.00000 1097.92517 477.48959
0.22840 0.43059 0.00000 1119.45068 485.97327
0.31640 0.43059 0.00000 1192.87732 514.80475
0.34259 0.43059 0.00000 1215.74524 523.80029
0.43059 0.43059 0.00000 1293.81567 554.48505
0.00000 0.45679 0.00000 951.47351 397.73154
0.08800 0.45679 0.00000 1016.59100 422.86905
0.11420 0.45679 0.00000 1036.99683 430.67941
0.20220 0.45679 0.00000 1105.90063 457.44592
0.22840 0.45679 0.00000 1127.50781 465.66898
0.31640 0.45679 0.00000 1200.92993 493.97565
0.34259 0.45679 0.00000 1224.07825 502.89365
0.43059 0.45679 0.00000 1302.42773 533.23120
0.00000 0.54479 0.00000 977.08099 334.77518
0.11420 0.54479 0.00000 1062.94397 365.78732
0.20220 0.54479 0.00000 1132.78442 390.98410
0.22840 0.54479 0.00000 1154.21069 398.81113
0.31640 0.54479 0.00000 1228.36121 425.38937
0.34259 0.54479 0.00000 1251.49707 433.73972
0.43059 0.54479 0.00000 1330.26892 462.14297
0.00000 0.57099 0.00000 984.40277 315.85007
0.11420 0.57099 0.00000 1070.78528 346.33960
0.20220 0.57099 0.00000 1140.63110 371.07620
0.22840 0.57099 0.00000 1162.22485 378.62851
0.31640 0.57099 0.00000 1236.57886 404.73605
0.00000 0.65899 0.00000 1010.01599 253.10091
0.08800 0.65899 0.00000 1076.34094 274.86798
0.11420 0.65899 0.00000 1096.80908 281.59811
0.20220 0.65899 0.00000 1167.19580 304.65866
0.22840 0.65899 0.00000 1189.22815 311.72104
0.31640 0.65899 0.00000 1263.73792 336.21060

gimbalangles:
0.0523598775598 -0.349065850399 -0.436332312999 

end: