T_CW:
0.99741 0.03514 0.06274 -0.58542
0.03965 -0.99660 -0.07220 0.63316
0.05999 0.07450 -0.99541 1.37203
0.00000 0.00000 0.00000 1.00000

T_CW_cov:

target_points_pix:
0.00000 0.00000 0.00000 384.39893 792.23212
0.08800 0.00000 0.00000 423.23483 794.68158
0.11420 0.00000 0.00000 434.74399 795.56873
0.20220 0.00000 0.00000 474.15976 797.90057
0.22840 0.00000 0.00000 485.71964 798.39117
0.31640 0.00000 0.00000 525.48151 800.37671
0.34259 0.00000 0.00000 537.46069 800.74475
0.43059 0.00000 0.00000 577.11755 801.95709
0.45679 0.00000 0.00000 589.23608 802.21375
0.54479 0.00000 0.00000 628.84424 802.68024
0.57099 0.00000 0.00000 640.68182 803.01740
0.65899 0.00000 0.00000 680.02869 803.13379
0.00000 0.08800 0.00000 384.95621 753.69867
0.08800 0.08800 0.00000 423.64468 756.24762
0.11420 0.08800 0.00000 435.45847 756.70270
0.20220 0.08800 0.00000 474.74484 759.10590
0.22840 0.08800 0.00000 486.68579 759.64661
0.31640 0.08800 0.00000 526.42786 761.52740
0.34259 0.08800 0.00000 538.38531 761.93799
0.43059 0.08800 0.00000 578.32318 763.31085
0.45679 0.08800 0.00000 590.33722 763.62335
0.54479 0.08800 0.00000 629.89783 764.37616
0.57099 0.08800 0.00000 641.92267 764.58643
0.65899 0.08800 0.00000 681.26459 764.91479
0.00000 0.11420 0.00000 385.15543 742.07294
0.08800 0.11420 0.00000 423.84085 744.50873
0.11420 0.11420 0.00000 435.65869 745.24231
0.20220 0.11420 0.00000 474.87906 747.42798
0.22840 0.11420 0.00000 486.92813 748.02863
0.31640 0.11420 0.00000 526.57129 749.70630
0.34259 0.11420 0.00000 538.64569 750.33423
0.43059 0.11420 0.00000 578.54626 751.62683
0.45679 0.11420 0.00000 590.48486 751.84985
0.54479 0.11420 0.00000 630.31140 752.77740
0.57099 0.11420 0.00000 642.43225 753.02600
0.65899 0.11420 0.00000 681.78998 753.30060
0.00000 0.20220 0.00000 385.81451 702.84277
0.08800 0.20220 0.00000 424.58322 705.48328
0.11420 0.20220 0.00000 436.47256 706.15997
0.20220 0.20220 0.00000 475.72153 708.33051
0.22840 0.20220 0.00000 487.71609 708.67285
0.31640 0.20220 0.00000 527.60834 710.58838
0.34259 0.20220 0.00000 539.71881 711.09436
0.43059 0.20220 0.00000 579.62097 712.48206
0.45679 0.20220 0.00000 591.79639 712.87012
0.54479 0.20220 0.00000 631.74133 714.03009
0.57099 0.20220 0.00000 643.58051 714.18463
0.65899 0.20220 0.00000 683.18823 714.72925
0.00000 0.22840 0.00000 386.26089 691.26868
0.08800 0.22840 0.00000 424.80746 693.55493
0.11420 0.22840 0.00000 436.69189 694.29474
0.20220 0.22840 0.00000 476.02411 696.48370
0.22840 0.22840 0.00000 488.15460 696.97327
0.31640 0.22840 0.00000 527.85541 698.71545
0.34259 0.22840 0.00000 540.11566 699.30060
0.43059 0.22840 0.00000 579.98315 700.72559
0.45679 0.22840 0.00000 592.29749 701.13892
0.54479 0.22840 0.00000 632.07806 701.97076
0.57099 0.22840 0.00000 644.03528 702.26880
0.65899 0.22840 0.00000 683.66479 702.74658
0.00000 0.31640 0.00000 387.18451 651.98138
0.08800 0.31640 0.00000 425.86578 654.11725
0.11420 0.31640 0.00000 437.64407 654.63385
0.20220 0.31640 0.00000 477.19592 656.74213
0.22840 0.31640 0.00000 489.27597 657.49786
0.31640 0.31640 0.00000 528.89551 659.23535
0.34259 0.31640 0.00000 541.16125 659.77698
0.43059 0.31640 0.00000 581.13116 661.12091
0.45679 0.31640 0.00000 593.44556 661.60632
0.54479 0.31640 0.00000 633.44623 662.55579
0.57099 0.31640 0.00000 645.65472 662.82800
0.65899 0.31640 0.00000 684.90625 663.76746
0.00000 0.34259 0.00000 387.52621 640.02148
0.08800 0.34259 0.00000 426.33514 642.03503
0.11420 0.34259 0.00000 438.17398 642.64777
0.20220 0.34259 0.00000 477.54129 644.58368
0.22840 0.34259 0.00000 489.55945 645.28345
0.31640 0.34259 0.00000 529.53766 646.85321
0.34259 0.34259 0.00000 541.65643 647.70093
0.43059 0.34259 0.00000 581.79187 648.93536
0.45679 0.34259 0.00000 594.07263 649.61438
0.54479 0.34259 0.00000 633.74969 650.64459
0.57099 0.34259 0.00000 646.01929 650.74738
0.65899 0.34259 0.00000 685.46069 651.94031
0.00000 0.43059 0.00000 389.13483 600.24481
0.08800 0.43059 0.00000 427.69492 602.34039
0.11420 0.43059 0.00000 439.67914 602.79742
0.20220 0.43059 0.00000 478.99811 604.88043
0.22840 0.43059 0.00000 491.12433 605.47003
0.31640 0.43059 0.00000 530.83978 607.13800
0.34259 0.43059 0.00000 542.92450 607.64404
0.45679 0.43059 0.00000 595.22766 609.63049
0.54479 0.43059 0.00000 635.12616 610.88965
0.57099 0.43059 0.00000 647.44061 611.09467
0.00000 0.45679 0.00000 389.61151 588.34369
0.08800 0.45679 0.00000 428.35248 590.02197
0.11420 0.45679 0.00000 440.18365 590.61969
0.20220 0.45679 0.00000 479.47281 592.52094
0.22840 0.45679 0.00000 491.36594 593.01093
0.31640 0.45679 0.00000 531.46442 594.66473
0.34259 0.45679 0.00000 543.50140 595.29193
0.43059 0.45679 0.00000 583.56665 596.73578
0.45679 0.45679 0.00000 595.74103 597.46283
0.54479 0.45679 0.00000 635.62164 598.62659
0.57099 0.45679 0.00000 647.78345 598.90607
0.65899 0.45679 0.00000 687.22369 600.15356
0.00000 0.54479 0.00000 391.56137 548.55414
0.08800 0.54479 0.00000 429.92706 550.32379
0.11420 0.54479 0.00000 442.05563 550.98627
0.20220 0.54479 0.00000 481.24951 552.70990
0.22840 0.54479 0.00000 493.40948 553.11621
0.31640 0.54479 0.00000 532.99384 554.97168
0.34259 0.54479 0.00000 545.20380 555.45764
0.45679 0.54479 0.00000 597.21643 557.45038
0.54479 0.54479 0.00000 636.94012 559.02289
0.57099 0.54479 0.00000 649.13770 559.36188
0.00000 0.57099 0.00000 392.34589 536.43323
0.08800 0.57099 0.00000 430.93680 538.18060
0.11420 0.57099 0.00000 442.81171 538.85522
0.20220 0.57099 0.00000 481.73642 540.54279
0.22840 0.57099 0.00000 493.92014 540.86261
0.31640 0.57099 0.00000 533.54065 542.59045
0.34259 0.57099 0.00000 545.54108 543.06372
0.43059 0.57099 0.00000 585.57385 544.66663
0.45679 0.57099 0.00000 597.72174 545.19916
0.54479 0.57099 0.00000 637.56250 546.62262
0.57099 0.57099 0.00000 649.41949 547.14014
0.65899 0.57099 0.00000 688.96106 548.34998
0.00000 0.65899 0.00000 394.65302 497.33115
0.08800 0.65899 0.00000 433.02811 498.84384
0.11420 0.65899 0.00000 444.78375 499.39011
0.20220 0.65899 0.00000 483.67960 500.68106
0.22840 0.65899 0.00000 496.09067 501.14514
0.31640 0.65899 0.00000 535.27747 502.84012
0.34259 0.65899 0.00000 547.59607 503.22116
0.43059 0.65899 0.00000 586.98792 505.08713
0.45679 0.65899 0.00000 599.35272 505.54855
0.54479 0.65899 0.00000 638.77148 507.24710
0.65899 0.65899 0.00000 690.28009 509.40488

gimbalangles:
0.0523598775598 -0.349065850399 -0.261799387799 

end: