T_CW:
0.99600 0.05073 0.07356 -0.37639
0.05740 -0.99415 -0.09155 0.65175
0.06849 0.09540 -0.99308 1.35346
0.00000 0.00000 0.00000 1.00000

T_CW_cov:

target_points_pix:
0.00000 0.00000 0.00000 463.11829 811.15759
0.08800 0.00000 0.00000 503.69232 813.94348
0.11420 0.00000 0.00000 515.63733 814.38867
0.20220 0.00000 0.00000 556.16046 816.53638
0.31640 0.00000 0.00000 609.21271 818.51837
0.34259 0.00000 0.00000 621.17767 818.90228
0.43059 0.00000 0.00000 661.08881 819.83423
0.45679 0.00000 0.00000 673.04291 819.95496
0.54479 0.00000 0.00000 712.62610 819.82727
0.57099 0.00000 0.00000 724.24121 819.95264
0.65899 0.00000 0.00000 762.88171 819.85162
0.00000 0.08800 0.00000 464.69870 771.70270
0.08800 0.08800 0.00000 505.30020 774.34204
0.20220 0.08800 0.00000 558.05994 777.06433
0.22840 0.08800 0.00000 570.41919 777.58234
0.31640 0.08800 0.00000 610.73651 779.24585
0.34259 0.08800 0.00000 622.77997 779.60376
0.43059 0.08800 0.00000 663.32025 780.58099
0.45679 0.08800 0.00000 675.23022 780.73431
0.54479 0.08800 0.00000 714.56708 781.43982
0.57099 0.08800 0.00000 726.47198 781.50549
0.65899 0.08800 0.00000 764.82867 781.44537
0.00000 0.11420 0.00000 465.04092 759.97888
0.08800 0.11420 0.00000 505.57962 762.39435
0.11420 0.11420 0.00000 517.90100 762.99426
0.20220 0.11420 0.00000 558.55164 765.39453
0.22840 0.11420 0.00000 570.64307 765.64911
0.31640 0.11420 0.00000 611.35547 767.27594
0.34259 0.11420 0.00000 623.63281 767.91064
0.43059 0.11420 0.00000 663.70508 768.73492
0.45679 0.11420 0.00000 675.85675 769.01257
0.54479 0.11420 0.00000 715.30817 769.82977
0.57099 0.11420 0.00000 726.91309 769.80933
0.65899 0.11420 0.00000 765.85071 769.98407
0.00000 0.20220 0.00000 466.80975 719.84430
0.08800 0.20220 0.00000 507.38889 722.50067
0.11420 0.20220 0.00000 519.65118 722.93561
0.20220 0.20220 0.00000 560.44824 725.47723
0.22840 0.20220 0.00000 572.68372 725.77625
0.31640 0.20220 0.00000 613.30023 727.76184
0.34259 0.20220 0.00000 625.52991 728.30579
0.43059 0.20220 0.00000 666.20746 729.45483
0.45679 0.20220 0.00000 678.18518 729.74640
0.54479 0.20220 0.00000 717.54938 730.43329
0.57099 0.20220 0.00000 729.41431 730.52478
0.65899 0.20220 0.00000 768.04089 731.16022
0.00000 0.22840 0.00000 467.21289 708.08551
0.08800 0.22840 0.00000 507.66312 710.41974
0.11420 0.22840 0.00000 520.24915 711.24976
0.20220 0.22840 0.00000 560.72314 713.38525
0.22840 0.22840 0.00000 573.19946 713.99121
0.31640 0.22840 0.00000 614.22980 715.62756
0.34259 0.22840 0.00000 626.09717 716.03247
0.43059 0.22840 0.00000 666.53278 717.54120
0.45679 0.22840 0.00000 678.50085 717.68134
0.54479 0.22840 0.00000 717.92792 718.75989
0.57099 0.22840 0.00000 729.81104 718.76575
0.65899 0.22840 0.00000 768.54504 719.47778
0.00000 0.31640 0.00000 469.01825 667.54736
0.08800 0.31640 0.00000 509.83545 670.07104
0.11420 0.31640 0.00000 521.89551 670.80658
0.20220 0.31640 0.00000 563.01312 672.96320
0.22840 0.31640 0.00000 575.09088 673.69952
0.31640 0.31640 0.00000 616.27942 675.55841
0.34259 0.31640 0.00000 628.28778 675.81061
0.43059 0.31640 0.00000 668.57788 677.53192
0.45679 0.31640 0.00000 680.80688 677.87543
0.54479 0.31640 0.00000 720.35382 679.22174
0.57099 0.31640 0.00000 732.21417 679.26453
0.65899 0.31640 0.00000 770.78900 680.06049
0.00000 0.34259 0.00000 469.97556 655.18774
0.08800 0.34259 0.00000 510.53665 657.67114
0.11420 0.34259 0.00000 522.84937 658.49982
0.20220 0.34259 0.00000 563.57983 660.62506
0.22840 0.34259 0.00000 576.19342 661.38293
0.31640 0.34259 0.00000 616.57678 663.41217
0.34259 0.34259 0.00000 628.78967 663.75018
0.43059 0.34259 0.00000 669.12726 665.40033
0.45679 0.34259 0.00000 681.31232 666.08972
0.54479 0.34259 0.00000 720.90643 667.00543
0.57099 0.34259 0.00000 732.65045 667.37122
0.65899 0.34259 0.00000 771.37634 668.26190
0.00000 0.43059 0.00000 471.73093 614.63428
0.08800 0.43059 0.00000 512.72076 617.19275
0.11420 0.43059 0.00000 524.93982 617.82349
0.20220 0.43059 0.00000 565.76849 620.17609
0.22840 0.43059 0.00000 577.85150 620.75592
0.31640 0.43059 0.00000 618.98688 622.90192
0.34259 0.43059 0.00000 630.75482 623.32941
0.43059 0.43059 0.00000 671.16138 624.89496
0.45679 0.43059 0.00000 683.10278 625.67426
0.54479 0.43059 0.00000 722.87152 627.13684
0.57099 0.43059 0.00000 734.63568 627.55566
0.65899 0.43059 0.00000 773.36542 628.65161
0.00000 0.45679 0.00000 472.88214 602.13550
0.08800 0.45679 0.00000 513.38690 604.59650
0.11420 0.45679 0.00000 525.65436 605.44659
0.20220 0.45679 0.00000 566.49261 607.67493
0.22840 0.45679 0.00000 578.76373 608.35291
0.31640 0.45679 0.00000 619.32776 610.41510
0.34259 0.45679 0.00000 631.54718 610.74274
0.43059 0.45679 0.00000 671.83734 612.85809
0.54479 0.45679 0.00000 723.48975 614.74774
0.57099 0.45679 0.00000 734.98572 615.34705
0.65899 0.45679 0.00000 773.80121 616.78259
0.00000 0.54479 0.00000 475.15359 561.71558
0.08800 0.54479 0.00000 515.82672 564.14044
0.11420 0.54479 0.00000 527.86725 564.80316
0.20220 0.54479 0.00000 568.78101 567.17743
0.22840 0.54479 0.00000 580.88019 567.82794
0.34259 0.54479 0.00000 633.60571 570.57288
0.43059 0.54479 0.00000 673.67432 572.50464
0.45679 0.54479 0.00000 685.91321 573.02228
0.54479 0.54479 0.00000 725.11719 574.92255
0.57099 0.54479 0.00000 736.78375 575.63043
0.65899 0.54479 0.00000 775.30798 576.89240
0.00000 0.57099 0.00000 476.31659 549.41510
0.08800 0.57099 0.00000 516.58844 551.68195
0.11420 0.57099 0.00000 528.92621 552.55585
0.20220 0.57099 0.00000 569.38257 554.66119
0.22840 0.57099 0.00000 581.66028 555.47083
0.31640 0.57099 0.00000 622.23761 557.70764
0.34259 0.57099 0.00000 634.05243 558.21021
0.43059 0.57099 0.00000 674.16418 560.44659
0.45679 0.57099 0.00000 686.36664 561.18665
0.54479 0.57099 0.00000 725.78162 562.82068
0.57099 0.57099 0.00000 737.31348 563.59631
0.65899 0.57099 0.00000 776.09058 565.16779
0.00000 0.65899 0.00000 479.06497 509.06094
0.08800 0.65899 0.00000 518.94696 511.18503
0.11420 0.65899 0.00000 531.28284 512.22131
0.20220 0.65899 0.00000 571.66034 514.33868
0.22840 0.65899 0.00000 583.98254 515.03271
0.31640 0.65899 0.00000 624.32941 517.45215
0.34259 0.65899 0.00000 636.32971 517.99280
0.43059 0.65899 0.00000 676.02832 520.18433
0.45679 0.65899 0.00000 688.16528 521.15149
0.54479 0.65899 0.00000 727.22455 522.94745
0.57099 0.65899 0.00000 738.99023 523.87390
0.65899 0.65899 0.00000 777.19324 526.22742

gimbalangles:
0.0523598775598 -0.349065850399 -0.261799387799 

end: