T_CW:
0.99740 0.03513 0.06292 -0.58540
0.03966 -0.99660 -0.07217 0.63315
0.06017 0.07447 -0.99541 1.37200
0.00000 0.00000 0.00000 1.00000

T_CW_cov:

target_points_pix:
0.00000 0.00000 0.00000 384.51086 792.25311
0.08800 0.00000 0.00000 423.20752 794.71967
0.11420 0.00000 0.00000 434.77371 795.58160
0.20220 0.00000 0.00000 474.10944 797.84229
0.22840 0.00000 0.00000 485.80362 798.41150
0.31640 0.00000 0.00000 525.47089 800.32971
0.34259 0.00000 0.00000 537.44446 800.58966
0.43059 0.00000 0.00000 577.19659 801.97443
0.45679 0.00000 0.00000 589.25275 802.24457
0.54479 0.00000 0.00000 628.79791 802.71844
0.57099 0.00000 0.00000 640.71289 802.98175
0.65899 0.00000 0.00000 680.01007 803.15521
0.00000 0.08800 0.00000 384.94260 753.70105
0.08800 0.08800 0.00000 423.71594 756.19843
0.11420 0.08800 0.00000 435.45047 756.73181
0.20220 0.08800 0.00000 474.72549 759.11304
0.22840 0.08800 0.00000 486.70129 759.63177
0.31640 0.08800 0.00000 526.46808 761.50092
0.34259 0.08800 0.00000 538.43866 761.97620
0.43059 0.08800 0.00000 578.30682 763.34814
0.45679 0.08800 0.00000 590.37604 763.61249
0.54479 0.08800 0.00000 629.89160 764.36139
0.57099 0.08800 0.00000 641.98523 764.56091
0.65899 0.08800 0.00000 681.27173 764.88562
0.00000 0.11420 0.00000 385.16211 742.06403
0.08800 0.11420 0.00000 423.77228 744.44794
0.11420 0.11420 0.00000 435.69113 745.24567
0.20220 0.11420 0.00000 474.93283 747.41705
0.22840 0.11420 0.00000 486.90274 747.94678
0.31640 0.11420 0.00000 526.62408 749.73297
0.34259 0.11420 0.00000 538.64227 750.26685
0.43059 0.11420 0.00000 578.56097 751.60468
0.45679 0.11420 0.00000 590.49860 751.86224
0.54479 0.11420 0.00000 630.30438 752.73047
0.57099 0.11420 0.00000 642.42139 753.03247
0.65899 0.11420 0.00000 681.78485 753.22980
0.00000 0.20220 0.00000 385.84143 702.99933
0.08800 0.20220 0.00000 424.59613 705.48535
0.11420 0.20220 0.00000 436.46890 706.18860
0.20220 0.20220 0.00000 475.69833 708.33777
0.22840 0.20220 0.00000 487.67856 708.66589
0.31640 0.20220 0.00000 527.56262 710.57104
0.34259 0.20220 0.00000 539.69958 711.02295
0.43059 0.20220 0.00000 579.60138 712.49945
0.45679 0.20220 0.00000 591.71204 712.78516
0.54479 0.20220 0.00000 631.70782 714.02716
0.57099 0.20220 0.00000 643.60132 714.14948
0.65899 0.20220 0.00000 683.26587 714.65381
0.00000 0.22840 0.00000 386.24832 691.28314
0.08800 0.22840 0.00000 424.81381 693.57849
0.11420 0.22840 0.00000 436.62582 694.28149
0.20220 0.22840 0.00000 475.99817 696.45087
0.22840 0.22840 0.00000 488.15933 696.99640
0.31640 0.22840 0.00000 527.87506 698.70294
0.34259 0.22840 0.00000 540.14764 699.24341
0.43059 0.22840 0.00000 579.97266 700.71619
0.45679 0.22840 0.00000 592.31769 701.18323
0.54479 0.22840 0.00000 632.14362 702.02539
0.57099 0.22840 0.00000 644.00830 702.26331
0.65899 0.22840 0.00000 683.61523 702.68811
0.00000 0.31640 0.00000 387.17789 651.95911
0.08800 0.31640 0.00000 425.82660 654.17279
0.11420 0.31640 0.00000 437.58536 654.59393
0.20220 0.31640 0.00000 477.20212 656.72211
0.22840 0.31640 0.00000 489.28549 657.50372
0.31640 0.31640 0.00000 528.90814 659.18945
0.34259 0.31640 0.00000 541.11395 659.79834
0.43059 0.31640 0.00000 581.13434 661.13336
0.45679 0.31640 0.00000 593.46350 661.61603
0.54479 0.31640 0.00000 633.44031 662.57104
0.57099 0.31640 0.00000 645.62329 662.78888
0.65899 0.31640 0.00000 684.94305 663.88116
0.00000 0.34259 0.00000 387.51068 639.99469
0.08800 0.34259 0.00000 426.40286 642.00690
0.11420 0.34259 0.00000 438.21719 642.62518
0.20220 0.34259 0.00000 477.53168 644.59387
0.22840 0.34259 0.00000 489.54572 645.27228
0.31640 0.34259 0.00000 529.57751 646.86871
0.34259 0.34259 0.00000 541.67139 647.67462
0.43059 0.34259 0.00000 581.76013 648.89215
0.45679 0.34259 0.00000 594.05682 649.56335
0.54479 0.34259 0.00000 633.73352 650.66992
0.57099 0.34259 0.00000 646.11835 650.76752
0.65899 0.34259 0.00000 685.41840 651.84991
0.00000 0.43059 0.00000 389.13843 600.23901
0.08800 0.43059 0.00000 427.69073 602.34180
0.11420 0.43059 0.00000 439.66010 602.77338
0.20220 0.43059 0.00000 479.08826 604.76764
0.22840 0.43059 0.00000 491.05054 605.47803
0.31640 0.43059 0.00000 530.86298 607.12183
0.34259 0.43059 0.00000 542.92505 607.61310
0.43059 0.43059 0.00000 582.95966 609.05145
0.45679 0.43059 0.00000 595.17126 609.59186
0.57099 0.43059 0.00000 647.45526 611.13623
0.00000 0.45679 0.00000 389.58975 588.35376
0.08800 0.45679 0.00000 428.33966 590.10669
0.11420 0.45679 0.00000 440.25928 590.61035
0.20220 0.45679 0.00000 479.50208 592.52161
0.22840 0.45679 0.00000 491.40219 593.04370
0.31640 0.45679 0.00000 531.38782 594.63940
0.34259 0.45679 0.00000 543.44208 595.32855
0.43059 0.45679 0.00000 583.49902 596.68872
0.45679 0.45679 0.00000 595.87854 597.37408
0.54479 0.45679 0.00000 635.66077 598.66632
0.57099 0.45679 0.00000 647.81091 598.87903
0.65899 0.45679 0.00000 687.22650 600.14246
0.00000 0.54479 0.00000 391.59845 548.60583
0.08800 0.54479 0.00000 429.94836 550.31616
0.11420 0.54479 0.00000 442.04456 550.97131
0.20220 0.54479 0.00000 481.22473 552.73602
0.22840 0.54479 0.00000 493.47278 553.08759
0.31640 0.54479 0.00000 533.02002 554.92944
0.34259 0.54479 0.00000 545.28180 555.50018
0.45679 0.54479 0.00000 597.23102 557.50824
0.57099 0.54479 0.00000 649.17352 559.31116
0.00000 0.57099 0.00000 392.30615 536.42633
0.08800 0.57099 0.00000 430.84366 538.13184
0.11420 0.57099 0.00000 442.83304 538.88434
0.20220 0.57099 0.00000 481.69659 540.54730
0.22840 0.57099 0.00000 493.93106 540.83289
0.31640 0.57099 0.00000 533.56085 542.62207
0.34259 0.57099 0.00000 545.63922 542.96851
0.43059 0.57099 0.00000 585.60028 544.66724
0.45679 0.57099 0.00000 597.71094 545.13184
0.54479 0.57099 0.00000 637.53821 546.59216
0.57099 0.57099 0.00000 649.46564 547.16907
0.65899 0.57099 0.00000 688.97046 548.29272
0.00000 0.65899 0.00000 394.68170 497.32022
0.08800 0.65899 0.00000 433.06244 498.81625
0.11420 0.65899 0.00000 444.80981 499.37967
0.20220 0.65899 0.00000 483.72824 500.66940
0.22840 0.65899 0.00000 496.11136 501.16122
0.31640 0.65899 0.00000 535.33154 502.79135
0.34259 0.65899 0.00000 547.64209 503.22803
0.43059 0.65899 0.00000 586.99506 504.99750
0.45679 0.65899 0.00000 599.26141 505.55469
0.54479 0.65899 0.00000 638.78632 507.25171
0.65899 0.65899 0.00000 690.30774 509.38773

gimbalangles:
0.0523598775598 -0.349065850399 -0.0872664625997 

end: