T_CW:
0.99599 0.05071 0.07365 -0.37638
0.05738 -0.99415 -0.09147 0.65176
0.06858 0.09533 -0.99308 1.35343
0.00000 0.00000 0.00000 1.00000

T_CW_cov:

target_points_pix:
0.00000 0.00000 0.00000 463.17944 811.17377
0.08800 0.00000 0.00000 503.66367 813.90735
0.11420 0.00000 0.00000 515.62671 814.40332
0.20220 0.00000 0.00000 556.20160 816.52686
0.31640 0.00000 0.00000 609.21979 818.49658
0.43059 0.00000 0.00000 661.05695 819.81293
0.54479 0.00000 0.00000 712.59161 819.84479
0.57099 0.00000 0.00000 724.25378 819.88354
0.65899 0.00000 0.00000 762.87555 819.85907
0.00000 0.08800 0.00000 464.71829 771.71765
0.08800 0.08800 0.00000 505.27417 774.32239
0.20220 0.08800 0.00000 558.06012 777.09473
0.22840 0.08800 0.00000 570.43292 777.61108
0.31640 0.08800 0.00000 610.73615 779.23602
0.34259 0.08800 0.00000 622.77942 779.61407
0.43059 0.08800 0.00000 663.34485 780.56677
0.45679 0.08800 0.00000 675.25403 780.73505
0.54479 0.08800 0.00000 714.56909 781.42126
0.57099 0.08800 0.00000 726.47461 781.52972
0.65899 0.08800 0.00000 764.78839 781.48230
0.00000 0.11420 0.00000 465.03964 759.99402
0.08800 0.11420 0.00000 505.56418 762.40094
0.11420 0.11420 0.00000 517.92969 763.00708
0.20220 0.11420 0.00000 558.57819 765.40887
0.22840 0.11420 0.00000 570.66461 765.66962
0.31640 0.11420 0.00000 611.40265 767.28760
0.34259 0.11420 0.00000 623.61108 767.88470
0.43059 0.11420 0.00000 663.76141 768.75604
0.45679 0.11420 0.00000 675.88770 769.02881
0.54479 0.11420 0.00000 715.26636 769.79871
0.57099 0.11420 0.00000 726.94385 769.79150
0.65899 0.11420 0.00000 765.85278 770.00897
0.00000 0.20220 0.00000 466.76630 719.82220
0.08800 0.20220 0.00000 507.38474 722.50745
0.11420 0.20220 0.00000 519.63611 723.05939
0.20220 0.20220 0.00000 560.44531 725.48529
0.22840 0.20220 0.00000 572.69366 725.77338
0.31640 0.20220 0.00000 613.27008 727.79352
0.34259 0.20220 0.00000 625.53424 728.33026
0.43059 0.20220 0.00000 666.15210 729.46899
0.45679 0.20220 0.00000 678.22070 729.71033
0.54479 0.20220 0.00000 717.53210 730.43274
0.57099 0.20220 0.00000 729.41357 730.53021
0.65899 0.20220 0.00000 768.06317 731.09967
0.00000 0.22840 0.00000 467.22293 708.05884
0.11420 0.22840 0.00000 520.26361 711.26355
0.20220 0.22840 0.00000 560.75647 713.34473
0.22840 0.22840 0.00000 573.19580 714.02704
0.31640 0.22840 0.00000 614.23090 715.61169
0.34259 0.22840 0.00000 626.07629 715.98944
0.43059 0.22840 0.00000 666.54468 717.53473
0.45679 0.22840 0.00000 678.47833 717.70190
0.54479 0.22840 0.00000 717.97241 718.75262
0.57099 0.22840 0.00000 729.82898 718.73358
0.65899 0.22840 0.00000 768.55389 719.46716
0.00000 0.31640 0.00000 469.01285 667.55194
0.08800 0.31640 0.00000 509.85727 670.10590
0.11420 0.31640 0.00000 521.88837 670.78662
0.20220 0.31640 0.00000 562.99738 672.98303
0.22840 0.31640 0.00000 575.05872 673.69330
0.31640 0.31640 0.00000 616.28046 675.51605
0.34259 0.31640 0.00000 628.31012 675.88696
0.43059 0.31640 0.00000 668.57324 677.52899
0.45679 0.31640 0.00000 680.84393 677.88055
0.54479 0.31640 0.00000 720.35339 679.26465
0.57099 0.31640 0.00000 732.22931 679.26318
0.65899 0.31640 0.00000 770.80542 680.06122
0.00000 0.34259 0.00000 469.92459 655.26178
0.08800 0.34259 0.00000 510.54376 657.67975
0.11420 0.34259 0.00000 522.87262 658.49579
0.20220 0.34259 0.00000 563.57440 660.64056
0.22840 0.34259 0.00000 576.20514 661.39264
0.31640 0.34259 0.00000 616.58099 663.38940
0.34259 0.34259 0.00000 628.79572 663.76117
0.43059 0.34259 0.00000 669.04620 665.43005
0.45679 0.34259 0.00000 681.34833 666.00653
0.54479 0.34259 0.00000 720.89294 666.98248
0.57099 0.34259 0.00000 732.66663 667.37970
0.65899 0.34259 0.00000 771.39532 668.27649
0.00000 0.43059 0.00000 471.76794 614.62018
0.08800 0.43059 0.00000 512.74646 617.16150
0.11420 0.43059 0.00000 524.90399 617.82031
0.20220 0.43059 0.00000 565.78455 620.16321
0.22840 0.43059 0.00000 577.82312 620.75836
0.31640 0.43059 0.00000 618.99670 622.89600
0.34259 0.43059 0.00000 630.81152 623.32288
0.43059 0.43059 0.00000 671.13586 624.94531
0.45679 0.43059 0.00000 683.08099 625.64954
0.54479 0.43059 0.00000 722.86298 627.16687
0.57099 0.43059 0.00000 734.62250 627.55219
0.65899 0.43059 0.00000 773.31897 628.68701
0.00000 0.45679 0.00000 472.90323 602.17603
0.08800 0.45679 0.00000 513.40320 604.62897
0.11420 0.45679 0.00000 525.68347 605.42352
0.20220 0.45679 0.00000 566.46497 607.67981
0.22840 0.45679 0.00000 578.74377 608.34399
0.31640 0.45679 0.00000 619.33771 610.39606
0.34259 0.45679 0.00000 631.55048 610.75830
0.43059 0.45679 0.00000 671.85071 612.87646
0.54479 0.45679 0.00000 723.50439 614.74426
0.57099 0.45679 0.00000 734.95697 615.35461
0.65899 0.45679 0.00000 773.79120 616.77319
0.00000 0.54479 0.00000 475.14322 561.73602
0.08800 0.54479 0.00000 515.78180 564.15918
0.11420 0.54479 0.00000 527.91132 564.82385
0.20220 0.54479 0.00000 568.74268 567.17725
0.22840 0.54479 0.00000 580.86639 567.78717
0.34259 0.54479 0.00000 633.60101 570.56311
0.43059 0.54479 0.00000 673.67444 572.50458
0.45679 0.54479 0.00000 685.93683 572.99408
0.54479 0.54479 0.00000 725.14575 574.92035
0.57099 0.54479 0.00000 736.75531 575.61108
0.65899 0.54479 0.00000 775.26941 576.99335
0.00000 0.57099 0.00000 476.36212 549.46698
0.08800 0.57099 0.00000 516.55243 551.71698
0.11420 0.57099 0.00000 528.92999 552.58264
0.20220 0.57099 0.00000 569.38873 554.66364
0.22840 0.57099 0.00000 581.65411 555.46991
0.31640 0.57099 0.00000 622.23242 557.69965
0.34259 0.57099 0.00000 633.97589 558.19727
0.43059 0.57099 0.00000 674.19299 560.43726
0.45679 0.57099 0.00000 686.38715 561.17548
0.54479 0.57099 0.00000 725.79614 562.79541
0.57099 0.57099 0.00000 737.32977 563.58179
0.65899 0.57099 0.00000 776.06476 565.15851
0.00000 0.65899 0.00000 479.04514 509.06076
0.11420 0.65899 0.00000 531.26630 512.21155
0.20220 0.65899 0.00000 571.66760 514.35126
0.22840 0.65899 0.00000 583.98492 515.01221
0.31640 0.65899 0.00000 624.35156 517.42859
0.34259 0.65899 0.00000 636.35309 517.93561
0.43059 0.65899 0.00000 676.07263 520.17468
0.45679 0.65899 0.00000 688.12628 521.11816
0.54479 0.65899 0.00000 727.22955 522.95868
0.57099 0.65899 0.00000 739.05878 523.99152
0.65899 0.65899 0.00000 777.20099 526.24780

gimbalangles:
0.0523598775598 -0.349065850399 0.0872664625997 

end: