T_CW:
0.87412 0.38594 0.29490 -0.83383
0.38557 -0.92060 0.06194 0.09571
0.29539 0.05956 -0.95352 1.33199
0.00000 0.00000 0.00000 1.00000

T_CW_cov:

target_points_pix:
0.11420 0.00000 0.00000 74.27850 464.51227
0.20220 0.00000 0.00000 147.75987 490.81812
0.22840 0.00000 0.00000 169.41096 498.54449
0.31640 0.00000 0.00000 239.79732 523.69373
0.43059 0.00000 0.00000 328.01520 554.90430
0.45679 0.00000 0.00000 347.83356 561.88220
0.54479 0.00000 0.00000 412.38937 584.71161
0.57099 0.00000 0.00000 431.25754 591.33514
0.11420 0.08800 0.00000 104.43331 395.61465
0.20220 0.08800 0.00000 177.05150 423.12881
0.31640 0.08800 0.00000 268.09265 457.19885
0.34259 0.08800 0.00000 288.74167 464.80411
0.43059 0.08800 0.00000 355.44128 489.79382
0.45679 0.08800 0.00000 374.90918 497.05420
0.54479 0.08800 0.00000 438.81268 520.87665
0.57099 0.08800 0.00000 457.54605 527.95905
0.65899 0.08800 0.00000 518.86017 550.71185
0.00000 0.11420 0.00000 15.27618 337.56549
0.08800 0.11420 0.00000 91.07838 366.67532
0.11420 0.11420 0.00000 113.19857 375.19666
0.20220 0.11420 0.00000 186.09282 402.77408
0.22840 0.11420 0.00000 207.25702 410.91949
0.31640 0.11420 0.00000 276.83575 437.31949
0.34259 0.11420 0.00000 297.16934 445.12173
0.43059 0.11420 0.00000 363.48438 470.42981
0.45679 0.11420 0.00000 383.23871 477.77454
0.54479 0.11420 0.00000 446.72931 501.84705
0.57099 0.11420 0.00000 465.29858 509.07739
0.65899 0.11420 0.00000 526.47693 531.92487
0.00000 0.20220 0.00000 45.85482 267.89169
0.08800 0.20220 0.00000 120.89169 298.27728
0.11420 0.20220 0.00000 143.17950 307.05246
0.20220 0.20220 0.00000 215.02682 335.79572
0.22840 0.20220 0.00000 236.09962 344.10071
0.31640 0.20220 0.00000 304.78436 371.63013
0.34259 0.20220 0.00000 324.92252 379.85645
0.43059 0.20220 0.00000 390.95370 406.25485
0.45679 0.20220 0.00000 410.17529 413.92441
0.54479 0.20220 0.00000 473.28299 438.88898
0.57099 0.20220 0.00000 491.75845 446.22552
0.65899 0.20220 0.00000 552.05145 470.23416
0.00000 0.22840 0.00000 55.16901 247.13785
0.08800 0.22840 0.00000 129.96313 277.60779
0.11420 0.22840 0.00000 152.12567 286.63843
0.20220 0.22840 0.00000 223.76434 315.70554
0.22840 0.22840 0.00000 244.66100 324.25058
0.31640 0.22840 0.00000 313.06046 352.16602
0.34259 0.22840 0.00000 333.28848 360.37643
0.43059 0.22840 0.00000 398.98801 386.97159
0.45679 0.22840 0.00000 418.35617 394.65326
0.57099 0.22840 0.00000 499.47971 427.52017
0.65899 0.22840 0.00000 559.80267 451.73062
0.00000 0.31640 0.00000 85.53324 178.04976
0.08800 0.31640 0.00000 159.75520 209.69351
0.11420 0.31640 0.00000 181.66129 219.03954
0.20220 0.31640 0.00000 252.60945 249.30420
0.22840 0.31640 0.00000 273.41379 258.20056
0.31640 0.31640 0.00000 341.22470 286.93912
0.34259 0.31640 0.00000 361.11105 295.63379
0.43059 0.31640 0.00000 426.15823 323.13004
0.45679 0.31640 0.00000 445.04590 331.29230
0.54479 0.31640 0.00000 507.76526 357.60049
0.57099 0.31640 0.00000 525.85925 365.29333
0.65899 0.31640 0.00000 585.28760 390.60623
0.00000 0.34259 0.00000 94.56086 157.31958
0.08800 0.34259 0.00000 168.86784 189.41975
0.20220 0.34259 0.00000 261.33945 229.42148
0.22840 0.34259 0.00000 282.19730 238.33374
0.31640 0.34259 0.00000 349.63058 267.49667
0.34259 0.34259 0.00000 369.43942 276.12845
0.45679 0.34259 0.00000 453.36469 312.33554
0.54479 0.34259 0.00000 515.36462 338.88528
0.57099 0.34259 0.00000 533.43054 346.64478
0.65899 0.34259 0.00000 592.87762 372.34415
0.00000 0.43059 0.00000 125.09395 88.73916
0.08800 0.43059 0.00000 198.57294 122.01223
0.11420 0.43059 0.00000 220.18297 131.79951
0.20220 0.43059 0.00000 290.00812 163.42725
0.22840 0.43059 0.00000 310.56857 172.65919
0.31640 0.43059 0.00000 377.45596 202.87746
0.34259 0.43059 0.00000 397.20148 211.84109
0.43059 0.43059 0.00000 461.20343 240.72612
0.45679 0.43059 0.00000 480.21341 249.26981
0.54479 0.43059 0.00000 541.45618 276.82523
0.57099 0.43059 0.00000 559.64496 284.92804
0.65899 0.43059 0.00000 618.61292 311.44937
0.11420 0.45679 0.00000 229.10458 111.68716
0.20220 0.45679 0.00000 298.77579 143.66402
0.22840 0.45679 0.00000 319.28226 153.15092
0.31640 0.45679 0.00000 385.78598 183.54860
0.34259 0.45679 0.00000 405.44843 192.56767
0.43059 0.45679 0.00000 469.43869 221.70164
0.45679 0.45679 0.00000 488.23358 230.41284
0.54479 0.45679 0.00000 549.41095 258.31641
0.57099 0.45679 0.00000 567.47437 266.53061
0.65899 0.45679 0.00000 626.11316 293.28207
0.11420 0.54479 0.00000 258.19785 45.36268
0.20220 0.54479 0.00000 327.31357 78.37714
0.22840 0.54479 0.00000 347.61157 88.10697
0.31640 0.54479 0.00000 413.51587 119.47144
0.34259 0.54479 0.00000 433.02621 128.74434
0.43059 0.54479 0.00000 496.04947 159.01555
0.45679 0.54479 0.00000 514.73651 167.70238
0.54479 0.54479 0.00000 575.45044 196.75414
0.57099 0.54479 0.00000 593.18677 205.37053
0.65899 0.54479 0.00000 651.40344 232.97258
0.34259 0.57099 0.00000 441.30301 109.74445
0.43059 0.57099 0.00000 504.16324 140.10710
0.45679 0.57099 0.00000 522.70575 149.18192
0.54479 0.57099 0.00000 583.23938 178.47771
0.57099 0.57099 0.00000 600.94427 186.91478
0.65899 0.57099 0.00000 658.94141 214.79713
0.34259 0.65899 0.00000 468.69382 46.40184
0.43059 0.65899 0.00000 530.96088 77.64478
0.45679 0.65899 0.00000 549.36420 87.03558
0.54479 0.65899 0.00000 609.07007 117.20096
0.57099 0.65899 0.00000 626.83478 125.87682
0.65899 0.65899 0.00000 684.11078 154.87953

gimbalangles:
0.0523598775598 -0.349065850399 0.261799387799 

end: