T_CW:
0.99599 0.05071 0.07367 -0.37638
0.05740 -0.99413 -0.09176 0.65174
0.06858 0.09562 -0.99305 1.35336
0.00000 0.00000 0.00000 1.00000

T_CW_cov:

target_points_pix:
0.00000 0.00000 0.00000 463.04654 811.23700
0.08800 0.00000 0.00000 503.70105 813.92346
0.11420 0.00000 0.00000 515.61908 814.36591
0.20220 0.00000 0.00000 556.25641 816.52881
0.31640 0.00000 0.00000 609.21429 818.49957
0.34259 0.00000 0.00000 621.15118 818.93054
0.43059 0.00000 0.00000 661.05634 819.80859
0.45679 0.00000 0.00000 673.07025 819.94110
0.54479 0.00000 0.00000 712.61469 819.94202
0.57099 0.00000 0.00000 724.23700 819.93646
0.65899 0.00000 0.00000 762.90137 819.89471
0.00000 0.08800 0.00000 464.64578 771.68597
0.08800 0.08800 0.00000 505.26895 774.33057
0.20220 0.08800 0.00000 558.09045 777.05884
0.22840 0.08800 0.00000 570.42938 777.55219
0.31640 0.08800 0.00000 610.71649 779.32678
0.34259 0.08800 0.00000 622.80890 779.61127
0.43059 0.08800 0.00000 663.34198 780.54071
0.45679 0.08800 0.00000 675.26849 780.73120
0.54479 0.08800 0.00000 714.58618 781.43658
0.57099 0.08800 0.00000 726.47638 781.48676
0.65899 0.08800 0.00000 764.79181 781.46619
0.00000 0.11420 0.00000 465.06012 759.97742
0.08800 0.11420 0.00000 505.55972 762.41467
0.11420 0.11420 0.00000 517.92548 763.01105
0.20220 0.11420 0.00000 558.54675 765.37183
0.22840 0.11420 0.00000 570.65802 765.64117
0.31640 0.11420 0.00000 611.38269 767.26685
0.34259 0.11420 0.00000 623.64264 767.95569
0.43059 0.11420 0.00000 663.74524 768.80920
0.45679 0.11420 0.00000 675.86768 769.06512
0.54479 0.11420 0.00000 715.30457 769.76447
0.57099 0.11420 0.00000 726.87628 769.79419
0.65899 0.11420 0.00000 765.83118 769.98547
0.00000 0.20220 0.00000 466.77191 719.82513
0.08800 0.20220 0.00000 507.39902 722.48297
0.11420 0.20220 0.00000 519.62451 723.05304
0.20220 0.20220 0.00000 560.45050 725.48315
0.22840 0.20220 0.00000 572.69702 725.76001
0.31640 0.20220 0.00000 613.25732 727.78052
0.34259 0.20220 0.00000 625.53986 728.30664
0.43059 0.20220 0.00000 666.19806 729.42505
0.45679 0.20220 0.00000 678.20331 729.71564
0.54479 0.20220 0.00000 717.52112 730.45166
0.57099 0.20220 0.00000 729.44318 730.54449
0.65899 0.20220 0.00000 768.00775 731.11841
0.00000 0.22840 0.00000 467.28928 708.08997
0.08800 0.22840 0.00000 507.66678 710.42505
0.11420 0.22840 0.00000 520.27063 711.28455
0.20220 0.22840 0.00000 560.73938 713.34021
0.22840 0.22840 0.00000 573.22034 713.98761
0.31640 0.22840 0.00000 614.25122 715.63977
0.34259 0.22840 0.00000 626.03009 716.06635
0.43059 0.22840 0.00000 666.54047 717.55243
0.45679 0.22840 0.00000 678.47650 717.69110
0.54479 0.22840 0.00000 717.95319 718.76373
0.57099 0.22840 0.00000 729.85120 718.74719
0.65899 0.22840 0.00000 768.54523 719.43488
0.00000 0.31640 0.00000 469.01849 667.53955
0.08800 0.31640 0.00000 509.86310 670.10162
0.11420 0.31640 0.00000 521.87201 670.80353
0.20220 0.31640 0.00000 563.00488 672.94818
0.22840 0.31640 0.00000 575.04962 673.67560
0.31640 0.31640 0.00000 616.24872 675.53552
0.34259 0.31640 0.00000 628.28778 675.84015
0.43059 0.31640 0.00000 668.57367 677.51978
0.45679 0.31640 0.00000 680.79889 677.84418
0.54479 0.31640 0.00000 720.35175 679.26550
0.57099 0.31640 0.00000 732.20599 679.27686
0.65899 0.31640 0.00000 770.80408 680.02869
0.00000 0.34259 0.00000 470.00690 655.18909
0.08800 0.34259 0.00000 510.55087 657.68518
0.11420 0.34259 0.00000 522.85815 658.51331
0.20220 0.34259 0.00000 563.57245 660.61401
0.22840 0.34259 0.00000 576.17145 661.40192
0.31640 0.34259 0.00000 616.57977 663.43353
0.34259 0.34259 0.00000 628.76825 663.76990
0.43059 0.34259 0.00000 669.00482 665.44678
0.45679 0.34259 0.00000 681.33002 666.01483
0.54479 0.34259 0.00000 720.93512 666.94135
0.57099 0.34259 0.00000 732.67377 667.34332
0.65899 0.34259 0.00000 771.35938 668.28979
0.00000 0.43059 0.00000 471.75925 614.60693
0.08800 0.43059 0.00000 512.74554 617.18494
0.11420 0.43059 0.00000 524.93872 617.80658
0.20220 0.43059 0.00000 565.78253 620.17938
0.22840 0.43059 0.00000 577.85791 620.74579
0.31640 0.43059 0.00000 619.01410 622.85547
0.34259 0.43059 0.00000 630.77637 623.31287
0.43059 0.43059 0.00000 671.15985 624.88971
0.45679 0.43059 0.00000 683.00195 625.66150
0.54479 0.43059 0.00000 722.89685 627.10858
0.57099 0.43059 0.00000 734.63190 627.51947
0.65899 0.43059 0.00000 773.37366 628.62421
0.00000 0.45679 0.00000 472.87869 602.16748
0.08800 0.45679 0.00000 513.38654 604.60541
0.11420 0.45679 0.00000 525.66821 605.47644
0.20220 0.45679 0.00000 566.46033 607.65442
0.22840 0.45679 0.00000 578.75659 608.38580
0.31640 0.45679 0.00000 619.34308 610.40137
0.34259 0.45679 0.00000 631.55908 610.74493
0.43059 0.45679 0.00000 671.85620 612.87708
0.54479 0.45679 0.00000 723.51453 614.74103
0.57099 0.45679 0.00000 734.98981 615.35199
0.65899 0.45679 0.00000 773.79138 616.76746
0.00000 0.54479 0.00000 475.16599 561.71777
0.08800 0.54479 0.00000 515.81555 564.15222
0.11420 0.54479 0.00000 527.85071 564.80646
0.20220 0.54479 0.00000 568.80298 567.16656
0.22840 0.54479 0.00000 580.85858 567.82153
0.34259 0.54479 0.00000 633.58575 570.50952
0.43059 0.54479 0.00000 673.67621 572.51166
0.45679 0.54479 0.00000 685.93970 572.99005
0.54479 0.54479 0.00000 725.16833 574.92816
0.57099 0.54479 0.00000 736.73236 575.60938
0.65899 0.54479 0.00000 775.29871 576.98486
0.00000 0.57099 0.00000 476.33466 549.44324
0.08800 0.57099 0.00000 516.58813 551.68683
0.11420 0.57099 0.00000 528.94739 552.58063
0.20220 0.57099 0.00000 569.40283 554.64923
0.22840 0.57099 0.00000 581.65955 555.47662
0.31640 0.57099 0.00000 622.25397 557.67865
0.34259 0.57099 0.00000 634.06458 558.20184
0.43059 0.57099 0.00000 674.19287 560.46735
0.45679 0.57099 0.00000 686.35803 561.18353
0.54479 0.57099 0.00000 725.80017 562.82587
0.57099 0.57099 0.00000 737.34943 563.57190
0.65899 0.57099 0.00000 776.08398 565.15918
0.00000 0.65899 0.00000 479.06622 509.06003
0.08800 0.65899 0.00000 518.93671 511.21634
0.11420 0.65899 0.00000 531.26215 512.21967
0.20220 0.65899 0.00000 571.67230 514.35828
0.22840 0.65899 0.00000 583.98022 515.02545
0.31640 0.65899 0.00000 624.34308 517.41949
0.34259 0.65899 0.00000 636.33124 517.97162
0.43059 0.65899 0.00000 676.01849 520.17151
0.45679 0.65899 0.00000 688.14423 521.14441
0.54479 0.65899 0.00000 727.22351 522.93201
0.57099 0.65899 0.00000 738.99249 523.93054
0.65899 0.65899 0.00000 777.16931 526.24243

gimbalangles:
0.0523598775598 -0.349065850399 0.261799387799 

end: