T_CW:
0.99741 0.03514 0.06269 -0.58540
0.03964 -0.99660 -0.07218 0.63315
0.05994 0.07448 -0.99542 1.37205
0.00000 0.00000 0.00000 1.00000

T_CW_cov:

target_points_pix:
0.00000 0.00000 0.00000 384.51331 792.27100
0.08800 0.00000 0.00000 423.23285 794.66003
0.11420 0.00000 0.00000 434.78766 795.55383
0.20220 0.00000 0.00000 474.13080 797.93597
0.22840 0.00000 0.00000 485.77802 798.44519
0.31640 0.00000 0.00000 525.48352 800.36444
0.34259 0.00000 0.00000 537.44800 800.64374
0.43059 0.00000 0.00000 577.15076 801.99066
0.45679 0.00000 0.00000 589.24866 802.24231
0.54479 0.00000 0.00000 628.80927 802.70978
0.57099 0.00000 0.00000 640.75751 803.02948
0.65899 0.00000 0.00000 680.04431 803.17078
0.00000 0.08800 0.00000 384.97540 753.70386
0.08800 0.08800 0.00000 423.73367 756.21271
0.11420 0.08800 0.00000 435.45538 756.75751
0.20220 0.08800 0.00000 474.72626 759.09070
0.22840 0.08800 0.00000 486.63995 759.62555
0.31640 0.08800 0.00000 526.41833 761.49609
0.34259 0.08800 0.00000 538.41675 761.90826
0.43059 0.08800 0.00000 578.35620 763.33405
0.45679 0.08800 0.00000 590.35718 763.60809
0.54479 0.08800 0.00000 629.88397 764.37567
0.57099 0.08800 0.00000 641.92334 764.61603
0.65899 0.08800 0.00000 681.29449 764.89618
0.00000 0.11420 0.00000 385.14825 742.09509
0.08800 0.11420 0.00000 423.86115 744.50366
0.11420 0.11420 0.00000 435.70273 745.21216
0.20220 0.11420 0.00000 474.99454 747.42865
0.22840 0.11420 0.00000 486.93082 748.01373
0.31640 0.11420 0.00000 526.63562 749.68665
0.34259 0.11420 0.00000 538.64282 750.24445
0.43059 0.11420 0.00000 578.54163 751.60822
0.45679 0.11420 0.00000 590.53589 751.89148
0.54479 0.11420 0.00000 630.27032 752.77258
0.57099 0.11420 0.00000 642.44739 752.97760
0.65899 0.11420 0.00000 681.76434 753.32532
0.00000 0.20220 0.00000 385.88626 703.00238
0.08800 0.20220 0.00000 424.60425 705.48895
0.11420 0.20220 0.00000 436.46603 706.19586
0.20220 0.20220 0.00000 475.69153 708.34949
0.22840 0.20220 0.00000 487.69092 708.70496
0.31640 0.20220 0.00000 527.61542 710.57642
0.34259 0.20220 0.00000 539.71283 711.07880
0.43059 0.20220 0.00000 579.60815 712.48346
0.45679 0.20220 0.00000 591.70190 712.75714
0.54479 0.20220 0.00000 631.74280 714.03986
0.57099 0.20220 0.00000 643.67767 714.16858
0.65899 0.20220 0.00000 683.25146 714.68506
0.00000 0.22840 0.00000 386.25748 691.25848
0.08800 0.22840 0.00000 424.81976 693.61536
0.11420 0.22840 0.00000 436.67160 694.28876
0.20220 0.22840 0.00000 476.03195 696.49701
0.22840 0.22840 0.00000 488.15414 696.97437
0.31640 0.22840 0.00000 527.83380 698.72369
0.34259 0.22840 0.00000 540.07196 699.27466
0.43059 0.22840 0.00000 580.00903 700.73065
0.45679 0.22840 0.00000 592.29401 701.11475
0.54479 0.22840 0.00000 632.05542 702.01251
0.57099 0.22840 0.00000 644.04877 702.26202
0.65899 0.22840 0.00000 683.65320 702.69543
0.00000 0.31640 0.00000 387.15695 651.97583
0.08800 0.31640 0.00000 425.88354 654.09686
0.11420 0.31640 0.00000 437.66550 654.65558
0.20220 0.31640 0.00000 477.18823 656.69409
0.22840 0.31640 0.00000 489.31931 657.42474
0.31640 0.31640 0.00000 528.93390 659.23035
0.34259 0.31640 0.00000 541.17993 659.74548
0.43059 0.31640 0.00000 581.12518 661.13660
0.45679 0.31640 0.00000 593.49103 661.61322
0.54479 0.31640 0.00000 633.39795 662.60321
0.57099 0.31640 0.00000 645.62561 662.79498
0.65899 0.31640 0.00000 684.89886 663.91968
0.00000 0.34259 0.00000 387.59732 640.00665
0.08800 0.34259 0.00000 426.35501 641.99609
0.11420 0.34259 0.00000 438.22763 642.61499
0.20220 0.34259 0.00000 477.53879 644.57611
0.22840 0.34259 0.00000 489.51813 645.33655
0.31640 0.34259 0.00000 529.54816 646.84601
0.34259 0.34259 0.00000 541.66388 647.64960
0.43059 0.34259 0.00000 581.79553 648.92371
0.45679 0.34259 0.00000 594.02765 649.54333
0.54479 0.34259 0.00000 633.75537 650.62140
0.57099 0.34259 0.00000 646.03528 650.67993
0.65899 0.34259 0.00000 685.40857 651.92145
0.00000 0.43059 0.00000 389.16269 600.24847
0.08800 0.43059 0.00000 427.70587 602.29919
0.11420 0.43059 0.00000 439.67230 602.78198
0.20220 0.43059 0.00000 479.02686 604.84705
0.22840 0.43059 0.00000 491.02335 605.38440
0.31640 0.43059 0.00000 530.82593 607.16565
0.34259 0.43059 0.00000 543.03979 607.68976
0.45679 0.43059 0.00000 595.19287 609.60931
0.57099 0.43059 0.00000 647.43213 611.11426
0.00000 0.45679 0.00000 389.57990 588.34460
0.08800 0.45679 0.00000 428.32651 590.08215
0.11420 0.45679 0.00000 440.24557 590.63593
0.20220 0.45679 0.00000 479.50098 592.50531
0.22840 0.45679 0.00000 491.38605 592.96924
0.31640 0.45679 0.00000 531.42023 594.65302
0.34259 0.45679 0.00000 543.45520 595.35645
0.43059 0.45679 0.00000 583.57709 596.73682
0.45679 0.45679 0.00000 595.83124 597.34869
0.54479 0.45679 0.00000 635.64600 598.64508
0.57099 0.45679 0.00000 647.85437 598.91791
0.65899 0.45679 0.00000 687.22723 600.15656
0.00000 0.54479 0.00000 391.52716 548.53900
0.08800 0.54479 0.00000 429.98773 550.29895
0.11420 0.54479 0.00000 442.11441 551.02429
0.20220 0.54479 0.00000 481.28070 552.67438
0.22840 0.54479 0.00000 493.46243 553.13074
0.31640 0.54479 0.00000 533.02094 554.89667
0.34259 0.54479 0.00000 545.15204 555.46405
0.45679 0.54479 0.00000 597.29224 557.48065
0.54479 0.54479 0.00000 637.01392 559.01758
0.57099 0.54479 0.00000 649.23450 559.35132
0.00000 0.57099 0.00000 392.31372 536.42224
0.08800 0.57099 0.00000 430.85742 538.16357
0.11420 0.57099 0.00000 442.83536 538.89972
0.20220 0.57099 0.00000 481.71860 540.58936
0.22840 0.57099 0.00000 493.91629 540.81970
0.31640 0.57099 0.00000 533.51990 542.56293
0.34259 0.57099 0.00000 545.75867 542.96368
0.43059 0.57099 0.00000 585.58386 544.68774
0.45679 0.57099 0.00000 597.73590 545.18170
0.54479 0.57099 0.00000 637.52588 546.61053
0.57099 0.57099 0.00000 649.37964 547.16797
0.65899 0.57099 0.00000 689.00012 548.34216
0.00000 0.65899 0.00000 394.69598 497.33456
0.08800 0.65899 0.00000 433.04688 498.86258
0.11420 0.65899 0.00000 444.81335 499.37418
0.20220 0.65899 0.00000 483.68719 500.67947
0.22840 0.65899 0.00000 496.09283 501.12973
0.31640 0.65899 0.00000 535.34766 502.77957
0.34259 0.65899 0.00000 547.63544 503.26993
0.43059 0.65899 0.00000 586.98126 505.06058
0.45679 0.65899 0.00000 599.31689 505.55124
0.54479 0.65899 0.00000 638.83209 507.19095
0.65899 0.65899 0.00000 690.31213 509.40076

gimbalangles:
0.0523598775598 -0.349065850399 0.261799387799 

end: