T_CW:
0.99742 0.03509 0.06268 -0.58539
0.03961 -0.99660 -0.07232 0.63317
0.05993 0.07461 -0.99541 1.37204
0.00000 0.00000 0.00000 1.00000

T_CW_cov:

target_points_pix:
0.00000 0.00000 0.00000 384.48447 792.29425
0.08800 0.00000 0.00000 423.19843 794.75079
0.11420 0.00000 0.00000 434.77902 795.57294
0.20220 0.00000 0.00000 474.19055 797.81482
0.22840 0.00000 0.00000 485.82300 798.41425
0.31640 0.00000 0.00000 525.51685 800.33154
0.34259 0.00000 0.00000 537.48718 800.65143
0.43059 0.00000 0.00000 577.21875 801.99713
0.45679 0.00000 0.00000 589.25336 802.25226
0.54479 0.00000 0.00000 628.80865 802.72284
0.57099 0.00000 0.00000 640.73499 802.92035
0.65899 0.00000 0.00000 680.09967 803.13794
0.00000 0.08800 0.00000 384.93121 753.66779
0.08800 0.08800 0.00000 423.67584 756.29559
0.11420 0.08800 0.00000 435.45587 756.68042
0.20220 0.08800 0.00000 474.71381 759.07758
0.22840 0.08800 0.00000 486.71524 759.65533
0.31640 0.08800 0.00000 526.42401 761.45422
0.34259 0.08800 0.00000 538.43567 761.90283
0.43059 0.08800 0.00000 578.38470 763.31836
0.45679 0.08800 0.00000 590.34711 763.65198
0.54479 0.08800 0.00000 629.93542 764.38574
0.57099 0.08800 0.00000 641.96271 764.57935
0.65899 0.08800 0.00000 681.25433 764.91748
0.00000 0.11420 0.00000 385.19217 742.02679
0.08800 0.11420 0.00000 423.87305 744.51385
0.11420 0.11420 0.00000 435.65753 745.23352
0.20220 0.11420 0.00000 474.97189 747.39832
0.22840 0.11420 0.00000 486.90631 748.06036
0.31640 0.11420 0.00000 526.60846 749.69171
0.34259 0.11420 0.00000 538.63739 750.28333
0.43059 0.11420 0.00000 578.54730 751.64227
0.45679 0.11420 0.00000 590.49310 751.86548
0.54479 0.11420 0.00000 630.31256 752.81659
0.57099 0.11420 0.00000 642.41174 753.01947
0.65899 0.11420 0.00000 681.83752 753.31097
0.00000 0.20220 0.00000 385.90356 703.07532
0.08800 0.20220 0.00000 424.59927 705.50726
0.11420 0.20220 0.00000 436.50165 706.15039
0.20220 0.20220 0.00000 475.71933 708.35657
0.22840 0.20220 0.00000 487.69724 708.67181
0.31640 0.20220 0.00000 527.54901 710.60382
0.34259 0.20220 0.00000 539.69531 711.12299
0.43059 0.20220 0.00000 579.61377 712.50146
0.45679 0.20220 0.00000 591.73120 712.79749
0.54479 0.20220 0.00000 631.67810 714.07324
0.57099 0.20220 0.00000 643.60858 714.18793
0.65899 0.20220 0.00000 683.27106 714.66693
0.00000 0.22840 0.00000 386.28207 691.29681
0.08800 0.22840 0.00000 424.76285 693.56720
0.11420 0.22840 0.00000 436.68930 694.26660
0.20220 0.22840 0.00000 476.02097 696.41870
0.22840 0.22840 0.00000 488.16943 696.97296
0.31640 0.22840 0.00000 527.85693 698.70398
0.34259 0.22840 0.00000 540.13861 699.27301
0.43059 0.22840 0.00000 579.94873 700.67419
0.45679 0.22840 0.00000 592.31952 701.13525
0.54479 0.22840 0.00000 632.11481 702.00061
0.57099 0.22840 0.00000 644.00946 702.30347
0.65899 0.22840 0.00000 683.63983 702.71765
0.00000 0.31640 0.00000 387.16296 651.95605
0.08800 0.31640 0.00000 425.86600 654.16980
0.11420 0.31640 0.00000 437.65250 654.64423
0.20220 0.31640 0.00000 477.27902 656.68750
0.22840 0.31640 0.00000 489.27856 657.48773
0.31640 0.31640 0.00000 528.90662 659.23962
0.34259 0.31640 0.00000 541.11383 659.73694
0.43059 0.31640 0.00000 581.17828 661.16174
0.45679 0.31640 0.00000 593.44324 661.61481
0.54479 0.31640 0.00000 633.36469 662.62836
0.57099 0.31640 0.00000 645.61597 662.80103
0.65899 0.31640 0.00000 684.91223 663.83844
0.00000 0.34259 0.00000 387.54431 640.05280
0.08800 0.34259 0.00000 426.39093 641.95801
0.11420 0.34259 0.00000 438.24823 642.64117
0.20220 0.34259 0.00000 477.53326 644.58868
0.22840 0.34259 0.00000 489.55023 645.26849
0.31640 0.34259 0.00000 529.52618 646.85364
0.34259 0.34259 0.00000 541.67688 647.65668
0.43059 0.34259 0.00000 581.77527 648.93439
0.45679 0.34259 0.00000 594.03687 649.58612
0.54479 0.34259 0.00000 633.76862 650.64758
0.57099 0.34259 0.00000 646.13593 650.76129
0.65899 0.34259 0.00000 685.43091 651.89594
0.00000 0.43059 0.00000 389.13416 600.29364
0.08800 0.43059 0.00000 427.68384 602.35785
0.11420 0.43059 0.00000 439.63269 602.76318
0.20220 0.43059 0.00000 479.03796 604.82031
0.22840 0.43059 0.00000 491.08862 605.43481
0.31640 0.43059 0.00000 530.84808 607.13843
0.34259 0.43059 0.00000 542.92938 607.58374
0.43059 0.43059 0.00000 582.92450 609.08301
0.45679 0.43059 0.00000 595.22095 609.66095
0.54479 0.43059 0.00000 635.10840 610.84729
0.57099 0.43059 0.00000 647.43188 611.08795
0.00000 0.45679 0.00000 389.59088 588.33539
0.08800 0.45679 0.00000 428.35034 590.03827
0.11420 0.45679 0.00000 440.21924 590.59662
0.20220 0.45679 0.00000 479.47720 592.50287
0.22840 0.45679 0.00000 491.39371 592.85510
0.31640 0.45679 0.00000 531.42664 594.63019
0.34259 0.45679 0.00000 543.49713 595.33423
0.43059 0.45679 0.00000 583.53088 596.68292
0.45679 0.45679 0.00000 595.75079 597.44684
0.54479 0.45679 0.00000 635.61963 598.62701
0.57099 0.45679 0.00000 647.87762 598.84149
0.65899 0.45679 0.00000 687.24628 600.15778
0.00000 0.54479 0.00000 391.56967 548.54694
0.08800 0.54479 0.00000 429.99011 550.27350
0.11420 0.54479 0.00000 442.11249 551.02246
0.20220 0.54479 0.00000 481.24847 552.69324
0.22840 0.54479 0.00000 493.49109 553.10144
0.31640 0.54479 0.00000 533.04669 554.97144
0.34259 0.54479 0.00000 545.21484 555.44324
0.45679 0.54479 0.00000 597.16431 557.43677
0.57099 0.54479 0.00000 649.16718 559.33423
0.00000 0.57099 0.00000 392.31497 536.42340
0.08800 0.57099 0.00000 430.96121 538.24835
0.11420 0.57099 0.00000 442.81427 538.84912
0.20220 0.57099 0.00000 481.72266 540.58936
0.22840 0.57099 0.00000 493.93900 540.87396
0.31640 0.57099 0.00000 533.55157 542.59772
0.34259 0.57099 0.00000 545.62494 543.02136
0.43059 0.57099 0.00000 585.58386 544.66101
0.45679 0.57099 0.00000 597.75409 545.20441
0.54479 0.57099 0.00000 637.53143 546.59552
0.57099 0.57099 0.00000 649.43500 547.11041
0.65899 0.57099 0.00000 688.97809 548.28497
0.00000 0.65899 0.00000 394.70242 497.31842
0.08800 0.65899 0.00000 433.07092 498.80667
0.11420 0.65899 0.00000 444.80270 499.36386
0.20220 0.65899 0.00000 483.67114 500.70438
0.22840 0.65899 0.00000 496.11053 501.19418
0.31640 0.65899 0.00000 535.31281 502.82660
0.34259 0.65899 0.00000 547.59857 503.23752
0.43059 0.65899 0.00000 586.97223 505.09229
0.45679 0.65899 0.00000 599.36487 505.64291
0.54479 0.65899 0.00000 638.81311 507.22507
0.65899 0.65899 0.00000 690.31366 509.40350

gimbalangles:
0.0523598775598 -0.349065850399 0.436332312999 

end: