T_CW:
0.90432 0.21278 -0.37004 0.24756
0.18522 -0.97664 -0.10894 0.43907
-0.38458 0.02998 -0.92260 1.48788
0.00000 0.00000 0.00000 1.00000

T_CW_cov:

target_points_pix:
0.00000 0.00000 0.00000 877.55212 690.11676
0.08800 0.00000 0.00000 944.89575 710.97052
0.00000 0.08800 0.00000 891.77332 622.53119
0.08800 0.08800 0.00000 959.46613 641.74811
0.00000 0.11420 0.00000 896.18793 602.32074
0.08800 0.11420 0.00000 963.61957 621.09485
0.11420 0.11420 0.00000 984.66699 626.86774
0.20220 0.11420 0.00000 1056.42273 646.85291
0.22840 0.11420 0.00000 1078.56140 653.00085
0.31640 0.11420 0.00000 1154.79590 674.27307
0.43059 0.11420 0.00000 1259.62683 703.47046
0.00000 0.20220 0.00000 910.29529 535.06696
0.08800 0.20220 0.00000 977.85675 552.26385
0.11420 0.20220 0.00000 998.95532 557.55603
0.20220 0.20220 0.00000 1071.15259 575.78870
0.22840 0.20220 0.00000 1093.30835 581.53131
0.31640 0.20220 0.00000 1169.65552 600.96997
0.34259 0.20220 0.00000 1193.50610 607.14185
0.43059 0.20220 0.00000 1275.02844 627.75555
0.00000 0.22840 0.00000 914.41290 514.90558
0.08800 0.22840 0.00000 982.33649 531.59674
0.11420 0.22840 0.00000 1003.31647 536.79199
0.20220 0.22840 0.00000 1075.42346 554.62073
0.22840 0.22840 0.00000 1097.51868 560.13635
0.31640 0.22840 0.00000 1174.14172 579.01129
0.34259 0.22840 0.00000 1198.01746 584.93707
0.43059 0.22840 0.00000 1279.60388 605.02301
0.00000 0.31640 0.00000 928.22534 447.65939
0.08800 0.31640 0.00000 996.50366 463.11526
0.11420 0.31640 0.00000 1017.53400 467.72781
0.20220 0.31640 0.00000 1089.73682 483.76978
0.22840 0.31640 0.00000 1112.20703 488.93674
0.31640 0.31640 0.00000 1188.97998 506.14700
0.34259 0.31640 0.00000 1212.60657 511.33862
0.43059 0.31640 0.00000 1294.62976 529.58588
0.00000 0.34259 0.00000 932.39227 427.61462
0.08800 0.34259 0.00000 1000.71399 442.49915
0.11420 0.34259 0.00000 1021.86914 446.97839
0.20220 0.34259 0.00000 1094.21826 462.62790
0.22840 0.34259 0.00000 1116.60742 467.54477
0.31640 0.34259 0.00000 1193.41931 484.20358
0.34259 0.34259 0.00000 1217.19336 489.31451
0.43059 0.34259 0.00000 1299.32642 506.92664
0.00000 0.43059 0.00000 946.44727 360.90613
0.08800 0.43059 0.00000 1014.83380 374.07257
0.11420 0.43059 0.00000 1035.91260 378.15613
0.20220 0.43059 0.00000 1108.56360 392.18762
0.22840 0.43059 0.00000 1131.32507 396.46353
0.34259 0.43059 0.00000 1232.25195 415.88498
0.43059 0.43059 0.00000 1314.37720 431.74106
0.00000 0.45679 0.00000 950.48334 340.72290
0.08800 0.45679 0.00000 1019.30310 353.57959
0.11420 0.45679 0.00000 1040.21436 357.56573
0.20220 0.45679 0.00000 1113.00842 370.98792
0.22840 0.45679 0.00000 1135.42053 375.30496
0.31640 0.45679 0.00000 1212.55518 389.54419
0.34259 0.45679 0.00000 1236.62244 393.93021
0.43059 0.45679 0.00000 1318.72791 409.31195
0.00000 0.54479 0.00000 964.56995 274.19254
0.08800 0.54479 0.00000 1033.20850 285.49976
0.11420 0.54479 0.00000 1054.51038 289.02634
0.20220 0.54479 0.00000 1127.41675 300.73270
0.22840 0.54479 0.00000 1149.98621 304.55566
0.31640 0.54479 0.00000 1227.31982 317.17926
0.34259 0.54479 0.00000 1251.46863 321.00357
0.43059 0.54479 0.00000 1333.75146 334.42313
0.00000 0.57099 0.00000 968.68915 254.22064
0.08800 0.57099 0.00000 1037.45764 264.96423
0.11420 0.57099 0.00000 1058.84998 268.39804
0.20220 0.57099 0.00000 1131.49792 279.72397
0.22840 0.57099 0.00000 1154.21033 283.39362
0.31640 0.57099 0.00000 1231.66980 295.43607
0.00000 0.65899 0.00000 982.44708 187.83890
0.08800 0.65899 0.00000 1051.52136 197.04886
0.11420 0.65899 0.00000 1072.70178 199.75023
0.20220 0.65899 0.00000 1146.01233 209.57175
0.22840 0.65899 0.00000 1168.80615 212.62224
0.31640 0.65899 0.00000 1246.50134 223.06572

gimbalangles:
0.0523598775598 -0.174532925199 -0.436332312999 

end: