T_CW:
0.99741 0.03515 0.06271 -0.58539
0.03965 -0.99661 -0.07208 0.63316
0.05996 0.07438 -0.99543 1.37206
0.00000 0.00000 0.00000 1.00000

T_CW_cov:

target_points_pix:
0.00000 0.00000 0.00000 384.49582 792.24615
0.08800 0.00000 0.00000 423.16861 794.71283
0.11420 0.00000 0.00000 434.82098 795.57135
0.20220 0.00000 0.00000 474.19479 797.78833
0.22840 0.00000 0.00000 485.72733 798.42065
0.31640 0.00000 0.00000 525.50067 800.32172
0.34259 0.00000 0.00000 537.47437 800.68433
0.43059 0.00000 0.00000 577.21075 802.01514
0.45679 0.00000 0.00000 589.23706 802.22632
0.54479 0.00000 0.00000 628.81512 802.72711
0.57099 0.00000 0.00000 640.70911 802.95190
0.65899 0.00000 0.00000 680.09186 803.14716
0.00000 0.08800 0.00000 384.98090 753.69305
0.08800 0.08800 0.00000 423.69370 756.20642
0.11420 0.08800 0.00000 435.44287 756.72772
0.20220 0.08800 0.00000 474.72058 759.13562
0.22840 0.08800 0.00000 486.69617 759.68018
0.31640 0.08800 0.00000 526.41608 761.48834
0.34259 0.08800 0.00000 538.41492 761.96405
0.43059 0.08800 0.00000 578.34198 763.37738
0.45679 0.08800 0.00000 590.35883 763.57324
0.54479 0.08800 0.00000 629.98083 764.33356
0.57099 0.08800 0.00000 641.93457 764.58032
0.65899 0.08800 0.00000 681.28876 764.91321
0.00000 0.11420 0.00000 385.14764 742.08362
0.08800 0.11420 0.00000 423.85349 744.50757
0.11420 0.11420 0.00000 435.56567 745.17267
0.20220 0.11420 0.00000 474.90643 747.43622
0.22840 0.11420 0.00000 486.91980 747.99683
0.31640 0.11420 0.00000 526.62750 749.72357
0.34259 0.11420 0.00000 538.64661 750.23816
0.43059 0.11420 0.00000 578.59839 751.57990
0.45679 0.11420 0.00000 590.53802 751.83411
0.54479 0.11420 0.00000 630.29651 752.83673
0.57099 0.11420 0.00000 642.48383 752.99402
0.65899 0.11420 0.00000 681.79956 753.27753
0.00000 0.20220 0.00000 385.88727 702.99664
0.08800 0.20220 0.00000 424.59625 705.47974
0.11420 0.20220 0.00000 436.48358 706.17175
0.20220 0.20220 0.00000 475.74292 708.33154
0.22840 0.20220 0.00000 487.74191 708.74713
0.31640 0.20220 0.00000 527.59943 710.58240
0.34259 0.20220 0.00000 539.72815 711.13141
0.43059 0.20220 0.00000 579.61157 712.47699
0.45679 0.20220 0.00000 591.71106 712.74005
0.54479 0.20220 0.00000 631.78406 713.98944
0.57099 0.20220 0.00000 643.58276 714.21759
0.65899 0.20220 0.00000 683.19873 714.73859
0.00000 0.22840 0.00000 386.27161 691.34131
0.08800 0.22840 0.00000 424.80588 693.55780
0.11420 0.22840 0.00000 436.61496 694.29065
0.20220 0.22840 0.00000 475.98166 696.48846
0.22840 0.22840 0.00000 488.21497 696.98175
0.31640 0.22840 0.00000 527.86047 698.74664
0.34259 0.22840 0.00000 540.09589 699.38733
0.43059 0.22840 0.00000 579.99030 700.70355
0.45679 0.22840 0.00000 592.32391 701.19153
0.54479 0.22840 0.00000 632.15613 701.98419
0.57099 0.22840 0.00000 644.06030 702.25677
0.65899 0.22840 0.00000 683.67560 702.71838
0.00000 0.31640 0.00000 387.19598 651.96100
0.08800 0.31640 0.00000 425.83228 654.16522
0.11420 0.31640 0.00000 437.67770 654.61865
0.20220 0.31640 0.00000 477.21124 656.74274
0.22840 0.31640 0.00000 489.28302 657.47076
0.31640 0.31640 0.00000 528.90906 659.21527
0.34259 0.31640 0.00000 541.16443 659.75226
0.43059 0.31640 0.00000 581.15375 661.11627
0.45679 0.31640 0.00000 593.47882 661.60364
0.54479 0.31640 0.00000 633.43188 662.58215
0.57099 0.31640 0.00000 645.63873 662.80231
0.65899 0.31640 0.00000 684.92303 663.97461
0.00000 0.34259 0.00000 387.60089 639.96155
0.08800 0.34259 0.00000 426.37973 641.94513
0.11420 0.34259 0.00000 438.22650 642.59674
0.20220 0.34259 0.00000 477.54407 644.58759
0.22840 0.34259 0.00000 489.59586 645.29138
0.31640 0.34259 0.00000 529.54041 646.86530
0.34259 0.34259 0.00000 541.68335 647.69299
0.43059 0.34259 0.00000 581.72827 648.87170
0.45679 0.34259 0.00000 594.12311 649.57074
0.54479 0.34259 0.00000 633.74805 650.65253
0.57099 0.34259 0.00000 646.07678 650.83691
0.65899 0.34259 0.00000 685.47430 651.90265
0.00000 0.43059 0.00000 389.12756 600.21027
0.08800 0.43059 0.00000 427.67844 602.36682
0.11420 0.43059 0.00000 439.58853 602.70337
0.20220 0.43059 0.00000 479.12003 604.77179
0.22840 0.43059 0.00000 491.11511 605.50122
0.31640 0.43059 0.00000 530.80072 607.17224
0.34259 0.43059 0.00000 542.95544 607.68561
0.43059 0.43059 0.00000 582.95062 609.07117
0.45679 0.43059 0.00000 595.26074 609.66071
0.54479 0.43059 0.00000 635.09216 610.84869
0.57099 0.43059 0.00000 647.51965 611.12018
0.00000 0.45679 0.00000 389.58856 588.33008
0.08800 0.45679 0.00000 428.35782 590.06720
0.11420 0.45679 0.00000 440.28665 590.61285
0.20220 0.45679 0.00000 479.49203 592.52173
0.22840 0.45679 0.00000 491.32275 593.09863
0.31640 0.45679 0.00000 531.40887 594.65295
0.34259 0.45679 0.00000 543.44000 595.36932
0.43059 0.45679 0.00000 583.57538 596.71991
0.45679 0.45679 0.00000 595.73462 597.46295
0.54479 0.45679 0.00000 635.63275 598.64258
0.57099 0.45679 0.00000 647.84052 598.85278
0.65899 0.45679 0.00000 687.23193 600.16547
0.00000 0.54479 0.00000 391.57358 548.56409
0.08800 0.54479 0.00000 429.99460 550.29773
0.11420 0.54479 0.00000 442.03339 550.98059
0.20220 0.54479 0.00000 481.24008 552.72339
0.22840 0.54479 0.00000 493.40286 553.03796
0.31640 0.54479 0.00000 533.02972 554.94873
0.34259 0.54479 0.00000 545.22174 555.40540
0.45679 0.54479 0.00000 597.28839 557.48029
0.57099 0.54479 0.00000 649.25745 559.37384
0.00000 0.57099 0.00000 392.33395 536.46289
0.08800 0.57099 0.00000 430.93274 538.21088
0.11420 0.57099 0.00000 442.83005 538.83270
0.20220 0.57099 0.00000 481.70483 540.57477
0.22840 0.57099 0.00000 493.90543 540.82501
0.31640 0.57099 0.00000 533.54547 542.60468
0.34259 0.57099 0.00000 545.58044 543.02771
0.43059 0.57099 0.00000 585.61017 544.68854
0.45679 0.57099 0.00000 597.68964 545.32019
0.54479 0.57099 0.00000 637.55975 546.62915
0.57099 0.57099 0.00000 649.47791 547.13892
0.65899 0.57099 0.00000 688.96820 548.31024
0.00000 0.65899 0.00000 394.70108 497.33533
0.08800 0.65899 0.00000 433.04999 498.82425
0.11420 0.65899 0.00000 444.83600 499.38892
0.20220 0.65899 0.00000 483.71521 500.66623
0.22840 0.65899 0.00000 496.09363 501.14465
0.31640 0.65899 0.00000 535.27362 502.86194
0.34259 0.65899 0.00000 547.65747 503.24976
0.43059 0.65899 0.00000 587.02972 504.99283
0.45679 0.65899 0.00000 599.28192 505.56528
0.54479 0.65899 0.00000 638.75031 507.26227
0.57099 0.65899 0.00000 651.07184 507.86703
0.65899 0.65899 0.00000 690.32062 509.41370

gimbalangles:
0.0523598775598 -0.174532925199 -0.436332312999 

end: