T_CW:
0.99742 0.03513 0.06266 -0.58539
0.03962 -0.99663 -0.07186 0.63317
0.05992 0.07416 -0.99544 1.37214
0.00000 0.00000 0.00000 1.00000

T_CW_cov:

target_points_pix:
0.00000 0.00000 0.00000 384.51300 792.23151
0.08800 0.00000 0.00000 423.23300 794.73694
0.11420 0.00000 0.00000 434.76440 795.52112
0.20220 0.00000 0.00000 474.18271 797.85065
0.22840 0.00000 0.00000 485.80548 798.42609
0.31640 0.00000 0.00000 525.51422 800.32672
0.34259 0.00000 0.00000 537.49017 800.69611
0.43059 0.00000 0.00000 577.23633 801.93365
0.45679 0.00000 0.00000 589.24469 802.17749
0.54479 0.00000 0.00000 628.81696 802.79419
0.57099 0.00000 0.00000 640.75861 802.91125
0.65899 0.00000 0.00000 680.04773 803.13397
0.00000 0.08800 0.00000 384.98679 753.66522
0.08800 0.08800 0.00000 423.68387 756.20203
0.11420 0.08800 0.00000 435.45084 756.75464
0.20220 0.08800 0.00000 474.79416 759.04907
0.22840 0.08800 0.00000 486.68723 759.67560
0.31640 0.08800 0.00000 526.45892 761.51300
0.34259 0.08800 0.00000 538.48047 761.90759
0.43059 0.08800 0.00000 578.32623 763.35748
0.45679 0.08800 0.00000 590.35876 763.59875
0.54479 0.08800 0.00000 629.89276 764.36530
0.57099 0.08800 0.00000 641.88013 764.55585
0.65899 0.08800 0.00000 681.32184 764.87561
0.00000 0.11420 0.00000 385.19925 742.06793
0.08800 0.11420 0.00000 423.82639 744.52716
0.11420 0.11420 0.00000 435.63953 745.19788
0.20220 0.11420 0.00000 474.95190 747.45709
0.22840 0.11420 0.00000 486.89621 747.98669
0.31640 0.11420 0.00000 526.58691 749.72064
0.34259 0.11420 0.00000 538.64587 750.29126
0.43059 0.11420 0.00000 578.57251 751.56335
0.45679 0.11420 0.00000 590.49518 751.87524
0.54479 0.11420 0.00000 630.30920 752.73694
0.57099 0.11420 0.00000 642.44476 753.00275
0.65899 0.11420 0.00000 681.78461 753.25446
0.00000 0.20220 0.00000 385.90408 703.08246
0.08800 0.20220 0.00000 424.65106 705.46588
0.11420 0.20220 0.00000 436.46204 706.15692
0.20220 0.20220 0.00000 475.76425 708.30365
0.22840 0.20220 0.00000 487.71509 708.69080
0.31640 0.20220 0.00000 527.60956 710.56140
0.34259 0.20220 0.00000 539.70679 711.08557
0.43059 0.20220 0.00000 579.60516 712.51697
0.45679 0.20220 0.00000 591.73737 712.76569
0.54479 0.20220 0.00000 631.72278 714.04529
0.57099 0.20220 0.00000 643.62640 714.18463
0.65899 0.20220 0.00000 683.20410 714.73883
0.00000 0.22840 0.00000 386.26212 691.25220
0.08800 0.22840 0.00000 424.81476 693.60382
0.11420 0.22840 0.00000 436.65976 694.26917
0.20220 0.22840 0.00000 476.02579 696.45764
0.22840 0.22840 0.00000 488.18713 697.04071
0.31640 0.22840 0.00000 527.89056 698.68787
0.34259 0.22840 0.00000 540.11121 699.30762
0.43059 0.22840 0.00000 580.00098 700.67218
0.45679 0.22840 0.00000 592.30377 701.14471
0.54479 0.22840 0.00000 632.08496 701.97156
0.57099 0.22840 0.00000 643.98029 702.30292
0.65899 0.22840 0.00000 683.69470 702.75116
0.00000 0.31640 0.00000 387.17960 651.98108
0.08800 0.31640 0.00000 425.87442 654.15894
0.11420 0.31640 0.00000 437.67215 654.62671
0.20220 0.31640 0.00000 477.16544 656.74164
0.22840 0.31640 0.00000 489.29019 657.44165
0.31640 0.31640 0.00000 528.88837 659.24866
0.34259 0.31640 0.00000 541.13434 659.73590
0.45679 0.31640 0.00000 593.48163 661.64331
0.54479 0.31640 0.00000 633.39227 662.61371
0.57099 0.31640 0.00000 645.63031 662.78162
0.65899 0.31640 0.00000 684.95471 663.86688
0.00000 0.34259 0.00000 387.53653 639.97516
0.08800 0.34259 0.00000 426.39496 641.99274
0.11420 0.34259 0.00000 438.21768 642.60803
0.20220 0.34259 0.00000 477.51843 644.58972
0.22840 0.34259 0.00000 489.48203 645.28674
0.31640 0.34259 0.00000 529.53400 646.85431
0.34259 0.34259 0.00000 541.65515 647.65497
0.43059 0.34259 0.00000 581.73865 648.85828
0.45679 0.34259 0.00000 594.06470 649.63184
0.54479 0.34259 0.00000 633.74121 650.62634
0.57099 0.34259 0.00000 646.11279 650.72382
0.65899 0.34259 0.00000 685.40210 651.88672
0.00000 0.43059 0.00000 389.15479 600.25208
0.08800 0.43059 0.00000 427.67740 602.34790
0.11420 0.43059 0.00000 439.64304 602.76422
0.20220 0.43059 0.00000 479.05063 604.79352
0.22840 0.43059 0.00000 491.08920 605.42365
0.31640 0.43059 0.00000 530.80865 607.16290
0.34259 0.43059 0.00000 542.91705 607.62292
0.43059 0.43059 0.00000 582.95880 609.05426
0.45679 0.43059 0.00000 595.19519 609.57776
0.54479 0.43059 0.00000 635.18219 610.81854
0.57099 0.43059 0.00000 647.48267 611.15076
0.00000 0.45679 0.00000 389.59457 588.36841
0.08800 0.45679 0.00000 428.36688 590.03448
0.11420 0.45679 0.00000 440.26782 590.60828
0.20220 0.45679 0.00000 479.49731 592.51501
0.22840 0.45679 0.00000 491.38586 592.87463
0.31640 0.45679 0.00000 531.41742 594.66211
0.34259 0.45679 0.00000 543.41901 595.36707
0.43059 0.45679 0.00000 583.59222 596.72351
0.45679 0.45679 0.00000 595.80792 597.43103
0.54479 0.45679 0.00000 635.67291 598.64850
0.57099 0.45679 0.00000 647.89050 598.85474
0.65899 0.45679 0.00000 687.24896 600.17975
0.00000 0.54479 0.00000 391.54968 548.58344
0.08800 0.54479 0.00000 430.00214 550.29102
0.11420 0.54479 0.00000 442.06195 551.00159
0.20220 0.54479 0.00000 481.24072 552.69794
0.22840 0.54479 0.00000 493.48041 553.09070
0.31640 0.54479 0.00000 532.98016 554.91852
0.34259 0.54479 0.00000 545.20038 555.44073
0.45679 0.54479 0.00000 597.27325 557.47430
0.57099 0.54479 0.00000 649.25677 559.41840
0.00000 0.57099 0.00000 392.31741 536.44379
0.08800 0.57099 0.00000 430.90689 538.20947
0.11420 0.57099 0.00000 442.83157 538.83356
0.20220 0.57099 0.00000 481.70709 540.56415
0.22840 0.57099 0.00000 493.83780 540.90997
0.31640 0.57099 0.00000 533.54504 542.57776
0.34259 0.57099 0.00000 545.63745 543.00281
0.43059 0.57099 0.00000 585.60785 544.67401
0.45679 0.57099 0.00000 597.71649 545.23193
0.54479 0.57099 0.00000 637.54285 546.58600
0.57099 0.57099 0.00000 649.44214 547.08118
0.65899 0.57099 0.00000 689.00037 548.34351
0.00000 0.65899 0.00000 394.66537 497.28726
0.08800 0.65899 0.00000 433.03500 498.86340
0.11420 0.65899 0.00000 444.77188 499.42117
0.20220 0.65899 0.00000 483.66730 500.67249
0.22840 0.65899 0.00000 496.09277 501.18692
0.31640 0.65899 0.00000 535.28162 502.86438
0.34259 0.65899 0.00000 547.59589 503.23428
0.43059 0.65899 0.00000 587.04089 505.00363
0.45679 0.65899 0.00000 599.36896 505.56943
0.54479 0.65899 0.00000 638.80066 507.24426
0.65899 0.65899 0.00000 690.29388 509.43240

gimbalangles:
0.0523598775598 -0.174532925199 -0.261799387799 

end: