T_CW:
0.96532 0.22163 0.13799 -0.56011
0.22665 -0.97373 -0.02164 0.28847
0.12957 0.05217 -0.99020 1.43836
0.00000 0.00000 0.00000 1.00000

T_CW_cov:

target_points_pix:
0.00000 0.00000 0.00000 241.64211 578.88177
0.08800 0.00000 0.00000 311.65591 593.18103
0.11420 0.00000 0.00000 332.53458 597.46393
0.20220 0.00000 0.00000 401.29184 611.62305
0.22840 0.00000 0.00000 421.80356 615.72577
0.31640 0.00000 0.00000 489.40265 629.64606
0.34259 0.00000 0.00000 509.50974 633.78088
0.43059 0.00000 0.00000 575.76520 647.35339
0.54479 0.00000 0.00000 660.71307 664.38464
0.00000 0.08800 0.00000 258.43509 509.44339
0.08800 0.08800 0.00000 328.08472 524.08514
0.11420 0.08800 0.00000 348.91788 528.49316
0.20220 0.08800 0.00000 417.18359 543.13739
0.22840 0.08800 0.00000 437.56787 547.42432
0.31640 0.08800 0.00000 504.80392 561.47675
0.34259 0.08800 0.00000 524.78119 565.73926
0.43059 0.08800 0.00000 590.78180 579.72272
0.45679 0.08800 0.00000 610.42181 583.82812
0.54479 0.08800 0.00000 675.26813 597.50525
0.57099 0.08800 0.00000 694.52325 601.58185
0.65899 0.08800 0.00000 758.18250 614.96417
0.00000 0.11420 0.00000 263.41754 488.61453
0.08800 0.11420 0.00000 332.85709 503.53711
0.11420 0.11420 0.00000 353.59109 507.91089
0.20220 0.11420 0.00000 421.88943 522.51636
0.22840 0.11420 0.00000 442.36902 526.89905
0.31640 0.11420 0.00000 509.43298 541.44952
0.34259 0.11420 0.00000 529.43927 545.56549
0.43059 0.11420 0.00000 595.41400 559.59888
0.45679 0.11420 0.00000 614.93011 563.70673
0.54479 0.11420 0.00000 679.60590 577.56683
0.57099 0.11420 0.00000 698.86987 581.56226
0.65899 0.11420 0.00000 762.44147 595.23206
0.00000 0.20220 0.00000 279.64719 419.63080
0.08800 0.20220 0.00000 348.91434 435.16476
0.11420 0.20220 0.00000 369.55753 439.63788
0.20220 0.20220 0.00000 437.70410 454.64639
0.22840 0.20220 0.00000 457.91202 459.30801
0.31640 0.20220 0.00000 524.78864 473.99078
0.34259 0.20220 0.00000 544.69305 478.34332
0.43059 0.20220 0.00000 610.38226 492.90689
0.45679 0.20220 0.00000 629.74622 497.30734
0.54479 0.20220 0.00000 694.24042 511.52719
0.57099 0.20220 0.00000 713.47540 515.56140
0.65899 0.20220 0.00000 776.66840 529.48486
0.00000 0.22840 0.00000 284.67212 399.15515
0.08800 0.22840 0.00000 353.76147 414.56454
0.11420 0.22840 0.00000 374.40808 419.33725
0.20220 0.22840 0.00000 442.33841 434.45496
0.22840 0.22840 0.00000 462.69424 438.93497
0.31640 0.22840 0.00000 529.46808 453.75104
0.34259 0.22840 0.00000 549.32672 458.36877
0.43059 0.22840 0.00000 614.77008 472.98007
0.45679 0.22840 0.00000 634.31824 477.37982
0.54479 0.22840 0.00000 698.57416 491.54312
0.57099 0.22840 0.00000 717.81256 495.73825
0.65899 0.22840 0.00000 780.94659 509.84866
0.00000 0.31640 0.00000 300.98892 330.69125
0.08800 0.31640 0.00000 369.84384 346.57901
0.11420 0.31640 0.00000 390.42520 351.47293
0.20220 0.31640 0.00000 458.13498 367.11371
0.22840 0.31640 0.00000 478.43109 371.67303
0.31640 0.31640 0.00000 544.73822 387.11917
0.34259 0.31640 0.00000 564.62390 391.58682
0.43059 0.31640 0.00000 629.83575 406.66544
0.45679 0.31640 0.00000 649.35797 411.30609
0.54479 0.31640 0.00000 713.37469 425.90228
0.57099 0.31640 0.00000 732.39374 430.28287
0.65899 0.31640 0.00000 795.32373 444.79669
0.00000 0.34259 0.00000 305.67133 310.12729
0.08800 0.34259 0.00000 374.56677 326.30499
0.11420 0.34259 0.00000 395.25232 331.15302
0.20220 0.34259 0.00000 462.85052 346.84518
0.22840 0.34259 0.00000 483.13586 351.52612
0.31640 0.34259 0.00000 549.47766 367.09985
0.34259 0.34259 0.00000 569.30548 371.65161
0.43059 0.34259 0.00000 634.41180 386.85739
0.45679 0.34259 0.00000 653.76868 391.35440
0.54479 0.34259 0.00000 717.62427 406.20926
0.57099 0.34259 0.00000 736.71893 410.57553
0.65899 0.34259 0.00000 799.55444 425.30157
0.00000 0.43059 0.00000 322.02579 242.20372
0.08800 0.43059 0.00000 390.69989 258.72546
0.11420 0.43059 0.00000 411.24771 263.65735
0.20220 0.43059 0.00000 478.51111 279.85117
0.22840 0.43059 0.00000 498.58118 284.74783
0.31640 0.43059 0.00000 564.73486 300.62012
0.34259 0.43059 0.00000 584.43762 305.47327
0.43059 0.43059 0.00000 649.22314 321.05322
0.45679 0.43059 0.00000 668.53845 325.60501
0.54479 0.43059 0.00000 732.23395 341.06674
0.57099 0.43059 0.00000 751.26263 345.56534
0.65899 0.43059 0.00000 813.94232 360.56769
0.00000 0.45679 0.00000 327.00903 221.72202
0.08800 0.45679 0.00000 395.50739 238.55827
0.11420 0.45679 0.00000 415.86209 243.47421
0.20220 0.45679 0.00000 483.13962 259.77844
0.22840 0.45679 0.00000 503.22668 264.67297
0.31640 0.45679 0.00000 569.23016 280.74625
0.34259 0.45679 0.00000 589.01007 285.58252
0.43059 0.45679 0.00000 653.59711 301.29810
0.45679 0.45679 0.00000 673.04535 305.98251
0.54479 0.45679 0.00000 736.53442 321.36725
0.57099 0.45679 0.00000 755.49030 326.00253
0.65899 0.45679 0.00000 818.20013 341.21555
0.00000 0.54479 0.00000 343.29285 154.38634
0.08800 0.54479 0.00000 411.30829 171.45735
0.11420 0.54479 0.00000 431.62305 176.55260
0.20220 0.54479 0.00000 498.69702 193.39342
0.22840 0.54479 0.00000 518.55768 198.40912
0.31640 0.54479 0.00000 584.37018 214.83026
0.34259 0.54479 0.00000 603.85730 219.66336
0.43059 0.54479 0.00000 668.50269 235.93872
0.45679 0.54479 0.00000 687.59711 240.75949
0.54479 0.54479 0.00000 751.05969 256.58850
0.57099 0.54479 0.00000 769.75446 261.34857
0.65899 0.54479 0.00000 832.13519 276.91971
0.00000 0.57099 0.00000 348.10764 134.20276
0.08800 0.57099 0.00000 416.21927 151.47247
0.11420 0.57099 0.00000 436.36847 156.46056
0.20220 0.57099 0.00000 503.31586 173.40912
0.22840 0.57099 0.00000 523.28400 178.46873
0.31640 0.57099 0.00000 588.79926 195.14560
0.34259 0.57099 0.00000 608.43909 199.93134
0.43059 0.57099 0.00000 672.78778 216.31380
0.45679 0.57099 0.00000 691.96185 221.31140
0.54479 0.57099 0.00000 755.38995 237.17403
0.57099 0.57099 0.00000 774.24615 241.87758
0.65899 0.57099 0.00000 836.53070 257.59348
0.00000 0.65899 0.00000 364.27911 67.14564
0.11420 0.65899 0.00000 452.26276 89.99786
0.20220 0.65899 0.00000 518.77008 107.10818
0.22840 0.65899 0.00000 538.50098 112.30115
0.31640 0.65899 0.00000 603.94696 129.42871
0.34259 0.65899 0.00000 623.47437 134.45393
0.43059 0.65899 0.00000 687.67853 151.15775
0.45679 0.65899 0.00000 706.71875 156.09686
0.54479 0.65899 0.00000 769.83362 172.59451
0.57099 0.65899 0.00000 788.63611 177.44618

gimbalangles:
0.0523598775598 -0.174532925199 0.0872664625997 

end: