T_CW:
0.99599 0.05071 0.07365 -0.37639
0.05739 -0.99414 -0.09162 0.65176
0.06857 0.09548 -0.99307 1.35341
0.00000 0.00000 0.00000 1.00000

T_CW_cov:

target_points_pix:
0.00000 0.00000 0.00000 463.06070 811.15363
0.08800 0.00000 0.00000 503.68207 813.91913
0.11420 0.00000 0.00000 515.63794 814.41467
0.20220 0.00000 0.00000 556.23090 816.50952
0.31640 0.00000 0.00000 609.25269 818.48059
0.34259 0.00000 0.00000 621.15778 818.89520
0.43059 0.00000 0.00000 661.04425 819.83246
0.45679 0.00000 0.00000 673.09448 819.92896
0.54479 0.00000 0.00000 712.62750 819.94757
0.57099 0.00000 0.00000 724.23792 819.92407
0.65899 0.00000 0.00000 762.91156 819.86652
0.00000 0.08800 0.00000 464.66852 771.67175
0.08800 0.08800 0.00000 505.30243 774.33728
0.20220 0.08800 0.00000 558.07819 777.09137
0.22840 0.08800 0.00000 570.40454 777.61249
0.31640 0.08800 0.00000 610.72858 779.26416
0.34259 0.08800 0.00000 622.77631 779.62872
0.43059 0.08800 0.00000 663.33899 780.55658
0.45679 0.08800 0.00000 675.29529 780.72668
0.54479 0.08800 0.00000 714.57050 781.44067
0.57099 0.08800 0.00000 726.47198 781.50397
0.65899 0.08800 0.00000 764.78796 781.48688
0.00000 0.11420 0.00000 464.99942 759.96942
0.08800 0.11420 0.00000 505.56644 762.41077
0.11420 0.11420 0.00000 517.92242 763.01379
0.20220 0.11420 0.00000 558.56726 765.39825
0.22840 0.11420 0.00000 570.68127 765.65985
0.31640 0.11420 0.00000 611.38995 767.24152
0.34259 0.11420 0.00000 623.63873 767.93225
0.43059 0.11420 0.00000 663.74683 768.78351
0.45679 0.11420 0.00000 675.82672 768.97150
0.54479 0.11420 0.00000 715.30853 769.81683
0.57099 0.11420 0.00000 726.85291 769.76770
0.65899 0.11420 0.00000 765.78082 769.98529
0.00000 0.20220 0.00000 466.79025 719.82147
0.08800 0.20220 0.00000 507.35724 722.47491
0.11420 0.20220 0.00000 519.63055 723.05560
0.20220 0.20220 0.00000 560.44159 725.49664
0.22840 0.20220 0.00000 572.67859 725.79919
0.31640 0.20220 0.00000 613.24774 727.80243
0.34259 0.20220 0.00000 625.53522 728.32367
0.43059 0.20220 0.00000 666.20776 729.44879
0.45679 0.20220 0.00000 678.19879 729.67334
0.54479 0.20220 0.00000 717.56348 730.41772
0.57099 0.20220 0.00000 729.41626 730.53851
0.65899 0.20220 0.00000 768.00226 731.12311
0.00000 0.22840 0.00000 467.26889 708.09033
0.08800 0.22840 0.00000 507.64355 710.43567
0.11420 0.22840 0.00000 520.26996 711.26373
0.20220 0.22840 0.00000 560.74933 713.37024
0.22840 0.22840 0.00000 573.23071 714.05273
0.31640 0.22840 0.00000 614.24939 715.62616
0.34259 0.22840 0.00000 626.04559 716.01935
0.43059 0.22840 0.00000 666.52802 717.53632
0.45679 0.22840 0.00000 678.48950 717.70111
0.54479 0.22840 0.00000 717.94971 718.76630
0.57099 0.22840 0.00000 729.84930 718.75372
0.65899 0.22840 0.00000 768.54633 719.45312
0.00000 0.31640 0.00000 469.01044 667.55652
0.08800 0.31640 0.00000 509.82983 670.11841
0.11420 0.31640 0.00000 521.84137 670.80341
0.20220 0.31640 0.00000 562.98657 672.97345
0.22840 0.31640 0.00000 575.06543 673.68829
0.31640 0.31640 0.00000 616.25836 675.52960
0.34259 0.31640 0.00000 628.29663 675.89972
0.43059 0.31640 0.00000 668.57147 677.50916
0.45679 0.31640 0.00000 680.76428 677.89520
0.54479 0.31640 0.00000 720.36682 679.23303
0.57099 0.31640 0.00000 732.23376 679.28876
0.65899 0.31640 0.00000 770.80499 680.04260
0.00000 0.34259 0.00000 470.00400 655.22461
0.08800 0.34259 0.00000 510.51730 657.67383
0.11420 0.34259 0.00000 522.87567 658.51349
0.20220 0.34259 0.00000 563.56189 660.62952
0.22840 0.34259 0.00000 576.21960 661.37329
0.31640 0.34259 0.00000 616.56494 663.39221
0.34259 0.34259 0.00000 628.83057 663.79773
0.43059 0.34259 0.00000 669.03302 665.43683
0.45679 0.34259 0.00000 681.34418 666.00891
0.54479 0.34259 0.00000 720.88617 666.99493
0.57099 0.34259 0.00000 732.66632 667.37262
0.65899 0.34259 0.00000 771.39478 668.26740
0.00000 0.43059 0.00000 471.72467 614.60376
0.08800 0.43059 0.00000 512.73169 617.20032
0.11420 0.43059 0.00000 524.94000 617.82916
0.20220 0.43059 0.00000 565.79443 620.16669
0.22840 0.43059 0.00000 577.84265 620.72308
0.31640 0.43059 0.00000 618.95044 622.88831
0.34259 0.43059 0.00000 630.77472 623.32959
0.43059 0.43059 0.00000 671.13635 624.90601
0.45679 0.43059 0.00000 683.04443 625.68048
0.54479 0.43059 0.00000 722.87073 627.10608
0.57099 0.43059 0.00000 734.63177 627.54773
0.65899 0.43059 0.00000 773.37567 628.64502
0.00000 0.45679 0.00000 472.87003 602.17651
0.08800 0.45679 0.00000 513.38892 604.60016
0.11420 0.45679 0.00000 525.66144 605.46613
0.20220 0.45679 0.00000 566.48682 607.66217
0.22840 0.45679 0.00000 578.79633 608.35382
0.31640 0.45679 0.00000 619.31836 610.38062
0.34259 0.45679 0.00000 631.56238 610.76038
0.43059 0.45679 0.00000 671.82996 612.85175
0.45679 0.45679 0.00000 684.11633 613.47076
0.54479 0.45679 0.00000 723.48193 614.76056
0.57099 0.45679 0.00000 734.97253 615.35693
0.65899 0.45679 0.00000 773.80304 616.78430
0.00000 0.54479 0.00000 475.14188 561.69025
0.08800 0.54479 0.00000 515.78833 564.14563
0.11420 0.54479 0.00000 527.85950 564.79871
0.20220 0.54479 0.00000 568.75861 567.19263
0.22840 0.54479 0.00000 580.87640 567.81586
0.34259 0.54479 0.00000 633.61670 570.55914
0.43059 0.54479 0.00000 673.67267 572.50757
0.45679 0.54479 0.00000 685.91193 572.99127
0.54479 0.54479 0.00000 725.13513 574.92151
0.57099 0.54479 0.00000 736.73853 575.62329
0.65899 0.54479 0.00000 775.33771 576.85425
0.00000 0.57099 0.00000 476.36069 549.44061
0.08800 0.57099 0.00000 516.57727 551.68701
0.11420 0.57099 0.00000 528.93884 552.56012
0.20220 0.57099 0.00000 569.38513 554.65021
0.22840 0.57099 0.00000 581.67914 555.49457
0.31640 0.57099 0.00000 622.25793 557.70380
0.34259 0.57099 0.00000 633.99670 558.17993
0.43059 0.57099 0.00000 674.17688 560.43500
0.45679 0.57099 0.00000 686.36310 561.20282
0.54479 0.57099 0.00000 725.82788 562.83661
0.57099 0.57099 0.00000 737.30243 563.59601
0.65899 0.57099 0.00000 776.07385 565.17120
0.00000 0.65899 0.00000 479.06293 509.06720
0.08800 0.65899 0.00000 518.93677 511.19739
0.11420 0.65899 0.00000 531.26636 512.23810
0.20220 0.65899 0.00000 571.63342 514.36841
0.22840 0.65899 0.00000 584.00391 515.09882
0.31640 0.65899 0.00000 624.33618 517.43683
0.34259 0.65899 0.00000 636.30621 518.00165
0.43059 0.65899 0.00000 676.04718 520.22510
0.45679 0.65899 0.00000 688.11115 521.08124
0.54479 0.65899 0.00000 727.19153 522.96515
0.57099 0.65899 0.00000 739.06525 523.97467
0.65899 0.65899 0.00000 777.14508 526.22919

gimbalangles:
0.0523598775598 -0.174532925199 0.0872664625997 

end: