T_CW:
0.99742 0.03513 0.06268 -0.58540
0.03964 -0.99661 -0.07214 0.63316
0.05993 0.07444 -0.99542 1.37206
0.00000 0.00000 0.00000 1.00000

T_CW_cov:

target_points_pix:
0.00000 0.00000 0.00000 384.52341 792.26776
0.08800 0.00000 0.00000 423.14600 794.80115
0.11420 0.00000 0.00000 434.76840 795.52478
0.20220 0.00000 0.00000 474.12836 797.81152
0.22840 0.00000 0.00000 485.84625 798.47546
0.31640 0.00000 0.00000 525.49225 800.33478
0.34259 0.00000 0.00000 537.46954 800.71960
0.43059 0.00000 0.00000 577.16064 801.95557
0.45679 0.00000 0.00000 589.20404 802.23309
0.54479 0.00000 0.00000 628.85577 802.71014
0.57099 0.00000 0.00000 640.71136 802.94904
0.65899 0.00000 0.00000 680.05298 803.14508
0.00000 0.08800 0.00000 384.94962 753.69916
0.08800 0.08800 0.00000 423.68066 756.20178
0.11420 0.08800 0.00000 435.45108 756.67139
0.20220 0.08800 0.00000 474.74792 759.08319
0.22840 0.08800 0.00000 486.73703 759.65265
0.31640 0.08800 0.00000 526.43561 761.52826
0.34259 0.08800 0.00000 538.47681 761.90607
0.43059 0.08800 0.00000 578.36859 763.33557
0.45679 0.08800 0.00000 590.38055 763.68018
0.54479 0.08800 0.00000 629.89105 764.42706
0.57099 0.08800 0.00000 641.92786 764.56024
0.65899 0.08800 0.00000 681.29132 764.81879
0.00000 0.11420 0.00000 385.16422 742.05145
0.08800 0.11420 0.00000 423.81339 744.51007
0.11420 0.11420 0.00000 435.65393 745.21124
0.20220 0.11420 0.00000 474.91772 747.37018
0.22840 0.11420 0.00000 486.92697 747.96539
0.31640 0.11420 0.00000 526.62054 749.71472
0.34259 0.11420 0.00000 538.64410 750.28033
0.43059 0.11420 0.00000 578.56323 751.65863
0.45679 0.11420 0.00000 590.50519 751.90503
0.54479 0.11420 0.00000 630.31946 752.80377
0.57099 0.11420 0.00000 642.43628 753.03406
0.65899 0.11420 0.00000 681.83527 753.22437
0.00000 0.20220 0.00000 385.90930 703.08044
0.08800 0.20220 0.00000 424.61618 705.46783
0.11420 0.20220 0.00000 436.49353 706.13782
0.20220 0.20220 0.00000 475.68796 708.35809
0.22840 0.20220 0.00000 487.76938 708.70349
0.31640 0.20220 0.00000 527.57404 710.56775
0.34259 0.20220 0.00000 539.69373 711.15552
0.43059 0.20220 0.00000 579.60419 712.50659
0.45679 0.20220 0.00000 591.72375 712.76270
0.54479 0.20220 0.00000 631.79736 714.01825
0.57099 0.20220 0.00000 643.60364 714.24689
0.65899 0.20220 0.00000 683.23462 714.67914
0.00000 0.22840 0.00000 386.22299 691.23737
0.08800 0.22840 0.00000 424.80920 693.58386
0.11420 0.22840 0.00000 436.68719 694.25232
0.20220 0.22840 0.00000 475.98434 696.39636
0.22840 0.22840 0.00000 488.18643 696.99542
0.31640 0.22840 0.00000 527.84766 698.67621
0.34259 0.22840 0.00000 540.11340 699.31024
0.43059 0.22840 0.00000 579.91931 700.68689
0.45679 0.22840 0.00000 592.29852 701.21942
0.54479 0.22840 0.00000 632.07172 701.98663
0.57099 0.22840 0.00000 644.03876 702.25366
0.65899 0.22840 0.00000 683.64728 702.72296
0.00000 0.31640 0.00000 387.18826 651.96515
0.08800 0.31640 0.00000 425.79489 654.15332
0.11420 0.31640 0.00000 437.70108 654.67194
0.20220 0.31640 0.00000 477.20761 656.72064
0.22840 0.31640 0.00000 489.27164 657.46295
0.31640 0.31640 0.00000 528.96326 659.14484
0.34259 0.31640 0.00000 541.14624 659.72437
0.43059 0.31640 0.00000 581.11151 661.12134
0.45679 0.31640 0.00000 593.46307 661.64124
0.54479 0.31640 0.00000 633.38013 662.60907
0.57099 0.31640 0.00000 645.60138 662.74615
0.65899 0.31640 0.00000 684.90851 663.94006
0.00000 0.34259 0.00000 387.59360 639.94019
0.08800 0.34259 0.00000 426.38235 641.96753
0.11420 0.34259 0.00000 438.15033 642.59924
0.20220 0.34259 0.00000 477.55695 644.57825
0.22840 0.34259 0.00000 489.50320 645.32312
0.31640 0.34259 0.00000 529.58838 646.88910
0.34259 0.34259 0.00000 541.67126 647.59900
0.43059 0.34259 0.00000 581.78772 648.91913
0.45679 0.34259 0.00000 594.06525 649.58130
0.54479 0.34259 0.00000 633.72498 650.60632
0.57099 0.34259 0.00000 645.94501 650.76843
0.65899 0.34259 0.00000 685.46539 651.99518
0.00000 0.43059 0.00000 389.13925 600.26849
0.08800 0.43059 0.00000 427.68408 602.37244
0.11420 0.43059 0.00000 439.64438 602.75763
0.20220 0.43059 0.00000 479.02817 604.87018
0.22840 0.43059 0.00000 491.07086 605.39594
0.31640 0.43059 0.00000 530.88275 607.09918
0.34259 0.43059 0.00000 542.91888 607.59216
0.45679 0.43059 0.00000 595.14679 609.56396
0.54479 0.43059 0.00000 635.10565 610.87048
0.57099 0.43059 0.00000 647.43201 611.10675
0.00000 0.45679 0.00000 389.57126 588.34570
0.08800 0.45679 0.00000 428.33820 590.12115
0.11420 0.45679 0.00000 440.27286 590.60339
0.20220 0.45679 0.00000 479.48471 592.50616
0.22840 0.45679 0.00000 491.33994 593.02325
0.31640 0.45679 0.00000 531.39117 594.62921
0.34259 0.45679 0.00000 543.46411 595.38367
0.43059 0.45679 0.00000 583.57751 596.71619
0.45679 0.45679 0.00000 595.75793 597.43597
0.54479 0.45679 0.00000 635.63049 598.64441
0.57099 0.45679 0.00000 647.81738 598.88397
0.65899 0.45679 0.00000 687.23138 600.13086
0.00000 0.54479 0.00000 391.54965 548.54132
0.08800 0.54479 0.00000 429.98215 550.28876
0.11420 0.54479 0.00000 442.03308 550.96820
0.20220 0.54479 0.00000 481.22562 552.71460
0.22840 0.54479 0.00000 493.50171 553.17194
0.31640 0.54479 0.00000 533.03271 554.95172
0.34259 0.54479 0.00000 545.24603 555.43866
0.45679 0.54479 0.00000 597.24359 557.50165
0.54479 0.54479 0.00000 636.96350 559.01959
0.57099 0.54479 0.00000 649.23584 559.38391
0.65899 0.54479 0.00000 688.65155 560.84894
0.00000 0.57099 0.00000 392.33408 536.41382
0.08800 0.57099 0.00000 430.86984 538.18079
0.11420 0.57099 0.00000 442.84793 538.84216
0.20220 0.57099 0.00000 481.70651 540.57196
0.22840 0.57099 0.00000 493.84827 540.93579
0.31640 0.57099 0.00000 533.53784 542.58270
0.34259 0.57099 0.00000 545.57660 543.02130
0.43059 0.57099 0.00000 585.57617 544.65277
0.45679 0.57099 0.00000 597.69019 545.18848
0.54479 0.57099 0.00000 637.54388 546.59784
0.57099 0.57099 0.00000 649.47009 547.13049
0.65899 0.57099 0.00000 689.01556 548.28448
0.00000 0.65899 0.00000 394.74960 497.28122
0.08800 0.65899 0.00000 433.03406 498.84909
0.11420 0.65899 0.00000 444.77969 499.34406
0.20220 0.65899 0.00000 483.70239 500.70944
0.22840 0.65899 0.00000 496.08731 501.13889
0.31640 0.65899 0.00000 535.35382 502.79404
0.34259 0.65899 0.00000 547.69012 503.29553
0.43059 0.65899 0.00000 586.97363 505.07748
0.45679 0.65899 0.00000 599.29199 505.55066
0.54479 0.65899 0.00000 638.78632 507.24866
0.65899 0.65899 0.00000 690.33936 509.38696

gimbalangles:
0.0523598775598 -0.174532925199 0.0872664625997 

end: