T_CW:
0.99598 0.05073 0.07378 -0.37638
0.05741 -0.99416 -0.09142 0.65174
0.06871 0.09529 -0.99307 1.35340
0.00000 0.00000 0.00000 1.00000

T_CW_cov:

target_points_pix:
0.00000 0.00000 0.00000 463.12003 811.13995
0.08800 0.00000 0.00000 503.67496 813.92255
0.11420 0.00000 0.00000 515.65649 814.39545
0.20220 0.00000 0.00000 556.18530 816.49420
0.31640 0.00000 0.00000 609.22070 818.48328
0.43059 0.00000 0.00000 661.07355 819.77228
0.45679 0.00000 0.00000 673.05237 819.93616
0.54479 0.00000 0.00000 712.62018 819.91876
0.57099 0.00000 0.00000 724.26251 819.88086
0.65899 0.00000 0.00000 762.84180 819.82751
0.00000 0.08800 0.00000 464.65265 771.70447
0.08800 0.08800 0.00000 505.20782 774.34717
0.11420 0.08800 0.00000 517.35840 774.77783
0.20220 0.08800 0.00000 558.07471 777.01178
0.22840 0.08800 0.00000 570.41779 777.56226
0.31640 0.08800 0.00000 610.71460 779.29877
0.34259 0.08800 0.00000 622.80444 779.59998
0.43059 0.08800 0.00000 663.34058 780.56036
0.45679 0.08800 0.00000 675.25848 780.73273
0.54479 0.08800 0.00000 714.56262 781.41614
0.57099 0.08800 0.00000 726.45917 781.51587
0.65899 0.08800 0.00000 764.81091 781.41095
0.00000 0.11420 0.00000 465.05954 759.96960
0.08800 0.11420 0.00000 505.54504 762.39990
0.11420 0.11420 0.00000 517.96344 763.04077
0.20220 0.11420 0.00000 558.55194 765.43262
0.22840 0.11420 0.00000 570.68347 765.67438
0.31640 0.11420 0.00000 611.37396 767.24725
0.34259 0.11420 0.00000 623.63483 767.91901
0.43059 0.11420 0.00000 663.75415 768.79016
0.45679 0.11420 0.00000 675.83508 769.00354
0.54479 0.11420 0.00000 715.27252 769.75690
0.57099 0.11420 0.00000 726.86420 769.77637
0.65899 0.11420 0.00000 765.83405 769.96503
0.00000 0.20220 0.00000 466.78699 719.81433
0.08800 0.20220 0.00000 507.39996 722.49249
0.11420 0.20220 0.00000 519.62701 723.04382
0.20220 0.20220 0.00000 560.46832 725.50775
0.22840 0.20220 0.00000 572.69379 725.84125
0.31640 0.20220 0.00000 613.24988 727.77527
0.34259 0.20220 0.00000 625.51434 728.31073
0.43059 0.20220 0.00000 666.20227 729.46021
0.45679 0.20220 0.00000 678.20215 729.68164
0.54479 0.20220 0.00000 717.52588 730.44843
0.57099 0.20220 0.00000 729.42383 730.51300
0.65899 0.20220 0.00000 768.02087 731.14709
0.00000 0.22840 0.00000 467.24185 708.07690
0.08800 0.22840 0.00000 507.66727 710.41351
0.11420 0.22840 0.00000 520.25098 711.28027
0.20220 0.22840 0.00000 560.75897 713.35376
0.22840 0.22840 0.00000 573.21924 714.00098
0.31640 0.22840 0.00000 614.21503 715.63525
0.34259 0.22840 0.00000 626.03827 716.03436
0.43059 0.22840 0.00000 666.54346 717.55060
0.45679 0.22840 0.00000 678.49097 717.67853
0.54479 0.22840 0.00000 718.00934 718.75781
0.57099 0.22840 0.00000 729.80255 718.74805
0.65899 0.22840 0.00000 768.54016 719.46069
0.00000 0.31640 0.00000 469.00549 667.53400
0.08800 0.31640 0.00000 509.84387 670.09656
0.11420 0.31640 0.00000 521.88110 670.78796
0.20220 0.31640 0.00000 562.99481 672.96881
0.22840 0.31640 0.00000 575.07843 673.67572
0.31640 0.31640 0.00000 616.30371 675.50391
0.34259 0.31640 0.00000 628.28430 675.84497
0.43059 0.31640 0.00000 668.56403 677.52264
0.45679 0.31640 0.00000 680.81665 677.88568
0.54479 0.31640 0.00000 720.34711 679.25183
0.57099 0.31640 0.00000 732.23645 679.27393
0.65899 0.31640 0.00000 770.77576 680.03827
0.00000 0.34259 0.00000 469.97217 655.16565
0.08800 0.34259 0.00000 510.50732 657.66241
0.11420 0.34259 0.00000 522.89020 658.45648
0.20220 0.34259 0.00000 563.57202 660.64618
0.22840 0.34259 0.00000 576.19592 661.39471
0.31640 0.34259 0.00000 616.57617 663.40753
0.34259 0.34259 0.00000 628.76593 663.77264
0.43059 0.34259 0.00000 669.01605 665.41095
0.45679 0.34259 0.00000 681.31769 665.99780
0.54479 0.34259 0.00000 720.91998 666.95123
0.57099 0.34259 0.00000 732.65607 667.37854
0.65899 0.34259 0.00000 771.38678 668.28131
0.00000 0.43059 0.00000 471.74460 614.59753
0.08800 0.43059 0.00000 512.74969 617.18250
0.11420 0.43059 0.00000 524.93207 617.81714
0.20220 0.43059 0.00000 565.77472 620.18347
0.22840 0.43059 0.00000 577.83960 620.73163
0.31640 0.43059 0.00000 618.98810 622.89526
0.34259 0.43059 0.00000 630.77240 623.32959
0.43059 0.43059 0.00000 671.16241 624.89136
0.45679 0.43059 0.00000 683.09631 625.66125
0.54479 0.43059 0.00000 722.86255 627.11493
0.57099 0.43059 0.00000 734.62396 627.49707
0.65899 0.43059 0.00000 773.37897 628.62628
0.00000 0.45679 0.00000 472.86298 602.11737
0.08800 0.45679 0.00000 513.37946 604.62604
0.11420 0.45679 0.00000 525.67133 605.46155
0.20220 0.45679 0.00000 566.46887 607.65448
0.22840 0.45679 0.00000 578.75824 608.33643
0.31640 0.45679 0.00000 619.35675 610.40839
0.34259 0.45679 0.00000 631.53265 610.72900
0.43059 0.45679 0.00000 671.82489 612.84967
0.54479 0.45679 0.00000 723.49146 614.75757
0.57099 0.45679 0.00000 734.99512 615.32092
0.65899 0.45679 0.00000 773.80103 616.78247
0.00000 0.54479 0.00000 475.18527 561.71344
0.08800 0.54479 0.00000 515.80273 564.16241
0.11420 0.54479 0.00000 527.87305 564.81702
0.20220 0.54479 0.00000 568.69531 567.21796
0.22840 0.54479 0.00000 580.88660 567.84900
0.34259 0.54479 0.00000 633.62659 570.59235
0.43059 0.54479 0.00000 673.65857 572.50391
0.45679 0.54479 0.00000 685.92621 573.00183
0.54479 0.54479 0.00000 725.13312 574.92609
0.57099 0.54479 0.00000 736.78015 575.61176
0.65899 0.54479 0.00000 775.31213 576.88348
0.00000 0.57099 0.00000 476.34714 549.44720
0.08800 0.57099 0.00000 516.57770 551.68158
0.11420 0.57099 0.00000 528.93536 552.55176
0.20220 0.57099 0.00000 569.37054 554.68335
0.22840 0.57099 0.00000 581.67035 555.48004
0.31640 0.57099 0.00000 622.21765 557.66260
0.34259 0.57099 0.00000 634.05603 558.15002
0.43059 0.57099 0.00000 674.19562 560.45831
0.45679 0.57099 0.00000 686.36157 561.20026
0.54479 0.57099 0.00000 725.80548 562.80554
0.57099 0.57099 0.00000 737.35046 563.63489
0.65899 0.57099 0.00000 776.10919 565.17352
0.00000 0.65899 0.00000 479.06424 509.04202
0.11420 0.65899 0.00000 531.26813 512.22272
0.20220 0.65899 0.00000 571.66895 514.34882
0.22840 0.65899 0.00000 583.96405 515.00903
0.31640 0.65899 0.00000 624.32263 517.44226
0.34259 0.65899 0.00000 636.35040 517.93494
0.43059 0.65899 0.00000 676.08936 520.15143
0.45679 0.65899 0.00000 688.14917 521.14734
0.54479 0.65899 0.00000 727.23895 522.94855
0.57099 0.65899 0.00000 739.00391 523.92297
0.65899 0.65899 0.00000 777.12732 526.24408

gimbalangles:
0.0523598775598 -0.174532925199 0.436332312999 

end: