T_CW:
0.99742 0.03512 0.06254 -0.58541
0.03960 -0.99662 -0.07193 0.63317
0.05981 0.07423 -0.99545 1.37218
0.00000 0.00000 0.00000 1.00000

T_CW_cov:

target_points_pix:
0.00000 0.00000 0.00000 384.53107 792.25671
0.08800 0.00000 0.00000 423.26410 794.68475
0.11420 0.00000 0.00000 434.83585 795.59650
0.20220 0.00000 0.00000 474.16815 797.78967
0.22840 0.00000 0.00000 485.77454 798.39771
0.31640 0.00000 0.00000 525.52911 800.34595
0.34259 0.00000 0.00000 537.46075 800.68036
0.43059 0.00000 0.00000 577.24731 801.87848
0.45679 0.00000 0.00000 589.21490 802.23389
0.54479 0.00000 0.00000 628.77985 802.72174
0.57099 0.00000 0.00000 640.71545 802.98627
0.65899 0.00000 0.00000 680.00970 803.10559
0.00000 0.08800 0.00000 384.97720 753.62793
0.08800 0.08800 0.00000 423.70340 756.20874
0.11420 0.08800 0.00000 435.42673 756.89209
0.20220 0.08800 0.00000 474.71783 759.12219
0.22840 0.08800 0.00000 486.68948 759.64471
0.31640 0.08800 0.00000 526.42236 761.48065
0.34259 0.08800 0.00000 538.41669 761.89551
0.43059 0.08800 0.00000 578.32092 763.30615
0.45679 0.08800 0.00000 590.37665 763.62518
0.54479 0.08800 0.00000 629.92957 764.38977
0.57099 0.08800 0.00000 641.90881 764.51575
0.65899 0.08800 0.00000 681.28992 764.87292
0.00000 0.11420 0.00000 385.18271 742.05310
0.08800 0.11420 0.00000 423.82306 744.44171
0.11420 0.11420 0.00000 435.68610 745.26013
0.20220 0.11420 0.00000 474.90421 747.40649
0.22840 0.11420 0.00000 486.82944 747.95825
0.31640 0.11420 0.00000 526.58459 749.73083
0.34259 0.11420 0.00000 538.67279 750.27716
0.43059 0.11420 0.00000 578.50787 751.62280
0.45679 0.11420 0.00000 590.51825 751.90778
0.54479 0.11420 0.00000 630.30090 752.80096
0.57099 0.11420 0.00000 642.42865 752.98492
0.65899 0.11420 0.00000 681.82727 753.30969
0.00000 0.20220 0.00000 385.91003 703.06018
0.08800 0.20220 0.00000 424.60776 705.48169
0.11420 0.20220 0.00000 436.45074 706.14172
0.20220 0.20220 0.00000 475.71439 708.35242
0.22840 0.20220 0.00000 487.71732 708.64844
0.31640 0.20220 0.00000 527.58307 710.57068
0.34259 0.20220 0.00000 539.73718 711.12482
0.43059 0.20220 0.00000 579.62762 712.46704
0.45679 0.20220 0.00000 591.71692 712.77344
0.54479 0.20220 0.00000 631.74139 714.01495
0.57099 0.20220 0.00000 643.63324 714.20856
0.65899 0.20220 0.00000 683.27844 714.62231
0.00000 0.22840 0.00000 386.30844 691.24823
0.08800 0.22840 0.00000 424.82779 693.59637
0.11420 0.22840 0.00000 436.70328 694.32147
0.20220 0.22840 0.00000 476.05396 696.44464
0.22840 0.22840 0.00000 488.18420 696.96161
0.31640 0.22840 0.00000 527.84760 698.69061
0.34259 0.22840 0.00000 540.12775 699.34473
0.43059 0.22840 0.00000 579.98926 700.69049
0.45679 0.22840 0.00000 592.27936 701.12592
0.54479 0.22840 0.00000 632.14380 701.97711
0.57099 0.22840 0.00000 644.05060 702.25714
0.65899 0.22840 0.00000 683.66785 702.74219
0.00000 0.31640 0.00000 387.19580 651.99121
0.08800 0.31640 0.00000 425.85236 654.13037
0.11420 0.31640 0.00000 437.62930 654.60077
0.20220 0.31640 0.00000 477.27603 656.66779
0.22840 0.31640 0.00000 489.31897 657.46558
0.31640 0.31640 0.00000 528.91901 659.23358
0.34259 0.31640 0.00000 541.15790 659.75946
0.43059 0.31640 0.00000 581.11353 661.14087
0.45679 0.31640 0.00000 593.47418 661.62744
0.54479 0.31640 0.00000 633.37115 662.62433
0.57099 0.31640 0.00000 645.62756 662.82202
0.65899 0.31640 0.00000 684.89478 663.97260
0.00000 0.34259 0.00000 387.51660 639.95728
0.08800 0.34259 0.00000 426.37692 642.03882
0.11420 0.34259 0.00000 438.20688 642.61658
0.20220 0.34259 0.00000 477.52621 644.58698
0.22840 0.34259 0.00000 489.56393 645.27277
0.31640 0.34259 0.00000 529.54700 646.85211
0.34259 0.34259 0.00000 541.69025 647.67261
0.43059 0.34259 0.00000 581.72552 648.85443
0.45679 0.34259 0.00000 594.06433 649.56982
0.54479 0.34259 0.00000 633.72449 650.62158
0.57099 0.34259 0.00000 646.05615 650.75812
0.65899 0.34259 0.00000 685.40857 651.91089
0.00000 0.43059 0.00000 389.15314 600.25360
0.08800 0.43059 0.00000 427.69247 602.34967
0.11420 0.43059 0.00000 439.65768 602.74115
0.20220 0.43059 0.00000 479.04736 604.83478
0.22840 0.43059 0.00000 491.05771 605.46179
0.31640 0.43059 0.00000 530.80157 607.16187
0.34259 0.43059 0.00000 542.93774 607.62158
0.43059 0.43059 0.00000 582.93866 609.07410
0.45679 0.43059 0.00000 595.21539 609.65588
0.54479 0.43059 0.00000 635.03973 610.92615
0.57099 0.43059 0.00000 647.47614 611.15277
0.00000 0.45679 0.00000 389.52344 588.37378
0.08800 0.45679 0.00000 428.35306 590.05872
0.11420 0.45679 0.00000 440.20514 590.64264
0.20220 0.45679 0.00000 479.47403 592.50665
0.22840 0.45679 0.00000 491.38330 592.98944
0.31640 0.45679 0.00000 531.42480 594.66711
0.34259 0.45679 0.00000 543.40753 595.38477
0.43059 0.45679 0.00000 583.56641 596.71667
0.45679 0.45679 0.00000 595.75153 597.37787
0.54479 0.45679 0.00000 635.67133 598.70428
0.57099 0.45679 0.00000 647.81158 598.89246
0.65899 0.45679 0.00000 687.22772 600.13568
0.00000 0.54479 0.00000 391.54126 548.54578
0.08800 0.54479 0.00000 429.98245 550.30078
0.11420 0.54479 0.00000 442.10687 551.03455
0.20220 0.54479 0.00000 481.20398 552.73267
0.22840 0.54479 0.00000 493.45673 553.16473
0.31640 0.54479 0.00000 532.97467 554.91943
0.34259 0.54479 0.00000 545.23456 555.44379
0.45679 0.54479 0.00000 597.23724 557.46997
0.57099 0.54479 0.00000 649.24969 559.34131
0.08800 0.57099 0.00000 430.88214 538.15540
0.11420 0.57099 0.00000 442.83765 538.83405
0.20220 0.57099 0.00000 481.72083 540.57037
0.22840 0.57099 0.00000 493.87643 540.75391
0.31640 0.57099 0.00000 533.56952 542.62054
0.34259 0.57099 0.00000 545.67328 542.93347
0.43059 0.57099 0.00000 585.58844 544.66937
0.45679 0.57099 0.00000 597.67725 545.18341
0.54479 0.57099 0.00000 637.50970 546.57703
0.57099 0.57099 0.00000 649.42334 547.06561
0.65899 0.57099 0.00000 688.97882 548.33496
0.00000 0.65899 0.00000 394.74109 497.30396
0.08800 0.65899 0.00000 433.03592 498.84137
0.11420 0.65899 0.00000 444.80255 499.36844
0.20220 0.65899 0.00000 483.70151 500.67624
0.22840 0.65899 0.00000 496.09479 501.16309
0.31640 0.65899 0.00000 535.24792 502.86099
0.34259 0.65899 0.00000 547.61420 503.19589
0.43059 0.65899 0.00000 586.99567 505.05322
0.45679 0.65899 0.00000 599.27527 505.48773
0.54479 0.65899 0.00000 638.79425 507.21368
0.65899 0.65899 0.00000 690.33832 509.39059

gimbalangles:
0.0523598775598 0.0 -0.261799387799 

end: