T_CW:
0.99600 0.05073 0.07358 -0.37640
0.05740 -0.99415 -0.09155 0.65175
0.06851 0.09540 -0.99308 1.35343
0.00000 0.00000 0.00000 1.00000

T_CW_cov:

target_points_pix:
0.00000 0.00000 0.00000 463.10400 811.16736
0.08800 0.00000 0.00000 503.69040 813.90900
0.11420 0.00000 0.00000 515.62933 814.37738
0.20220 0.00000 0.00000 556.21265 816.51868
0.34259 0.00000 0.00000 621.17566 818.91290
0.43059 0.00000 0.00000 661.03473 819.78577
0.45679 0.00000 0.00000 673.02478 819.96124
0.54479 0.00000 0.00000 712.58325 819.80121
0.57099 0.00000 0.00000 724.25250 819.98627
0.65899 0.00000 0.00000 762.86597 819.89618
0.00000 0.08800 0.00000 464.70001 771.70227
0.08800 0.08800 0.00000 505.27286 774.35974
0.11420 0.08800 0.00000 517.31958 774.76855
0.20220 0.08800 0.00000 558.04095 777.10889
0.22840 0.08800 0.00000 570.42340 777.56494
0.31640 0.08800 0.00000 610.71680 779.27582
0.34259 0.08800 0.00000 622.83154 779.61560
0.43059 0.08800 0.00000 663.30292 780.57678
0.45679 0.08800 0.00000 675.26605 780.73999
0.54479 0.08800 0.00000 714.57709 781.43909
0.57099 0.08800 0.00000 726.47223 781.51074
0.65899 0.08800 0.00000 764.79224 781.42902
0.00000 0.11420 0.00000 465.00854 759.97632
0.08800 0.11420 0.00000 505.54254 762.40601
0.11420 0.11420 0.00000 517.87445 763.03387
0.20220 0.11420 0.00000 558.54083 765.39844
0.22840 0.11420 0.00000 570.64386 765.65240
0.31640 0.11420 0.00000 611.36078 767.32098
0.34259 0.11420 0.00000 623.62640 767.90637
0.43059 0.11420 0.00000 663.71832 768.79620
0.45679 0.11420 0.00000 675.84448 769.00732
0.54479 0.11420 0.00000 715.26794 769.81464
0.57099 0.11420 0.00000 726.87012 769.76935
0.65899 0.11420 0.00000 765.84552 769.99652
0.00000 0.20220 0.00000 466.78595 719.81274
0.08800 0.20220 0.00000 507.38141 722.49615
0.11420 0.20220 0.00000 519.64764 722.94318
0.20220 0.20220 0.00000 560.45947 725.49542
0.22840 0.20220 0.00000 572.69177 725.78766
0.31640 0.20220 0.00000 613.26678 727.81799
0.34259 0.20220 0.00000 625.52637 728.30450
0.43059 0.20220 0.00000 666.22351 729.47858
0.45679 0.20220 0.00000 678.18402 729.74860
0.54479 0.20220 0.00000 717.54639 730.44177
0.57099 0.20220 0.00000 729.43140 730.52222
0.65899 0.20220 0.00000 768.04712 731.11877
0.00000 0.22840 0.00000 467.25043 708.09814
0.11420 0.22840 0.00000 520.22272 711.27545
0.20220 0.22840 0.00000 560.74640 713.33624
0.22840 0.22840 0.00000 573.19916 713.97748
0.31640 0.22840 0.00000 614.24738 715.60760
0.34259 0.22840 0.00000 626.03229 716.00275
0.43059 0.22840 0.00000 666.53387 717.53064
0.45679 0.22840 0.00000 678.50134 717.66840
0.54479 0.22840 0.00000 718.00098 718.76575
0.57099 0.22840 0.00000 729.81323 718.78223
0.65899 0.22840 0.00000 768.56097 719.45044
0.00000 0.31640 0.00000 469.02554 667.54797
0.08800 0.31640 0.00000 509.82886 670.12360
0.11420 0.31640 0.00000 521.85614 670.75665
0.20220 0.31640 0.00000 562.96069 673.00677
0.22840 0.31640 0.00000 575.10822 673.65607
0.31640 0.31640 0.00000 616.24481 675.56146
0.34259 0.31640 0.00000 628.26788 675.84607
0.43059 0.31640 0.00000 668.60120 677.52313
0.45679 0.31640 0.00000 680.76654 677.81561
0.54479 0.31640 0.00000 720.33881 679.26080
0.57099 0.31640 0.00000 732.24048 679.29395
0.65899 0.31640 0.00000 770.80298 680.04333
0.00000 0.34259 0.00000 469.97052 655.20697
0.08800 0.34259 0.00000 510.55115 657.68848
0.11420 0.34259 0.00000 522.87811 658.48419
0.20220 0.34259 0.00000 563.60083 660.62677
0.22840 0.34259 0.00000 576.21918 661.40350
0.31640 0.34259 0.00000 616.57629 663.42493
0.34259 0.34259 0.00000 628.78827 663.81921
0.43059 0.34259 0.00000 669.00647 665.40350
0.45679 0.34259 0.00000 681.31482 666.08582
0.54479 0.34259 0.00000 720.88257 666.99402
0.57099 0.34259 0.00000 732.66486 667.36664
0.65899 0.34259 0.00000 771.38824 668.28003
0.00000 0.43059 0.00000 471.77029 614.62512
0.08800 0.43059 0.00000 512.70306 617.18658
0.11420 0.43059 0.00000 524.92084 617.80829
0.20220 0.43059 0.00000 565.80450 620.16705
0.22840 0.43059 0.00000 577.82684 620.76733
0.31640 0.43059 0.00000 618.94934 622.88885
0.34259 0.43059 0.00000 630.78662 623.31085
0.43059 0.43059 0.00000 671.18750 624.82135
0.45679 0.43059 0.00000 683.07281 625.65948
0.54479 0.43059 0.00000 722.89044 627.12494
0.57099 0.43059 0.00000 734.63348 627.53552
0.65899 0.43059 0.00000 773.38379 628.63959
0.00000 0.45679 0.00000 472.89435 602.15381
0.08800 0.45679 0.00000 513.40045 604.63892
0.11420 0.45679 0.00000 525.66949 605.43811
0.20220 0.45679 0.00000 566.49103 607.67566
0.22840 0.45679 0.00000 578.75323 608.33746
0.31640 0.45679 0.00000 619.39270 610.44507
0.34259 0.45679 0.00000 631.55573 610.77771
0.43059 0.45679 0.00000 671.85742 612.86078
0.54479 0.45679 0.00000 723.49023 614.75317
0.57099 0.45679 0.00000 734.97827 615.33221
0.65899 0.45679 0.00000 773.78833 616.78754
0.00000 0.54479 0.00000 475.16809 561.67963
0.08800 0.54479 0.00000 515.78790 564.16730
0.11420 0.54479 0.00000 527.85455 564.80292
0.20220 0.54479 0.00000 568.77319 567.17529
0.22840 0.54479 0.00000 580.86774 567.81226
0.34259 0.54479 0.00000 633.59296 570.54388
0.43059 0.54479 0.00000 673.67554 572.48615
0.45679 0.54479 0.00000 685.90460 572.93311
0.54479 0.54479 0.00000 725.14966 574.88159
0.57099 0.54479 0.00000 736.74371 575.62000
0.65899 0.54479 0.00000 775.26263 576.96265
0.00000 0.57099 0.00000 476.34006 549.44067
0.08800 0.57099 0.00000 516.56622 551.69128
0.11420 0.57099 0.00000 528.93939 552.58716
0.20220 0.57099 0.00000 569.38275 554.65784
0.22840 0.57099 0.00000 581.63293 555.49127
0.31640 0.57099 0.00000 622.20435 557.67291
0.34259 0.57099 0.00000 634.02875 558.15924
0.43059 0.57099 0.00000 674.16223 560.47882
0.45679 0.57099 0.00000 686.37183 561.18927
0.54479 0.57099 0.00000 725.80042 562.79559
0.57099 0.57099 0.00000 737.36273 563.58875
0.65899 0.57099 0.00000 776.10291 565.20624
0.00000 0.65899 0.00000 479.04102 509.07965
0.08800 0.65899 0.00000 518.93878 511.23328
0.11420 0.65899 0.00000 531.25244 512.23633
0.20220 0.65899 0.00000 571.64911 514.35400
0.22840 0.65899 0.00000 583.97687 515.00354
0.31640 0.65899 0.00000 624.35803 517.42224
0.34259 0.65899 0.00000 636.29529 517.99451
0.43059 0.65899 0.00000 676.05170 520.16937
0.45679 0.65899 0.00000 688.12946 521.13293
0.54479 0.65899 0.00000 727.17047 523.02661
0.57099 0.65899 0.00000 739.03534 523.95465
0.65899 0.65899 0.00000 777.22504 526.23663

gimbalangles:
0.0523598775598 0.0 -0.261799387799 

end: