T_CW:
0.99741 0.03511 0.06270 -0.58539
0.03961 -0.99662 -0.07198 0.63317
0.05996 0.07428 -0.99543 1.37209
0.00000 0.00000 0.00000 1.00000

T_CW_cov:

target_points_pix:
0.00000 0.00000 0.00000 384.53754 792.29822
0.08800 0.00000 0.00000 423.25592 794.68536
0.11420 0.00000 0.00000 434.78671 795.57135
0.20220 0.00000 0.00000 474.18777 797.81433
0.22840 0.00000 0.00000 485.82669 798.34125
0.31640 0.00000 0.00000 525.48083 800.35529
0.34259 0.00000 0.00000 537.44092 800.65509
0.43059 0.00000 0.00000 577.18756 801.93109
0.45679 0.00000 0.00000 589.24109 802.20917
0.54479 0.00000 0.00000 628.84937 802.70416
0.57099 0.00000 0.00000 640.73401 802.95508
0.65899 0.00000 0.00000 680.08484 803.14020
0.00000 0.08800 0.00000 384.96332 753.69916
0.08800 0.08800 0.00000 423.74997 756.25336
0.11420 0.08800 0.00000 435.42978 756.76013
0.20220 0.08800 0.00000 474.71542 759.07520
0.22840 0.08800 0.00000 486.69452 759.66235
0.31640 0.08800 0.00000 526.42059 761.48145
0.34259 0.08800 0.00000 538.42645 762.00012
0.43059 0.08800 0.00000 578.33984 763.32941
0.45679 0.08800 0.00000 590.37170 763.64124
0.54479 0.08800 0.00000 629.93884 764.36517
0.57099 0.08800 0.00000 641.95483 764.56116
0.65899 0.08800 0.00000 681.30286 764.88513
0.00000 0.11420 0.00000 385.16037 742.05505
0.08800 0.11420 0.00000 423.84119 744.49432
0.11420 0.11420 0.00000 435.60544 745.24146
0.20220 0.11420 0.00000 474.95563 747.44733
0.22840 0.11420 0.00000 486.91043 747.97650
0.31640 0.11420 0.00000 526.63873 749.71741
0.34259 0.11420 0.00000 538.70532 750.24005
0.43059 0.11420 0.00000 578.55328 751.65015
0.45679 0.11420 0.00000 590.49695 751.88892
0.54479 0.11420 0.00000 630.32648 752.77429
0.57099 0.11420 0.00000 642.44861 753.03113
0.65899 0.11420 0.00000 681.83734 753.30817
0.00000 0.20220 0.00000 385.87744 703.01569
0.08800 0.20220 0.00000 424.59302 705.46350
0.11420 0.20220 0.00000 436.47171 706.14703
0.20220 0.20220 0.00000 475.68024 708.34033
0.22840 0.20220 0.00000 487.70929 708.64441
0.31640 0.20220 0.00000 527.54187 710.58173
0.34259 0.20220 0.00000 539.72528 711.13031
0.43059 0.20220 0.00000 579.62854 712.50720
0.45679 0.20220 0.00000 591.73169 712.82867
0.54479 0.20220 0.00000 631.69971 714.05688
0.57099 0.20220 0.00000 643.59552 714.23047
0.65899 0.20220 0.00000 683.21234 714.72736
0.00000 0.22840 0.00000 386.26495 691.22131
0.08800 0.22840 0.00000 424.83722 693.61511
0.11420 0.22840 0.00000 436.68866 694.30286
0.20220 0.22840 0.00000 476.01102 696.49139
0.22840 0.22840 0.00000 488.21860 696.99329
0.31640 0.22840 0.00000 527.86786 698.70160
0.34259 0.22840 0.00000 540.11255 699.28168
0.43059 0.22840 0.00000 579.99902 700.66779
0.45679 0.22840 0.00000 592.30939 701.09943
0.54479 0.22840 0.00000 632.16504 702.02271
0.57099 0.22840 0.00000 644.07959 702.25085
0.65899 0.22840 0.00000 683.68457 702.74243
0.00000 0.31640 0.00000 387.14984 651.98529
0.08800 0.31640 0.00000 425.87054 654.18030
0.11420 0.31640 0.00000 437.65622 654.62463
0.20220 0.31640 0.00000 477.25696 656.67999
0.22840 0.31640 0.00000 489.22089 657.39197
0.31640 0.31640 0.00000 528.92499 659.21631
0.34259 0.31640 0.00000 541.17981 659.77655
0.43059 0.31640 0.00000 581.14630 661.14801
0.45679 0.31640 0.00000 593.44232 661.58917
0.54479 0.31640 0.00000 633.40155 662.60468
0.57099 0.31640 0.00000 645.59790 662.76752
0.65899 0.31640 0.00000 684.93481 663.86084
0.00000 0.34259 0.00000 387.52750 640.00366
0.08800 0.34259 0.00000 426.34216 641.97491
0.11420 0.34259 0.00000 438.21841 642.62073
0.20220 0.34259 0.00000 477.56604 644.60541
0.22840 0.34259 0.00000 489.48636 645.37769
0.31640 0.34259 0.00000 529.55530 646.86115
0.34259 0.34259 0.00000 541.62842 647.64349
0.43059 0.34259 0.00000 581.68152 648.81909
0.45679 0.34259 0.00000 594.09845 649.51758
0.54479 0.34259 0.00000 633.71484 650.58990
0.57099 0.34259 0.00000 646.10449 650.73907
0.65899 0.34259 0.00000 685.37518 651.92908
0.00000 0.43059 0.00000 389.14392 600.24585
0.08800 0.43059 0.00000 427.66632 602.35468
0.11420 0.43059 0.00000 439.64029 602.74402
0.20220 0.43059 0.00000 479.01334 604.87756
0.22840 0.43059 0.00000 491.09680 605.44373
0.31640 0.43059 0.00000 530.85065 607.13849
0.34259 0.43059 0.00000 543.06525 607.69550
0.43059 0.43059 0.00000 582.95087 609.05255
0.45679 0.43059 0.00000 595.29724 609.67682
0.57099 0.43059 0.00000 647.43860 611.10406
0.00000 0.45679 0.00000 389.55341 588.35406
0.08800 0.45679 0.00000 428.33148 590.09888
0.11420 0.45679 0.00000 440.25586 590.58405
0.20220 0.45679 0.00000 479.50385 592.53979
0.22840 0.45679 0.00000 491.46182 592.87378
0.31640 0.45679 0.00000 531.44879 594.64673
0.34259 0.45679 0.00000 543.39569 595.35553
0.43059 0.45679 0.00000 583.56433 596.70593
0.45679 0.45679 0.00000 595.82697 597.39453
0.54479 0.45679 0.00000 635.64758 598.64972
0.57099 0.45679 0.00000 647.82184 598.86017
0.65899 0.45679 0.00000 687.21832 600.14600
0.00000 0.54479 0.00000 391.54468 548.54095
0.08800 0.54479 0.00000 429.97534 550.30121
0.11420 0.54479 0.00000 442.05920 550.95764
0.20220 0.54479 0.00000 481.20193 552.73999
0.22840 0.54479 0.00000 493.50589 553.08740
0.31640 0.54479 0.00000 533.01215 554.94037
0.34259 0.54479 0.00000 545.23541 555.45917
0.45679 0.54479 0.00000 597.18408 557.47845
0.57099 0.54479 0.00000 649.22412 559.40833
0.00000 0.57099 0.00000 392.30331 536.45587
0.08800 0.57099 0.00000 430.86938 538.17914
0.11420 0.57099 0.00000 442.84576 538.83087
0.20220 0.57099 0.00000 481.70074 540.55884
0.22840 0.57099 0.00000 493.97714 540.82690
0.31640 0.57099 0.00000 533.54010 542.56592
0.34259 0.57099 0.00000 545.60504 543.00299
0.43059 0.57099 0.00000 585.58899 544.66638
0.45679 0.57099 0.00000 597.72797 545.21857
0.54479 0.57099 0.00000 637.50928 546.59558
0.57099 0.57099 0.00000 649.31989 547.28290
0.65899 0.57099 0.00000 689.00012 548.32080
0.00000 0.65899 0.00000 394.69565 497.31985
0.08800 0.65899 0.00000 433.03687 498.84998
0.11420 0.65899 0.00000 444.72507 499.34259
0.20220 0.65899 0.00000 483.68588 500.67978
0.22840 0.65899 0.00000 496.09183 501.15140
0.31640 0.65899 0.00000 535.29681 502.85437
0.34259 0.65899 0.00000 547.59143 503.25732
0.43059 0.65899 0.00000 587.00055 505.06265
0.45679 0.65899 0.00000 599.26654 505.51669
0.54479 0.65899 0.00000 638.76825 507.24838
0.57099 0.65899 0.00000 651.07330 507.83438
0.65899 0.65899 0.00000 690.33893 509.41437

gimbalangles:
0.0523598775598 0.0 -0.0872664625997 

end: