T_CW:
0.99741 0.03516 0.06275 -0.58541
0.03965 -0.99662 -0.07196 0.63315
0.06001 0.07426 -0.99543 1.37209
0.00000 0.00000 0.00000 1.00000

T_CW_cov:

target_points_pix:
0.00000 0.00000 0.00000 384.44879 792.16644
0.08800 0.00000 0.00000 423.23364 794.69226
0.11420 0.00000 0.00000 434.77136 795.56403
0.20220 0.00000 0.00000 474.12268 797.86298
0.22840 0.00000 0.00000 485.79428 798.38281
0.31640 0.00000 0.00000 525.50519 800.33307
0.34259 0.00000 0.00000 537.45599 800.61475
0.43059 0.00000 0.00000 577.22034 801.92218
0.45679 0.00000 0.00000 589.23792 802.23462
0.54479 0.00000 0.00000 628.80542 802.71118
0.57099 0.00000 0.00000 640.70166 802.90057
0.65899 0.00000 0.00000 680.04828 803.18707
0.00000 0.08800 0.00000 384.96201 753.69427
0.08800 0.08800 0.00000 423.66479 756.22247
0.11420 0.08800 0.00000 435.44540 756.73309
0.20220 0.08800 0.00000 474.74432 759.09198
0.22840 0.08800 0.00000 486.69922 759.64777
0.31640 0.08800 0.00000 526.43054 761.50549
0.34259 0.08800 0.00000 538.39844 761.89410
0.43059 0.08800 0.00000 578.33258 763.33698
0.45679 0.08800 0.00000 590.37274 763.57458
0.54479 0.08800 0.00000 629.98120 764.33716
0.57099 0.08800 0.00000 641.93506 764.55725
0.65899 0.08800 0.00000 681.32843 764.83569
0.00000 0.11420 0.00000 385.15356 742.05048
0.08800 0.11420 0.00000 423.84125 744.49023
0.11420 0.11420 0.00000 435.65540 745.26129
0.20220 0.11420 0.00000 474.93362 747.41315
0.22840 0.11420 0.00000 486.82538 747.95117
0.31640 0.11420 0.00000 526.65283 749.71405
0.34259 0.11420 0.00000 538.63629 750.31445
0.43059 0.11420 0.00000 578.58234 751.60376
0.45679 0.11420 0.00000 590.49536 751.88330
0.54479 0.11420 0.00000 630.32574 752.79919
0.57099 0.11420 0.00000 642.39410 752.98218
0.65899 0.11420 0.00000 681.80981 753.35370
0.00000 0.20220 0.00000 385.93454 703.11444
0.08800 0.20220 0.00000 424.59335 705.47681
0.11420 0.20220 0.00000 436.50735 706.11121
0.20220 0.20220 0.00000 475.70154 708.29633
0.22840 0.20220 0.00000 487.67792 708.65393
0.31640 0.20220 0.00000 527.58057 710.58862
0.34259 0.20220 0.00000 539.67444 711.02515
0.43059 0.20220 0.00000 579.61078 712.49042
0.45679 0.20220 0.00000 591.74127 712.81738
0.54479 0.20220 0.00000 631.71484 714.01556
0.57099 0.20220 0.00000 643.65308 714.18005
0.65899 0.20220 0.00000 683.16113 714.75159
0.00000 0.22840 0.00000 386.26117 691.22577
0.08800 0.22840 0.00000 424.78223 693.58807
0.11420 0.22840 0.00000 436.68423 694.30597
0.20220 0.22840 0.00000 475.99249 696.49390
0.22840 0.22840 0.00000 488.18106 696.98083
0.31640 0.22840 0.00000 527.86743 698.71625
0.34259 0.22840 0.00000 540.11719 699.28790
0.43059 0.22840 0.00000 579.96490 700.69012
0.45679 0.22840 0.00000 592.27069 701.19116
0.54479 0.22840 0.00000 632.16968 701.99103
0.57099 0.22840 0.00000 643.97058 702.29565
0.65899 0.22840 0.00000 683.69043 702.74725
0.00000 0.31640 0.00000 387.17429 651.98840
0.08800 0.31640 0.00000 425.86560 654.10687
0.11420 0.31640 0.00000 437.66324 654.65326
0.20220 0.31640 0.00000 477.23428 656.71558
0.22840 0.31640 0.00000 489.25159 657.42865
0.31640 0.31640 0.00000 528.91553 659.22900
0.34259 0.31640 0.00000 541.16998 659.71747
0.43059 0.31640 0.00000 581.07581 661.18073
0.45679 0.31640 0.00000 593.42493 661.55566
0.54479 0.31640 0.00000 633.36743 662.64526
0.57099 0.31640 0.00000 645.62323 662.77960
0.65899 0.31640 0.00000 684.94867 663.73816
0.00000 0.34259 0.00000 387.58240 639.98883
0.08800 0.34259 0.00000 426.39926 641.97119
0.11420 0.34259 0.00000 438.22595 642.61121
0.20220 0.34259 0.00000 477.54703 644.59045
0.22840 0.34259 0.00000 489.53937 645.28406
0.31640 0.34259 0.00000 529.55829 646.88300
0.34259 0.34259 0.00000 541.69592 647.65881
0.43059 0.34259 0.00000 581.77533 648.90588
0.45679 0.34259 0.00000 594.09930 649.54327
0.54479 0.34259 0.00000 633.78357 650.69086
0.57099 0.34259 0.00000 646.03729 650.74286
0.65899 0.34259 0.00000 685.39117 651.97272
0.00000 0.43059 0.00000 389.12381 600.25726
0.08800 0.43059 0.00000 427.68387 602.34424
0.11420 0.43059 0.00000 439.67026 602.75842
0.20220 0.43059 0.00000 479.05667 604.81366
0.22840 0.43059 0.00000 491.10678 605.47925
0.31640 0.43059 0.00000 530.85938 607.11823
0.34259 0.43059 0.00000 543.04395 607.65955
0.43059 0.43059 0.00000 582.95325 609.08063
0.45679 0.43059 0.00000 595.16077 609.55048
0.54479 0.43059 0.00000 635.21185 610.76001
0.57099 0.43059 0.00000 647.42664 611.08569
0.00000 0.45679 0.00000 389.56097 588.34503
0.08800 0.45679 0.00000 428.34750 590.08435
0.11420 0.45679 0.00000 440.19403 590.62195
0.20220 0.45679 0.00000 479.49579 592.53088
0.22840 0.45679 0.00000 491.35394 592.98761
0.31640 0.45679 0.00000 531.43024 594.66980
0.34259 0.45679 0.00000 543.42560 595.38312
0.43059 0.45679 0.00000 583.58716 596.73956
0.45679 0.45679 0.00000 595.79443 597.42712
0.54479 0.45679 0.00000 635.62073 598.61554
0.57099 0.45679 0.00000 647.79968 598.91620
0.65899 0.45679 0.00000 687.24896 600.15521
0.00000 0.54479 0.00000 391.55020 548.55707
0.08800 0.54479 0.00000 429.95551 550.27350
0.11420 0.54479 0.00000 442.04523 550.96960
0.20220 0.54479 0.00000 481.27893 552.68182
0.22840 0.54479 0.00000 493.47141 553.12042
0.31640 0.54479 0.00000 532.92535 554.94702
0.34259 0.54479 0.00000 545.21875 555.43390
0.45679 0.54479 0.00000 597.24683 557.40930
0.57099 0.54479 0.00000 649.24408 559.39191
0.00000 0.57099 0.00000 392.32773 536.43054
0.08800 0.57099 0.00000 430.86005 538.16180
0.11420 0.57099 0.00000 442.81528 538.82764
0.20220 0.57099 0.00000 481.68192 540.54883
0.22840 0.57099 0.00000 493.96078 540.83112
0.31640 0.57099 0.00000 533.53809 542.60413
0.34259 0.57099 0.00000 545.61011 542.98889
0.43059 0.57099 0.00000 585.60260 544.66644
0.45679 0.57099 0.00000 597.66278 545.29413
0.54479 0.57099 0.00000 637.53448 546.61597
0.57099 0.57099 0.00000 649.42065 547.14441
0.65899 0.57099 0.00000 688.92517 548.29138
0.00000 0.65899 0.00000 394.70245 497.31235
0.08800 0.65899 0.00000 433.04282 498.84305
0.11420 0.65899 0.00000 444.72998 499.31525
0.20220 0.65899 0.00000 483.74460 500.62314
0.22840 0.65899 0.00000 496.11194 501.20984
0.31640 0.65899 0.00000 535.28864 502.81458
0.34259 0.65899 0.00000 547.65332 503.23297
0.43059 0.65899 0.00000 587.01624 505.06491
0.45679 0.65899 0.00000 599.28259 505.49359
0.54479 0.65899 0.00000 638.76221 507.25266
0.65899 0.65899 0.00000 690.32080 509.36649

gimbalangles:
0.0523598775598 0.0 0.0872664625997 

end: