T_CW:
0.94815 0.05026 0.31384 -0.77059
0.06617 -0.99700 -0.04024 0.37065
0.31087 0.05893 -0.94862 1.32070
0.00000 0.00000 0.00000 1.00000

T_CW_cov:

target_points_pix:
0.11420 0.00000 0.00000 130.47369 668.61298
0.20220 0.00000 0.00000 209.36856 667.63947
0.22840 0.00000 0.00000 232.50005 667.46875
0.31640 0.00000 0.00000 307.65689 666.53961
0.34259 0.00000 0.00000 329.77377 666.33270
0.43059 0.00000 0.00000 401.64478 665.31195
0.45679 0.00000 0.00000 422.75916 664.88953
0.54479 0.00000 0.00000 491.45105 663.82361
0.57099 0.00000 0.00000 511.51944 663.56189
0.65899 0.00000 0.00000 577.39282 662.61560
0.00000 0.08800 0.00000 29.58102 592.50067
0.08800 0.08800 0.00000 111.83086 592.88055
0.11420 0.08800 0.00000 136.09360 592.93268
0.20220 0.08800 0.00000 214.50427 593.41693
0.22840 0.08800 0.00000 237.58105 593.42773
0.31640 0.08800 0.00000 312.43195 593.71350
0.34259 0.08800 0.00000 334.37222 593.85590
0.43059 0.08800 0.00000 405.59818 594.42072
0.45679 0.08800 0.00000 426.55774 594.39905
0.54479 0.08800 0.00000 494.90839 594.57782
0.57099 0.08800 0.00000 515.01025 594.62976
0.65899 0.08800 0.00000 580.51172 594.93066
0.00000 0.11420 0.00000 31.46051 569.36780
0.08800 0.11420 0.00000 113.56635 570.28552
0.11420 0.11420 0.00000 137.76019 570.47900
0.20220 0.11420 0.00000 216.07884 571.31500
0.22840 0.11420 0.00000 239.08568 571.41504
0.31640 0.11420 0.00000 313.71103 572.26721
0.34259 0.11420 0.00000 335.64438 572.49683
0.43059 0.11420 0.00000 407.04190 573.29071
0.45679 0.11420 0.00000 427.82092 573.46503
0.54479 0.11420 0.00000 496.20474 573.87518
0.57099 0.11420 0.00000 516.22406 574.21466
0.65899 0.11420 0.00000 581.50757 574.59955
0.00000 0.20220 0.00000 37.19981 492.66229
0.08800 0.20220 0.00000 119.31367 494.86420
0.11420 0.20220 0.00000 143.02820 495.56351
0.20220 0.20220 0.00000 221.27045 497.63974
0.22840 0.20220 0.00000 244.11969 498.43747
0.31640 0.20220 0.00000 318.46136 500.48734
0.34259 0.20220 0.00000 340.21741 501.21002
0.43059 0.20220 0.00000 411.24399 503.13086
0.45679 0.20220 0.00000 432.03082 503.51602
0.54479 0.20220 0.00000 500.03094 505.41019
0.57099 0.20220 0.00000 519.72833 505.88141
0.65899 0.20220 0.00000 584.98834 507.51675
0.00000 0.22840 0.00000 38.93913 469.71857
0.08800 0.22840 0.00000 120.88747 472.48596
0.11420 0.22840 0.00000 144.63821 473.37439
0.20220 0.22840 0.00000 222.47694 475.72849
0.22840 0.22840 0.00000 245.51564 476.51715
0.31640 0.22840 0.00000 319.60901 479.16650
0.34259 0.22840 0.00000 341.49670 479.71863
0.43059 0.22840 0.00000 412.58875 482.14594
0.45679 0.22840 0.00000 433.44922 482.63449
0.54479 0.22840 0.00000 501.32922 484.85526
0.57099 0.22840 0.00000 521.20361 485.48245
0.65899 0.22840 0.00000 585.88879 487.53293
0.00000 0.31640 0.00000 44.91260 393.61032
0.08800 0.31640 0.00000 126.26287 397.81754
0.20220 0.31640 0.00000 227.69872 403.09525
0.22840 0.31640 0.00000 250.50085 404.30865
0.31640 0.31640 0.00000 324.48529 407.83972
0.34259 0.31640 0.00000 346.27786 408.92749
0.43059 0.31640 0.00000 416.72830 412.58502
0.45679 0.31640 0.00000 437.52780 413.52719
0.54479 0.31640 0.00000 505.34369 416.82895
0.57099 0.31640 0.00000 525.00916 417.83783
0.65899 0.31640 0.00000 589.63885 421.15237
0.00000 0.34259 0.00000 46.63726 371.03949
0.08800 0.34259 0.00000 127.76501 375.49521
0.11420 0.34259 0.00000 151.67381 376.86780
0.20220 0.34259 0.00000 229.40546 381.33374
0.22840 0.34259 0.00000 251.74519 382.49738
0.31640 0.34259 0.00000 325.74908 386.55051
0.34259 0.34259 0.00000 347.51279 387.76620
0.43059 0.34259 0.00000 417.99725 391.58850
0.45679 0.34259 0.00000 438.67728 392.84491
0.54479 0.34259 0.00000 506.42960 396.54562
0.57099 0.34259 0.00000 526.35712 397.52802
0.65899 0.34259 0.00000 590.79742 401.30920
0.00000 0.43059 0.00000 52.44955 295.49579
0.08800 0.43059 0.00000 133.41908 301.49506
0.20220 0.43059 0.00000 234.41298 308.92010
0.22840 0.43059 0.00000 256.84198 310.54666
0.31640 0.43059 0.00000 330.52817 315.97946
0.34259 0.43059 0.00000 352.16580 317.48471
0.43059 0.43059 0.00000 422.44318 322.63602
0.45679 0.43059 0.00000 443.15897 324.28528
0.54479 0.43059 0.00000 510.43390 329.12961
0.57099 0.43059 0.00000 530.23163 330.50461
0.65899 0.43059 0.00000 594.52295 335.27200
0.00000 0.45679 0.00000 54.40688 272.88809
0.08800 0.45679 0.00000 134.90442 279.46616
0.11420 0.45679 0.00000 158.92198 281.38644
0.20220 0.45679 0.00000 235.73082 287.39227
0.22840 0.45679 0.00000 258.44623 289.00974
0.31640 0.45679 0.00000 331.73859 294.69730
0.34259 0.45679 0.00000 353.57986 296.51871
0.43059 0.45679 0.00000 423.55157 301.95499
0.45679 0.45679 0.00000 444.36877 303.56503
0.54479 0.45679 0.00000 511.55334 308.77609
0.57099 0.45679 0.00000 531.35809 310.42972
0.65899 0.45679 0.00000 595.53760 315.46954
0.00000 0.54479 0.00000 60.41586 198.28365
0.08800 0.54479 0.00000 140.63544 206.02480
0.11420 0.54479 0.00000 164.32509 208.36378
0.20220 0.54479 0.00000 241.11122 215.61568
0.22840 0.54479 0.00000 263.51608 217.73680
0.31640 0.54479 0.00000 336.58618 224.70540
0.34259 0.54479 0.00000 358.09256 226.75903
0.43059 0.54479 0.00000 427.96841 233.55748
0.45679 0.54479 0.00000 448.47882 235.51308
0.54479 0.54479 0.00000 515.48785 241.82254
0.57099 0.54479 0.00000 535.04779 243.73151
0.65899 0.54479 0.00000 599.29010 249.73151
0.00000 0.57099 0.00000 62.19130 175.82893
0.08800 0.57099 0.00000 142.49088 184.16028
0.11420 0.57099 0.00000 166.02985 186.45680
0.20220 0.57099 0.00000 242.49809 194.23819
0.22840 0.57099 0.00000 264.99741 196.51141
0.31640 0.57099 0.00000 337.82166 203.78506
0.34259 0.57099 0.00000 359.48376 206.03941
0.43059 0.57099 0.00000 429.40430 213.12143
0.45679 0.57099 0.00000 449.62637 215.26030
0.54479 0.57099 0.00000 516.59467 221.80736
0.57099 0.57099 0.00000 536.29083 223.80370
0.65899 0.57099 0.00000 600.34698 230.25514
0.08800 0.65899 0.00000 147.88655 111.26683
0.11420 0.65899 0.00000 171.46576 113.97545
0.20220 0.65899 0.00000 247.52373 122.86701
0.22840 0.65899 0.00000 270.07715 125.52295
0.31640 0.65899 0.00000 342.79993 134.35669
0.34259 0.65899 0.00000 364.24075 136.65605
0.43059 0.65899 0.00000 433.58847 144.87152
0.45679 0.65899 0.00000 454.11758 147.41260
0.54479 0.65899 0.00000 520.57672 155.41197
0.57099 0.65899 0.00000 540.34625 157.55017
0.65899 0.65899 0.00000 603.90045 165.23734

gimbalangles:
0.0523598775598 0.0 0.261799387799 

end: