T_CW:
0.99599 0.05071 0.07372 -0.37638
0.05740 -0.99414 -0.09162 0.65173
0.06864 0.09548 -0.99306 1.35338
0.00000 0.00000 0.00000 1.00000

T_CW_cov:

target_points_pix:
0.00000 0.00000 0.00000 463.11554 811.18005
0.08800 0.00000 0.00000 503.64624 813.89789
0.11420 0.00000 0.00000 515.61340 814.37439
0.20220 0.00000 0.00000 556.25995 816.51318
0.34259 0.00000 0.00000 621.18481 818.91199
0.43059 0.00000 0.00000 661.07935 819.81891
0.45679 0.00000 0.00000 673.04559 819.99060
0.54479 0.00000 0.00000 712.61871 819.86902
0.57099 0.00000 0.00000 724.27325 819.89844
0.65899 0.00000 0.00000 762.87024 819.86169
0.00000 0.08800 0.00000 464.68167 771.68799
0.08800 0.08800 0.00000 505.26035 774.32422
0.11420 0.08800 0.00000 517.37201 774.77777
0.20220 0.08800 0.00000 558.07971 777.07672
0.22840 0.08800 0.00000 570.41449 777.56976
0.31640 0.08800 0.00000 610.73907 779.25842
0.34259 0.08800 0.00000 622.75507 779.60297
0.43059 0.08800 0.00000 663.31995 780.55420
0.45679 0.08800 0.00000 675.24268 780.72754
0.54479 0.08800 0.00000 714.57440 781.42261
0.57099 0.08800 0.00000 726.48645 781.48792
0.65899 0.08800 0.00000 764.82690 781.44983
0.00000 0.11420 0.00000 464.96469 759.97827
0.08800 0.11420 0.00000 505.54517 762.40942
0.11420 0.11420 0.00000 517.91418 763.00854
0.20220 0.11420 0.00000 558.55725 765.42798
0.22840 0.11420 0.00000 570.64154 765.66791
0.31640 0.11420 0.00000 611.38428 767.25739
0.34259 0.11420 0.00000 623.62970 767.89349
0.43059 0.11420 0.00000 663.72583 768.71466
0.45679 0.11420 0.00000 675.86401 769.02179
0.54479 0.11420 0.00000 715.26685 769.82562
0.57099 0.11420 0.00000 726.83221 769.77795
0.65899 0.11420 0.00000 765.84039 769.93335
0.00000 0.20220 0.00000 466.81113 719.82117
0.08800 0.20220 0.00000 507.38809 722.50677
0.11420 0.20220 0.00000 519.63385 722.95795
0.20220 0.20220 0.00000 560.45996 725.48358
0.22840 0.20220 0.00000 572.67102 725.76642
0.31640 0.20220 0.00000 613.29688 727.75958
0.34259 0.20220 0.00000 625.53577 728.31427
0.43059 0.20220 0.00000 666.18549 729.41364
0.45679 0.20220 0.00000 678.17511 729.75653
0.54479 0.20220 0.00000 717.55017 730.42462
0.57099 0.20220 0.00000 729.43628 730.53131
0.65899 0.20220 0.00000 768.01648 731.11658
0.00000 0.22840 0.00000 467.25516 708.02252
0.08800 0.22840 0.00000 507.64032 710.41748
0.11420 0.22840 0.00000 520.25439 711.23572
0.20220 0.22840 0.00000 560.75684 713.36145
0.22840 0.22840 0.00000 573.21069 713.97473
0.31640 0.22840 0.00000 614.24695 715.58917
0.34259 0.22840 0.00000 626.09662 716.03748
0.43059 0.22840 0.00000 666.53522 717.53217
0.45679 0.22840 0.00000 678.50079 717.65979
0.54479 0.22840 0.00000 717.97888 718.74750
0.57099 0.22840 0.00000 729.79810 718.75452
0.65899 0.22840 0.00000 768.53723 719.44702
0.00000 0.31640 0.00000 468.90915 667.55133
0.08800 0.31640 0.00000 509.87628 670.09528
0.11420 0.31640 0.00000 521.86475 670.78467
0.20220 0.31640 0.00000 563.00543 672.95892
0.22840 0.31640 0.00000 575.08289 673.66071
0.31640 0.31640 0.00000 616.27386 675.53009
0.34259 0.31640 0.00000 628.27649 675.84247
0.43059 0.31640 0.00000 668.55365 677.55878
0.45679 0.31640 0.00000 680.82104 677.89062
0.54479 0.31640 0.00000 720.34082 679.21796
0.57099 0.31640 0.00000 732.22260 679.25006
0.65899 0.31640 0.00000 770.80560 680.05859
0.00000 0.34259 0.00000 469.95789 655.18652
0.08800 0.34259 0.00000 510.55844 657.67737
0.11420 0.34259 0.00000 522.83539 658.46765
0.20220 0.34259 0.00000 563.56219 660.62067
0.22840 0.34259 0.00000 576.18884 661.39575
0.31640 0.34259 0.00000 616.56317 663.38171
0.34259 0.34259 0.00000 628.77844 663.78119
0.43059 0.34259 0.00000 669.04510 665.40948
0.45679 0.34259 0.00000 681.33685 666.03876
0.54479 0.34259 0.00000 720.91614 666.92316
0.57099 0.34259 0.00000 732.67908 667.34308
0.65899 0.34259 0.00000 771.39551 668.28186
0.00000 0.43059 0.00000 471.75259 614.61786
0.08800 0.43059 0.00000 512.72852 617.16272
0.11420 0.43059 0.00000 524.92694 617.80420
0.20220 0.43059 0.00000 565.78156 620.17706
0.22840 0.43059 0.00000 577.84283 620.70801
0.31640 0.43059 0.00000 618.93646 622.87146
0.34259 0.43059 0.00000 630.76697 623.31433
0.43059 0.43059 0.00000 671.16425 624.87347
0.45679 0.43059 0.00000 682.99573 625.66162
0.54479 0.43059 0.00000 722.87018 627.13995
0.57099 0.43059 0.00000 734.64178 627.56165
0.65899 0.43059 0.00000 773.37775 628.63257
0.00000 0.45679 0.00000 472.80316 602.15253
0.08800 0.45679 0.00000 513.39124 604.61688
0.11420 0.45679 0.00000 525.64905 605.44226
0.20220 0.45679 0.00000 566.46429 607.67163
0.22840 0.45679 0.00000 578.73206 608.33026
0.31640 0.45679 0.00000 619.32190 610.39398
0.34259 0.45679 0.00000 631.55853 610.75372
0.43059 0.45679 0.00000 671.82874 612.84692
0.54479 0.45679 0.00000 723.48480 614.73236
0.57099 0.45679 0.00000 734.99609 615.31085
0.65899 0.45679 0.00000 773.80481 616.79095
0.00000 0.54479 0.00000 475.16528 561.69678
0.08800 0.54479 0.00000 515.78473 564.17560
0.11420 0.54479 0.00000 527.89417 564.83868
0.20220 0.54479 0.00000 568.77997 567.16693
0.22840 0.54479 0.00000 580.93494 567.86206
0.34259 0.54479 0.00000 633.61035 570.55505
0.43059 0.54479 0.00000 673.68805 572.44287
0.45679 0.54479 0.00000 685.91803 573.01160
0.54479 0.54479 0.00000 725.16028 574.89673
0.57099 0.54479 0.00000 736.78723 575.64044
0.65899 0.54479 0.00000 775.29266 576.88116
0.00000 0.57099 0.00000 476.37515 549.43152
0.08800 0.57099 0.00000 516.59729 551.69604
0.11420 0.57099 0.00000 528.90747 552.54156
0.20220 0.57099 0.00000 569.39221 554.66254
0.22840 0.57099 0.00000 581.64410 555.50244
0.31640 0.57099 0.00000 622.25879 557.68695
0.34259 0.57099 0.00000 633.99634 558.17297
0.43059 0.57099 0.00000 674.16278 560.47577
0.45679 0.57099 0.00000 686.35468 561.18683
0.54479 0.57099 0.00000 725.82379 562.83325
0.57099 0.57099 0.00000 737.33411 563.55347
0.65899 0.57099 0.00000 775.97052 565.14246
0.00000 0.65899 0.00000 479.06747 509.06436
0.08800 0.65899 0.00000 518.92584 511.20038
0.11420 0.65899 0.00000 531.25653 512.21899
0.20220 0.65899 0.00000 571.63800 514.37598
0.22840 0.65899 0.00000 583.99359 515.01587
0.31640 0.65899 0.00000 624.34381 517.44110
0.34259 0.65899 0.00000 636.31842 517.97888
0.43059 0.65899 0.00000 676.06982 520.14539
0.45679 0.65899 0.00000 688.11951 521.11035
0.54479 0.65899 0.00000 727.28094 522.94360
0.57099 0.65899 0.00000 738.99963 523.91748
0.65899 0.65899 0.00000 777.14758 526.25024

gimbalangles:
0.0523598775598 0.174532925199 -0.436332312999 

end: