T_CW:
0.90304 0.21022 -0.37460 0.25530
0.29337 -0.93883 0.18035 -0.05842
-0.31378 -0.27276 -0.90948 1.54698
0.00000 0.00000 0.00000 1.00000

T_CW_cov:

target_points_pix:
0.00000 0.00000 0.00000 876.15302 302.35330
0.08800 0.00000 0.00000 939.84967 321.23557
0.11420 0.00000 0.00000 959.52179 327.13168
0.20220 0.00000 0.00000 1026.21411 346.91949
0.22840 0.00000 0.00000 1046.53259 353.10468
0.31640 0.00000 0.00000 1116.63684 373.93616
0.34259 0.00000 0.00000 1138.11035 380.53925
0.43059 0.00000 0.00000 1211.51709 402.24542
0.45679 0.00000 0.00000 1234.39258 408.90341
0.54479 0.00000 0.00000 1311.62366 431.76031
0.00000 0.08800 0.00000 893.41144 238.35677
0.08800 0.08800 0.00000 958.39471 256.39087
0.11420 0.08800 0.00000 978.51385 261.96521
0.20220 0.08800 0.00000 1046.40295 280.85153
0.22840 0.08800 0.00000 1067.56775 286.62738
0.31640 0.08800 0.00000 1138.86462 306.55457
0.34259 0.08800 0.00000 1160.78979 312.67053
0.43059 0.08800 0.00000 1235.86902 333.59915
0.45679 0.08800 0.00000 1259.24158 340.04074
0.54479 0.08800 0.00000 1338.09680 361.88879
0.00000 0.11420 0.00000 898.57208 218.61769
0.08800 0.11420 0.00000 963.99597 236.43948
0.11420 0.11420 0.00000 984.21063 241.84045
0.20220 0.11420 0.00000 1052.79590 260.55496
0.31640 0.11420 0.00000 1145.62354 285.80466
0.34259 0.11420 0.00000 1167.96240 291.82669
0.43059 0.11420 0.00000 1243.54541 312.59082
0.00000 0.20220 0.00000 916.28705 152.14272
0.08800 0.20220 0.00000 982.96143 168.83276
0.11420 0.20220 0.00000 1003.62128 174.10802
0.20220 0.20220 0.00000 1073.80420 191.61572
0.22840 0.20220 0.00000 1095.37878 197.19791
0.31640 0.20220 0.00000 1169.01941 215.72842
0.34259 0.20220 0.00000 1191.60388 221.45877
0.43059 0.20220 0.00000 1268.92102 241.16518
0.00000 0.22840 0.00000 921.76337 131.47032
0.08800 0.22840 0.00000 988.71497 148.09090
0.11420 0.22840 0.00000 1009.54279 153.31120
0.20220 0.22840 0.00000 1080.19543 170.59680
0.22840 0.22840 0.00000 1102.11536 175.85402
0.31640 0.22840 0.00000 1176.08850 194.14497
0.34259 0.22840 0.00000 1199.01794 199.75847
0.43059 0.22840 0.00000 1276.78308 219.03111
0.00000 0.31640 0.00000 940.13104 62.10051
0.08800 0.31640 0.00000 1008.77173 77.58168
0.11420 0.31640 0.00000 1029.98389 82.39536
0.20220 0.31640 0.00000 1102.04529 98.68133
0.22840 0.31640 0.00000 1124.49670 103.61700
0.31640 0.31640 0.00000 1200.44116 120.75579
0.34259 0.31640 0.00000 1223.72388 126.13660
0.43059 0.31640 0.00000 1303.67908 144.31892
0.22840 0.34259 0.00000 1131.44653 81.44781
0.31640 0.34259 0.00000 1207.81445 98.16359
0.34259 0.34259 0.00000 1231.48315 103.47961
0.43059 0.34259 0.00000 1311.74951 121.07970
0.22840 0.43059 0.00000 1155.12122 5.69288
0.31640 0.43059 0.00000 1233.38879 21.42014
0.34259 0.43059 0.00000 1257.54517 26.17371
0.43059 0.43059 0.00000 1339.87891 42.60906

gimbalangles:
-0.261799387799 -0.174532925199 -0.436332312999 

end: