T_CW:
0.99626 0.05200 0.06906 -0.36987
0.05813 -0.99425 -0.08993 0.64979
0.06399 0.09361 -0.99355 1.35578
0.00000 0.00000 0.00000 1.00000

T_CW_cov:

target_points_pix:
0.00000 0.00000 0.00000 466.44626 809.86469
0.08800 0.00000 0.00000 506.85031 812.62964
0.11420 0.00000 0.00000 518.70392 813.46844
0.20220 0.00000 0.00000 559.29797 815.52216
0.22840 0.00000 0.00000 571.56384 816.25543
0.34259 0.00000 0.00000 624.07330 818.03363
0.54479 0.00000 0.00000 715.68225 819.33679
0.57099 0.00000 0.00000 727.17572 819.32196
0.00000 0.08800 0.00000 467.67444 770.57819
0.08800 0.08800 0.00000 508.41821 773.39691
0.11420 0.08800 0.00000 520.55701 773.75732
0.20220 0.08800 0.00000 561.22968 776.23761
0.22840 0.08800 0.00000 573.42017 776.56158
0.31640 0.08800 0.00000 613.77588 778.31549
0.34259 0.08800 0.00000 625.93048 778.73529
0.43059 0.08800 0.00000 666.30573 779.76129
0.45679 0.08800 0.00000 678.19196 779.96558
0.54479 0.08800 0.00000 717.64410 780.51038
0.57099 0.08800 0.00000 729.53644 780.57355
0.65899 0.08800 0.00000 768.16412 781.00793
0.00000 0.11420 0.00000 468.36865 758.87726
0.08800 0.11420 0.00000 508.66992 761.44281
0.11420 0.11420 0.00000 521.01147 762.07043
0.20220 0.11420 0.00000 561.65442 764.29785
0.22840 0.11420 0.00000 573.76111 764.69751
0.31640 0.11420 0.00000 614.54187 766.44403
0.34259 0.11420 0.00000 626.74023 767.08197
0.43059 0.11420 0.00000 666.95728 768.05719
0.45679 0.11420 0.00000 679.12482 768.34558
0.54479 0.11420 0.00000 718.44379 769.23938
0.57099 0.11420 0.00000 730.27924 769.26782
0.65899 0.11420 0.00000 768.71979 769.36456
0.00000 0.20220 0.00000 469.93875 718.90265
0.08800 0.20220 0.00000 510.55487 721.50153
0.11420 0.20220 0.00000 522.91644 722.07812
0.20220 0.20220 0.00000 563.55902 724.40002
0.22840 0.20220 0.00000 575.84106 724.89709
0.31640 0.20220 0.00000 616.61749 726.98431
0.34259 0.20220 0.00000 628.64587 727.43860
0.43059 0.20220 0.00000 669.22888 728.63385
0.45679 0.20220 0.00000 681.17749 728.83917
0.54479 0.20220 0.00000 720.54828 729.73938
0.57099 0.20220 0.00000 732.48682 729.74384
0.65899 0.20220 0.00000 771.32068 730.46283
0.00000 0.22840 0.00000 470.60608 706.94604
0.11420 0.22840 0.00000 523.38751 710.31061
0.20220 0.22840 0.00000 563.98029 712.38080
0.22840 0.22840 0.00000 576.47363 713.20941
0.31640 0.22840 0.00000 617.30188 714.65204
0.34259 0.22840 0.00000 629.22607 715.16199
0.43059 0.22840 0.00000 669.63379 716.58899
0.45679 0.22840 0.00000 681.70337 716.81567
0.54479 0.22840 0.00000 721.33990 718.18182
0.57099 0.22840 0.00000 733.27686 718.22015
0.65899 0.22840 0.00000 771.75525 718.72046
0.00000 0.31640 0.00000 472.54379 666.42505
0.08800 0.31640 0.00000 513.07379 669.03668
0.11420 0.31640 0.00000 525.27435 669.98456
0.20220 0.31640 0.00000 566.14294 671.95490
0.22840 0.31640 0.00000 578.48761 672.87372
0.31640 0.31640 0.00000 619.28497 674.62036
0.34259 0.31640 0.00000 631.54639 674.83392
0.43059 0.31640 0.00000 671.73627 676.62012
0.45679 0.31640 0.00000 684.05963 677.08698
0.54479 0.31640 0.00000 723.60309 678.32520
0.57099 0.31640 0.00000 735.44012 678.53735
0.65899 0.31640 0.00000 774.23969 679.58942
0.00000 0.34259 0.00000 473.28027 654.36304
0.08800 0.34259 0.00000 513.70874 656.70514
0.11420 0.34259 0.00000 526.25494 657.61768
0.20220 0.34259 0.00000 566.86005 659.85870
0.22840 0.34259 0.00000 579.29913 660.52136
0.31640 0.34259 0.00000 619.72449 662.46747
0.34259 0.34259 0.00000 632.16522 663.07556
0.43059 0.34259 0.00000 672.50580 664.74921
0.45679 0.34259 0.00000 684.64575 665.25067
0.54479 0.34259 0.00000 723.90588 666.29883
0.57099 0.34259 0.00000 735.81519 666.57947
0.65899 0.34259 0.00000 774.65472 667.63116
0.00000 0.43059 0.00000 475.32864 613.63855
0.08800 0.43059 0.00000 515.92102 616.08319
0.11420 0.43059 0.00000 528.06555 616.98975
0.20220 0.43059 0.00000 568.95404 619.06372
0.22840 0.43059 0.00000 581.17084 620.05420
0.31640 0.43059 0.00000 621.96680 622.02075
0.34259 0.43059 0.00000 633.91766 622.48932
0.43059 0.43059 0.00000 674.59760 624.07611
0.54479 0.43059 0.00000 726.02509 626.16699
0.57099 0.43059 0.00000 737.87048 626.82355
0.65899 0.43059 0.00000 776.61108 627.91541
0.00000 0.45679 0.00000 476.31326 601.36987
0.08800 0.45679 0.00000 516.71722 603.76031
0.11420 0.45679 0.00000 529.15753 604.56921
0.20220 0.45679 0.00000 569.71796 606.74304
0.22840 0.45679 0.00000 582.23053 607.59851
0.31640 0.45679 0.00000 622.68768 609.67523
0.34259 0.45679 0.00000 634.97900 610.13824
0.43059 0.45679 0.00000 675.08496 612.12811
0.45679 0.45679 0.00000 687.32654 612.65961
0.54479 0.45679 0.00000 726.96051 614.08386
0.57099 0.45679 0.00000 738.57330 615.08087
0.65899 0.45679 0.00000 777.15833 616.11420
0.00000 0.54479 0.00000 478.96240 560.64429
0.08800 0.54479 0.00000 519.04156 563.00098
0.20220 0.54479 0.00000 571.89777 566.10754
0.22840 0.54479 0.00000 584.10876 567.03180
0.31640 0.54479 0.00000 624.86371 569.13788
0.34259 0.54479 0.00000 636.94244 569.85443
0.43059 0.54479 0.00000 676.96313 571.91180
0.45679 0.54479 0.00000 689.23969 572.28900
0.54479 0.54479 0.00000 728.54608 574.00159
0.57099 0.54479 0.00000 740.10358 575.01093
0.65899 0.54479 0.00000 778.97864 576.64197
0.00000 0.57099 0.00000 479.54474 548.45599
0.08800 0.57099 0.00000 519.85455 550.86877
0.11420 0.57099 0.00000 532.25452 551.66406
0.20220 0.57099 0.00000 572.78284 553.79364
0.22840 0.57099 0.00000 585.12714 554.72516
0.31640 0.57099 0.00000 625.47748 556.69934
0.34259 0.57099 0.00000 637.74194 557.60376
0.43059 0.57099 0.00000 677.90131 559.81641
0.45679 0.57099 0.00000 689.78375 560.20331
0.54479 0.57099 0.00000 729.14075 562.17126
0.57099 0.57099 0.00000 740.88159 562.97705
0.65899 0.57099 0.00000 779.32343 564.59503
0.00000 0.65899 0.00000 482.47617 507.81726
0.08800 0.65899 0.00000 522.69305 510.42633
0.11420 0.65899 0.00000 534.68787 511.28448
0.20220 0.65899 0.00000 574.89691 513.49292
0.22840 0.65899 0.00000 587.27246 514.25616
0.31640 0.65899 0.00000 627.57770 516.50494
0.34259 0.65899 0.00000 640.03619 517.03906
0.43059 0.65899 0.00000 679.90521 519.66998
0.45679 0.65899 0.00000 691.57971 520.43555
0.54479 0.65899 0.00000 730.95911 522.57245
0.57099 0.65899 0.00000 742.32458 523.32257
0.65899 0.65899 0.00000 780.62512 525.37909

gimbalangles:
-0.261799387799 -0.174532925199 -0.436332312999 

end: