T_CW:
0.99742 0.03507 0.06267 -0.58538
0.03957 -0.99661 -0.07214 0.63316
0.05993 0.07443 -0.99542 1.37206
0.00000 0.00000 0.00000 1.00000

T_CW_cov:

target_points_pix:
0.00000 0.00000 0.00000 384.49435 792.31519
0.08800 0.00000 0.00000 423.17087 794.69470
0.11420 0.00000 0.00000 434.84610 795.60297
0.20220 0.00000 0.00000 474.19662 797.76636
0.22840 0.00000 0.00000 485.81458 798.36169
0.31640 0.00000 0.00000 525.49353 800.33911
0.34259 0.00000 0.00000 537.42719 800.60413
0.43059 0.00000 0.00000 577.19019 802.00769
0.45679 0.00000 0.00000 589.20032 802.21771
0.54479 0.00000 0.00000 628.78827 802.71844
0.57099 0.00000 0.00000 640.75464 802.97937
0.65899 0.00000 0.00000 680.14941 803.16333
0.00000 0.08800 0.00000 385.02951 753.68707
0.08800 0.08800 0.00000 423.63208 756.24567
0.11420 0.08800 0.00000 435.46423 756.68951
0.20220 0.08800 0.00000 474.73135 759.10120
0.22840 0.08800 0.00000 486.66501 759.63715
0.31640 0.08800 0.00000 526.44226 761.49927
0.34259 0.08800 0.00000 538.40814 761.86859
0.43059 0.08800 0.00000 578.34460 763.31311
0.45679 0.08800 0.00000 590.38690 763.65619
0.54479 0.08800 0.00000 629.96497 764.40289
0.57099 0.08800 0.00000 641.89093 764.60736
0.65899 0.08800 0.00000 681.33484 764.81030
0.00000 0.11420 0.00000 385.18622 742.06976
0.08800 0.11420 0.00000 423.83517 744.50592
0.11420 0.11420 0.00000 435.68079 745.23035
0.20220 0.11420 0.00000 474.93588 747.43005
0.22840 0.11420 0.00000 486.88864 747.95099
0.31640 0.11420 0.00000 526.59497 749.69653
0.34259 0.11420 0.00000 538.62061 750.25641
0.43059 0.11420 0.00000 578.57440 751.57568
0.45679 0.11420 0.00000 590.49573 751.86243
0.54479 0.11420 0.00000 630.30164 752.81390
0.57099 0.11420 0.00000 642.44531 752.93970
0.65899 0.11420 0.00000 681.83057 753.23499
0.00000 0.20220 0.00000 385.92432 703.11548
0.08800 0.20220 0.00000 424.64413 705.46863
0.11420 0.20220 0.00000 436.49655 706.15094
0.20220 0.20220 0.00000 475.70248 708.32977
0.22840 0.20220 0.00000 487.72101 708.64648
0.31640 0.20220 0.00000 527.56372 710.61438
0.34259 0.20220 0.00000 539.69739 710.98627
0.43059 0.20220 0.00000 579.63159 712.48999
0.45679 0.20220 0.00000 591.69611 712.76337
0.54479 0.20220 0.00000 631.67358 714.10046
0.57099 0.20220 0.00000 643.59033 714.22815
0.65899 0.20220 0.00000 683.25122 714.67224
0.00000 0.22840 0.00000 386.28012 691.27295
0.08800 0.22840 0.00000 424.81577 693.59076
0.11420 0.22840 0.00000 436.61139 694.28217
0.20220 0.22840 0.00000 476.01590 696.45770
0.22840 0.22840 0.00000 488.19156 696.94525
0.31640 0.22840 0.00000 527.86902 698.72998
0.34259 0.22840 0.00000 540.13190 699.31500
0.43059 0.22840 0.00000 579.96997 700.68683
0.45679 0.22840 0.00000 592.29706 701.08490
0.54479 0.22840 0.00000 632.14612 702.02142
0.57099 0.22840 0.00000 644.04071 702.24481
0.65899 0.22840 0.00000 683.65381 702.71045
0.00000 0.31640 0.00000 387.16251 651.91095
0.08800 0.31640 0.00000 425.85892 654.12701
0.11420 0.31640 0.00000 437.66129 654.66412
0.20220 0.31640 0.00000 477.23914 656.73102
0.22840 0.31640 0.00000 489.28156 657.44617
0.31640 0.31640 0.00000 528.92737 659.22552
0.34259 0.31640 0.00000 541.14642 659.79382
0.45679 0.31640 0.00000 593.39337 661.46619
0.54479 0.31640 0.00000 633.41315 662.59558
0.57099 0.31640 0.00000 645.59479 662.74384
0.65899 0.31640 0.00000 684.91913 663.83820
0.00000 0.34259 0.00000 387.54626 639.98364
0.08800 0.34259 0.00000 426.39127 642.01190
0.11420 0.34259 0.00000 438.21060 642.62506
0.20220 0.34259 0.00000 477.53934 644.57849
0.22840 0.34259 0.00000 489.51227 645.31348
0.31640 0.34259 0.00000 529.57904 646.84222
0.34259 0.34259 0.00000 541.74493 647.59723
0.43059 0.34259 0.00000 581.74908 648.88354
0.45679 0.34259 0.00000 594.05511 649.62592
0.54479 0.34259 0.00000 633.72052 650.62152
0.57099 0.34259 0.00000 646.06702 650.73718
0.65899 0.34259 0.00000 685.47455 651.79944
0.00000 0.43059 0.00000 389.13361 600.27521
0.08800 0.43059 0.00000 427.61053 602.38397
0.11420 0.43059 0.00000 439.63745 602.75006
0.20220 0.43059 0.00000 479.00885 604.81732
0.22840 0.43059 0.00000 491.11884 605.41010
0.31640 0.43059 0.00000 530.84772 607.14612
0.34259 0.43059 0.00000 542.91180 607.60693
0.43059 0.43059 0.00000 582.92072 609.08789
0.45679 0.43059 0.00000 595.18182 609.57391
0.54479 0.43059 0.00000 635.11890 610.90021
0.57099 0.43059 0.00000 647.42511 611.08838
0.00000 0.45679 0.00000 389.57663 588.37585
0.08800 0.45679 0.00000 428.37503 590.02411
0.11420 0.45679 0.00000 440.26022 590.59906
0.20220 0.45679 0.00000 479.49591 592.51880
0.22840 0.45679 0.00000 491.34790 592.99603
0.31640 0.45679 0.00000 531.45154 594.63190
0.34259 0.45679 0.00000 543.40802 595.34686
0.43059 0.45679 0.00000 583.57245 596.71118
0.45679 0.45679 0.00000 595.90179 597.31519
0.54479 0.45679 0.00000 635.67480 598.65814
0.57099 0.45679 0.00000 647.82074 598.86475
0.65899 0.45679 0.00000 687.28436 600.21277
0.00000 0.54479 0.00000 391.56229 548.54462
0.08800 0.54479 0.00000 430.00311 550.27081
0.11420 0.54479 0.00000 441.99561 550.92963
0.20220 0.54479 0.00000 481.19513 552.74109
0.22840 0.54479 0.00000 493.46823 553.04211
0.31640 0.54479 0.00000 533.09528 554.86163
0.34259 0.54479 0.00000 545.22614 555.43933
0.45679 0.54479 0.00000 597.26208 557.43610
0.57099 0.54479 0.00000 649.14307 559.31415
0.00000 0.57099 0.00000 392.28662 536.43427
0.08800 0.57099 0.00000 430.87662 538.13934
0.11420 0.57099 0.00000 442.79852 538.83588
0.20220 0.57099 0.00000 481.72647 540.57141
0.22840 0.57099 0.00000 493.97852 540.85565
0.31640 0.57099 0.00000 533.54144 542.59601
0.34259 0.57099 0.00000 545.57660 543.00854
0.43059 0.57099 0.00000 585.58813 544.66583
0.45679 0.57099 0.00000 597.64050 545.23590
0.54479 0.57099 0.00000 637.54047 546.62506
0.57099 0.57099 0.00000 649.38684 547.07880
0.65899 0.57099 0.00000 688.90613 548.30945
0.00000 0.65899 0.00000 394.64832 497.26947
0.08800 0.65899 0.00000 433.03821 498.89334
0.11420 0.65899 0.00000 444.79541 499.37659
0.20220 0.65899 0.00000 483.73059 500.73761
0.22840 0.65899 0.00000 496.06500 501.12585
0.31640 0.65899 0.00000 535.32916 502.79056
0.34259 0.65899 0.00000 547.59937 503.24518
0.43059 0.65899 0.00000 586.99377 505.04831
0.45679 0.65899 0.00000 599.32568 505.50961
0.54479 0.65899 0.00000 638.79541 507.23392
0.65899 0.65899 0.00000 690.35455 509.35809

gimbalangles:
0.0523598775598 0.174532925199 -0.261799387799 

end: