T_CW:
0.99600 0.05070 0.07362 -0.37639
0.05738 -0.99414 -0.09163 0.65174
0.06854 0.09549 -0.99307 1.35344
0.00000 0.00000 0.00000 1.00000

T_CW_cov:

target_points_pix:
0.00000 0.00000 0.00000 463.14246 811.17706
0.08800 0.00000 0.00000 503.67899 813.90118
0.11420 0.00000 0.00000 515.63373 814.39600
0.20220 0.00000 0.00000 556.23938 816.50214
0.31640 0.00000 0.00000 609.22272 818.50842
0.34259 0.00000 0.00000 621.18414 818.89917
0.43059 0.00000 0.00000 661.04633 819.81012
0.45679 0.00000 0.00000 673.08881 819.95490
0.54479 0.00000 0.00000 712.62140 819.89227
0.57099 0.00000 0.00000 724.25940 819.90924
0.65899 0.00000 0.00000 762.86517 819.83112
0.00000 0.08800 0.00000 464.68799 771.67798
0.08800 0.08800 0.00000 505.27380 774.31293
0.20220 0.08800 0.00000 558.05524 777.06879
0.22840 0.08800 0.00000 570.43396 777.57532
0.31640 0.08800 0.00000 610.71106 779.29150
0.34259 0.08800 0.00000 622.77496 779.60596
0.43059 0.08800 0.00000 663.33289 780.56525
0.45679 0.08800 0.00000 675.22736 780.75049
0.54479 0.08800 0.00000 714.57959 781.43121
0.57099 0.08800 0.00000 726.49115 781.49573
0.65899 0.08800 0.00000 764.78937 781.46625
0.00000 0.11420 0.00000 464.99481 759.94830
0.08800 0.11420 0.00000 505.53061 762.42310
0.11420 0.11420 0.00000 517.92822 762.99829
0.20220 0.11420 0.00000 558.54968 765.42914
0.22840 0.11420 0.00000 570.63696 765.65997
0.31640 0.11420 0.00000 611.37061 767.23468
0.34259 0.11420 0.00000 623.62781 767.93115
0.43059 0.11420 0.00000 663.75098 768.77399
0.45679 0.11420 0.00000 675.85321 768.99585
0.54479 0.11420 0.00000 715.28015 769.75970
0.57099 0.11420 0.00000 726.79279 769.77509
0.65899 0.11420 0.00000 765.82947 769.99969
0.00000 0.20220 0.00000 466.79749 719.82184
0.08800 0.20220 0.00000 507.38406 722.48981
0.11420 0.20220 0.00000 519.62640 722.96356
0.20220 0.20220 0.00000 560.45398 725.48236
0.22840 0.20220 0.00000 572.68201 725.74786
0.31640 0.20220 0.00000 613.28674 727.75159
0.34259 0.20220 0.00000 625.52039 728.31055
0.43059 0.20220 0.00000 666.19800 729.40869
0.45679 0.20220 0.00000 678.21222 729.69293
0.54479 0.20220 0.00000 717.53418 730.42224
0.57099 0.20220 0.00000 729.42462 730.53058
0.65899 0.20220 0.00000 768.04340 731.11505
0.00000 0.22840 0.00000 467.22968 708.05469
0.08800 0.22840 0.00000 507.69086 710.41339
0.11420 0.22840 0.00000 520.23132 711.27271
0.20220 0.22840 0.00000 560.73560 713.32544
0.22840 0.22840 0.00000 573.21051 714.02612
0.31640 0.22840 0.00000 614.24371 715.61389
0.34259 0.22840 0.00000 626.02997 716.02124
0.43059 0.22840 0.00000 666.54572 717.55695
0.45679 0.22840 0.00000 678.51044 717.69867
0.54479 0.22840 0.00000 717.97357 718.74323
0.57099 0.22840 0.00000 729.82782 718.73065
0.65899 0.22840 0.00000 768.55737 719.44775
0.00000 0.31640 0.00000 468.98727 667.53052
0.08800 0.31640 0.00000 509.82925 670.11163
0.11420 0.31640 0.00000 521.87079 670.79413
0.20220 0.31640 0.00000 563.02435 672.96228
0.22840 0.31640 0.00000 575.04865 673.70911
0.31640 0.31640 0.00000 616.27881 675.53156
0.34259 0.31640 0.00000 628.28998 675.84003
0.43059 0.31640 0.00000 668.57623 677.52612
0.45679 0.31640 0.00000 680.75531 677.84967
0.54479 0.31640 0.00000 720.32935 679.24103
0.57099 0.31640 0.00000 732.22809 679.28339
0.65899 0.31640 0.00000 770.79150 680.04858
0.00000 0.34259 0.00000 469.96484 655.17719
0.08800 0.34259 0.00000 510.56021 657.68201
0.11420 0.34259 0.00000 522.86920 658.48114
0.20220 0.34259 0.00000 563.58014 660.61829
0.22840 0.34259 0.00000 576.17529 661.38202
0.31640 0.34259 0.00000 616.56934 663.42676
0.34259 0.34259 0.00000 628.74213 663.78711
0.43059 0.34259 0.00000 669.01398 665.41437
0.45679 0.34259 0.00000 681.33264 665.97821
0.54479 0.34259 0.00000 720.90875 666.97534
0.57099 0.34259 0.00000 732.69531 667.36078
0.65899 0.34259 0.00000 771.38153 668.27460
0.00000 0.43059 0.00000 471.74905 614.63007
0.08800 0.43059 0.00000 512.69971 617.19763
0.11420 0.43059 0.00000 524.91876 617.80743
0.20220 0.43059 0.00000 565.77972 620.18622
0.22840 0.43059 0.00000 577.84723 620.73523
0.31640 0.43059 0.00000 618.92542 622.84839
0.34259 0.43059 0.00000 630.77917 623.31451
0.43059 0.43059 0.00000 671.16724 624.88385
0.45679 0.43059 0.00000 683.08704 625.66815
0.54479 0.43059 0.00000 722.85358 627.11206
0.57099 0.43059 0.00000 734.61487 627.49396
0.65899 0.43059 0.00000 773.35614 628.64209
0.00000 0.45679 0.00000 472.83255 602.16443
0.08800 0.45679 0.00000 513.39331 604.61591
0.11420 0.45679 0.00000 525.64294 605.44183
0.20220 0.45679 0.00000 566.47772 607.66327
0.22840 0.45679 0.00000 578.75549 608.30286
0.31640 0.45679 0.00000 619.35034 610.42114
0.34259 0.45679 0.00000 631.54163 610.75415
0.43059 0.45679 0.00000 671.80457 612.84613
0.54479 0.45679 0.00000 723.51367 614.73126
0.57099 0.45679 0.00000 734.95886 615.32922
0.65899 0.45679 0.00000 773.79395 616.77838
0.00000 0.54479 0.00000 475.17294 561.71899
0.08800 0.54479 0.00000 515.79346 564.14679
0.11420 0.54479 0.00000 527.87433 564.80865
0.20220 0.54479 0.00000 568.73035 567.21362
0.22840 0.54479 0.00000 580.95154 567.80017
0.34259 0.54479 0.00000 633.61285 570.54767
0.43059 0.54479 0.00000 673.69635 572.47815
0.45679 0.54479 0.00000 685.94141 573.01807
0.54479 0.54479 0.00000 725.10663 574.91565
0.57099 0.54479 0.00000 736.76825 575.61725
0.65899 0.54479 0.00000 775.27789 576.95697
0.00000 0.57099 0.00000 476.35132 549.42487
0.08800 0.57099 0.00000 516.58826 551.68079
0.11420 0.57099 0.00000 528.93579 552.53381
0.20220 0.57099 0.00000 569.37726 554.64917
0.22840 0.57099 0.00000 581.64294 555.44690
0.31640 0.57099 0.00000 622.21362 557.68994
0.34259 0.57099 0.00000 633.96332 558.16809
0.43059 0.57099 0.00000 674.17889 560.41632
0.45679 0.57099 0.00000 686.34106 561.22668
0.54479 0.57099 0.00000 725.78784 562.81360
0.57099 0.57099 0.00000 737.31512 563.58093
0.65899 0.57099 0.00000 776.11078 565.21515
0.00000 0.65899 0.00000 479.05655 509.06146
0.11420 0.65899 0.00000 531.25665 512.22711
0.20220 0.65899 0.00000 571.65656 514.36133
0.22840 0.65899 0.00000 583.98993 515.01929
0.31640 0.65899 0.00000 624.32745 517.42078
0.34259 0.65899 0.00000 636.32257 517.91809
0.43059 0.65899 0.00000 676.03131 520.17438
0.45679 0.65899 0.00000 688.12427 521.12311
0.54479 0.65899 0.00000 727.16901 523.03192
0.57099 0.65899 0.00000 739.01459 523.93774
0.65899 0.65899 0.00000 777.15045 526.25055

gimbalangles:
0.0523598775598 0.174532925199 -0.261799387799 

end: