T_CW:
0.99599 0.05074 0.07375 -0.37640
0.05742 -0.99415 -0.09148 0.65172
0.06868 0.09535 -0.99307 1.35339
0.00000 0.00000 0.00000 1.00000

T_CW_cov:

target_points_pix:
0.00000 0.00000 0.00000 463.02222 811.13385
0.08800 0.00000 0.00000 503.67508 813.86963
0.11420 0.00000 0.00000 515.66675 814.39355
0.20220 0.00000 0.00000 556.19238 816.48035
0.31640 0.00000 0.00000 609.25922 818.47839
0.34259 0.00000 0.00000 621.16083 818.93518
0.43059 0.00000 0.00000 661.09296 819.79974
0.45679 0.00000 0.00000 673.01971 819.98102
0.54479 0.00000 0.00000 712.58624 819.85339
0.57099 0.00000 0.00000 724.26099 819.87335
0.65899 0.00000 0.00000 762.86737 819.87195
0.00000 0.08800 0.00000 464.67529 771.74207
0.08800 0.08800 0.00000 505.23392 774.32440
0.11420 0.08800 0.00000 517.34979 774.77960
0.20220 0.08800 0.00000 558.06067 777.08807
0.22840 0.08800 0.00000 570.41766 777.58789
0.31640 0.08800 0.00000 610.73663 779.26160
0.34259 0.08800 0.00000 622.75208 779.58453
0.43059 0.08800 0.00000 663.31421 780.56464
0.45679 0.08800 0.00000 675.22705 780.74048
0.54479 0.08800 0.00000 714.58044 781.43616
0.57099 0.08800 0.00000 726.48236 781.50061
0.65899 0.08800 0.00000 764.81232 781.44690
0.00000 0.11420 0.00000 464.98737 759.95605
0.08800 0.11420 0.00000 505.54343 762.40979
0.11420 0.11420 0.00000 517.91260 762.99402
0.20220 0.11420 0.00000 558.56219 765.38800
0.22840 0.11420 0.00000 570.65552 765.64001
0.31640 0.11420 0.00000 611.35681 767.25323
0.34259 0.11420 0.00000 623.61456 767.90485
0.43059 0.11420 0.00000 663.72876 768.74200
0.45679 0.11420 0.00000 675.83759 769.00287
0.54479 0.11420 0.00000 715.26813 769.76019
0.57099 0.11420 0.00000 726.85736 769.75946
0.65899 0.11420 0.00000 765.84442 769.96442
0.00000 0.20220 0.00000 466.78561 719.83447
0.08800 0.20220 0.00000 507.35590 722.48108
0.11420 0.20220 0.00000 519.59344 722.92395
0.20220 0.20220 0.00000 560.43616 725.48932
0.22840 0.20220 0.00000 572.68140 725.77216
0.31640 0.20220 0.00000 613.28717 727.74957
0.34259 0.20220 0.00000 625.51422 728.29156
0.43059 0.20220 0.00000 666.23792 729.42944
0.45679 0.20220 0.00000 678.18390 729.70544
0.54479 0.20220 0.00000 717.52991 730.44373
0.57099 0.20220 0.00000 729.43756 730.52356
0.65899 0.20220 0.00000 768.01672 731.10156
0.00000 0.22840 0.00000 467.27985 708.07404
0.08800 0.22840 0.00000 507.64267 710.42828
0.11420 0.22840 0.00000 520.23615 711.25409
0.20220 0.22840 0.00000 560.76300 713.34662
0.22840 0.22840 0.00000 573.20056 713.97290
0.31640 0.22840 0.00000 614.24377 715.60760
0.34259 0.22840 0.00000 626.03101 716.03583
0.43059 0.22840 0.00000 666.54987 717.54242
0.45679 0.22840 0.00000 678.50916 717.69434
0.54479 0.22840 0.00000 717.93726 718.79535
0.57099 0.22840 0.00000 729.84326 718.75403
0.65899 0.22840 0.00000 768.55511 719.42889
0.00000 0.31640 0.00000 469.01181 667.52826
0.08800 0.31640 0.00000 509.81839 670.13733
0.11420 0.31640 0.00000 521.86707 670.77911
0.20220 0.31640 0.00000 562.99469 672.95178
0.22840 0.31640 0.00000 575.09662 673.68207
0.31640 0.31640 0.00000 616.25385 675.52216
0.34259 0.31640 0.00000 628.27728 675.85815
0.43059 0.31640 0.00000 668.60364 677.49829
0.45679 0.31640 0.00000 680.78186 677.84961
0.54479 0.31640 0.00000 720.35913 679.23535
0.57099 0.31640 0.00000 732.21283 679.22699
0.65899 0.31640 0.00000 770.80597 680.01624
0.00000 0.34259 0.00000 469.97000 655.17609
0.08800 0.34259 0.00000 510.54166 657.67719
0.11420 0.34259 0.00000 522.86145 658.46014
0.20220 0.34259 0.00000 563.57300 660.62787
0.22840 0.34259 0.00000 576.17444 661.39154
0.31640 0.34259 0.00000 616.56708 663.41730
0.34259 0.34259 0.00000 628.81158 663.79327
0.43059 0.34259 0.00000 669.02386 665.41449
0.45679 0.34259 0.00000 681.32239 666.00842
0.54479 0.34259 0.00000 720.88892 666.92206
0.57099 0.34259 0.00000 732.68604 667.33240
0.65899 0.34259 0.00000 771.36316 668.28925
0.00000 0.43059 0.00000 471.74033 614.60510
0.08800 0.43059 0.00000 512.73041 617.16614
0.11420 0.43059 0.00000 524.93414 617.83264
0.20220 0.43059 0.00000 565.78156 620.17065
0.22840 0.43059 0.00000 577.81488 620.69812
0.31640 0.43059 0.00000 619.02252 622.86377
0.34259 0.43059 0.00000 630.76941 623.30688
0.43059 0.43059 0.00000 671.17432 624.88867
0.45679 0.43059 0.00000 683.10999 625.67371
0.54479 0.43059 0.00000 722.88116 627.11902
0.57099 0.43059 0.00000 734.64038 627.52130
0.65899 0.43059 0.00000 773.39410 628.63489
0.00000 0.45679 0.00000 472.82700 602.19373
0.08800 0.45679 0.00000 513.39673 604.62732
0.11420 0.45679 0.00000 525.63385 605.42432
0.20220 0.45679 0.00000 566.47882 607.67334
0.22840 0.45679 0.00000 578.78778 608.31958
0.31640 0.45679 0.00000 619.32935 610.39172
0.34259 0.45679 0.00000 631.54333 610.76038
0.43059 0.45679 0.00000 671.83722 612.85016
0.45679 0.45679 0.00000 684.08331 613.47083
0.54479 0.45679 0.00000 723.47430 614.73376
0.57099 0.45679 0.00000 734.96814 615.33044
0.65899 0.45679 0.00000 773.79877 616.79730
0.00000 0.54479 0.00000 475.12283 561.68976
0.08800 0.54479 0.00000 515.79675 564.16803
0.11420 0.54479 0.00000 527.87207 564.84186
0.20220 0.54479 0.00000 568.75134 567.17480
0.22840 0.54479 0.00000 580.89697 567.84308
0.34259 0.54479 0.00000 633.63159 570.57465
0.43059 0.54479 0.00000 673.68036 572.49042
0.45679 0.54479 0.00000 685.91498 572.94714
0.54479 0.54479 0.00000 725.15302 574.89673
0.57099 0.54479 0.00000 736.74103 575.63129
0.65899 0.54479 0.00000 775.32831 576.88196
0.00000 0.57099 0.00000 476.35593 549.41577
0.08800 0.57099 0.00000 516.58826 551.67413
0.11420 0.57099 0.00000 528.93921 552.57751
0.20220 0.57099 0.00000 569.38348 554.65442
0.22840 0.57099 0.00000 581.65051 555.48578
0.31640 0.57099 0.00000 622.22729 557.67078
0.34259 0.57099 0.00000 634.00427 558.20319
0.43059 0.57099 0.00000 674.16901 560.41998
0.45679 0.57099 0.00000 686.36493 561.18018
0.54479 0.57099 0.00000 725.80719 562.80780
0.57099 0.57099 0.00000 737.34875 563.63116
0.65899 0.57099 0.00000 776.10669 565.20624
0.00000 0.65899 0.00000 479.06064 509.07379
0.08800 0.65899 0.00000 518.93964 511.20245
0.11420 0.65899 0.00000 531.26935 512.21356
0.20220 0.65899 0.00000 571.64124 514.36804
0.22840 0.65899 0.00000 583.96594 515.00189
0.31640 0.65899 0.00000 624.35510 517.43848
0.34259 0.65899 0.00000 636.35156 517.91241
0.43059 0.65899 0.00000 676.05316 520.20911
0.45679 0.65899 0.00000 688.16156 521.13605
0.54479 0.65899 0.00000 727.18402 523.01544
0.57099 0.65899 0.00000 739.00531 523.91779
0.65899 0.65899 0.00000 777.18622 526.25153

gimbalangles:
0.0523598775598 0.174532925199 -0.0872664625997 

end: