T_CW:
0.98256 -0.12272 0.13970 -0.45449
-0.11422 -0.99117 -0.06736 0.46401
0.14673 0.05023 -0.98790 1.43042
0.00000 0.00000 0.00000 1.00000

T_CW_cov:

target_points_pix:
0.11420 0.00000 0.00000 416.27411 708.12982
0.20220 0.00000 0.00000 486.06638 697.37372
0.22840 0.00000 0.00000 506.67899 694.20520
0.31640 0.00000 0.00000 575.35022 683.56689
0.34259 0.00000 0.00000 595.56866 680.37988
0.43059 0.00000 0.00000 662.54596 669.67792
0.45679 0.00000 0.00000 682.54474 666.71033
0.54479 0.00000 0.00000 748.29498 656.45758
0.57099 0.00000 0.00000 767.61572 653.41504
0.11420 0.08800 0.00000 408.45190 637.36371
0.20220 0.08800 0.00000 477.98105 627.16443
0.22840 0.08800 0.00000 498.61932 623.89038
0.31640 0.08800 0.00000 566.95569 613.80072
0.34259 0.08800 0.00000 587.44177 611.10895
0.43059 0.08800 0.00000 654.22052 601.15643
0.45679 0.08800 0.00000 673.94183 598.18658
0.54479 0.08800 0.00000 739.49530 588.47034
0.57099 0.08800 0.00000 758.90942 585.55255
0.65899 0.08800 0.00000 823.32990 576.15442
0.00000 0.11420 0.00000 313.78345 629.49622
0.08800 0.11420 0.00000 384.88589 619.36444
0.11420 0.11420 0.00000 405.89569 616.41309
0.20220 0.11420 0.00000 475.56143 606.20642
0.22840 0.11420 0.00000 496.36444 603.33636
0.31640 0.11420 0.00000 564.54950 593.29944
0.34259 0.11420 0.00000 584.72864 590.40784
0.43059 0.11420 0.00000 651.56500 580.60071
0.45679 0.11420 0.00000 671.50342 577.70728
0.54479 0.11420 0.00000 736.81549 568.19403
0.57099 0.11420 0.00000 756.38367 565.42584
0.65899 0.11420 0.00000 820.53967 555.92004
0.00000 0.20220 0.00000 306.27805 558.62585
0.08800 0.20220 0.00000 377.07660 549.11475
0.11420 0.20220 0.00000 398.26468 546.26971
0.20220 0.20220 0.00000 467.58041 536.58020
0.22840 0.20220 0.00000 488.41830 533.83215
0.31640 0.20220 0.00000 556.52258 524.45776
0.34259 0.20220 0.00000 576.65863 521.61444
0.43059 0.20220 0.00000 643.51184 512.56720
0.45679 0.20220 0.00000 663.34821 510.00760
0.54479 0.20220 0.00000 728.54211 500.82285
0.57099 0.20220 0.00000 747.86151 498.25690
0.00000 0.22840 0.00000 303.76761 537.52551
0.08800 0.22840 0.00000 374.66504 527.97681
0.11420 0.22840 0.00000 395.69638 525.32214
0.20220 0.22840 0.00000 465.34125 515.85907
0.22840 0.22840 0.00000 486.10498 513.13214
0.31640 0.22840 0.00000 554.21997 503.88666
0.34259 0.22840 0.00000 574.42493 501.34860
0.43059 0.22840 0.00000 641.06073 492.36984
0.45679 0.22840 0.00000 660.73126 489.54199
0.54479 0.22840 0.00000 726.15155 480.71582
0.57099 0.22840 0.00000 745.46490 478.23337
0.65899 0.22840 0.00000 809.49731 469.48892
0.00000 0.31640 0.00000 296.42734 467.31921
0.08800 0.31640 0.00000 366.93671 458.36774
0.11420 0.31640 0.00000 388.32877 455.54050
0.20220 0.31640 0.00000 457.58368 446.71988
0.22840 0.31640 0.00000 478.31158 444.40677
0.31640 0.31640 0.00000 546.29425 435.62302
0.34259 0.31640 0.00000 566.44904 433.21860
0.43059 0.31640 0.00000 633.07629 424.65173
0.45679 0.31640 0.00000 652.66620 422.31573
0.54479 0.31640 0.00000 717.85284 413.86127
0.57099 0.31640 0.00000 737.29639 411.49915
0.65899 0.31640 0.00000 801.04413 403.45612
0.00000 0.34259 0.00000 294.11264 446.19025
0.08800 0.34259 0.00000 364.70483 437.40140
0.11420 0.34259 0.00000 385.83850 434.63174
0.20220 0.34259 0.00000 455.37317 426.28983
0.22840 0.34259 0.00000 475.71869 423.54025
0.31640 0.34259 0.00000 543.77167 415.29184
0.43059 0.34259 0.00000 630.52814 404.47824
0.45679 0.34259 0.00000 650.44904 401.98471
0.54479 0.34259 0.00000 715.49231 393.85822
0.57099 0.34259 0.00000 734.66211 391.48126
0.65899 0.34259 0.00000 798.52264 383.52151
0.00000 0.43059 0.00000 286.61627 376.14026
0.08800 0.43059 0.00000 357.34372 368.05463
0.11420 0.43059 0.00000 378.40237 365.52145
0.20220 0.43059 0.00000 447.54297 357.52414
0.22840 0.43059 0.00000 468.29977 355.29477
0.31640 0.43059 0.00000 535.86523 347.45294
0.43059 0.43059 0.00000 622.49402 337.37405
0.45679 0.43059 0.00000 642.38190 335.12552
0.54479 0.43059 0.00000 707.41632 327.51620
0.57099 0.43059 0.00000 726.58026 325.40247
0.65899 0.43059 0.00000 790.46564 317.77048
0.00000 0.45679 0.00000 284.47632 355.33936
0.08800 0.45679 0.00000 354.97559 347.35907
0.11420 0.45679 0.00000 376.24622 344.79944
0.20220 0.45679 0.00000 445.34442 337.04590
0.22840 0.45679 0.00000 465.85205 334.56317
0.31640 0.45679 0.00000 533.57190 327.00238
0.34259 0.45679 0.00000 553.69781 324.64575
0.43059 0.45679 0.00000 620.20502 317.33765
0.45679 0.45679 0.00000 639.74152 315.06137
0.54479 0.45679 0.00000 704.73688 307.60883
0.57099 0.45679 0.00000 724.26788 305.51007
0.65899 0.45679 0.00000 787.92584 298.25543
0.00000 0.54479 0.00000 277.30865 285.73172
0.08800 0.54479 0.00000 347.58099 278.43268
0.11420 0.54479 0.00000 368.49124 276.27362
0.20220 0.54479 0.00000 437.57074 268.93048
0.22840 0.54479 0.00000 458.30078 266.72528
0.31640 0.54479 0.00000 525.83777 259.62234
0.34259 0.54479 0.00000 545.93146 257.59183
0.43059 0.54479 0.00000 612.31683 250.56371
0.45679 0.54479 0.00000 631.83209 248.55858
0.54479 0.54479 0.00000 696.70770 241.59474
0.57099 0.54479 0.00000 716.07623 239.61340
0.65899 0.54479 0.00000 779.70715 232.90808
0.00000 0.57099 0.00000 274.79666 264.97009
0.08800 0.57099 0.00000 345.39758 257.78284
0.11420 0.57099 0.00000 366.37451 255.59972
0.20220 0.57099 0.00000 435.42575 248.52420
0.22840 0.57099 0.00000 455.73090 246.42934
0.31640 0.57099 0.00000 523.46075 239.47130
0.34259 0.57099 0.00000 543.55212 237.50029
0.43059 0.57099 0.00000 609.70563 230.56386
0.45679 0.57099 0.00000 629.51581 228.64139
0.54479 0.57099 0.00000 694.37909 221.98578
0.57099 0.57099 0.00000 713.54156 220.03857
0.65899 0.57099 0.00000 777.39001 213.42848
0.00000 0.65899 0.00000 267.60245 195.99536
0.11420 0.65899 0.00000 358.84848 187.39639
0.20220 0.65899 0.00000 427.70865 180.62860
0.22840 0.65899 0.00000 448.45294 178.71013
0.31640 0.65899 0.00000 515.61902 172.40987
0.34259 0.65899 0.00000 535.87842 170.47049
0.43059 0.65899 0.00000 601.91425 164.36786
0.45679 0.65899 0.00000 621.58563 162.39096
0.54479 0.65899 0.00000 686.40521 156.28499
0.57099 0.65899 0.00000 705.69324 154.49295
0.65899 0.65899 0.00000 769.38702 148.45261

gimbalangles:
0.0523598775598 0.174532925199 0.0872664625997 

end: