T_CW:
0.99600 0.05071 0.07360 -0.37640
0.05738 -0.99415 -0.09146 0.65174
0.06853 0.09531 -0.99309 1.35346
0.00000 0.00000 0.00000 1.00000

T_CW_cov:

target_points_pix:
0.00000 0.00000 0.00000 463.09589 811.13397
0.08800 0.00000 0.00000 503.67200 813.88489
0.11420 0.00000 0.00000 515.65363 814.39673
0.20220 0.00000 0.00000 556.17896 816.48016
0.31640 0.00000 0.00000 609.21680 818.52502
0.34259 0.00000 0.00000 621.17841 818.90271
0.43059 0.00000 0.00000 661.09863 819.82684
0.45679 0.00000 0.00000 673.05133 819.98297
0.54479 0.00000 0.00000 712.59338 819.87146
0.57099 0.00000 0.00000 724.23395 819.92480
0.65899 0.00000 0.00000 762.83746 819.82904
0.00000 0.08800 0.00000 464.66299 771.64685
0.08800 0.08800 0.00000 505.26270 774.30450
0.20220 0.08800 0.00000 558.07727 777.08203
0.22840 0.08800 0.00000 570.41034 777.58057
0.31640 0.08800 0.00000 610.75732 779.27319
0.34259 0.08800 0.00000 622.81964 779.60840
0.43059 0.08800 0.00000 663.33911 780.58508
0.45679 0.08800 0.00000 675.25446 780.72650
0.54479 0.08800 0.00000 714.56555 781.42285
0.57099 0.08800 0.00000 726.46460 781.50623
0.65899 0.08800 0.00000 764.75800 781.46503
0.00000 0.11420 0.00000 465.00565 759.96472
0.08800 0.11420 0.00000 505.53955 762.39740
0.11420 0.11420 0.00000 517.89014 762.96863
0.20220 0.11420 0.00000 558.56946 765.40186
0.22840 0.11420 0.00000 570.65833 765.65326
0.31640 0.11420 0.00000 611.37012 767.25488
0.34259 0.11420 0.00000 623.60657 767.87305
0.43059 0.11420 0.00000 663.75623 768.76910
0.45679 0.11420 0.00000 675.83240 769.04712
0.54479 0.11420 0.00000 715.28925 769.76746
0.57099 0.11420 0.00000 726.81482 769.75146
0.65899 0.11420 0.00000 765.83295 769.92828
0.00000 0.20220 0.00000 466.78580 719.84161
0.08800 0.20220 0.00000 507.38791 722.47327
0.11420 0.20220 0.00000 519.57867 723.00836
0.20220 0.20220 0.00000 560.44397 725.49585
0.22840 0.20220 0.00000 572.67322 725.75433
0.31640 0.20220 0.00000 613.22308 727.74280
0.34259 0.20220 0.00000 625.53064 728.30927
0.43059 0.20220 0.00000 666.19031 729.45435
0.45679 0.20220 0.00000 678.22089 729.72827
0.54479 0.20220 0.00000 717.56366 730.42084
0.57099 0.20220 0.00000 729.43536 730.51978
0.65899 0.20220 0.00000 768.03870 731.09009
0.00000 0.22840 0.00000 467.27051 708.10547
0.08800 0.22840 0.00000 507.67596 710.40350
0.11420 0.22840 0.00000 520.24915 711.27771
0.20220 0.22840 0.00000 560.72699 713.38220
0.22840 0.22840 0.00000 573.20740 713.98126
0.31640 0.22840 0.00000 614.28174 715.61615
0.34259 0.22840 0.00000 626.04150 716.04047
0.43059 0.22840 0.00000 666.52997 717.55713
0.45679 0.22840 0.00000 678.48352 717.66760
0.54479 0.22840 0.00000 717.98114 718.75665
0.57099 0.22840 0.00000 729.81049 718.72125
0.65899 0.22840 0.00000 768.55658 719.45117
0.00000 0.31640 0.00000 468.98285 667.52484
0.08800 0.31640 0.00000 509.87436 670.08740
0.11420 0.31640 0.00000 521.85852 670.76495
0.20220 0.31640 0.00000 563.00604 672.94812
0.22840 0.31640 0.00000 575.06604 673.70258
0.31640 0.31640 0.00000 616.28894 675.53491
0.34259 0.31640 0.00000 628.26245 675.85626
0.43059 0.31640 0.00000 668.59399 677.50140
0.45679 0.31640 0.00000 680.79858 677.88898
0.54479 0.31640 0.00000 720.35284 679.21411
0.57099 0.31640 0.00000 732.20868 679.27039
0.65899 0.31640 0.00000 770.78625 680.03369
0.00000 0.34259 0.00000 470.00928 655.20142
0.08800 0.34259 0.00000 510.52200 657.65564
0.11420 0.34259 0.00000 522.85211 658.46539
0.20220 0.34259 0.00000 563.59753 660.63403
0.22840 0.34259 0.00000 576.14471 661.40021
0.31640 0.34259 0.00000 616.58258 663.39777
0.34259 0.34259 0.00000 628.79626 663.77502
0.43059 0.34259 0.00000 669.03589 665.42572
0.45679 0.34259 0.00000 681.34375 666.01807
0.54479 0.34259 0.00000 720.91425 666.98999
0.57099 0.34259 0.00000 732.68854 667.35938
0.65899 0.34259 0.00000 771.35687 668.25391
0.00000 0.43059 0.00000 471.75510 614.58197
0.08800 0.43059 0.00000 512.70538 617.21997
0.11420 0.43059 0.00000 524.91797 617.79633
0.20220 0.43059 0.00000 565.77466 620.16479
0.22840 0.43059 0.00000 577.83209 620.75134
0.31640 0.43059 0.00000 618.91522 622.83093
0.34259 0.43059 0.00000 630.77545 623.29315
0.43059 0.43059 0.00000 671.17163 624.86072
0.45679 0.43059 0.00000 683.01074 625.68323
0.54479 0.43059 0.00000 722.87714 627.09784
0.57099 0.43059 0.00000 734.60724 627.51141
0.65899 0.43059 0.00000 773.36975 628.64056
0.00000 0.45679 0.00000 472.83923 602.15356
0.08800 0.45679 0.00000 513.40820 604.61322
0.11420 0.45679 0.00000 525.67999 605.44379
0.20220 0.45679 0.00000 566.46826 607.66693
0.22840 0.45679 0.00000 578.76807 608.32538
0.31640 0.45679 0.00000 619.32446 610.40045
0.34259 0.45679 0.00000 631.55518 610.73840
0.43059 0.45679 0.00000 671.83014 612.85510
0.45679 0.45679 0.00000 684.11310 613.44360
0.54479 0.45679 0.00000 723.49762 614.74121
0.57099 0.45679 0.00000 735.03424 615.32001
0.65899 0.45679 0.00000 773.77911 616.79150
0.00000 0.54479 0.00000 475.14337 561.70581
0.08800 0.54479 0.00000 515.78839 564.16473
0.11420 0.54479 0.00000 527.83417 564.80798
0.20220 0.54479 0.00000 568.71338 567.21313
0.22840 0.54479 0.00000 580.92072 567.86359
0.34259 0.54479 0.00000 633.61353 570.56586
0.43059 0.54479 0.00000 673.66864 572.49548
0.45679 0.54479 0.00000 685.88275 572.94135
0.54479 0.54479 0.00000 725.13092 574.89020
0.57099 0.54479 0.00000 736.73499 575.56445
0.65899 0.54479 0.00000 775.28186 576.88690
0.00000 0.57099 0.00000 476.34509 549.43567
0.08800 0.57099 0.00000 516.57922 551.70569
0.11420 0.57099 0.00000 528.93420 552.54987
0.20220 0.57099 0.00000 569.35760 554.67017
0.22840 0.57099 0.00000 581.63843 555.47931
0.31640 0.57099 0.00000 622.25195 557.68689
0.34259 0.57099 0.00000 634.05560 558.19458
0.43059 0.57099 0.00000 674.14093 560.48541
0.45679 0.57099 0.00000 686.38080 561.18280
0.54479 0.57099 0.00000 725.80988 562.81641
0.57099 0.57099 0.00000 737.33929 563.53784
0.65899 0.57099 0.00000 776.08728 565.20215
0.00000 0.65899 0.00000 479.04871 509.05396
0.08800 0.65899 0.00000 518.90894 511.21252
0.11420 0.65899 0.00000 531.26593 512.22290
0.20220 0.65899 0.00000 571.65259 514.33868
0.22840 0.65899 0.00000 584.00500 515.02466
0.31640 0.65899 0.00000 624.32202 517.42902
0.34259 0.65899 0.00000 636.31952 517.90277
0.43059 0.65899 0.00000 676.04016 520.17584
0.45679 0.65899 0.00000 688.14026 521.13379
0.54479 0.65899 0.00000 727.23456 522.94531
0.57099 0.65899 0.00000 738.95123 523.90570
0.65899 0.65899 0.00000 777.22845 526.25653

gimbalangles:
0.0523598775598 0.174532925199 0.261799387799 

end: