T_CW:
0.87110 -0.12222 0.47565 -0.93416
-0.07676 -0.99052 -0.11394 0.53020
0.48506 0.06274 -0.87223 1.15462
0.00000 0.00000 0.00000 1.00000

T_CW_cov:

target_points_pix:
0.34259 0.11420 0.00000 129.90607 686.23303
0.43059 0.11420 0.00000 209.70497 670.56262
0.45679 0.11420 0.00000 232.98071 666.00922
0.54479 0.11420 0.00000 307.25879 651.53290
0.57099 0.11420 0.00000 328.57886 647.35400
0.65899 0.11420 0.00000 397.78561 633.69159
0.22840 0.20220 0.00000 11.15684 628.14661
0.31640 0.20220 0.00000 97.47803 613.68201
0.34259 0.20220 0.00000 122.51969 609.54053
0.43059 0.20220 0.00000 202.47809 596.28644
0.45679 0.20220 0.00000 225.57281 592.34088
0.54479 0.20220 0.00000 299.66336 579.80298
0.57099 0.20220 0.00000 321.22818 576.40564
0.65899 0.20220 0.00000 390.28699 564.75238
0.34259 0.22840 0.00000 120.43113 586.59540
0.43059 0.22840 0.00000 200.44522 573.95013
0.45679 0.22840 0.00000 223.47884 570.33911
0.54479 0.22840 0.00000 297.59900 558.46741
0.57099 0.22840 0.00000 318.99460 555.15155
0.65899 0.22840 0.00000 387.80258 544.29626
0.34259 0.31640 0.00000 113.52872 510.51871
0.43059 0.31640 0.00000 193.41797 500.27353
0.45679 0.31640 0.00000 216.44974 497.28076
0.54479 0.31640 0.00000 290.45853 487.49799
0.57099 0.31640 0.00000 311.73123 484.62411
0.65899 0.31640 0.00000 380.69647 475.63953
0.34259 0.34259 0.00000 111.51584 487.77029
0.43059 0.34259 0.00000 191.11971 478.27097
0.45679 0.34259 0.00000 214.20970 475.41412
0.54479 0.34259 0.00000 288.29044 466.39566
0.57099 0.34259 0.00000 309.57419 463.60126
0.65899 0.34259 0.00000 378.54333 455.31329
0.34259 0.43059 0.00000 104.55209 412.52441
0.43059 0.43059 0.00000 184.02992 405.20209
0.45679 0.43059 0.00000 207.13062 402.87125
0.54479 0.43059 0.00000 281.31268 395.80496
0.57099 0.43059 0.00000 302.50980 393.82285
0.65899 0.43059 0.00000 371.49838 387.40292
0.34259 0.45679 0.00000 102.44341 390.07828
0.43059 0.45679 0.00000 182.12509 383.29291
0.45679 0.45679 0.00000 205.04596 381.34775
0.54479 0.45679 0.00000 279.21161 374.79050
0.57099 0.45679 0.00000 300.51431 372.91867
0.65899 0.45679 0.00000 369.46561 367.08505
0.34259 0.54479 0.00000 95.56152 315.58572
0.43059 0.54479 0.00000 175.24057 310.95465
0.45679 0.54479 0.00000 198.08250 309.57605
0.54479 0.54479 0.00000 271.81390 305.32697
0.57099 0.54479 0.00000 293.39719 303.89584
0.65899 0.54479 0.00000 362.43692 299.74368
0.34259 0.57099 0.00000 93.48587 293.41779
0.43059 0.57099 0.00000 173.16667 289.42740
0.45679 0.57099 0.00000 196.18246 288.28885
0.54479 0.57099 0.00000 269.82486 284.41721
0.57099 0.57099 0.00000 291.30121 283.38309
0.34259 0.65899 0.00000 86.83987 219.42012
0.43059 0.65899 0.00000 166.34694 217.52791
0.45679 0.65899 0.00000 189.38881 217.02876
0.54479 0.65899 0.00000 263.14203 215.30222
0.57099 0.65899 0.00000 284.55368 214.57190
0.65899 0.65899 0.00000 353.47824 212.96649

gimbalangles:
0.0523598775598 0.174532925199 0.436332312999 

end: