T_CW:
0.93402 -0.29907 -0.19538 0.13764
-0.30027 -0.95355 0.02415 0.36087
-0.19352 0.03611 -0.98043 1.52064
0.00000 0.00000 0.00000 1.00000

T_CW_cov:

target_points_pix:
0.00000 0.00000 0.00000 790.39539 623.06287
0.08800 0.00000 0.00000 854.33191 605.64343
0.11420 0.00000 0.00000 873.86823 600.32416
0.20220 0.00000 0.00000 939.79126 582.60754
0.22840 0.00000 0.00000 959.92578 577.21411
0.31640 0.00000 0.00000 1027.83887 558.84393
0.34259 0.00000 0.00000 1048.69580 553.27789
0.43059 0.00000 0.00000 1118.58545 534.16321
0.45679 0.00000 0.00000 1140.14453 528.28204
0.54479 0.00000 0.00000 1212.36755 508.66681
0.00000 0.08800 0.00000 770.56842 558.26117
0.08800 0.08800 0.00000 834.09332 540.26697
0.11420 0.08800 0.00000 853.43304 534.75604
0.20220 0.08800 0.00000 919.10907 516.22357
0.22840 0.08800 0.00000 939.17078 510.51950
0.31640 0.08800 0.00000 1006.47156 491.39139
0.34259 0.08800 0.00000 1027.03357 485.60382
0.43059 0.08800 0.00000 1096.50757 465.88220
0.45679 0.08800 0.00000 1117.59692 459.71024
0.54479 0.08800 0.00000 1189.61841 439.40268
0.57099 0.08800 0.00000 1211.41309 433.16147
0.65899 0.08800 0.00000 1285.50574 412.06015
0.00000 0.11420 0.00000 764.50073 538.89581
0.08800 0.11420 0.00000 827.71655 520.60706
0.11420 0.11420 0.00000 847.38599 515.17450
0.20220 0.11420 0.00000 912.66498 496.29306
0.22840 0.11420 0.00000 932.59991 490.51340
0.31640 0.11420 0.00000 1000.27240 471.31534
0.34259 0.11420 0.00000 1020.63306 465.34207
0.43059 0.11420 0.00000 1090.09119 445.43481
0.45679 0.11420 0.00000 1111.29749 439.26215
0.54479 0.11420 0.00000 1182.67725 418.56989
0.57099 0.11420 0.00000 1204.68347 412.31027
0.65899 0.11420 0.00000 1278.51318 391.06143
0.00000 0.20220 0.00000 744.48804 474.70892
0.08800 0.20220 0.00000 807.46100 455.71295
0.11420 0.20220 0.00000 826.93567 449.99222
0.20220 0.20220 0.00000 891.84369 430.47101
0.22840 0.20220 0.00000 911.70520 424.51642
0.31640 0.20220 0.00000 978.64355 404.41873
0.34259 0.20220 0.00000 999.22601 398.33566
0.43059 0.20220 0.00000 1068.34546 377.68948
0.45679 0.20220 0.00000 1089.49048 371.31735
0.57099 0.20220 0.00000 1182.35986 343.35077
0.65899 0.20220 0.00000 1255.67798 321.25327
0.00000 0.22840 0.00000 738.58307 455.45850
0.08800 0.22840 0.00000 801.60077 436.33865
0.11420 0.22840 0.00000 820.75494 430.47202
0.20220 0.22840 0.00000 885.63135 410.75125
0.22840 0.22840 0.00000 905.53925 404.80612
0.31640 0.22840 0.00000 972.54340 384.49066
0.34259 0.22840 0.00000 992.92761 378.21072
0.43059 0.22840 0.00000 1061.73145 357.32236
0.45679 0.22840 0.00000 1082.82788 350.94217
0.54479 0.22840 0.00000 1153.77417 329.22501
0.57099 0.22840 0.00000 1175.45337 322.65210
0.65899 0.22840 0.00000 1248.81042 300.31317
0.00000 0.31640 0.00000 718.55371 391.58368
0.08800 0.31640 0.00000 781.33630 371.84183
0.11420 0.31640 0.00000 800.41504 365.77368
0.20220 0.31640 0.00000 865.03986 345.31934
0.22840 0.31640 0.00000 884.86316 339.16919
0.31640 0.31640 0.00000 951.40808 318.07721
0.34259 0.31640 0.00000 971.59503 311.62006
0.43059 0.31640 0.00000 1040.28589 289.87817
0.45679 0.31640 0.00000 1061.26074 283.28632
0.54479 0.31640 0.00000 1131.61572 260.92896
0.57099 0.31640 0.00000 1153.39453 254.00958
0.65899 0.31640 0.00000 1226.32141 230.82721
0.00000 0.34259 0.00000 712.65564 372.51785
0.08800 0.34259 0.00000 775.30737 352.39456
0.11420 0.34259 0.00000 794.43164 346.27768
0.20220 0.34259 0.00000 858.72949 325.65503
0.22840 0.34259 0.00000 878.54865 319.32034
0.31640 0.34259 0.00000 945.08557 298.08844
0.34259 0.34259 0.00000 965.29468 291.64301
0.43059 0.34259 0.00000 1033.69580 269.61234
0.45679 0.34259 0.00000 1054.69092 262.83884
0.54479 0.34259 0.00000 1125.38586 240.34618
0.57099 0.34259 0.00000 1146.70398 233.38589
0.65899 0.34259 0.00000 1219.49622 209.95848
0.00000 0.43059 0.00000 692.85590 308.88562
0.08800 0.43059 0.00000 755.21240 288.18668
0.11420 0.43059 0.00000 774.27063 281.86185
0.20220 0.43059 0.00000 838.39331 260.40073
0.22840 0.43059 0.00000 857.85876 253.83382
0.31640 0.43059 0.00000 923.77771 231.99623
0.34259 0.43059 0.00000 944.19391 225.27647
0.43059 0.43059 0.00000 1012.05316 202.57449
0.45679 0.43059 0.00000 1033.14185 195.55479
0.54479 0.43059 0.00000 1103.35046 172.15326
0.57099 0.43059 0.00000 1124.54028 165.09668
0.65899 0.43059 0.00000 1197.16541 140.78847
0.00000 0.45679 0.00000 687.00366 289.78082
0.08800 0.45679 0.00000 749.25299 268.87030
0.11420 0.45679 0.00000 768.23499 262.50385
0.20220 0.45679 0.00000 832.16425 240.80043
0.22840 0.45679 0.00000 851.69135 234.25119
0.31640 0.45679 0.00000 917.70374 211.91354
0.34259 0.45679 0.00000 938.01434 205.16359
0.43059 0.45679 0.00000 1005.70367 182.26059
0.45679 0.45679 0.00000 1026.62048 175.29358
0.54479 0.45679 0.00000 1096.46960 151.61885
0.57099 0.45679 0.00000 1118.06238 144.41342
0.65899 0.45679 0.00000 1190.39551 119.95656
0.00000 0.54479 0.00000 667.39624 226.47696
0.08800 0.54479 0.00000 729.24261 205.01463
0.11420 0.54479 0.00000 748.21149 198.33746
0.20220 0.54479 0.00000 811.70380 175.97586
0.22840 0.54479 0.00000 831.40149 169.18515
0.31640 0.54479 0.00000 896.84204 146.16803
0.34259 0.54479 0.00000 916.91479 139.34625
0.43059 0.54479 0.00000 984.45618 115.53455
0.54479 0.54479 0.00000 1074.59839 84.05289
0.57099 0.54479 0.00000 1096.06628 76.48049
0.65899 0.54479 0.00000 1167.90613 51.35120
0.00000 0.57099 0.00000 661.50653 207.43376
0.08800 0.57099 0.00000 723.24762 185.70161
0.11420 0.57099 0.00000 742.18292 179.04968
0.20220 0.57099 0.00000 805.64856 156.45819
0.22840 0.57099 0.00000 825.14368 149.63268
0.31640 0.57099 0.00000 890.59058 126.36928
0.34259 0.57099 0.00000 910.73511 119.21064
0.43059 0.57099 0.00000 978.01605 95.45438
0.00000 0.65899 0.00000 642.03558 144.34685
0.08800 0.65899 0.00000 703.25665 121.79559
0.11420 0.65899 0.00000 722.11450 115.00377
0.20220 0.65899 0.00000 785.39685 91.64646
0.22840 0.65899 0.00000 804.63403 84.61627
0.31640 0.65899 0.00000 869.69562 60.72691
0.34259 0.65899 0.00000 889.64972 53.41586
0.43059 0.65899 0.00000 956.64056 28.95628

gimbalangles:
0.0523598775598 0.349065850399 -0.261799387799 

end: