T_CW:
0.99598 0.05074 0.07381 -0.37640
0.05743 -0.99414 -0.09155 0.65171
0.06873 0.09542 -0.99306 1.35336
0.00000 0.00000 0.00000 1.00000

T_CW_cov:

target_points_pix:
0.00000 0.00000 0.00000 463.10483 811.14209
0.08800 0.00000 0.00000 503.67270 813.89301
0.11420 0.00000 0.00000 515.62915 814.41577
0.20220 0.00000 0.00000 556.20819 816.49670
0.31640 0.00000 0.00000 609.18970 818.53534
0.34259 0.00000 0.00000 621.15308 818.91492
0.43059 0.00000 0.00000 661.00043 819.75446
0.54479 0.00000 0.00000 712.59491 819.84326
0.57099 0.00000 0.00000 724.27814 819.89948
0.65899 0.00000 0.00000 762.82056 819.82147
0.00000 0.08800 0.00000 464.70630 771.73108
0.08800 0.08800 0.00000 505.22720 774.30688
0.11420 0.08800 0.00000 517.33905 774.82776
0.20220 0.08800 0.00000 558.01630 777.04907
0.22840 0.08800 0.00000 570.37433 777.60492
0.31640 0.08800 0.00000 610.70978 779.26080
0.34259 0.08800 0.00000 622.76080 779.57361
0.43059 0.08800 0.00000 663.29706 780.55853
0.45679 0.08800 0.00000 675.27856 780.71765
0.54479 0.08800 0.00000 714.57312 781.42780
0.57099 0.08800 0.00000 726.44073 781.50226
0.65899 0.08800 0.00000 764.78027 781.43536
0.00000 0.11420 0.00000 465.00742 759.93750
0.08800 0.11420 0.00000 505.56967 762.42059
0.11420 0.11420 0.00000 517.93787 762.98883
0.20220 0.11420 0.00000 558.55988 765.35864
0.22840 0.11420 0.00000 570.65576 765.65686
0.31640 0.11420 0.00000 611.32452 767.23865
0.34259 0.11420 0.00000 623.63434 767.87958
0.43059 0.11420 0.00000 663.72906 768.77222
0.45679 0.11420 0.00000 675.83386 768.91107
0.54479 0.11420 0.00000 715.27118 769.76801
0.57099 0.11420 0.00000 726.83838 769.80084
0.65899 0.11420 0.00000 765.86694 769.98535
0.00000 0.20220 0.00000 466.80249 719.83185
0.08800 0.20220 0.00000 507.40262 722.45874
0.11420 0.20220 0.00000 519.61749 722.96820
0.20220 0.20220 0.00000 560.45868 725.49768
0.22840 0.20220 0.00000 572.67810 725.76758
0.31640 0.20220 0.00000 613.26910 727.81732
0.34259 0.20220 0.00000 625.53809 728.31195
0.43059 0.20220 0.00000 666.24408 729.42780
0.45679 0.20220 0.00000 678.19556 729.68457
0.54479 0.20220 0.00000 717.54254 730.43945
0.57099 0.20220 0.00000 729.39978 730.51941
0.65899 0.20220 0.00000 768.01691 731.10675
0.00000 0.22840 0.00000 467.25446 708.04535
0.08800 0.22840 0.00000 507.65247 710.40106
0.11420 0.22840 0.00000 520.26221 711.26019
0.20220 0.22840 0.00000 560.75787 713.34418
0.22840 0.22840 0.00000 573.23767 713.99573
0.31640 0.22840 0.00000 614.24707 715.63031
0.34259 0.22840 0.00000 626.04614 715.96252
0.43059 0.22840 0.00000 666.54956 717.56134
0.45679 0.22840 0.00000 678.51019 717.67688
0.54479 0.22840 0.00000 717.98157 718.74481
0.57099 0.22840 0.00000 729.83289 718.74768
0.65899 0.22840 0.00000 768.55591 719.45160
0.00000 0.31640 0.00000 468.99423 667.52832
0.08800 0.31640 0.00000 509.84766 670.10315
0.11420 0.31640 0.00000 521.85657 670.76263
0.20220 0.31640 0.00000 563.00049 672.92328
0.22840 0.31640 0.00000 575.05145 673.66962
0.31640 0.31640 0.00000 616.28754 675.50098
0.34259 0.31640 0.00000 628.31140 675.81213
0.43059 0.31640 0.00000 668.56830 677.52991
0.45679 0.31640 0.00000 680.81256 677.87732
0.54479 0.31640 0.00000 720.36780 679.25989
0.57099 0.31640 0.00000 732.20245 679.23657
0.65899 0.31640 0.00000 770.78333 680.04938
0.00000 0.34259 0.00000 469.93262 655.22089
0.08800 0.34259 0.00000 510.56281 657.68878
0.11420 0.34259 0.00000 522.88361 658.50043
0.20220 0.34259 0.00000 563.56647 660.60284
0.22840 0.34259 0.00000 576.17468 661.37531
0.31640 0.34259 0.00000 616.56628 663.42230
0.34259 0.34259 0.00000 628.78723 663.77228
0.43059 0.34259 0.00000 669.07623 665.38501
0.45679 0.34259 0.00000 681.29297 665.97754
0.54479 0.34259 0.00000 720.89221 666.98785
0.57099 0.34259 0.00000 732.65442 667.36584
0.65899 0.34259 0.00000 771.40485 668.25677
0.00000 0.43059 0.00000 471.75381 614.59534
0.08800 0.43059 0.00000 512.73529 617.17847
0.11420 0.43059 0.00000 524.90918 617.80396
0.20220 0.43059 0.00000 565.77704 620.18414
0.22840 0.43059 0.00000 577.82843 620.71490
0.31640 0.43059 0.00000 618.99506 622.83936
0.34259 0.43059 0.00000 630.77106 623.29724
0.43059 0.43059 0.00000 671.15521 624.90137
0.45679 0.43059 0.00000 683.01111 625.63007
0.54479 0.43059 0.00000 722.86829 627.14270
0.57099 0.43059 0.00000 734.60223 627.48077
0.65899 0.43059 0.00000 773.37177 628.62958
0.00000 0.45679 0.00000 472.88635 602.13635
0.08800 0.45679 0.00000 513.38257 604.61438
0.11420 0.45679 0.00000 525.63226 605.43158
0.20220 0.45679 0.00000 566.47101 607.66565
0.22840 0.45679 0.00000 578.77087 608.33813
0.31640 0.45679 0.00000 619.33246 610.39453
0.34259 0.45679 0.00000 631.51965 610.72455
0.43059 0.45679 0.00000 671.82117 612.85480
0.54479 0.45679 0.00000 723.46985 614.72766
0.57099 0.45679 0.00000 734.99182 615.31598
0.65899 0.45679 0.00000 773.79181 616.77582
0.00000 0.54479 0.00000 475.15439 561.69550
0.08800 0.54479 0.00000 515.84021 564.15265
0.11420 0.54479 0.00000 527.84412 564.79871
0.20220 0.54479 0.00000 568.76709 567.19629
0.22840 0.54479 0.00000 580.90826 567.82635
0.34259 0.54479 0.00000 633.58997 570.53497
0.43059 0.54479 0.00000 673.67242 572.49200
0.45679 0.54479 0.00000 685.89709 572.99670
0.54479 0.54479 0.00000 725.14008 574.90021
0.57099 0.54479 0.00000 736.74976 575.59998
0.65899 0.54479 0.00000 775.25275 576.96082
0.00000 0.57099 0.00000 476.32138 549.43536
0.08800 0.57099 0.00000 516.55878 551.66260
0.11420 0.57099 0.00000 528.94153 552.54022
0.20220 0.57099 0.00000 569.37335 554.65619
0.22840 0.57099 0.00000 581.63757 555.43750
0.31640 0.57099 0.00000 622.24292 557.67542
0.34259 0.57099 0.00000 634.05530 558.14258
0.43059 0.57099 0.00000 674.17609 560.41962
0.45679 0.57099 0.00000 686.34174 561.19189
0.54479 0.57099 0.00000 725.79388 562.81030
0.57099 0.57099 0.00000 737.32172 563.52423
0.65899 0.57099 0.00000 776.01758 565.14563
0.00000 0.65899 0.00000 479.05740 509.04843
0.08800 0.65899 0.00000 518.93164 511.19449
0.11420 0.65899 0.00000 531.24408 512.20752
0.20220 0.65899 0.00000 571.64740 514.35284
0.22840 0.65899 0.00000 584.00244 515.02844
0.31640 0.65899 0.00000 624.33441 517.40771
0.34259 0.65899 0.00000 636.34644 517.92767
0.43059 0.65899 0.00000 676.05096 520.15570
0.45679 0.65899 0.00000 688.13196 521.09058
0.54479 0.65899 0.00000 727.24927 522.91687
0.57099 0.65899 0.00000 739.03589 523.97382
0.65899 0.65899 0.00000 777.18811 526.22937

gimbalangles:
0.0523598775598 0.349065850399 -0.261799387799 

end: