T_CW:
0.94553 -0.29688 0.13355 -0.37669
-0.28576 -0.95344 -0.09638 0.54504
0.15594 0.05297 -0.98635 1.42470
0.00000 0.00000 0.00000 1.00000

T_CW_cov:

target_points_pix:
0.34259 0.00000 0.00000 645.94775 698.57965
0.43059 0.00000 0.00000 710.19281 675.87964
0.54479 0.00000 0.00000 792.09747 647.06250
0.57099 0.00000 0.00000 810.72418 640.39807
0.34259 0.08800 0.00000 625.59351 631.37500
0.43059 0.08800 0.00000 689.69678 609.66345
0.45679 0.08800 0.00000 708.92468 603.26428
0.54479 0.08800 0.00000 771.50793 581.49658
0.57099 0.08800 0.00000 790.36572 575.28192
0.65899 0.08800 0.00000 851.67175 554.21448
0.00000 0.11420 0.00000 358.67084 699.75604
0.08800 0.11420 0.00000 427.23102 676.71112
0.11420 0.11420 0.00000 447.50388 669.68738
0.20220 0.11420 0.00000 514.58716 647.09436
0.22840 0.11420 0.00000 534.59937 640.27026
0.31640 0.11420 0.00000 600.10040 618.11676
0.34259 0.11420 0.00000 619.55304 611.65204
0.43059 0.11420 0.00000 683.70062 589.90210
0.45679 0.11420 0.00000 702.77277 583.36316
0.54479 0.11420 0.00000 765.55536 562.07526
0.57099 0.11420 0.00000 784.27106 555.66180
0.65899 0.11420 0.00000 845.66675 534.97412
0.00000 0.20220 0.00000 338.84903 631.16840
0.08800 0.20220 0.00000 407.20847 608.79590
0.11420 0.20220 0.00000 427.63589 601.98682
0.20220 0.20220 0.00000 494.56946 579.93567
0.22840 0.20220 0.00000 514.60059 573.39435
0.31640 0.20220 0.00000 580.22766 551.69830
0.34259 0.20220 0.00000 599.66882 545.36658
0.43059 0.20220 0.00000 663.67633 524.18799
0.45679 0.20220 0.00000 682.72125 517.93060
0.54479 0.20220 0.00000 745.54388 497.27429
0.57099 0.20220 0.00000 764.22864 491.18903
0.65899 0.20220 0.00000 825.48682 470.96683
0.00000 0.22840 0.00000 332.81885 610.68396
0.08800 0.22840 0.00000 401.43231 588.30658
0.11420 0.22840 0.00000 421.73254 581.58014
0.20220 0.22840 0.00000 488.67828 559.77515
0.22840 0.22840 0.00000 508.63727 553.34094
0.31640 0.22840 0.00000 574.16260 531.85547
0.34259 0.22840 0.00000 593.66144 525.48749
0.43059 0.22840 0.00000 657.71753 504.71439
0.45679 0.22840 0.00000 676.86536 498.48965
0.54479 0.22840 0.00000 739.47198 477.86664
0.57099 0.22840 0.00000 758.29138 471.78436
0.65899 0.22840 0.00000 819.51959 451.73624
0.00000 0.31640 0.00000 313.21338 542.53564
0.08800 0.31640 0.00000 381.49725 520.87677
0.11420 0.31640 0.00000 401.93634 514.36816
0.20220 0.31640 0.00000 468.96518 493.14584
0.22840 0.31640 0.00000 489.05173 486.71954
0.31640 0.31640 0.00000 554.51477 466.03040
0.34259 0.31640 0.00000 573.84497 459.84503
0.43059 0.31640 0.00000 638.17670 439.52795
0.45679 0.31640 0.00000 657.25122 433.52338
0.54479 0.31640 0.00000 719.64484 413.58331
0.57099 0.31640 0.00000 738.41266 407.59793
0.65899 0.31640 0.00000 799.67920 388.16101
0.00000 0.34259 0.00000 307.41873 522.00812
0.08800 0.34259 0.00000 375.61334 500.60980
0.11420 0.34259 0.00000 396.24167 494.17337
0.20220 0.34259 0.00000 463.04791 473.17017
0.22840 0.34259 0.00000 483.17490 466.86594
0.31640 0.34259 0.00000 548.65741 446.24527
0.34259 0.34259 0.00000 568.17041 440.07474
0.43059 0.34259 0.00000 632.20526 419.97870
0.45679 0.34259 0.00000 651.35785 413.99277
0.54479 0.34259 0.00000 713.95929 394.28824
0.57099 0.34259 0.00000 732.56049 388.44315
0.65899 0.34259 0.00000 793.86749 369.12888
0.00000 0.43059 0.00000 287.66406 454.37482
0.08800 0.43059 0.00000 356.34360 433.48956
0.11420 0.43059 0.00000 376.61548 427.36365
0.20220 0.43059 0.00000 443.49890 406.91208
0.22840 0.43059 0.00000 463.51123 400.70230
0.31640 0.43059 0.00000 528.94116 380.93497
0.34259 0.43059 0.00000 548.53412 374.83963
0.43059 0.43059 0.00000 612.56592 355.40289
0.45679 0.43059 0.00000 631.51678 349.55042
0.54479 0.43059 0.00000 694.33649 330.44559
0.57099 0.43059 0.00000 712.93164 324.80908
0.65899 0.43059 0.00000 774.33136 306.09988
0.00000 0.45679 0.00000 281.96021 433.95908
0.08800 0.45679 0.00000 350.45758 413.39352
0.11420 0.45679 0.00000 370.75952 407.19025
0.20220 0.45679 0.00000 437.59985 387.00601
0.22840 0.45679 0.00000 457.58963 381.00278
0.31640 0.45679 0.00000 523.33032 361.27380
0.34259 0.45679 0.00000 542.62860 355.28363
0.43059 0.45679 0.00000 606.66199 335.92264
0.45679 0.45679 0.00000 625.71887 330.19067
0.54479 0.45679 0.00000 688.45465 311.35693
0.57099 0.45679 0.00000 707.11115 305.68582
0.65899 0.45679 0.00000 768.42810 287.15945
0.00000 0.54479 0.00000 262.68210 366.75851
0.11420 0.54479 0.00000 351.39706 340.95242
0.20220 0.54479 0.00000 418.36337 321.36002
0.22840 0.54479 0.00000 438.30414 315.47980
0.31640 0.54479 0.00000 503.64587 296.30539
0.34259 0.54479 0.00000 523.29987 290.61096
0.43059 0.54479 0.00000 587.30774 271.93442
0.45679 0.54479 0.00000 606.39563 266.37589
0.54479 0.54479 0.00000 668.90582 248.06758
0.57099 0.54479 0.00000 687.49481 242.59657
0.65899 0.54479 0.00000 748.99316 224.49765
0.00000 0.57099 0.00000 257.05768 346.77271
0.08800 0.57099 0.00000 325.44336 326.94730
0.11420 0.57099 0.00000 345.64267 320.95346
0.20220 0.57099 0.00000 412.50507 301.59521
0.22840 0.57099 0.00000 432.41821 295.78955
0.31640 0.57099 0.00000 497.84241 276.82242
0.34259 0.57099 0.00000 517.44220 271.20770
0.43059 0.57099 0.00000 581.40881 252.66817
0.45679 0.57099 0.00000 600.55066 247.14810
0.54479 0.57099 0.00000 663.18683 229.03255
0.57099 0.57099 0.00000 681.76898 223.50597
0.65899 0.57099 0.00000 743.12219 205.72694
0.11420 0.65899 0.00000 326.38589 255.09596
0.20220 0.65899 0.00000 393.41907 236.24902
0.22840 0.65899 0.00000 413.44742 230.62805
0.31640 0.65899 0.00000 478.65814 212.17416
0.34259 0.65899 0.00000 498.18439 206.73143
0.43059 0.65899 0.00000 562.14728 188.83197
0.45679 0.65899 0.00000 581.33502 183.55205
0.54479 0.65899 0.00000 643.73297 165.87212
0.57099 0.65899 0.00000 662.50751 160.70622
0.65899 0.65899 0.00000 723.93408 143.35948

gimbalangles:
0.0523598775598 0.349065850399 0.0872664625997 

end: