T_CW:
0.99600 0.05068 0.07364 -0.37638
0.05736 -0.99413 -0.09172 0.65174
0.06856 0.09558 -0.99306 1.35341
0.00000 0.00000 0.00000 1.00000

T_CW_cov:

target_points_pix:
0.00000 0.00000 0.00000 463.12476 811.17682
0.08800 0.00000 0.00000 503.68082 813.84229
0.11420 0.00000 0.00000 515.62885 814.39349
0.20220 0.00000 0.00000 556.18994 816.52234
0.31640 0.00000 0.00000 609.21802 818.49890
0.34259 0.00000 0.00000 621.19824 818.88086
0.43059 0.00000 0.00000 661.07104 819.76141
0.45679 0.00000 0.00000 673.07379 819.98853
0.54479 0.00000 0.00000 712.61890 819.90411
0.57099 0.00000 0.00000 724.25586 819.88959
0.65899 0.00000 0.00000 762.83795 819.84753
0.00000 0.08800 0.00000 464.70059 771.70990
0.08800 0.08800 0.00000 505.28433 774.33075
0.11420 0.08800 0.00000 517.35010 774.76398
0.20220 0.08800 0.00000 558.08777 777.11267
0.22840 0.08800 0.00000 570.42035 777.61053
0.31640 0.08800 0.00000 610.72272 779.26910
0.34259 0.08800 0.00000 622.76868 779.59692
0.43059 0.08800 0.00000 663.33099 780.57880
0.45679 0.08800 0.00000 675.24585 780.71411
0.54479 0.08800 0.00000 714.54956 781.42401
0.57099 0.08800 0.00000 726.49689 781.49951
0.65899 0.08800 0.00000 764.79150 781.41638
0.00000 0.11420 0.00000 465.02167 759.95782
0.08800 0.11420 0.00000 505.57715 762.40985
0.11420 0.11420 0.00000 517.91876 763.02838
0.20220 0.11420 0.00000 558.58752 765.36847
0.22840 0.11420 0.00000 570.64935 765.64972
0.31640 0.11420 0.00000 611.36444 767.28632
0.34259 0.11420 0.00000 623.59802 767.86322
0.43059 0.11420 0.00000 663.73151 768.77686
0.45679 0.11420 0.00000 675.80261 769.00037
0.54479 0.11420 0.00000 715.29370 769.75262
0.57099 0.11420 0.00000 726.86017 769.75702
0.65899 0.11420 0.00000 765.84790 769.96454
0.00000 0.20220 0.00000 466.76953 719.83917
0.08800 0.20220 0.00000 507.38931 722.48834
0.11420 0.20220 0.00000 519.60529 722.90820
0.20220 0.20220 0.00000 560.43958 725.48987
0.22840 0.20220 0.00000 572.68011 725.81378
0.31640 0.20220 0.00000 613.27197 727.76447
0.34259 0.20220 0.00000 625.53326 728.29968
0.43059 0.20220 0.00000 666.24725 729.41583
0.45679 0.20220 0.00000 678.21051 729.72052
0.54479 0.20220 0.00000 717.54462 730.43774
0.57099 0.20220 0.00000 729.43262 730.52148
0.65899 0.20220 0.00000 768.04712 731.13538
0.00000 0.22840 0.00000 467.24835 708.06506
0.08800 0.22840 0.00000 507.66574 710.39862
0.11420 0.22840 0.00000 520.23578 711.26373
0.20220 0.22840 0.00000 560.75751 713.32257
0.22840 0.22840 0.00000 573.20685 713.99524
0.31640 0.22840 0.00000 614.22870 715.62958
0.34259 0.22840 0.00000 626.11682 716.07196
0.43059 0.22840 0.00000 666.54248 717.55560
0.45679 0.22840 0.00000 678.50043 717.66309
0.54479 0.22840 0.00000 717.96851 718.75385
0.57099 0.22840 0.00000 729.81171 718.77612
0.65899 0.22840 0.00000 768.55756 719.44946
0.00000 0.31640 0.00000 468.92007 667.52515
0.08800 0.31640 0.00000 509.83194 670.08759
0.11420 0.31640 0.00000 521.87274 670.78607
0.20220 0.31640 0.00000 563.00464 672.97266
0.22840 0.31640 0.00000 575.04126 673.67065
0.31640 0.31640 0.00000 616.28607 675.53210
0.34259 0.31640 0.00000 628.29773 675.83118
0.43059 0.31640 0.00000 668.57678 677.51050
0.45679 0.31640 0.00000 680.77716 677.86310
0.54479 0.31640 0.00000 720.34467 679.21918
0.57099 0.31640 0.00000 732.22217 679.25012
0.65899 0.31640 0.00000 770.78271 680.06091
0.00000 0.34259 0.00000 469.97061 655.20367
0.08800 0.34259 0.00000 510.54822 657.67041
0.11420 0.34259 0.00000 522.91656 658.51306
0.20220 0.34259 0.00000 563.54071 660.62256
0.22840 0.34259 0.00000 576.19177 661.37836
0.31640 0.34259 0.00000 616.58344 663.42084
0.34259 0.34259 0.00000 628.81592 663.76141
0.43059 0.34259 0.00000 668.99567 665.41327
0.45679 0.34259 0.00000 681.29779 665.99213
0.54479 0.34259 0.00000 720.86652 666.97345
0.57099 0.34259 0.00000 732.65985 667.37500
0.65899 0.34259 0.00000 771.37909 668.26324
0.00000 0.43059 0.00000 471.74646 614.60217
0.08800 0.43059 0.00000 512.73462 617.17316
0.11420 0.43059 0.00000 524.89893 617.80133
0.20220 0.43059 0.00000 565.77264 620.18628
0.22840 0.43059 0.00000 577.84778 620.72437
0.34259 0.43059 0.00000 630.76843 623.30457
0.43059 0.43059 0.00000 671.16718 624.91034
0.45679 0.43059 0.00000 682.98492 625.63757
0.54479 0.43059 0.00000 722.89667 627.12286
0.57099 0.43059 0.00000 734.59680 627.46729
0.65899 0.43059 0.00000 773.38330 628.62695
0.00000 0.45679 0.00000 472.88623 602.12329
0.08800 0.45679 0.00000 513.38928 604.60846
0.11420 0.45679 0.00000 525.63660 605.43793
0.20220 0.45679 0.00000 566.47699 607.65277
0.22840 0.45679 0.00000 578.79230 608.32776
0.31640 0.45679 0.00000 619.34393 610.39954
0.34259 0.45679 0.00000 631.52563 610.75525
0.43059 0.45679 0.00000 671.82971 612.85303
0.54479 0.45679 0.00000 723.48639 614.71112
0.57099 0.45679 0.00000 734.98230 615.32031
0.65899 0.45679 0.00000 773.78931 616.75726
0.00000 0.54479 0.00000 475.18417 561.70587
0.08800 0.54479 0.00000 515.84241 564.14697
0.11420 0.54479 0.00000 527.87915 564.80377
0.20220 0.54479 0.00000 568.75134 567.19385
0.22840 0.54479 0.00000 580.89532 567.81726
0.34259 0.54479 0.00000 633.56696 570.52106
0.43059 0.54479 0.00000 673.64185 572.53314
0.45679 0.54479 0.00000 685.89130 572.90405
0.54479 0.54479 0.00000 725.16217 574.90430
0.57099 0.54479 0.00000 736.77295 575.62610
0.65899 0.54479 0.00000 775.32501 576.88824
0.00000 0.57099 0.00000 476.33514 549.41156
0.08800 0.57099 0.00000 516.57343 551.66687
0.11420 0.57099 0.00000 528.92261 552.54651
0.20220 0.57099 0.00000 569.38708 554.66125
0.22840 0.57099 0.00000 581.64893 555.49060
0.31640 0.57099 0.00000 622.23254 557.65924
0.34259 0.57099 0.00000 633.98846 558.17841
0.43059 0.57099 0.00000 674.16577 560.49908
0.45679 0.57099 0.00000 686.35034 561.20050
0.54479 0.57099 0.00000 725.80750 562.79877
0.57099 0.57099 0.00000 737.34143 563.52307
0.65899 0.57099 0.00000 776.07721 565.18811
0.00000 0.65899 0.00000 479.05682 509.07199
0.11420 0.65899 0.00000 531.25891 512.23615
0.20220 0.65899 0.00000 571.64923 514.33386
0.22840 0.65899 0.00000 583.99896 515.03467
0.31640 0.65899 0.00000 624.32324 517.43109
0.34259 0.65899 0.00000 636.29810 517.93469
0.43059 0.65899 0.00000 676.02527 520.18738
0.45679 0.65899 0.00000 688.12408 521.12134
0.54479 0.65899 0.00000 727.18280 523.04407
0.57099 0.65899 0.00000 738.93103 523.86694
0.65899 0.65899 0.00000 777.11749 526.23914

gimbalangles:
0.0523598775598 0.349065850399 0.0872664625997 

end: