T_CW:
0.99626 0.05196 0.06909 -0.36988
0.05812 -0.99422 -0.09030 0.64978
0.06400 0.09397 -0.99352 1.35570
0.00000 0.00000 0.00000 1.00000

T_CW_cov:

target_points_pix:
0.00000 0.00000 0.00000 466.38214 809.81952
0.08800 0.00000 0.00000 506.83633 812.67889
0.11420 0.00000 0.00000 518.71234 813.41571
0.20220 0.00000 0.00000 559.28949 815.55841
0.22840 0.00000 0.00000 571.57135 816.24420
0.31640 0.00000 0.00000 612.26984 817.67444
0.34259 0.00000 0.00000 624.10059 818.05353
0.43059 0.00000 0.00000 664.18896 819.06616
0.54479 0.00000 0.00000 715.67041 819.30170
0.57099 0.00000 0.00000 727.20105 819.33752
0.00000 0.08800 0.00000 467.66385 770.56848
0.08800 0.08800 0.00000 508.39597 773.38251
0.11420 0.08800 0.00000 520.51263 773.77179
0.20220 0.08800 0.00000 561.22241 776.23676
0.22840 0.08800 0.00000 573.43994 776.53876
0.31640 0.08800 0.00000 613.76050 778.26788
0.34259 0.08800 0.00000 625.89417 778.73230
0.43059 0.08800 0.00000 666.29315 779.75677
0.45679 0.08800 0.00000 678.20728 780.04407
0.54479 0.08800 0.00000 717.65771 780.50903
0.57099 0.08800 0.00000 729.54510 780.59375
0.65899 0.08800 0.00000 768.21838 780.94385
0.00000 0.11420 0.00000 468.36020 758.94934
0.08800 0.11420 0.00000 508.69824 761.44781
0.11420 0.11420 0.00000 521.01056 762.07733
0.20220 0.11420 0.00000 561.62439 764.31146
0.22840 0.11420 0.00000 573.73657 764.68219
0.31640 0.11420 0.00000 614.52863 766.48926
0.34259 0.11420 0.00000 626.72180 767.13013
0.43059 0.11420 0.00000 667.00146 768.07581
0.45679 0.11420 0.00000 679.11273 768.32983
0.54479 0.11420 0.00000 718.44598 769.22858
0.57099 0.11420 0.00000 730.29321 769.24493
0.65899 0.11420 0.00000 768.73779 769.37274
0.00000 0.20220 0.00000 469.91223 718.91022
0.08800 0.20220 0.00000 510.54556 721.49969
0.11420 0.20220 0.00000 522.87872 722.11517
0.20220 0.20220 0.00000 563.53998 724.41553
0.22840 0.20220 0.00000 575.84418 724.84479
0.31640 0.20220 0.00000 616.57977 726.94843
0.34259 0.20220 0.00000 628.62061 727.41705
0.43059 0.20220 0.00000 669.21539 728.64655
0.45679 0.20220 0.00000 681.15985 728.88525
0.54479 0.20220 0.00000 720.56793 729.67987
0.57099 0.20220 0.00000 732.48059 729.76245
0.65899 0.20220 0.00000 771.30640 730.44965
0.00000 0.22840 0.00000 470.60852 706.97461
0.08800 0.22840 0.00000 510.86008 709.44061
0.11420 0.22840 0.00000 523.40399 710.30383
0.20220 0.22840 0.00000 563.91187 712.36804
0.22840 0.22840 0.00000 576.46051 713.23816
0.31640 0.22840 0.00000 617.32214 714.64648
0.34259 0.22840 0.00000 629.24152 715.17902
0.43059 0.22840 0.00000 669.63721 716.60620
0.45679 0.22840 0.00000 681.69434 716.79315
0.54479 0.22840 0.00000 721.34705 718.19812
0.57099 0.22840 0.00000 733.24091 718.20062
0.65899 0.22840 0.00000 771.77405 718.72382
0.00000 0.31640 0.00000 472.50620 666.43518
0.08800 0.31640 0.00000 513.07465 669.04608
0.11420 0.31640 0.00000 525.28168 669.96490
0.20220 0.31640 0.00000 566.12366 671.92847
0.22840 0.31640 0.00000 578.47778 672.75323
0.31640 0.31640 0.00000 619.26172 674.64288
0.34259 0.31640 0.00000 631.49054 674.81671
0.43059 0.31640 0.00000 671.74628 676.62964
0.45679 0.31640 0.00000 684.08368 677.06372
0.54479 0.31640 0.00000 723.65015 678.28070
0.57099 0.31640 0.00000 735.43188 678.54535
0.65899 0.31640 0.00000 774.22321 679.54688
0.00000 0.34259 0.00000 473.26965 654.32794
0.08800 0.34259 0.00000 513.71252 656.70483
0.11420 0.34259 0.00000 526.24817 657.61475
0.20220 0.34259 0.00000 566.83209 659.82660
0.22840 0.34259 0.00000 579.23901 660.52972
0.31640 0.34259 0.00000 619.71893 662.46313
0.34259 0.34259 0.00000 632.15735 663.11310
0.43059 0.34259 0.00000 672.48669 664.73535
0.45679 0.34259 0.00000 684.61719 665.27002
0.54479 0.34259 0.00000 723.87134 666.30292
0.57099 0.34259 0.00000 735.82721 666.60175
0.65899 0.34259 0.00000 774.64722 667.62622
0.00000 0.43059 0.00000 475.26700 613.65961
0.08800 0.43059 0.00000 515.89862 616.08270
0.11420 0.43059 0.00000 528.06274 616.99426
0.20220 0.43059 0.00000 568.99023 619.04626
0.22840 0.43059 0.00000 581.15948 620.06421
0.31640 0.43059 0.00000 621.97955 622.00189
0.34259 0.43059 0.00000 633.91449 622.50049
0.43059 0.43059 0.00000 674.52679 624.08545
0.54479 0.43059 0.00000 726.00348 626.16711
0.57099 0.43059 0.00000 737.81598 626.77930
0.65899 0.43059 0.00000 776.62280 627.86877
0.00000 0.45679 0.00000 476.33188 601.37360
0.08800 0.45679 0.00000 516.71973 603.73785
0.11420 0.45679 0.00000 529.17517 604.57214
0.20220 0.45679 0.00000 569.75592 606.75098
0.22840 0.45679 0.00000 582.23260 607.59839
0.31640 0.45679 0.00000 622.69806 609.66797
0.34259 0.45679 0.00000 634.97144 610.15204
0.43059 0.45679 0.00000 675.08466 612.12378
0.45679 0.45679 0.00000 687.30768 612.67212
0.54479 0.45679 0.00000 726.96338 614.09106
0.57099 0.45679 0.00000 738.61096 615.07141
0.65899 0.45679 0.00000 777.13922 616.14990
0.00000 0.54479 0.00000 478.95474 560.64374
0.08800 0.54479 0.00000 519.03900 563.02039
0.20220 0.54479 0.00000 571.91498 566.08838
0.22840 0.54479 0.00000 584.14990 567.05286
0.31640 0.54479 0.00000 624.85431 569.14545
0.34259 0.54479 0.00000 636.94550 569.83661
0.43059 0.54479 0.00000 676.95276 571.93262
0.45679 0.54479 0.00000 689.22675 572.26874
0.54479 0.54479 0.00000 728.49976 574.00250
0.57099 0.54479 0.00000 740.13892 575.02051
0.65899 0.54479 0.00000 778.88873 576.70850
0.00000 0.57099 0.00000 479.52097 548.44922
0.08800 0.57099 0.00000 519.85358 550.89447
0.11420 0.57099 0.00000 532.26056 551.69629
0.20220 0.57099 0.00000 572.79846 553.82935
0.22840 0.57099 0.00000 585.12756 554.68262
0.31640 0.57099 0.00000 625.47052 556.69513
0.34259 0.57099 0.00000 637.75317 557.59216
0.43059 0.57099 0.00000 677.88312 559.84296
0.45679 0.57099 0.00000 689.71545 560.26361
0.54479 0.57099 0.00000 729.12195 562.17194
0.57099 0.57099 0.00000 740.87286 563.04944
0.65899 0.57099 0.00000 779.30988 564.58282
0.00000 0.65899 0.00000 482.45920 507.84274
0.08800 0.65899 0.00000 522.65692 510.42484
0.11420 0.65899 0.00000 534.67407 511.27130
0.20220 0.65899 0.00000 574.85242 513.47998
0.22840 0.65899 0.00000 587.27795 514.24957
0.31640 0.65899 0.00000 627.57874 516.51483
0.34259 0.65899 0.00000 639.97272 517.06586
0.43059 0.65899 0.00000 679.79633 519.70953
0.45679 0.65899 0.00000 691.58282 520.41534
0.54479 0.65899 0.00000 730.88770 522.60980
0.57099 0.65899 0.00000 742.32513 523.30487
0.65899 0.65899 0.00000 780.57233 525.40283

gimbalangles:
-0.261799387799 -0.174532925199 -0.261799387799 

end: