T_CW:
0.84090 -0.29496 0.45375 -0.83869
-0.22819 -0.95349 -0.19694 0.69385
0.49073 0.06207 -0.86910 1.14742
0.00000 0.00000 0.00000 1.00000

T_CW_cov:

target_points_pix:
0.57099 0.11420 0.00000 374.40131 714.26593
0.65899 0.11420 0.00000 440.45114 688.19501
0.57099 0.20220 0.00000 354.75980 645.32172
0.65899 0.20220 0.00000 420.91360 621.32996
0.34259 0.22840 0.00000 157.36243 692.36493
0.43059 0.22840 0.00000 234.55165 665.11823
0.45679 0.22840 0.00000 256.92056 657.03418
0.54479 0.22840 0.00000 328.09213 632.15698
0.57099 0.22840 0.00000 348.83365 624.66724
0.65899 0.22840 0.00000 415.15656 601.43268
0.34259 0.31640 0.00000 137.27267 618.42322
0.43059 0.31640 0.00000 214.45381 593.51117
0.45679 0.31640 0.00000 237.02928 586.33453
0.54479 0.31640 0.00000 308.59940 563.28503
0.57099 0.31640 0.00000 329.52328 556.50146
0.65899 0.31640 0.00000 396.16214 535.16510
0.34259 0.34259 0.00000 131.13060 596.28198
0.43059 0.34259 0.00000 208.63081 571.99048
0.45679 0.34259 0.00000 231.23894 564.91315
0.54479 0.34259 0.00000 302.70435 542.55890
0.57099 0.34259 0.00000 323.81708 536.03815
0.65899 0.34259 0.00000 390.57745 515.28424
0.34259 0.43059 0.00000 111.40600 522.94794
0.43059 0.43059 0.00000 189.32513 501.11023
0.45679 0.43059 0.00000 211.74242 494.64618
0.54479 0.43059 0.00000 283.79501 474.29001
0.57099 0.43059 0.00000 304.54651 468.42178
0.65899 0.43059 0.00000 371.59241 449.48450
0.34259 0.45679 0.00000 105.68848 500.87723
0.43059 0.45679 0.00000 183.45905 479.79074
0.45679 0.45679 0.00000 205.75299 473.70312
0.54479 0.45679 0.00000 277.84402 453.84012
0.57099 0.45679 0.00000 298.85648 448.05179
0.65899 0.45679 0.00000 365.89578 429.73520
0.34259 0.54479 0.00000 85.97286 428.61655
0.43059 0.54479 0.00000 164.19226 409.52545
0.45679 0.54479 0.00000 186.56134 404.09949
0.54479 0.54479 0.00000 258.89120 386.39447
0.57099 0.54479 0.00000 280.26395 381.30429
0.65899 0.54479 0.00000 347.40781 364.77206
0.34259 0.57099 0.00000 80.18742 406.84299
0.43059 0.57099 0.00000 158.40308 388.60983
0.45679 0.57099 0.00000 181.16481 383.20505
0.54479 0.57099 0.00000 253.54640 366.19479
0.57099 0.57099 0.00000 274.60486 361.18472
0.65899 0.57099 0.00000 341.82053 345.27792
0.34259 0.65899 0.00000 60.87794 335.16241
0.43059 0.65899 0.00000 138.99570 318.92410
0.45679 0.65899 0.00000 161.85052 314.27591
0.54479 0.65899 0.00000 234.55536 299.17514
0.57099 0.65899 0.00000 255.54929 294.61798
0.65899 0.65899 0.00000 323.41299 280.64395

gimbalangles:
0.0523598775598 0.349065850399 0.436332312999 

end: