T_CW:
0.99598 0.05070 0.07382 -0.37640
0.05739 -0.99414 -0.09156 0.65170
0.06875 0.09543 -0.99306 1.35335
0.00000 0.00000 0.00000 1.00000

T_CW_cov:

target_points_pix:
0.00000 0.00000 0.00000 463.07727 811.16370
0.08800 0.00000 0.00000 503.67581 813.88556
0.11420 0.00000 0.00000 515.61304 814.38995
0.20220 0.00000 0.00000 556.22186 816.46991
0.31640 0.00000 0.00000 609.22260 818.48926
0.34259 0.00000 0.00000 621.15417 818.89374
0.43059 0.00000 0.00000 661.05011 819.77142
0.45679 0.00000 0.00000 673.05469 819.95233
0.54479 0.00000 0.00000 712.56537 819.83588
0.57099 0.00000 0.00000 724.25226 819.85901
0.65899 0.00000 0.00000 762.85114 819.82825
0.00000 0.08800 0.00000 464.73453 771.72522
0.08800 0.08800 0.00000 505.27396 774.31775
0.11420 0.08800 0.00000 517.33624 774.76660
0.20220 0.08800 0.00000 558.02765 777.05457
0.22840 0.08800 0.00000 570.40314 777.61053
0.31640 0.08800 0.00000 610.76703 779.26538
0.34259 0.08800 0.00000 622.75800 779.59375
0.43059 0.08800 0.00000 663.32922 780.55511
0.45679 0.08800 0.00000 675.28186 780.72675
0.54479 0.08800 0.00000 714.58234 781.43317
0.57099 0.08800 0.00000 726.48370 781.49744
0.65899 0.08800 0.00000 764.82715 781.39911
0.00000 0.11420 0.00000 465.01807 759.96765
0.08800 0.11420 0.00000 505.56003 762.37158
0.11420 0.11420 0.00000 517.89172 762.96991
0.20220 0.11420 0.00000 558.58020 765.38342
0.22840 0.11420 0.00000 570.65784 765.64087
0.31640 0.11420 0.00000 611.37848 767.21326
0.34259 0.11420 0.00000 623.63782 767.90021
0.43059 0.11420 0.00000 663.72736 768.76617
0.45679 0.11420 0.00000 675.80859 768.99457
0.54479 0.11420 0.00000 715.25079 769.75037
0.57099 0.11420 0.00000 726.83557 769.74524
0.65899 0.11420 0.00000 765.84161 769.97784
0.00000 0.20220 0.00000 466.83206 719.83777
0.08800 0.20220 0.00000 507.38818 722.46759
0.11420 0.20220 0.00000 519.59021 723.03302
0.20220 0.20220 0.00000 560.44604 725.47650
0.22840 0.20220 0.00000 572.67676 725.74640
0.31640 0.20220 0.00000 613.28204 727.76996
0.34259 0.20220 0.00000 625.51373 728.30731
0.43059 0.20220 0.00000 666.18066 729.40027
0.45679 0.20220 0.00000 678.20453 729.69257
0.54479 0.20220 0.00000 717.55432 730.41058
0.57099 0.20220 0.00000 729.40149 730.52356
0.65899 0.20220 0.00000 768.03925 731.14087
0.00000 0.22840 0.00000 467.21378 708.06329
0.08800 0.22840 0.00000 507.65338 710.41107
0.11420 0.22840 0.00000 520.23779 711.26740
0.20220 0.22840 0.00000 560.73523 713.35760
0.22840 0.22840 0.00000 573.18884 713.97937
0.31640 0.22840 0.00000 614.24939 715.60962
0.34259 0.22840 0.00000 626.05347 716.04938
0.43059 0.22840 0.00000 666.52545 717.53052
0.45679 0.22840 0.00000 678.48547 717.66028
0.54479 0.22840 0.00000 717.97607 718.69891
0.57099 0.22840 0.00000 729.78912 718.72192
0.65899 0.22840 0.00000 768.54834 719.43860
0.00000 0.31640 0.00000 468.89682 667.51428
0.08800 0.31640 0.00000 509.84686 670.08588
0.11420 0.31640 0.00000 521.88287 670.77240
0.20220 0.31640 0.00000 563.01630 672.96796
0.22840 0.31640 0.00000 575.05914 673.63422
0.31640 0.31640 0.00000 616.31525 675.49750
0.34259 0.31640 0.00000 628.26904 675.83850
0.43059 0.31640 0.00000 668.56451 677.53082
0.45679 0.31640 0.00000 680.74438 677.83069
0.54479 0.31640 0.00000 720.33685 679.21857
0.57099 0.31640 0.00000 732.22473 679.23254
0.65899 0.31640 0.00000 770.79724 680.01538
0.00000 0.34259 0.00000 469.93616 655.17877
0.08800 0.34259 0.00000 510.53156 657.65570
0.11420 0.34259 0.00000 522.81006 658.44696
0.20220 0.34259 0.00000 563.54590 660.62079
0.22840 0.34259 0.00000 576.21509 661.35376
0.31640 0.34259 0.00000 616.58539 663.40643
0.34259 0.34259 0.00000 628.73889 663.78156
0.43059 0.34259 0.00000 669.00653 665.38000
0.45679 0.34259 0.00000 681.29547 665.96118
0.54479 0.34259 0.00000 720.91052 666.98828
0.57099 0.34259 0.00000 732.64380 667.37488
0.65899 0.34259 0.00000 771.38342 668.25946
0.00000 0.43059 0.00000 471.73404 614.57684
0.08800 0.43059 0.00000 512.72742 617.17645
0.11420 0.43059 0.00000 524.86255 617.79486
0.20220 0.43059 0.00000 565.79297 620.19141
0.22840 0.43059 0.00000 577.81372 620.72198
0.31640 0.43059 0.00000 619.00720 622.83002
0.34259 0.43059 0.00000 630.76929 623.30853
0.43059 0.43059 0.00000 671.16522 624.85529
0.45679 0.43059 0.00000 682.96936 625.62433
0.54479 0.43059 0.00000 722.89545 627.09113
0.57099 0.43059 0.00000 734.61676 627.51184
0.65899 0.43059 0.00000 773.37195 628.63092
0.00000 0.45679 0.00000 472.84341 602.10461
0.08800 0.45679 0.00000 513.38281 604.59827
0.11420 0.45679 0.00000 525.67511 605.43152
0.20220 0.45679 0.00000 566.47137 607.65497
0.22840 0.45679 0.00000 578.73578 608.31195
0.31640 0.45679 0.00000 619.31512 610.39166
0.34259 0.45679 0.00000 631.51135 610.72754
0.43059 0.45679 0.00000 671.84045 612.85077
0.45679 0.45679 0.00000 684.09192 613.39459
0.54479 0.45679 0.00000 723.46289 614.71027
0.57099 0.45679 0.00000 734.99847 615.23688
0.65899 0.45679 0.00000 773.77539 616.76862
0.00000 0.54479 0.00000 475.12030 561.68384
0.08800 0.54479 0.00000 515.82910 564.13312
0.11420 0.54479 0.00000 527.79163 564.78790
0.20220 0.54479 0.00000 568.75836 567.18140
0.22840 0.54479 0.00000 580.92261 567.77985
0.34259 0.54479 0.00000 633.58350 570.50769
0.43059 0.54479 0.00000 673.65454 572.48621
0.45679 0.54479 0.00000 685.86865 572.89215
0.54479 0.54479 0.00000 725.15729 574.90149
0.57099 0.54479 0.00000 736.75995 575.61591
0.65899 0.54479 0.00000 775.32416 576.86450
0.00000 0.57099 0.00000 476.31827 549.40802
0.08800 0.57099 0.00000 516.57410 551.70648
0.11420 0.57099 0.00000 528.85242 552.51898
0.20220 0.57099 0.00000 569.37476 554.66809
0.22840 0.57099 0.00000 581.60376 555.43549
0.31640 0.57099 0.00000 622.27301 557.66870
0.34259 0.57099 0.00000 634.09241 558.13086
0.43059 0.57099 0.00000 674.11517 560.45966
0.45679 0.57099 0.00000 686.33282 561.16907
0.54479 0.57099 0.00000 725.77350 562.83112
0.57099 0.57099 0.00000 737.25085 563.61316
0.65899 0.57099 0.00000 776.07520 565.18463
0.00000 0.65899 0.00000 479.05841 509.05963
0.08800 0.65899 0.00000 518.92395 511.19507
0.11420 0.65899 0.00000 531.24817 512.17773
0.20220 0.65899 0.00000 571.65546 514.34320
0.22840 0.65899 0.00000 583.96686 514.96960
0.31640 0.65899 0.00000 624.33521 517.42755
0.34259 0.65899 0.00000 636.36047 517.96204
0.43059 0.65899 0.00000 676.05902 520.13428
0.45679 0.65899 0.00000 688.11652 521.11078
0.54479 0.65899 0.00000 727.16193 523.04742
0.57099 0.65899 0.00000 738.98456 523.90564
0.65899 0.65899 0.00000 777.13770 526.24377

gimbalangles:
0.209439510239 -0.349065850399 -0.436332312999 

end: