T_CW:
0.92263 0.38447 -0.03052 -0.34119
0.37022 -0.90504 -0.20938 0.51879
-0.10812 0.18188 -0.97736 1.44310
0.00000 0.00000 0.00000 1.00000

T_CW_cov:

target_points_pix:
0.00000 0.11420 0.00000 454.31400 676.02808
0.08800 0.11420 0.00000 516.57416 704.21515
0.00000 0.20220 0.00000 482.61456 610.30640
0.08800 0.20220 0.00000 544.54346 637.88385
0.00000 0.22840 0.00000 491.09363 590.93634
0.08800 0.22840 0.00000 552.74371 618.20447
0.11420 0.22840 0.00000 571.46637 626.52441
0.20220 0.22840 0.00000 634.22992 654.15918
0.22840 0.22840 0.00000 653.34851 662.47003
0.31640 0.22840 0.00000 717.19885 690.64972
0.00000 0.31640 0.00000 518.63513 526.70264
0.08800 0.31640 0.00000 579.89044 553.33612
0.11420 0.31640 0.00000 598.50726 561.38263
0.20220 0.31640 0.00000 660.79718 588.43396
0.22840 0.31640 0.00000 679.81677 596.69287
0.31640 0.31640 0.00000 743.14575 624.14838
0.00000 0.34259 0.00000 526.77405 507.79980
0.08800 0.34259 0.00000 588.01141 534.12976
0.11420 0.34259 0.00000 606.55017 542.18030
0.20220 0.34259 0.00000 668.81482 568.86743
0.22840 0.34259 0.00000 687.69720 577.12152
0.31640 0.34259 0.00000 750.95563 604.40833
0.34259 0.34259 0.00000 770.20563 612.66888
0.43059 0.34259 0.00000 834.46460 640.25171
0.45679 0.34259 0.00000 854.04211 648.73120
0.54479 0.34259 0.00000 919.53571 676.79041
0.57099 0.34259 0.00000 939.23688 685.19489
0.65899 0.34259 0.00000 1005.88562 713.71661
0.00000 0.43059 0.00000 553.86017 445.29047
0.08800 0.43059 0.00000 614.54749 471.07153
0.11420 0.43059 0.00000 633.08813 478.87692
0.20220 0.43059 0.00000 694.77539 505.03159
0.22840 0.43059 0.00000 713.47467 512.97369
0.31640 0.43059 0.00000 776.18573 539.45020
0.34259 0.43059 0.00000 795.32825 547.53650
0.43059 0.43059 0.00000 859.33667 574.64532
0.45679 0.43059 0.00000 878.51526 582.62604
0.54479 0.43059 0.00000 943.50336 610.07410
0.57099 0.43059 0.00000 963.22400 618.33411
0.65899 0.43059 0.00000 1029.35217 646.13477
0.00000 0.45679 0.00000 561.85577 426.75235
0.08800 0.45679 0.00000 622.43512 452.31726
0.11420 0.45679 0.00000 640.90698 459.99564
0.20220 0.45679 0.00000 702.44849 486.00613
0.22840 0.45679 0.00000 721.20105 493.89896
0.31640 0.45679 0.00000 783.68774 520.11951
0.34259 0.45679 0.00000 802.70703 528.07648
0.43059 0.45679 0.00000 866.45691 554.98547
0.45679 0.45679 0.00000 885.84161 563.08759
0.54479 0.45679 0.00000 950.56793 590.20874
0.57099 0.45679 0.00000 970.19159 598.40234
0.65899 0.45679 0.00000 1036.19946 625.97540
0.00000 0.54479 0.00000 588.20062 366.03824
0.11420 0.54479 0.00000 666.56097 398.48853
0.20220 0.54479 0.00000 727.71613 423.62360
0.22840 0.54479 0.00000 746.24066 431.31839
0.31640 0.54479 0.00000 808.36768 457.04532
0.43059 0.54479 0.00000 890.49133 490.88681
0.45679 0.54479 0.00000 909.68799 498.82019
0.54479 0.54479 0.00000 973.81769 525.26141
0.57099 0.54479 0.00000 993.34412 533.27271
0.65899 0.54479 0.00000 1058.84253 560.14044
0.00000 0.57099 0.00000 595.85614 347.95590
0.08800 0.57099 0.00000 655.97369 372.80630
0.11420 0.57099 0.00000 674.17755 380.18475
0.20220 0.57099 0.00000 735.19366 405.27625
0.22840 0.57099 0.00000 753.57202 412.81094
0.31640 0.57099 0.00000 815.71820 438.25375
0.34259 0.57099 0.00000 834.60315 445.95999
0.43059 0.57099 0.00000 897.68567 471.85138
0.45679 0.57099 0.00000 916.71539 479.65244
0.54479 0.57099 0.00000 981.03467 506.12375
0.57099 0.57099 0.00000 1000.24060 513.91571
0.65899 0.57099 0.00000 1065.66675 540.67084
0.00000 0.65899 0.00000 621.61914 288.57742
0.08800 0.65899 0.00000 681.21295 312.73047
0.11420 0.65899 0.00000 699.35504 320.06589
0.20220 0.65899 0.00000 759.80621 344.30829
0.22840 0.65899 0.00000 778.26404 351.82053
0.31640 0.65899 0.00000 839.84369 376.55576
0.34259 0.65899 0.00000 858.53174 384.09659
0.43059 0.65899 0.00000 921.08881 409.41351
0.45679 0.65899 0.00000 940.19556 417.12997
0.54479 0.65899 0.00000 1003.96039 442.67126
0.65899 0.65899 0.00000 1087.81787 476.39154

gimbalangles:
0.209439510239 -0.349065850399 -0.0872664625997 

end: