T_CW:
0.99601 0.05070 0.07350 -0.37642
0.05738 -0.99412 -0.09184 0.65170
0.06841 0.09570 -0.99306 1.35343
0.00000 0.00000 0.00000 1.00000

T_CW_cov:

target_points_pix:
0.00000 0.00000 0.00000 463.14139 811.13098
0.08800 0.00000 0.00000 503.63132 813.89252
0.11420 0.00000 0.00000 515.67145 814.37726
0.20220 0.00000 0.00000 556.18994 816.51996
0.31640 0.00000 0.00000 609.22015 818.51233
0.34259 0.00000 0.00000 621.19189 818.89105
0.43059 0.00000 0.00000 661.02002 819.76392
0.45679 0.00000 0.00000 673.01801 819.97717
0.54479 0.00000 0.00000 712.58521 819.87549
0.57099 0.00000 0.00000 724.26837 819.96368
0.65899 0.00000 0.00000 762.83075 819.85022
0.00000 0.08800 0.00000 464.69879 771.66870
0.08800 0.08800 0.00000 505.25632 774.31702
0.11420 0.08800 0.00000 517.38232 774.75458
0.20220 0.08800 0.00000 558.06189 777.05615
0.22840 0.08800 0.00000 570.40881 777.55450
0.31640 0.08800 0.00000 610.75055 779.27832
0.34259 0.08800 0.00000 622.78131 779.57483
0.43059 0.08800 0.00000 663.29089 780.55658
0.45679 0.08800 0.00000 675.29749 780.70599
0.54479 0.08800 0.00000 714.59131 781.41223
0.57099 0.08800 0.00000 726.45593 781.47235
0.65899 0.08800 0.00000 764.81439 781.45392
0.00000 0.11420 0.00000 465.03006 759.94421
0.08800 0.11420 0.00000 505.55875 762.40002
0.11420 0.11420 0.00000 517.87347 763.00153
0.20220 0.11420 0.00000 558.54028 765.38098
0.22840 0.11420 0.00000 570.66034 765.65576
0.31640 0.11420 0.00000 611.33478 767.21881
0.34259 0.11420 0.00000 623.59320 767.92200
0.43059 0.11420 0.00000 663.69806 768.71033
0.45679 0.11420 0.00000 675.82855 769.03424
0.54479 0.11420 0.00000 715.25531 769.73676
0.57099 0.11420 0.00000 726.83508 769.77380
0.65899 0.11420 0.00000 765.84009 769.96362
0.00000 0.20220 0.00000 466.76593 719.78748
0.08800 0.20220 0.00000 507.38577 722.45660
0.11420 0.20220 0.00000 519.57941 722.91522
0.20220 0.20220 0.00000 560.44739 725.48822
0.22840 0.20220 0.00000 572.69366 725.78119
0.31640 0.20220 0.00000 613.27039 727.73859
0.34259 0.20220 0.00000 625.50531 728.28967
0.43059 0.20220 0.00000 666.18774 729.41370
0.45679 0.20220 0.00000 678.16803 729.71002
0.54479 0.20220 0.00000 717.53339 730.43719
0.57099 0.20220 0.00000 729.44025 730.53101
0.65899 0.20220 0.00000 768.01147 731.09961
0.00000 0.22840 0.00000 467.24042 708.04608
0.08800 0.22840 0.00000 507.66599 710.41193
0.11420 0.22840 0.00000 520.18347 711.24969
0.20220 0.22840 0.00000 560.73071 713.33026
0.22840 0.22840 0.00000 573.20306 713.95886
0.31640 0.22840 0.00000 614.22388 715.59406
0.34259 0.22840 0.00000 626.04089 715.98413
0.43059 0.22840 0.00000 666.51892 717.54150
0.45679 0.22840 0.00000 678.47900 717.66370
0.54479 0.22840 0.00000 717.95801 718.71613
0.57099 0.22840 0.00000 729.82422 718.74194
0.65899 0.22840 0.00000 768.52405 719.43433
0.00000 0.31640 0.00000 469.00488 667.50281
0.08800 0.31640 0.00000 509.88391 670.05420
0.11420 0.31640 0.00000 521.83929 670.75415
0.20220 0.31640 0.00000 563.03973 672.94934
0.22840 0.31640 0.00000 575.05731 673.66052
0.31640 0.31640 0.00000 616.28778 675.49750
0.34259 0.31640 0.00000 628.29913 675.89941
0.43059 0.31640 0.00000 668.56396 677.52063
0.45679 0.31640 0.00000 680.77649 677.85480
0.54479 0.31640 0.00000 720.32495 679.22571
0.57099 0.31640 0.00000 732.19269 679.22913
0.65899 0.31640 0.00000 770.76843 680.02777
0.00000 0.34259 0.00000 469.90643 655.12280
0.08800 0.34259 0.00000 510.55978 657.67072
0.11420 0.34259 0.00000 522.84875 658.45428
0.20220 0.34259 0.00000 563.57086 660.59576
0.22840 0.34259 0.00000 576.17401 661.33691
0.31640 0.34259 0.00000 616.56866 663.39233
0.34259 0.34259 0.00000 628.75000 663.77277
0.43059 0.34259 0.00000 669.03864 665.40680
0.45679 0.34259 0.00000 681.31268 665.96838
0.54479 0.34259 0.00000 720.89972 666.96204
0.57099 0.34259 0.00000 732.66235 667.34332
0.65899 0.34259 0.00000 771.37543 668.30511
0.00000 0.43059 0.00000 471.72482 614.58740
0.08800 0.43059 0.00000 512.71735 617.18085
0.11420 0.43059 0.00000 524.90656 617.79517
0.20220 0.43059 0.00000 565.76276 620.16980
0.22840 0.43059 0.00000 577.79333 620.67682
0.31640 0.43059 0.00000 618.94800 622.80542
0.34259 0.43059 0.00000 630.76898 623.29712
0.43059 0.43059 0.00000 671.16534 624.88110
0.45679 0.43059 0.00000 682.96204 625.62439
0.54479 0.43059 0.00000 722.91394 627.09412
0.57099 0.43059 0.00000 734.61407 627.51294
0.65899 0.43059 0.00000 773.37836 628.62286
0.00000 0.45679 0.00000 472.86447 602.08289
0.08800 0.45679 0.00000 513.40088 604.59393
0.11420 0.45679 0.00000 525.63757 605.38574
0.20220 0.45679 0.00000 566.44861 607.66107
0.22840 0.45679 0.00000 578.74536 608.27637
0.31640 0.45679 0.00000 619.33624 610.39941
0.34259 0.45679 0.00000 631.54248 610.75079
0.43059 0.45679 0.00000 671.80750 612.81653
0.54479 0.45679 0.00000 723.46112 614.72516
0.57099 0.45679 0.00000 734.97430 615.31439
0.65899 0.45679 0.00000 773.79590 616.76636
0.00000 0.54479 0.00000 475.13452 561.66785
0.08800 0.54479 0.00000 515.83716 564.14398
0.11420 0.54479 0.00000 527.85645 564.79816
0.20220 0.54479 0.00000 568.72852 567.20209
0.22840 0.54479 0.00000 580.93658 567.84509
0.34259 0.54479 0.00000 633.56061 570.48285
0.43059 0.54479 0.00000 673.66290 572.50262
0.45679 0.54479 0.00000 685.91602 572.99207
0.54479 0.54479 0.00000 725.14539 574.88983
0.57099 0.54479 0.00000 736.71344 575.56091
0.65899 0.54479 0.00000 775.31348 576.83069
0.00000 0.57099 0.00000 476.32275 549.41614
0.08800 0.57099 0.00000 516.57843 551.68420
0.11420 0.57099 0.00000 528.85754 552.51471
0.20220 0.57099 0.00000 569.39105 554.64825
0.22840 0.57099 0.00000 581.61743 555.41815
0.31640 0.57099 0.00000 622.22797 557.62463
0.34259 0.57099 0.00000 633.98907 558.17755
0.43059 0.57099 0.00000 674.10974 560.47455
0.45679 0.57099 0.00000 686.30768 561.19348
0.54479 0.57099 0.00000 725.80145 562.79718
0.57099 0.57099 0.00000 737.24292 563.52393
0.65899 0.57099 0.00000 776.08966 565.17786
0.00000 0.65899 0.00000 479.03842 509.05682
0.11420 0.65899 0.00000 531.25073 512.21045
0.20220 0.65899 0.00000 571.66376 514.31525
0.22840 0.65899 0.00000 584.00403 515.07574
0.31640 0.65899 0.00000 624.34503 517.40100
0.34259 0.65899 0.00000 636.30438 517.96869
0.43059 0.65899 0.00000 676.03339 520.17517
0.45679 0.65899 0.00000 688.13342 521.13770
0.54479 0.65899 0.00000 727.15582 523.03223
0.57099 0.65899 0.00000 739.00433 523.92230
0.65899 0.65899 0.00000 777.12848 526.24030

gimbalangles:
0.209439510239 -0.349065850399 -0.0872664625997 

end: