T_CW:
0.87506 0.38483 0.29358 -0.82985
0.42396 -0.90202 -0.08130 0.30261
0.23353 0.19560 -0.95247 1.30352
0.00000 0.00000 0.00000 1.00000

T_CW_cov:

target_points_pix:
0.11420 0.08800 0.00000 98.31416 579.38403
0.20220 0.08800 0.00000 170.66139 607.62714
0.22840 0.08800 0.00000 191.97647 615.92590
0.31640 0.08800 0.00000 261.69302 643.27905
0.00000 0.11420 0.00000 12.46820 519.76746
0.08800 0.11420 0.00000 86.87630 549.46454
0.11420 0.11420 0.00000 109.02901 558.20447
0.20220 0.11420 0.00000 180.83003 586.64575
0.22840 0.11420 0.00000 202.04892 595.07263
0.31640 0.11420 0.00000 271.29446 622.61212
0.34259 0.11420 0.00000 291.80118 630.61981
0.43059 0.11420 0.00000 358.64957 657.16962
0.45679 0.11420 0.00000 378.38736 665.00922
0.54479 0.11420 0.00000 443.10376 690.48853
0.00000 0.20220 0.00000 49.21188 449.49524
0.08800 0.20220 0.00000 122.32659 479.71674
0.11420 0.20220 0.00000 143.65674 488.70386
0.20220 0.20220 0.00000 214.28043 517.82202
0.22840 0.20220 0.00000 235.03322 526.46277
0.31640 0.20220 0.00000 303.08777 554.60236
0.34259 0.20220 0.00000 323.31366 562.93579
0.43059 0.20220 0.00000 388.90988 590.14728
0.45679 0.20220 0.00000 408.31030 598.13806
0.00000 0.22840 0.00000 59.72383 428.74707
0.08800 0.22840 0.00000 132.49454 459.26059
0.11420 0.22840 0.00000 153.91708 468.17535
0.20220 0.22840 0.00000 224.17191 497.51352
0.22840 0.22840 0.00000 244.88078 506.21918
0.31640 0.22840 0.00000 312.50565 534.56519
0.34259 0.22840 0.00000 332.47208 542.80682
0.43059 0.22840 0.00000 397.88394 570.14752
0.45679 0.22840 0.00000 417.33441 578.21063
0.54479 0.22840 0.00000 480.49240 604.53247
0.57099 0.22840 0.00000 499.13052 612.26575
0.65899 0.22840 0.00000 560.25775 637.71796
0.00000 0.31640 0.00000 95.26321 360.63959
0.08800 0.31640 0.00000 166.69318 391.66437
0.11420 0.31640 0.00000 187.59776 400.86469
0.20220 0.31640 0.00000 256.50064 430.78430
0.22840 0.31640 0.00000 277.08395 439.63751
0.31640 0.31640 0.00000 343.44568 468.58948
0.34259 0.31640 0.00000 363.12180 477.14465
0.43059 0.31640 0.00000 427.45490 505.01666
0.45679 0.31640 0.00000 446.38080 513.20984
0.54479 0.31640 0.00000 508.58954 540.09741
0.57099 0.31640 0.00000 527.01843 547.92883
0.65899 0.31640 0.00000 587.06635 573.87457
0.00000 0.34259 0.00000 105.66508 340.43338
0.08800 0.34259 0.00000 176.78290 371.67599
0.11420 0.34259 0.00000 197.68686 380.90421
0.20220 0.34259 0.00000 266.14764 411.01315
0.22840 0.34259 0.00000 286.42551 419.89633
0.31640 0.34259 0.00000 352.56512 449.03555
0.34259 0.34259 0.00000 372.17715 457.60721
0.43059 0.34259 0.00000 436.19360 485.63095
0.45679 0.34259 0.00000 455.11142 493.86343
0.54479 0.34259 0.00000 516.97284 520.80029
0.57099 0.34259 0.00000 535.25653 528.88928
0.65899 0.34259 0.00000 595.06464 554.94946
0.00000 0.43059 0.00000 140.03009 274.26532
0.08800 0.43059 0.00000 209.80095 306.20477
0.11420 0.43059 0.00000 230.61475 315.51056
0.20220 0.43059 0.00000 297.80435 346.23819
0.22840 0.43059 0.00000 317.71350 355.17776
0.31640 0.43059 0.00000 382.77347 384.79666
0.34259 0.43059 0.00000 402.06735 393.49969
0.43059 0.43059 0.00000 464.86536 422.13791
0.45679 0.43059 0.00000 483.55316 430.52402
0.54479 0.43059 0.00000 544.42883 458.10037
0.57099 0.43059 0.00000 562.36920 466.28522
0.65899 0.43059 0.00000 621.37360 492.86755
0.00000 0.45679 0.00000 150.24510 254.59918
0.08800 0.45679 0.00000 219.77277 286.72833
0.11420 0.45679 0.00000 240.18590 296.15408
0.20220 0.45679 0.00000 307.23169 327.06473
0.22840 0.45679 0.00000 327.04373 336.09589
0.31640 0.45679 0.00000 391.71994 365.77582
0.34259 0.45679 0.00000 410.93134 374.54041
0.43059 0.45679 0.00000 473.48956 403.33524
0.45679 0.45679 0.00000 491.93552 411.73068
0.54479 0.45679 0.00000 552.51160 439.48248
0.57099 0.45679 0.00000 570.39471 447.64279
0.65899 0.45679 0.00000 629.02185 474.48096
0.00000 0.54479 0.00000 183.81215 190.51416
0.08800 0.54479 0.00000 252.02736 223.19919
0.11420 0.54479 0.00000 272.13879 232.71263
0.20220 0.54479 0.00000 337.84247 264.06079
0.22840 0.54479 0.00000 357.37335 273.30969
0.31640 0.54479 0.00000 420.90402 303.47928
0.34259 0.54479 0.00000 439.75043 312.36258
0.43059 0.54479 0.00000 501.50317 341.61954
0.45679 0.54479 0.00000 519.60669 350.28708
0.54479 0.54479 0.00000 579.17798 378.44882
0.57099 0.54479 0.00000 596.79852 386.73248
0.65899 0.54479 0.00000 654.45282 414.08173
0.00000 0.57099 0.00000 193.69530 171.55702
0.08800 0.57099 0.00000 261.49628 204.30002
0.11420 0.57099 0.00000 281.57861 213.88237
0.20220 0.57099 0.00000 347.04340 245.36455
0.22840 0.57099 0.00000 366.31778 254.65886
0.31640 0.57099 0.00000 429.66388 284.97098
0.34259 0.57099 0.00000 448.42993 294.01590
0.43059 0.57099 0.00000 509.67377 323.36615
0.45679 0.57099 0.00000 527.87860 332.04248
0.54479 0.57099 0.00000 587.03375 360.40454
0.57099 0.57099 0.00000 604.57220 368.72998
0.65899 0.57099 0.00000 661.84808 396.14676
0.00000 0.65899 0.00000 226.34700 109.33549
0.08800 0.65899 0.00000 292.91733 142.36369
0.11420 0.65899 0.00000 312.61624 152.11110
0.20220 0.65899 0.00000 377.07892 183.97665
0.22840 0.65899 0.00000 396.08997 193.42400
0.31640 0.65899 0.00000 458.29108 224.25493
0.34259 0.65899 0.00000 476.80771 233.39931
0.43059 0.65899 0.00000 537.03625 263.31772
0.45679 0.65899 0.00000 554.87061 272.12369
0.54479 0.65899 0.00000 613.19391 300.94879
0.57099 0.65899 0.00000 630.35223 309.44592
0.65899 0.65899 0.00000 686.78839 337.34143

gimbalangles:
0.209439510239 -0.349065850399 0.261799387799 

end: