T_CW:
0.99601 0.05067 0.07344 -0.37642
0.05735 -0.99412 -0.09189 0.65169
0.06835 0.09573 -0.99306 1.35341
0.00000 0.00000 0.00000 1.00000

T_CW_cov:

target_points_pix:
0.00000 0.00000 0.00000 463.04938 811.10754
0.08800 0.00000 0.00000 503.62189 813.88672
0.11420 0.00000 0.00000 515.66199 814.33716
0.20220 0.00000 0.00000 556.23547 816.49298
0.31640 0.00000 0.00000 609.23438 818.47137
0.34259 0.00000 0.00000 621.20459 818.84705
0.43059 0.00000 0.00000 661.02600 819.76227
0.54479 0.00000 0.00000 712.59521 819.90991
0.57099 0.00000 0.00000 724.22510 819.96173
0.65899 0.00000 0.00000 762.85864 819.80585
0.00000 0.08800 0.00000 464.72760 771.70148
0.08800 0.08800 0.00000 505.24030 774.30737
0.11420 0.08800 0.00000 517.37494 774.74463
0.20220 0.08800 0.00000 558.01929 777.01721
0.22840 0.08800 0.00000 570.39868 777.57324
0.31640 0.08800 0.00000 610.72943 779.22083
0.34259 0.08800 0.00000 622.77441 779.59174
0.43059 0.08800 0.00000 663.29944 780.57013
0.45679 0.08800 0.00000 675.27264 780.72601
0.54479 0.08800 0.00000 714.59229 781.43237
0.57099 0.08800 0.00000 726.46826 781.49231
0.65899 0.08800 0.00000 764.80927 781.46112
0.00000 0.11420 0.00000 465.00470 759.93536
0.08800 0.11420 0.00000 505.58221 762.39679
0.11420 0.11420 0.00000 517.85773 762.98236
0.20220 0.11420 0.00000 558.55792 765.37659
0.22840 0.11420 0.00000 570.63696 765.63824
0.31640 0.11420 0.00000 611.37061 767.26056
0.34259 0.11420 0.00000 623.61194 767.85492
0.43059 0.11420 0.00000 663.75153 768.79218
0.45679 0.11420 0.00000 675.81976 769.00275
0.54479 0.11420 0.00000 715.26312 769.73230
0.57099 0.11420 0.00000 726.82446 769.72443
0.65899 0.11420 0.00000 765.85236 769.98254
0.00000 0.20220 0.00000 466.75613 719.79742
0.08800 0.20220 0.00000 507.35635 722.48511
0.11420 0.20220 0.00000 519.59332 722.89594
0.20220 0.20220 0.00000 560.42352 725.49982
0.22840 0.20220 0.00000 572.68353 725.76099
0.31640 0.20220 0.00000 613.28766 727.76062
0.34259 0.20220 0.00000 625.52850 728.28833
0.43059 0.20220 0.00000 666.17511 729.37231
0.45679 0.20220 0.00000 678.22449 729.66437
0.54479 0.20220 0.00000 717.56012 730.42310
0.57099 0.20220 0.00000 729.43805 730.53229
0.65899 0.20220 0.00000 768.04236 731.09717
0.00000 0.22840 0.00000 467.22870 708.01068
0.08800 0.22840 0.00000 507.66208 710.41162
0.11420 0.22840 0.00000 520.22357 711.23700
0.20220 0.22840 0.00000 560.77448 713.34546
0.22840 0.22840 0.00000 573.16595 713.87695
0.31640 0.22840 0.00000 614.25500 715.60291
0.34259 0.22840 0.00000 626.10065 715.98169
0.43059 0.22840 0.00000 666.50604 717.53748
0.45679 0.22840 0.00000 678.48901 717.66595
0.54479 0.22840 0.00000 717.92517 718.70959
0.57099 0.22840 0.00000 729.78418 718.73523
0.65899 0.22840 0.00000 768.55188 719.45453
0.00000 0.31640 0.00000 468.92596 667.48560
0.08800 0.31640 0.00000 509.84863 670.10797
0.11420 0.31640 0.00000 521.85602 670.77472
0.20220 0.31640 0.00000 563.02759 672.92987
0.22840 0.31640 0.00000 574.95264 673.63654
0.31640 0.31640 0.00000 616.26508 675.47150
0.34259 0.31640 0.00000 628.34314 675.88940
0.43059 0.31640 0.00000 668.57141 677.50665
0.45679 0.31640 0.00000 680.78448 677.82184
0.54479 0.31640 0.00000 720.33850 679.20300
0.57099 0.31640 0.00000 732.21448 679.22461
0.65899 0.31640 0.00000 770.76929 679.99689
0.00000 0.34259 0.00000 469.93924 655.13184
0.08800 0.34259 0.00000 510.53403 657.66833
0.11420 0.34259 0.00000 522.86523 658.44226
0.20220 0.34259 0.00000 563.56128 660.60852
0.22840 0.34259 0.00000 576.17853 661.38141
0.31640 0.34259 0.00000 616.55652 663.39447
0.34259 0.34259 0.00000 628.77405 663.75787
0.43059 0.34259 0.00000 669.05719 665.37885
0.45679 0.34259 0.00000 681.29297 665.98297
0.54479 0.34259 0.00000 720.86615 666.95166
0.57099 0.34259 0.00000 732.67175 667.34296
0.65899 0.34259 0.00000 771.36316 668.26605
0.00000 0.43059 0.00000 471.74530 614.58002
0.08800 0.43059 0.00000 512.70929 617.18781
0.11420 0.43059 0.00000 524.90240 617.80017
0.20220 0.43059 0.00000 565.76288 620.19244
0.22840 0.43059 0.00000 577.81500 620.70160
0.31640 0.43059 0.00000 618.92371 622.81885
0.34259 0.43059 0.00000 630.79449 623.28180
0.43059 0.43059 0.00000 671.18677 624.88379
0.45679 0.43059 0.00000 682.99390 625.54962
0.54479 0.43059 0.00000 722.91327 627.08051
0.57099 0.43059 0.00000 734.60016 627.51471
0.65899 0.43059 0.00000 773.37323 628.62994
0.00000 0.45679 0.00000 472.85922 602.10754
0.08800 0.45679 0.00000 513.39294 604.59027
0.11420 0.45679 0.00000 525.62097 605.39618
0.20220 0.45679 0.00000 566.48407 607.65161
0.22840 0.45679 0.00000 578.70752 608.28033
0.31640 0.45679 0.00000 619.32117 610.40149
0.34259 0.45679 0.00000 631.54144 610.72388
0.43059 0.45679 0.00000 671.82721 612.82678
0.45679 0.45679 0.00000 684.06519 613.39661
0.54479 0.45679 0.00000 723.47650 614.73291
0.57099 0.45679 0.00000 734.94019 615.31110
0.65899 0.45679 0.00000 773.77692 616.75354
0.00000 0.54479 0.00000 475.10846 561.66498
0.08800 0.54479 0.00000 515.81177 564.16101
0.11420 0.54479 0.00000 527.82056 564.76880
0.20220 0.54479 0.00000 568.72412 567.20837
0.22840 0.54479 0.00000 580.86615 567.80353
0.34259 0.54479 0.00000 633.57288 570.51752
0.43059 0.54479 0.00000 673.67188 572.46954
0.45679 0.54479 0.00000 685.86713 572.91248
0.54479 0.54479 0.00000 725.13812 574.91296
0.57099 0.54479 0.00000 736.71057 575.56927
0.65899 0.54479 0.00000 775.25708 576.93719
0.00000 0.57099 0.00000 476.33679 549.41467
0.08800 0.57099 0.00000 516.57501 551.67273
0.11420 0.57099 0.00000 528.92560 552.51093
0.20220 0.57099 0.00000 569.39716 554.64709
0.22840 0.57099 0.00000 581.65808 555.43353
0.31640 0.57099 0.00000 622.23334 557.63049
0.34259 0.57099 0.00000 633.99432 558.13434
0.43059 0.57099 0.00000 674.12640 560.41132
0.45679 0.57099 0.00000 686.34290 561.12177
0.54479 0.57099 0.00000 725.76868 562.78870
0.57099 0.57099 0.00000 737.27802 563.52661
0.65899 0.57099 0.00000 776.06970 565.14978
0.00000 0.65899 0.00000 479.02945 509.06516
0.08800 0.65899 0.00000 518.93042 511.18927
0.11420 0.65899 0.00000 531.25610 512.20795
0.20220 0.65899 0.00000 571.66449 514.33545
0.22840 0.65899 0.00000 583.96295 515.00250
0.31640 0.65899 0.00000 624.30011 517.41174
0.34259 0.65899 0.00000 636.30121 517.94812
0.43059 0.65899 0.00000 676.04242 520.13062
0.45679 0.65899 0.00000 688.12091 521.09601
0.54479 0.65899 0.00000 727.17609 522.96790
0.57099 0.65899 0.00000 738.96564 523.86700
0.65899 0.65899 0.00000 777.13550 526.21655

gimbalangles:
0.209439510239 -0.174532925199 -0.436332312999 

end: