T_CW:
0.95460 0.21759 -0.20348 -0.02835
0.17006 -0.95882 -0.22748 0.62187
-0.24459 0.18254 -0.95229 1.44330
0.00000 0.00000 0.00000 1.00000

T_CW_cov:

target_points_pix:
0.00000 0.22840 0.00000 703.25024 662.28912
0.08800 0.22840 0.00000 769.39716 678.70172
0.11420 0.22840 0.00000 789.56512 683.78265
0.00000 0.31640 0.00000 717.48383 593.63940
0.08800 0.31640 0.00000 783.19824 609.19122
0.11420 0.31640 0.00000 803.41901 613.86975
0.20220 0.31640 0.00000 871.49109 629.61200
0.00000 0.34259 0.00000 721.60919 573.40076
0.08800 0.34259 0.00000 787.37195 588.45581
0.11420 0.34259 0.00000 807.36139 593.04730
0.20220 0.34259 0.00000 875.43341 608.47272
0.22840 0.34259 0.00000 896.19958 613.35449
0.31640 0.34259 0.00000 966.67047 629.44116
0.34259 0.34259 0.00000 988.43610 634.36823
0.43059 0.34259 0.00000 1061.70288 650.96143
0.45679 0.34259 0.00000 1084.39966 656.18890
0.54479 0.34259 0.00000 1160.64795 673.50574
0.57099 0.34259 0.00000 1184.10608 678.77301
0.65899 0.34259 0.00000 1263.51440 696.83881
0.00000 0.43059 0.00000 735.50000 506.50522
0.08800 0.43059 0.00000 800.71381 520.46722
0.11420 0.43059 0.00000 820.60687 524.65063
0.20220 0.43059 0.00000 888.18152 539.26965
0.22840 0.43059 0.00000 908.96771 543.63696
0.31640 0.43059 0.00000 978.84320 558.46478
0.34259 0.43059 0.00000 1000.41449 563.08118
0.43059 0.43059 0.00000 1073.36694 578.53815
0.45679 0.43059 0.00000 1095.53088 583.30322
0.54479 0.43059 0.00000 1170.96985 599.30334
0.57099 0.43059 0.00000 1194.36584 604.27490
0.00000 0.45679 0.00000 739.79688 486.71820
0.08800 0.45679 0.00000 804.76862 500.44379
0.11420 0.45679 0.00000 824.60974 504.50430
0.20220 0.45679 0.00000 891.88953 518.56281
0.22840 0.45679 0.00000 912.62091 522.85870
0.31640 0.45679 0.00000 982.51019 537.50745
0.34259 0.45679 0.00000 1003.89740 541.91174
0.43059 0.45679 0.00000 1076.52209 556.93329
0.45679 0.45679 0.00000 1098.70081 561.61816
0.54479 0.45679 0.00000 1174.28503 577.34808
0.57099 0.45679 0.00000 1197.44067 582.16461
0.65899 0.45679 0.00000 1276.14783 598.37451
0.00000 0.54479 0.00000 753.37592 421.60599
0.08800 0.54479 0.00000 817.85962 434.40402
0.11420 0.54479 0.00000 837.58386 438.23795
0.20220 0.54479 0.00000 904.49036 451.20935
0.22840 0.54479 0.00000 924.92072 455.11032
0.31640 0.54479 0.00000 994.43164 468.56140
0.34259 0.54479 0.00000 1015.63678 472.59488
0.43059 0.54479 0.00000 1087.51978 486.48941
0.45679 0.54479 0.00000 1109.48413 490.68506
0.54479 0.54479 0.00000 1184.47180 505.23859
0.57099 0.54479 0.00000 1207.28674 509.50940
0.65899 0.54479 0.00000 1285.32983 524.51031
0.00000 0.57099 0.00000 757.33124 402.48077
0.08800 0.57099 0.00000 821.72498 414.67526
0.11420 0.57099 0.00000 841.52948 418.49539
0.20220 0.57099 0.00000 908.40607 431.17145
0.22840 0.57099 0.00000 928.54028 434.94421
0.31640 0.57099 0.00000 997.94513 448.14584
0.34259 0.57099 0.00000 1019.21857 452.07669
0.43059 0.57099 0.00000 1090.73438 465.57184
0.45679 0.57099 0.00000 1112.87927 469.73138
0.54479 0.57099 0.00000 1187.42175 483.75543
0.57099 0.57099 0.00000 1210.18652 488.20090
0.65899 0.57099 0.00000 1287.96838 502.65231
0.11420 0.65899 0.00000 854.14752 353.62830
0.20220 0.65899 0.00000 920.40656 365.31372
0.22840 0.65899 0.00000 940.67261 368.77631
0.31640 0.65899 0.00000 1009.44257 380.72372
0.34259 0.65899 0.00000 1030.39026 384.45767
0.43059 0.65899 0.00000 1101.51428 396.78543
0.45679 0.65899 0.00000 1123.55188 400.61188
0.54479 0.65899 0.00000 1197.58496 413.47604
0.57099 0.65899 0.00000 1219.94604 417.48810
0.65899 0.65899 0.00000 1297.09424 430.76913

gimbalangles:
0.209439510239 -0.174532925199 -0.261799387799 

end: