T_CW:
0.99598 0.05071 0.07388 -0.37640
0.05742 -0.99412 -0.09176 0.65167
0.06880 0.09564 -0.99304 1.35328
0.00000 0.00000 0.00000 1.00000

T_CW_cov:

target_points_pix:
0.00000 0.00000 0.00000 463.09607 811.23218
0.08800 0.00000 0.00000 503.64978 813.88611
0.11420 0.00000 0.00000 515.64355 814.42407
0.20220 0.00000 0.00000 556.17657 816.48920
0.31640 0.00000 0.00000 609.17877 818.47754
0.34259 0.00000 0.00000 621.16382 818.88519
0.43059 0.00000 0.00000 661.06250 819.76245
0.45679 0.00000 0.00000 673.03082 819.97498
0.54479 0.00000 0.00000 712.55328 819.84082
0.57099 0.00000 0.00000 724.27094 819.87042
0.65899 0.00000 0.00000 762.83197 819.81519
0.00000 0.08800 0.00000 464.66803 771.68018
0.08800 0.08800 0.00000 505.22708 774.32281
0.20220 0.08800 0.00000 558.06464 777.07379
0.22840 0.08800 0.00000 570.40808 777.60291
0.31640 0.08800 0.00000 610.74554 779.24988
0.34259 0.08800 0.00000 622.77521 779.57751
0.43059 0.08800 0.00000 663.32312 780.55292
0.45679 0.08800 0.00000 675.22614 780.75122
0.54479 0.08800 0.00000 714.57532 781.42059
0.57099 0.08800 0.00000 726.47803 781.50500
0.65899 0.08800 0.00000 764.78973 781.42572
0.00000 0.11420 0.00000 465.01575 759.95941
0.08800 0.11420 0.00000 505.57004 762.40155
0.11420 0.11420 0.00000 517.92670 762.98187
0.20220 0.11420 0.00000 558.55432 765.39294
0.22840 0.11420 0.00000 570.63751 765.64410
0.31640 0.11420 0.00000 611.35840 767.23456
0.34259 0.11420 0.00000 623.60400 767.85394
0.43059 0.11420 0.00000 663.69641 768.72174
0.45679 0.11420 0.00000 675.81097 768.91840
0.54479 0.11420 0.00000 715.28223 769.72504
0.57099 0.11420 0.00000 726.81335 769.75140
0.65899 0.11420 0.00000 765.85510 769.96252
0.00000 0.20220 0.00000 466.75708 719.81421
0.08800 0.20220 0.00000 507.39899 722.47430
0.11420 0.20220 0.00000 519.59174 722.92798
0.20220 0.20220 0.00000 560.45648 725.46698
0.22840 0.20220 0.00000 572.66260 725.80286
0.31640 0.20220 0.00000 613.23962 727.71838
0.34259 0.20220 0.00000 625.53259 728.32239
0.43059 0.20220 0.00000 666.23334 729.39648
0.45679 0.20220 0.00000 678.18634 729.68427
0.54479 0.20220 0.00000 717.55298 730.42560
0.57099 0.20220 0.00000 729.44061 730.51636
0.65899 0.20220 0.00000 767.98981 731.07025
0.00000 0.22840 0.00000 467.18680 707.99701
0.08800 0.22840 0.00000 507.68356 710.35120
0.11420 0.22840 0.00000 520.20575 711.27094
0.20220 0.22840 0.00000 560.73535 713.32825
0.22840 0.22840 0.00000 573.20093 713.96259
0.31640 0.22840 0.00000 614.25177 715.61053
0.34259 0.22840 0.00000 626.05005 716.00177
0.43059 0.22840 0.00000 666.53156 717.52869
0.45679 0.22840 0.00000 678.48981 717.67950
0.54479 0.22840 0.00000 717.92505 718.72021
0.57099 0.22840 0.00000 729.79254 718.73865
0.65899 0.22840 0.00000 768.53510 719.44635
0.00000 0.31640 0.00000 468.96759 667.49921
0.08800 0.31640 0.00000 509.86612 670.06921
0.11420 0.31640 0.00000 521.86566 670.74976
0.20220 0.31640 0.00000 563.03003 672.93359
0.22840 0.31640 0.00000 575.06024 673.62097
0.31640 0.31640 0.00000 616.29846 675.47534
0.34259 0.31640 0.00000 628.27423 675.84546
0.43059 0.31640 0.00000 668.55579 677.53937
0.45679 0.31640 0.00000 680.78033 677.80963
0.54479 0.31640 0.00000 720.34540 679.23608
0.57099 0.31640 0.00000 732.19824 679.21149
0.65899 0.31640 0.00000 770.79468 680.03644
0.00000 0.34259 0.00000 469.91885 655.12103
0.08800 0.34259 0.00000 510.53369 657.65997
0.11420 0.34259 0.00000 522.83960 658.45691
0.20220 0.34259 0.00000 563.54730 660.59381
0.22840 0.34259 0.00000 576.19446 661.35547
0.31640 0.34259 0.00000 616.55682 663.35730
0.34259 0.34259 0.00000 628.79327 663.74567
0.43059 0.34259 0.00000 669.02728 665.40210
0.45679 0.34259 0.00000 681.29077 665.96851
0.54479 0.34259 0.00000 720.89178 666.90625
0.57099 0.34259 0.00000 732.66931 667.34784
0.65899 0.34259 0.00000 771.36108 668.26154
0.00000 0.43059 0.00000 471.77261 614.57635
0.08800 0.43059 0.00000 512.71521 617.17969
0.11420 0.43059 0.00000 524.90710 617.78204
0.20220 0.43059 0.00000 565.77484 620.17389
0.22840 0.43059 0.00000 577.82166 620.69287
0.31640 0.43059 0.00000 618.92999 622.80566
0.34259 0.43059 0.00000 630.77545 623.30597
0.43059 0.43059 0.00000 671.15320 624.89764
0.45679 0.43059 0.00000 682.97803 625.61932
0.54479 0.43059 0.00000 722.87769 627.10211
0.57099 0.43059 0.00000 734.60675 627.51312
0.65899 0.43059 0.00000 773.38977 628.63696
0.00000 0.45679 0.00000 472.86197 602.13245
0.08800 0.45679 0.00000 513.40527 604.61206
0.11420 0.45679 0.00000 525.63483 605.38281
0.20220 0.45679 0.00000 566.50476 607.67737
0.22840 0.45679 0.00000 578.73389 608.28424
0.31640 0.45679 0.00000 619.30829 610.39606
0.34259 0.45679 0.00000 631.50293 610.73322
0.43059 0.45679 0.00000 671.81958 612.83264
0.54479 0.45679 0.00000 723.49487 614.74219
0.57099 0.45679 0.00000 734.97827 615.27325
0.65899 0.45679 0.00000 773.77875 616.77289
0.00000 0.54479 0.00000 475.14468 561.64844
0.08800 0.54479 0.00000 515.82959 564.14600
0.11420 0.54479 0.00000 527.83472 564.77728
0.20220 0.54479 0.00000 568.72443 567.18573
0.22840 0.54479 0.00000 580.90796 567.78772
0.34259 0.54479 0.00000 633.59033 570.52795
0.43059 0.54479 0.00000 673.68408 572.47516
0.45679 0.54479 0.00000 685.87311 572.91791
0.54479 0.54479 0.00000 725.15851 574.84113
0.57099 0.54479 0.00000 736.71570 575.57135
0.65899 0.54479 0.00000 775.21564 576.96387
0.00000 0.57099 0.00000 476.34140 549.40472
0.08800 0.57099 0.00000 516.56183 551.66779
0.11420 0.57099 0.00000 528.89771 552.53308
0.20220 0.57099 0.00000 569.37738 554.66626
0.22840 0.57099 0.00000 581.64404 555.44916
0.31640 0.57099 0.00000 622.20581 557.64227
0.34259 0.57099 0.00000 634.05524 558.15576
0.43059 0.57099 0.00000 674.12677 560.43634
0.45679 0.57099 0.00000 686.35938 561.15326
0.54479 0.57099 0.00000 725.79193 562.79913
0.57099 0.57099 0.00000 737.30493 563.48547
0.65899 0.57099 0.00000 776.04340 565.16968
0.00000 0.65899 0.00000 479.05682 509.03482
0.11420 0.65899 0.00000 531.26398 512.20502
0.20220 0.65899 0.00000 571.63989 514.35425
0.22840 0.65899 0.00000 583.94897 514.99707
0.31640 0.65899 0.00000 624.31622 517.40356
0.34259 0.65899 0.00000 636.32031 517.93091
0.43059 0.65899 0.00000 676.07159 520.13379
0.45679 0.65899 0.00000 688.14185 521.10303
0.54479 0.65899 0.00000 727.21057 522.93652
0.57099 0.65899 0.00000 738.95789 523.86041
0.65899 0.65899 0.00000 777.15497 526.19037

gimbalangles:
0.209439510239 -0.174532925199 -0.261799387799 

end: