T_CW:
0.97514 0.21951 -0.03024 -0.30100
0.20920 -0.95701 -0.20091 0.56940
-0.07304 0.18959 -0.97914 1.43320
0.00000 0.00000 0.00000 1.00000

T_CW_cov:

target_points_pix:
0.00000 0.22840 0.00000 491.91653 622.58734
0.08800 0.22840 0.00000 557.77295 638.47260
0.11420 0.22840 0.00000 577.79181 643.24951
0.20220 0.22840 0.00000 644.49646 659.40466
0.34259 0.22840 0.00000 752.56769 685.18848
0.43059 0.22840 0.00000 820.90045 701.50549
0.00000 0.31640 0.00000 508.61993 554.31274
0.08800 0.31640 0.00000 573.97968 569.59515
0.11420 0.31640 0.00000 593.63947 574.26819
0.20220 0.31640 0.00000 659.80225 589.70087
0.22840 0.31640 0.00000 679.69086 594.46198
0.31640 0.31640 0.00000 746.54266 610.19629
0.34259 0.31640 0.00000 766.85272 615.02026
0.43059 0.31640 0.00000 834.56689 630.75702
0.00000 0.34259 0.00000 513.59601 533.98340
0.08800 0.34259 0.00000 578.73914 549.24243
0.11420 0.34259 0.00000 598.49548 553.83856
0.20220 0.34259 0.00000 664.37036 569.20728
0.22840 0.34259 0.00000 684.32391 573.83655
0.31640 0.34259 0.00000 750.84650 589.45642
0.34259 0.34259 0.00000 771.19879 594.12073
0.43059 0.34259 0.00000 838.52716 609.74664
0.45679 0.34259 0.00000 859.10211 614.45465
0.54479 0.34259 0.00000 927.25745 630.29706
0.57099 0.34259 0.00000 947.70673 635.19073
0.65899 0.34259 0.00000 1016.80182 651.16150
0.00000 0.43059 0.00000 529.94446 467.40628
0.08800 0.43059 0.00000 594.43591 482.28992
0.11420 0.43059 0.00000 614.04315 486.55948
0.20220 0.43059 0.00000 679.39056 501.60922
0.22840 0.43059 0.00000 699.08331 506.16275
0.31640 0.43059 0.00000 764.95654 521.25073
0.34259 0.43059 0.00000 785.07275 525.65320
0.43059 0.43059 0.00000 851.80359 540.94159
0.45679 0.43059 0.00000 871.89984 545.48584
0.54479 0.43059 0.00000 939.63110 560.84454
0.57099 0.43059 0.00000 960.18756 565.52063
0.65899 0.43059 0.00000 1028.47070 580.98981
0.00000 0.45679 0.00000 534.72583 447.57571
0.08800 0.45679 0.00000 599.19360 462.41516
0.11420 0.45679 0.00000 618.59503 466.76645
0.20220 0.45679 0.00000 683.62067 481.46619
0.22840 0.45679 0.00000 703.41364 485.93365
0.31640 0.45679 0.00000 769.31555 500.92905
0.34259 0.45679 0.00000 789.18982 505.48578
0.43059 0.45679 0.00000 855.70654 520.58020
0.45679 0.45679 0.00000 875.74121 525.11798
0.54479 0.45679 0.00000 943.33069 540.31854
0.57099 0.45679 0.00000 963.67877 544.85150
0.65899 0.45679 0.00000 1031.65356 560.15741
0.00000 0.54479 0.00000 550.73529 382.98907
0.11420 0.54479 0.00000 633.71124 401.47290
0.20220 0.54479 0.00000 698.30121 415.79169
0.22840 0.54479 0.00000 717.67017 420.11270
0.31640 0.54479 0.00000 782.89795 434.56119
0.34259 0.54479 0.00000 802.53961 439.00659
0.43059 0.54479 0.00000 868.57550 453.55179
0.45679 0.54479 0.00000 888.50165 458.01315
0.54479 0.54479 0.00000 955.39612 472.68515
0.57099 0.54479 0.00000 975.48157 477.23804
0.65899 0.54479 0.00000 1042.92725 492.10910
0.00000 0.57099 0.00000 555.51599 363.75604
0.08800 0.57099 0.00000 619.04230 377.92551
0.11420 0.57099 0.00000 638.21533 382.23035
0.20220 0.57099 0.00000 702.48639 396.42688
0.22840 0.57099 0.00000 721.97668 400.59915
0.31640 0.57099 0.00000 786.80621 414.88058
0.34259 0.57099 0.00000 806.48840 419.34808
0.43059 0.57099 0.00000 872.42249 433.69562
0.45679 0.57099 0.00000 892.28223 438.20090
0.54479 0.57099 0.00000 958.85870 452.75800
0.57099 0.57099 0.00000 978.85339 457.17520
0.65899 0.57099 0.00000 1046.41907 471.86508
0.00000 0.65899 0.00000 571.05988 300.84174
0.11420 0.65899 0.00000 652.93634 318.40656
0.20220 0.65899 0.00000 716.70001 332.21326
0.22840 0.65899 0.00000 735.87463 336.40109
0.31640 0.65899 0.00000 800.28705 350.26456
0.34259 0.65899 0.00000 819.69666 354.38901
0.43059 0.65899 0.00000 884.90399 368.44800
0.45679 0.65899 0.00000 904.64380 372.70657
0.54479 0.65899 0.00000 970.61176 386.91919
0.57099 0.65899 0.00000 990.45203 391.22754

gimbalangles:
0.209439510239 -0.174532925199 -0.0872664625997 

end: