T_CW:
-0.6443485142 -0.3921209592 -0.6565486620 -0.0346107865
-0.5608581650 -0.3413125611 0.7542836697 -0.0142405167
-0.5198587414 0.8542522397 -0.0000000000 -0.0400000000
0.0000000000 0.0000000000 0.0000000000 1.0000000000

T_CW_cov:
0.0000009691 -0.0000004094 0.0000001613 0.0000010482 0.0000023059 -0.0000003105
-0.0000004094 0.0000009274 -0.0000000428 -0.0000023686 -0.0000009767 0.0000005236
0.0000001613 -0.0000000428 0.0000001173 0.0000001122 0.0000003752 -0.0000000384
0.0000010482 -0.0000023686 0.0000001122 0.0000061112 0.0000025003 -0.0000013350
0.0000023059 -0.0000009767 0.0000003752 0.0000025003 0.0000055472 -0.0000007414
-0.0000003105 0.0000005236 -0.0000000384 -0.0000013350 -0.0000007414 0.0000007675

target_points_pix:
-1.8286879200 1.4165005558 -0.8183910290 1297.4366195350 296.6702448148
-2.0290123060 1.2616487263 -0.4540971774 1277.9338729451 541.1168202870
-2.0326420221 1.4386671003 -0.3715805411 1175.7064832345 530.1267510792
-1.9009715403 1.5663851847 -0.7367942106 1220.1688936964 326.3690832476
-2.1088004373 1.4267765867 -0.4272348695 1214.9851771609 530.0995299498
-2.1735839590 1.4343336267 -0.3174998151 1189.1773423258 585.5381339054
-2.1721225624 1.4984821487 -0.1178589294 1101.3398539254 643.0311104508
-2.0007657291 1.7629935701 -0.6819514061 1150.9423774409 342.2892399769
-1.8246755636 1.8365637605 -0.4718921123 1025.9876961162 358.7093949890
-2.1978652673 1.5512577920 -0.0820733873 1078.2703391901 647.1544640417
-1.8147805824 1.7005286935 -0.0912446736 944.1157089384 521.7902918446
-1.8980237103 1.9209957642 0.3535455110 776.6734831388 644.0891924531
-2.1470381419 2.1145932488 -1.6135478239 1317.0816303792 42.6411979168
-1.9105360566 1.9809712425 -1.4134013561 1273.0881152182 43.6358341108
-1.9677202375 1.9539953751 -0.8044858142 1118.6371910509 264.9676768819
-1.9339633712 2.1588428389 -0.7672586114 1042.5293714817 244.3388680255
-1.8537363930 2.1767514966 -0.4751485786 942.0902908671 314.5195224514
-2.0009461426 1.8884255044 -0.3091342856 1002.2100690160 449.1490688672
-2.0839185599 2.1121327543 -0.1787392208 927.7072556546 468.8209898603
-1.8007556983 1.9812678047 0.0551784552 825.2458369194 509.1229852558
-1.8671153541 2.1795732671 0.7269835846 619.5905728659 695.2391235179
-1.8550348308 1.9371888628 -1.2800201119 1240.8598601681 74.0671270189
-1.6410654609 2.1004963161 -1.1101007541 1096.5257978397 55.7584594985
-1.7817101151 1.8511826209 -0.8074481766 1114.7878051934 225.0551648027
-1.9389521875 2.1841326748 -0.6648628523 1009.3778341180 274.6911256591
-1.8042215426 1.8813328659 -0.2818446438 950.6557754474 412.9734842812
-1.7767929336 2.0072491973 -0.1782002063 881.2651325816 419.5236399111
-1.7534698406 2.0793769081 0.4493600074 679.9884411154 609.6523430663
-1.8353667562 2.1089405381 0.3759185790 717.9207114132 594.7741385750
-1.7604356880 2.0656598370 0.6575958443 625.0047292506 683.1858563278
-1.3492337722 2.1057609491 -0.8169929086 941.8582250974 64.9510814687
-1.4983317879 2.0936842145 -0.5888533520 912.5813520253 192.6318831526
-1.6571184784 1.8321234448 -0.0621704696 857.7372192864 465.1881676563
-1.4726534281 2.0034281786 -0.0936720132 776.1193107297 373.8834076629
-1.5475518711 1.9219229687 0.2115461638 719.8837488862 519.5424391344
-1.4598821192 2.0390700871 0.4072914279 611.4540420630 543.2501712635
-1.3996928611 1.9829751266 -0.7729069412 975.2805380529 106.3924055418
-1.1860357705 2.0705200626 -0.6054671996 841.2353677253 91.1778813982
-1.4194715783 2.0828748510 -0.3704728398 828.7729385607 248.1720986887
-1.2776452368 1.8694489727 0.0047508315 713.5269660906 382.1141707429
-1.0730605838 2.0018530190 0.3056842560 517.0805119807 416.9649897585
-1.2085726006 2.0127526755 0.3547681015 548.2074223707 469.7038839992
-1.4250652760 2.0144635608 0.6554444686 527.3292515026 630.6782683891
-1.1448503223 1.9295688788 -0.5001948033 830.0410891574 130.1372562500
-1.0393066434 1.9475716529 -0.2178789547 694.0932155029 206.0175414899
-0.9593756649 2.0777024999 -0.1501370496 618.2471880707 190.5125464023
-0.8521590024 1.9558607454 0.3663922634 413.9714654220 387.0484912394
-1.1747783765 1.9710647288 0.4070187887 524.8002616015 490.4733158778
-0.9249999966 1.8887475075 0.8621447902 272.3668318600 634.2485333690
-0.9069592067 2.1009950598 1.1466473560 161.2975392420 679.8496850031
-0.8567020351 2.0724969975 -0.4066799077 671.6722767753 52.5055275160
-0.7284212964 2.1001550914 -0.2330155620 559.6206702292 73.8991770642
-0.6547912955 2.0870834084 0.0211341981 441.5252860516 154.2889854712
-0.8817151466 2.0931652498 0.1051209762 501.1230231179 264.6218729010
-0.8630691661 1.9261983014 0.5737511127 346.3286757683 485.0179891671
-0.7731890428 2.0682027516 0.6651492623 265.3576623142 463.6063345924
-0.8565034793 2.1796840996 1.0994869736 154.2211224764 627.6329814331
-0.6412038263 2.0387083890 -0.1132956810 491.1531868073 96.6485543241
-0.3102710352 1.9260298101 0.1150357669 255.7189408213 75.7029575822
-0.6231705820 2.1520952738 0.5384759296 239.0439058996 349.9117868487
-0.4974786646 2.1872748934 0.6050544679 156.3641345318 331.8788520746
-0.6114223086 2.1682011349 0.8039420480 140.9001717688 452.1361606528
-0.3254142569 2.0063571584 0.0721937411 277.4661796776 54.5428086011
-0.2945068937 2.1581701266 0.2369112271 192.1494692135 104.3973762486
-0.3564413644 1.8880841855 0.3603360344 178.4236586202 222.5319187465
-0.1806544141 2.1115250387 0.4424313824 50.7401013171 158.7053044177

gimbalangles:
2.4282440700 -2.0917347005

end: