T_CW:
-0.9621289257 0.0103501286 0.2723982473 -0.0025843607
0.2723824871 -0.0029301622 0.9621845950 -0.0265824271
0.0107569054 0.9999421428 0.0000000000 -0.0400000000
0.0000000000 0.0000000000 0.0000000000 1.0000000000

T_CW_cov:
0.0000031895 0.0000003563 0.0000000066 -0.0000007696 0.0000066430 -0.0000000197
0.0000003563 0.0000015406 0.0000000192 -0.0000034413 0.0000007282 0.0000000776
0.0000000066 0.0000000192 0.0000001353 -0.0000000415 0.0000000077 0.0000000012
-0.0000007696 -0.0000034413 -0.0000000415 0.0000077595 -0.0000015723 -0.0000001613
0.0000066430 0.0000007282 0.0000000077 -0.0000015723 0.0000139057 -0.0000000476
-0.0000000197 0.0000000776 0.0000000012 -0.0000001613 -0.0000000476 0.0000005511

target_points_pix:
-1.0393066434 1.9475716529 -0.2178789547 1268.3454070983 22.6840172007
-0.9593756649 2.0777024999 -0.1501370496 1198.4801162467 93.4076210720
-0.8521590024 1.9558607454 0.3663922634 1252.3248253630 399.8532666501
-0.7284212964 2.1001550914 -0.2330155620 1055.0301789462 86.9578032309
-0.6547912955 2.0870834084 0.0211341981 1056.1023547301 237.0260908587
-0.8817151466 2.0931652498 0.1051209762 1191.4374635862 247.9064719653
-0.8630691661 1.9261983014 0.5737511127 1301.6882123680 522.6121603898
-0.7731890428 2.0682027516 0.6651492623 1223.9507371692 574.8869296381
-0.3777328962 2.0709319294 -0.2918463810 858.4751164768 106.4242579210
-0.6412038263 2.0387083890 -0.1132956810 1036.0973250847 160.7510995866
-0.3102710352 1.9260298101 0.1150357669 898.6185925407 342.6504678591
-0.6231705820 2.1520952738 0.5384759296 1105.0705142361 520.9679895895
-0.4974786646 2.1872748934 0.6050544679 1042.8051650862 571.4661331046
-0.6114223086 2.1682011349 0.8039420480 1134.7333395821 661.3021018537
-0.1470818764 2.0278346330 -0.3590369503 722.4980582464 100.6939753553
-0.1320941456 1.8887090879 -0.2943923727 726.2643144972 124.3686528766
-0.3254142569 2.0063571584 0.0721937411 892.1504839461 315.6901937988
-0.2945068937 2.1581701266 0.2369112271 886.3731701583 409.7803523663
-0.3564413644 1.8880841855 0.3603360344 972.1898367148 483.9526992466
-0.2678971448 1.9786763423 0.6461625591 954.7477963755 657.1471084459
-0.1733428557 2.0220748053 -0.3567373217 737.6212027560 97.0187209195
0.1853169703 1.9556145586 -0.2926013520 542.5397897821 186.2645537299
0.1459432429 2.0821321832 0.0768023636 629.8886964135 392.6672688408
-0.1806544141 2.1115250387 0.4424313824 860.6697654085 540.0931609123
0.1622540602 1.9938421750 -0.2072898762 572.1788318926 234.5231004182
0.1326497219 2.1934063378 0.1317613825 648.2167910696 416.7631732755
0.3584381887 2.0127258478 0.3252687757 548.4415827417 569.1059065003
0.0874333717 2.0552167764 0.3189859915 698.6762564600 518.8205144217
0.4966650149 2.0206560720 -0.6076416902 326.1892580601 63.7940941419
0.4776390888 2.1635637503 -0.5185001840 373.7464111554 126.5208626441
0.6165630709 1.8861184111 -0.3081537565 278.6442229017 245.3334491659
0.5187396521 1.9175698469 -0.0342267122 387.6114304313 393.3928587679
0.4658259500 2.1446281117 0.1786821967 480.0203284134 493.1362621755
0.6471853462 2.0880566141 -0.6773740498 247.9567021852 58.5726938552
0.6892817683 2.0844330099 -0.6493308926 229.0384266189 79.9676729819
0.6149241260 2.1417820874 -0.0629871951 366.3333284692 387.1585688656
0.8744611877 1.9175934359 -0.1030143606 170.8471016235 411.7401528072
0.5774336625 2.1372701750 0.2631028182 433.6773557371 555.1267653207
0.9700709065 2.0495125061 -0.3789924060 111.4856575429 269.5177404638
1.1070298076 2.0352606546 -0.4010910561 30.6445700960 278.2638401629
0.9446028517 1.9229887471 0.1001881458 165.7923097143 542.8457605214
0.8794509136 1.9301087444 0.2419634107 228.2504576329 614.7621070192

gimbalangles:
-2.9358593356 -1.5218445186

end: