T_CW:
0.3267575710 0.9144874053 -0.2386258061 -0.0565810060
-0.0802923056 -0.2247118621 -0.9711115923 -0.0743608316
-0.9416913695 0.3364778812 0.0000000000 -0.0400000000
0.0000000000 0.0000000000 0.0000000000 1.0000000000

T_CW_cov:
0.0000013751 0.0000000121 0.0000002658 -0.0000000096 0.0000029969 -0.0000000446
0.0000000121 0.0000007977 0.0000000115 -0.0000019028 0.0000000215 0.0000005036
0.0000002658 0.0000000115 0.0000001504 -0.0000000173 0.0000005588 -0.0000000025
-0.0000000096 -0.0000019028 -0.0000000173 0.0000046058 -0.0000000107 -0.0000011818
0.0000029969 0.0000000215 0.0000005588 -0.0000000107 0.0000065988 -0.0000001037
-0.0000000446 0.0000005036 -0.0000000025 -0.0000011818 -0.0000001037 0.0000007714

target_points_pix:
-1.9282228052 -0.3422863927 -0.1986349192 34.6871659400 589.4788510263
-1.9953435832 -0.1856712384 0.4673006755 51.7288042737 132.9738178883
-2.1850709518 0.1766330917 -0.3112378666 391.8003431878 549.8409223970
-2.1302348748 0.1741631005 -0.1246265184 367.6772279174 448.8833408840
-2.0390392157 0.0266576880 0.1803748992 237.5876692050 289.6602935802
-2.1040212686 -0.1858632528 0.2189118048 99.8609513376 298.8263017758
-2.1494438675 -0.1759117361 0.4480410634 78.4209141414 166.7299230865
-2.0454334636 0.3772148178 -0.5915859606 550.7715985808 681.2052370535
-2.1816244200 0.2296391180 -0.0710292623 389.3228564326 412.0700634238
-1.9675215332 0.3735704689 0.1902147838 447.8473024364 235.1593176335
-2.0887152358 0.0614816292 0.3387705058 238.0282702739 197.2336800066
-2.0769750567 0.0640115888 0.5667352894 207.6477594067 62.7470136443
-2.0066460326 0.6115724411 -0.6800587517 691.8722282201 691.6704847591
-2.0791652291 0.3295714681 -0.3363269805 486.3538022492 544.3415892438
-1.8402832734 0.4158654489 -0.1641496241 537.1643748383 435.0074591853
-1.9344931987 0.4325288222 0.0665921622 502.4008597995 297.5041692728
-1.9133212325 0.3814166405 0.4228418836 423.3512284447 89.2348051666
-1.9276225520 0.5546474071 -0.3245354469 626.8953362442 507.3655864329
-1.8713581895 0.5522859957 -0.2850187113 629.2803310712 486.0582533957
-1.8224931774 0.7448238787 0.1113938527 687.8812284963 223.1693191328
-2.1551667523 0.8701160953 0.2237557347 677.1352502244 185.8240391234
-1.8270632441 0.8325440399 0.3756327394 697.2193134136 60.9092254717
-2.1409529270 1.1389351377 -0.8455270628 923.8542142554 673.5568148796
-2.0448295142 0.8634092785 -0.7908746612 820.4570118698 701.5790998483
-2.1695389388 1.1810225265 -0.6431337417 910.6426744605 569.3291496089
-1.9948059239 1.0655745301 -0.1236212339 841.1435595989 328.5912596174
-2.1700906082 1.1508405723 -0.0162742313 826.2540280440 276.6456563949
-1.8367116007 0.8470277910 0.1536552899 733.7246102005 188.9372925324
-1.8286879200 1.4165005558 -0.8183910290 1132.0826994904 642.3718682246
-2.0290123060 1.2616487263 -0.4540971774 958.3739394583 471.4265188201
-2.0326420221 1.4386671003 -0.3715805411 1020.0426630040 408.8641801719
-1.9996192975 1.1557197899 -0.0691214088 873.7679594261 290.7591161371
-1.8508449086 1.2533294366 0.1209409021 933.5435078271 167.7412741905
-1.9009715403 1.5663851847 -0.7367942106 1156.5084735858 572.2584046834
-2.1088004373 1.4267765867 -0.4272348695 1000.0150231748 437.3580344735
-2.1735839590 1.4343336267 -0.3174998151 973.3287103478 386.7542196901
-2.1721225624 1.4984821487 -0.1178589294 976.3901334607 289.4530285484
-2.1038104307 1.5453454380 0.3154965260 964.4412520359 80.8825003686
-2.0007657291 1.7629935701 -0.6819514061 1189.0347039614 514.6398391831
-1.8246755636 1.8365637605 -0.4718921123 1257.5081244649 405.7279563462
-2.1978652673 1.5512577920 -0.0820733873 985.7763469318 269.9837062680
-1.8147805824 1.7005286935 -0.0912446736 1163.0195194247 230.3068142686
-1.8687607905 1.6395216927 0.3740385226 1063.3108086412 8.7773143354
-1.8980237103 1.9209957642 0.3535455110 1165.6433979358 5.9629008405
-1.9677202375 1.9539953751 -0.8044858142 1281.9877411838 546.6860401393
-2.0009461426 1.8884255044 -0.3091342856 1192.7320061886 328.2265184852
-2.0839185599 2.1121327543 -0.1787392208 1227.3105241133 253.7118474640
-1.8007556983 1.9812678047 0.0551784552 1258.5719489375 130.4500961912
-1.7817101151 1.8511826209 -0.8074481766 1320.4386775962 570.7966677034
-1.8042215426 1.8813328659 -0.2818446438 1259.8863565295 305.9227031399
-1.7767929336 2.0072491973 -0.1782002063 1305.3054039892 239.8247510069
-1.6571184784 1.8321234448 -0.0621704696 1275.0226233476 186.0250223208
-1.5475518711 1.9219229687 0.2115461638 1324.9260021988 13.7296804963

gimbalangles:
0.3160964388 -2.6070948318

end: