T_CW:
0.8157892024 0.5135552630 0.2659867839 -0.0193605286
-0.0695355416 0.5436652251 -0.8364167212 -0.0833993692
-0.5741539739 0.6638441947 0.4792265637 -0.0181844013
0.0000000000 0.0000000000 0.0000000000 1.0000000000

T_CW_cov:
0.0000004133 -0.0000000556 0.0000000079 0.0000001498 0.0000010746 0.0000000738
-0.0000000556 0.0000007862 -0.0000000790 -0.0000021481 -0.0000001421 0.0000000169
0.0000000079 -0.0000000790 0.0000001065 0.0000002203 0.0000000204 -0.0000000012
0.0000001498 -0.0000021481 0.0000002203 0.0000059311 0.0000003829 -0.0000000502
0.0000010746 -0.0000001421 0.0000000204 0.0000003829 0.0000028536 0.0000001885
0.0000000738 0.0000000169 -0.0000000012 -0.0000000502 0.0000001885 0.0000005591

target_points_pix:
-1.8270632441 0.8325440399 0.3756327394 52.2787173360 465.2830805624
-2.0781406045 0.7120699937 1.1639855175 148.6114109143 69.4261190669
-1.9848264743 0.8316703432 1.1949187813 231.6654486205 91.1132209250
-1.9986951364 1.1030106421 0.5814468094 190.9007522787 437.6492546118
-2.1424050024 0.9973981655 0.7258467959 140.9924517563 346.3400658573
-1.9724816085 0.8915645896 0.8103530575 165.6641695545 268.7828238282
-2.1613012954 1.0039976244 1.1786722693 242.1597587034 169.3590721713
-1.8275087156 1.2445718864 0.4833325022 280.1851951398 521.8826695189
-2.0172029321 1.2486872717 0.8703872773 306.4292426956 349.9999354449
-1.9405160173 1.1789700837 0.9741703808 326.2210736794 285.5838128755
-1.8916370934 1.3278553278 1.0832120916 411.2749873938 282.2053802686
-2.0602232200 1.1607167034 1.5327087823 387.6484919979 88.4318432063
-1.9464757663 1.2356842536 1.7716007931 478.8547566872 27.1950803280
-2.1326831901 1.3262267978 1.8143074517 455.5379520170 57.9171951757
-2.1038104307 1.5453454380 0.3154965260 272.7436643682 659.3321756432
-1.8756328916 1.4181544575 0.6779339873 370.8733216416 471.8430845189
-1.8274701935 1.3188779672 0.6038785279 336.1556836736 481.5660757527
-2.0616398675 1.6203105521 0.9227851073 420.0913860971 419.6713939620
-2.0295159197 1.3798678963 1.3475086282 429.0872147041 209.0979164829
-2.0033445242 1.4751897852 1.5390159869 490.4186197128 170.7239273107
-1.8512212537 1.4535403144 1.5709194506 534.6925022859 144.4784182668
-1.9287303954 1.5159671915 2.0451587026 585.7079474624 29.4063580001
-1.8687607905 1.6395216927 0.3740385226 389.9975846169 658.8640491251
-1.8992891162 1.6958315500 0.5927369583 437.2864912204 568.8258825694
-2.1280136359 1.9030231084 1.1200182238 503.0462445991 409.3884870391
-2.0767536092 1.5913540197 1.1734617687 446.5623765061 323.3088061189
-1.8253463033 1.5593904134 1.3326244354 536.4595527874 250.1414260618
-2.0897600080 1.5608907528 1.9402508868 538.3011729910 82.4735946329
-1.8571526780 1.6140211192 1.8935827260 609.9365572568 91.7941170547
-2.0021261078 2.0086463683 0.6719158105 504.6374650481 590.9661727238
-1.8671153541 2.1795732671 0.7269835846 594.0393116937 601.1071628690
-1.9047003350 1.8680613442 1.0806603821 554.1981618582 412.5601429910
-1.9973255520 2.0750879804 1.4269123231 613.0963994273 342.8694671968
-1.8124172708 1.9439885406 1.3066086394 626.9671266191 349.1083681131
-2.1776395406 1.8313567705 1.6540360034 539.2548060849 231.3743686022
-2.1574536843 1.9185202340 1.9908007257 598.3214755481 158.5095168141
-1.6388373202 1.8923465707 1.8345446935 725.3745686061 165.0955164697
-1.7534698406 2.0793769081 0.4493600074 570.3846218154 703.2728200765
-1.7604356880 2.0656598370 0.6575958443 592.4999800389 612.3340248462
-1.7705647096 1.9172214653 0.8435902795 577.1942826109 510.3304361841
-1.5673731990 2.1856570907 1.4301868938 764.4224827495 353.2841611565
-1.7142549144 1.9451759251 1.5629844682 685.1927039256 263.4226071920
-1.7534890082 1.8724702660 1.9007587812 692.8283360266 148.3621705264
-1.8610317815 2.0370496921 2.1648895360 714.7176620319 123.3911281969
-1.6104087085 1.3768039598 1.8001201933 623.5867166026 29.5509980306
-1.6794329719 2.0021970623 0.8621467882 630.1597144574 520.1463813037
-1.4209454531 1.8676090554 1.0841520386 717.3670056184 403.0220366054
-1.3899147558 2.1238306384 1.3530480406 806.8751907381 361.3380455830
-1.3728960194 2.0609641576 1.3938533902 805.1634892305 332.6046534565
-1.3447913358 2.0146216253 1.7208925961 834.7734642714 212.6710091978
-1.4275808434 2.1561639858 1.8618872162 840.5646031052 208.4492230830
-1.4369043860 1.6750058855 1.9093585775 758.2181358382 70.3843738795
-1.4250652760 2.0144635608 0.6554444686 699.1883069542 613.7679351342
-1.3457046956 1.9663000365 1.0873481235 767.3884629238 423.1748205946
-1.1680323593 2.0223801191 1.2503392272 863.3027273165 369.6064996310
-1.0704080031 2.0702471482 1.3645704063 920.3483000158 335.3566318312
-1.3198734235 2.0046170289 1.6951049529 839.8136493557 216.9555905114
-1.2843110725 2.0259669710 1.8482818942 867.8849817837 172.7401176483
-1.0105355762 1.8741634237 2.1143726098 964.8156468161 30.2144266523
-0.9249999966 1.8887475075 0.8621447902 910.8359081202 499.7872410606
-0.9069592067 2.1009950598 1.1466473560 980.2341381503 424.0096315133
-1.1549661397 2.1099652787 1.3731370306 893.7633730782 344.4696254092
-0.8297485976 1.9743105077 1.4365170950 1014.3215496466 273.1555605508
-1.1682775108 1.8285797251 1.6366843949 860.9865661156 180.3041971677
-1.1635535457 2.0657929403 1.8425232613 917.3328852946 177.2257140766
-0.8630691661 1.9261983014 0.5737511127 923.3034617534 658.3747136210
-0.7731890428 2.0682027516 0.6651492623 1006.2916518649 642.5983318456
-0.6987685676 1.8456276545 1.1680146625 1041.7477673030 341.7669760780
-0.8565034793 2.1796840996 1.0994869736 1012.6105239376 461.4704937205
-0.9162177262 1.9912729978 1.6027493351 988.7991870653 221.4516244311
-0.8088612631 2.0381456808 1.7274670447 1049.0221918451 184.3778169588
-0.8967421340 2.0401915999 2.1552663527 1034.0869036501 56.7183032227
-0.6114223086 2.1682011349 0.8039420480 1117.8502368106 597.6218074395
-0.5037735027 1.9408897283 1.3800152417 1170.5291415132 268.5485902273
-0.5283252014 1.8501549681 1.3747778002 1145.3418606596 243.5872036828
-0.6975967015 1.8964370410 1.5817591192 1073.4910393658 187.0467741227
-0.6216268569 1.9929488746 1.8363864209 1133.1202275297 119.6790457245
-0.3297531849 1.9353363479 1.8600899646 1275.3193327487 65.3297776667
-0.2678971448 1.9786763423 0.6461625591 1307.1049855674 657.0518125619
-0.2865145593 2.1985809668 1.4292790030 1317.5980962113 313.3862908169

gimbalangles:
0.4814411701 -0.1526760921 -2.1901622244

end: