T_CW:
0.8231491112 0.5022683230 -0.2648623651 -0.0405944946
-0.4397948447 0.2688925833 -0.8568998035 -0.0834482420
-0.3591741018 0.8218414143 0.4422337100 -0.0200833788
0.0000000000 0.0000000000 0.0000000000 1.0000000000

T_CW_cov:
0.0000005112 0.0000000603 -0.0000001379 -0.0000001704 0.0000012389 -0.0000000134
0.0000000603 0.0000005251 -0.0000000548 -0.0000013691 0.0000001377 -0.0000004319
-0.0000001379 -0.0000000548 0.0000001124 0.0000001515 -0.0000003219 0.0000000364
-0.0000001704 -0.0000013691 0.0000001515 0.0000036256 -0.0000003899 0.0000011074
0.0000012389 0.0000001377 -0.0000003219 -0.0000003899 0.0000030574 -0.0000000236
-0.0000000134 -0.0000004319 0.0000000364 0.0000011074 -0.0000000236 0.0000007524

target_points_pix:
-1.8916370934 1.3278553278 1.0832120916 64.4411421255 437.9008507303
-1.8756328916 1.4181544575 0.6779339873 121.4784682412 641.7870090125
-1.8274701935 1.3188779672 0.6038785279 90.0898930465 670.0704732711
-2.0616398675 1.6203105521 0.9227851073 145.2308740506 566.4385042651
-2.0295159197 1.3798678963 1.3475086282 44.3347702033 357.8637232217
-2.0033445242 1.4751897852 1.5390159869 89.8626881528 290.1835400890
-1.8512212537 1.4535403144 1.5709194506 123.3544996642 243.1092795475
-1.9287303954 1.5159671915 2.0451587026 117.3049763266 107.4816461767
-1.8992891162 1.6958315500 0.5927369583 239.3226101322 695.9666483446
-2.1280136359 1.9030231084 1.1200182238 224.8912007707 513.5037904503
-2.0767536092 1.5913540197 1.1734617687 122.8906607363 460.4700253961
-1.8253463033 1.5593904134 1.3326244354 179.3107363341 344.5147298880
-2.0897600080 1.5608907528 1.9402508868 94.3981937575 181.3614186577
-1.8571526780 1.6140211192 1.8935827260 174.3642733342 157.8860771924
-2.0021261078 2.0086463683 0.6719158105 316.5563271846 679.9259705550
-1.8671153541 2.1795732671 0.7269835846 407.0107171197 640.9647015974
-1.9047003350 1.8680613442 1.0806603821 278.0429580011 489.5874781136
-1.9973255520 2.0750879804 1.4269123231 301.5703080880 396.1273151150
-1.8124172708 1.9439885406 1.3066086394 318.4997320888 394.6158243007
-2.1776395406 1.8313567705 1.6540360034 171.7411152555 326.4196520292
-2.1574536843 1.9185202340 1.9908007257 195.4049942590 228.6402550643
-1.8021190992 1.4082180467 2.1244712248 109.1519749684 33.8690699838
-1.7954789863 1.4750056998 2.0971414706 136.2734619242 54.4611130127
-1.6388373202 1.8923465707 1.8345446935 325.5520932450 177.3754747574
-1.7604356880 2.0656598370 0.6575958443 411.0978398359 651.2923086290
-1.7705647096 1.9172214653 0.8435902795 348.2172067665 567.2941302703
-1.5673731990 2.1856570907 1.4301868938 450.3231799099 333.8648741957
-1.7142549144 1.9451759251 1.5629844682 333.7404539339 287.4700200878
-1.7534890082 1.8724702660 1.9007587812 285.6284108673 175.9220660857
-1.8610317815 2.0370496921 2.1648895360 294.6746216184 143.1855334102
-1.6104087085 1.3768039598 1.8001201933 157.6815346354 90.2425727480
-1.6794329719 2.0021970623 0.8621467882 403.2530565517 548.9177233181
-1.4209454531 1.8676090554 1.0841520386 430.4412474624 399.6561617977
-1.3899147558 2.1238306384 1.3530480406 492.8097946248 321.4392546977
-1.3728960194 2.0609641576 1.3938533902 478.3740833514 296.2245133555
-1.3447913358 2.0146216253 1.7208925961 450.8736118995 174.4195678637
-1.4275808434 2.1561639858 1.8618872162 453.9921949350 168.5296784050
-1.4369043860 1.6750058855 1.9093585775 312.4915599348 73.2706218848
-1.2085726006 2.0127526755 0.3547681015 625.6972255132 704.6671986121
-1.4250652760 2.0144635608 0.6554444686 510.0321171407 596.1971918781
-1.3457046956 1.9663000365 1.0873481235 485.3939894697 394.3432222128
-1.1680323593 2.0223801191 1.2503392272 547.0080442456 303.0336953172
-1.0704080031 2.0702471482 1.3645704063 581.7250427901 248.0143795407
-1.3198734235 2.0046170289 1.6951049529 457.4712545895 176.1453664268
-1.2843110725 2.0259669710 1.8482818942 462.9590093580 124.0670359539
-0.8521590024 1.9558607454 0.3663922634 766.6217776372 631.6553711100
-1.1747783765 1.9710647288 0.4070187887 621.3519319136 671.1354128876
-0.9249999966 1.8887475075 0.8621447902 644.5974951405 394.4835984387
-0.9069592067 2.1009950598 1.1466473560 670.2732247205 299.5307630406
-1.1549661397 2.1099652787 1.3731370306 562.5060845358 267.7024083994
-0.8297485976 1.9743105077 1.4365170950 635.5169816582 153.8245558907
-1.1682775108 1.8285797251 1.6366843949 460.5291678566 133.1597959608
-1.1635535457 2.0657929403 1.8425232613 509.5380189216 107.9870927163
-0.8630691661 1.9261983014 0.5737511127 721.2790215554 523.1756978768
-0.7731890428 2.0682027516 0.6651492623 781.1514217275 472.2055288075
-0.6987685676 1.8456276545 1.1680146625 687.3711798386 201.7641078943
-0.8565034793 2.1796840996 1.0994869736 712.3461863900 317.9073831612
-0.9162177262 1.9912729978 1.6027493351 591.6800431739 118.5579468128
-0.8088612631 2.0381456808 1.7274670447 627.1078078479 62.1867849329
-0.3102710352 1.9260298101 0.1150357669 1113.6384276769 665.0703289608
-0.6231705820 2.1520952738 0.5384759296 886.5850287842 508.8588422882
-0.4974786646 2.1872748934 0.6050544679 939.0115723799 453.9516127498
-0.6114223086 2.1682011349 0.8039420480 849.8951381976 386.1726736658
-0.5037735027 1.9408897283 1.3800152417 761.4408284341 88.5546314952
-0.5283252014 1.8501549681 1.3747778002 731.4347161917 76.3233409014
-0.6975967015 1.8964370410 1.5817591192 649.0770322621 54.6559885318
-0.3254142569 2.0063571584 0.0721937411 1126.2985584226 698.0516988732
-0.2945068937 2.1581701266 0.2369112271 1118.7595079686 597.4023576902
-0.3564413644 1.8880841855 0.3603360344 1014.6232078083 520.8705791848
-0.2678971448 1.9786763423 0.6461625591 1011.5872537519 353.7762224130
-0.0743889678 1.9947732545 0.8872855405 1062.2595527180 188.8027049484
-0.1226170872 2.1238853063 1.2828052043 975.1017836464 67.4498532131
-0.2865145593 2.1985809668 1.4292790030 891.6634144458 72.5639017540
-0.1806544141 2.1115250387 0.4424313824 1125.7088636101 455.2087350074
0.0637301572 1.9298115973 0.6674237794 1190.4345720399 241.5491670349
0.1613635871 2.1800453551 0.7561633745 1241.4138095995 222.7121393929
-0.1190076761 1.8096601584 1.0534739961 972.9408134334 81.8228374096
-0.1483933964 1.9321229592 1.2020677421 948.3189430200 59.3566881532
0.0874333717 2.0552167764 0.3189859915 1319.7398868956 448.9498021977
0.1362588165 1.9407112360 0.8236560383 1191.1663061579 143.7688845734
0.0850174751 2.1932606518 1.1592334350 1105.6733774005 75.5767985495

gimbalangles:
0.4952153938 0.3253869623 -2.1575048112

end: