T_CW:
0.2535127070 -0.9280281835 0.2729377182 -0.0190824913
0.3555526386 -0.1730091394 -0.9185043053 -0.0826880605
0.8996186017 0.3298962388 0.2861028541 -0.0276509801
0.0000000000 0.0000000000 0.0000000000 1.0000000000

T_CW_cov:
0.0000009578 0.0000000447 -0.0000002001 -0.0000001321 0.0000021525 0.0000001011
0.0000000447 0.0000005796 -0.0000000530 -0.0000014049 0.0000000903 -0.0000003945
-0.0000002001 -0.0000000530 0.0000001336 0.0000001402 -0.0000004355 0.0000000103
-0.0000001321 -0.0000014049 0.0000001402 0.0000034675 -0.0000002716 0.0000009335
0.0000021525 0.0000000903 -0.0000004355 -0.0000002716 0.0000048971 0.0000002373
0.0000001011 -0.0000003945 0.0000000103 0.0000009335 0.0000002373 0.0000007259

target_points_pix:
1.6861608307 2.1883567292 0.9182671607 55.1480602916 15.4854237533
1.8175531116 1.9386485974 0.2399735909 50.9348394682 349.6455154415
1.9248890548 2.0591581315 0.4394950177 85.6364596497 272.7450409598
1.6697997709 2.1160420786 0.7808222228 46.6113109856 69.0297000780
1.9144294661 1.8857273882 1.0243400758 246.5957921152 48.0096884027
1.8643482217 -0.2351548738 0.1403036800 1192.6800429209 701.2323359653
1.9661306703 -0.1937462224 0.4290557110 1182.6812418428 511.7953445069
1.9644439287 -0.1031903077 0.6363600281 1142.8949685080 376.5106847825
1.8528887296 -0.0610924538 0.9912547873 1157.4330187165 147.2954041201
1.9214822059 -0.2215207815 1.2493602827 1274.9793441874 46.7525623147
1.9211683822 0.1359918091 0.3523883176 959.2804013630 506.3214347755
2.1786073514 0.1163252008 0.3660038469 977.5209488171 534.9483862446
1.8301410415 0.1063793643 0.6727950514 1016.7891524696 303.0611424684
1.9352554255 0.0193964355 0.9455744271 1098.3020734056 189.7649641650
2.0068854305 -0.1956078327 1.2205048281 1247.3291949177 87.5764021181
1.9438511651 0.1053696058 0.3538797141 979.1373216771 512.9071639346
2.0492906402 0.1592700833 0.4628330884 961.8285671183 459.0690374340
1.9615436432 0.1575010996 0.8011155563 1000.6146256855 260.4541367286
2.0594297914 0.3178684312 0.8304379352 917.2556903751 255.7457162079
2.0243919137 0.0790895821 1.3332698976 1097.2100918530 27.0288630481
2.1946764291 0.4631732279 0.0532115749 752.8398040553 659.5488770543
2.0632829037 0.5445962566 0.1285032323 705.4341228744 596.3309017573
1.8979720761 0.3684671733 0.3103802266 811.0063641173 496.5672477786
1.9960923880 0.5722306000 0.7822565630 775.7638313657 244.4821510242
2.0540377542 0.4992234204 1.0039734638 844.6878949629 160.8948852925
1.8710597108 0.8099321409 -0.1270716099 485.8027139872 690.8277272207
1.8732712174 0.7386851116 0.1801451262 580.3969139147 519.4596088157
2.1830827873 0.8306619622 0.2050011929 595.1648696756 532.0117982353
2.0240914080 0.6092170477 0.6903022229 747.8136668705 291.9090045021
2.1094725331 0.6303567883 0.5897954870 733.2853677189 355.0732933881
2.1382943156 0.7007350108 1.1690553675 776.1585289143 100.9571285060
1.9910756588 0.6830361682 1.0515137670 756.2459589376 112.4878641078
1.9554318540 0.8479488833 -0.1032449947 491.1254962421 675.2449186092
2.0820885222 0.9153317630 -0.0671913434 493.4324271449 652.8291938542
1.9718199071 1.1608418026 0.1337088444 390.6402455010 504.4638294691
2.0375524064 1.0028006463 0.4849500921 534.6465832699 358.1446704550
1.9247750093 1.1643136331 0.7865250118 489.5193082435 184.0351040142
2.0910844355 0.9079189113 0.8042084707 632.3930750824 231.4510261837
1.9377263360 1.1336231468 1.0899161381 551.5640314999 59.3753382067
1.8825418409 1.0879971004 0.1379624357 401.3950192533 499.4141994900
2.0723865450 1.0737661855 0.0934347427 446.4809006689 547.0207704225
1.8786372721 1.3992617700 0.3556715000 303.7143162702 354.8471728990
1.9109174039 1.1165246120 0.6323720196 482.5198198509 254.2153155031
2.0543776964 1.1066270637 0.8183922915 543.1994248208 204.0810884050
1.8442668460 1.6413290332 -0.3297220468 50.0494878966 674.6027163012
2.1265666331 1.5613718496 -0.0476425790 235.8906001509 563.4089467590
2.1621050722 1.6206868910 0.2900958392 282.2322872499 410.0170489487
2.0529398181 1.6940371335 0.3906949376 243.6658904989 343.9506395322
1.9360361756 1.5830980542 0.7712923458 319.7379011194 167.8350565366
2.0191717670 1.4489867495 0.9295887964 415.7308638358 130.4810424067
2.1503249450 1.7195661166 0.1719919587 223.3369310402 450.2716275411
2.0918025611 1.8737719338 0.2909391949 173.3451370127 377.6582394415
1.9771846623 1.8336429997 0.6802675694 223.0355000881 199.4858060106
1.8828069298 1.6701568415 0.7669332967 272.1105948084 152.0624940720
2.0916889411 1.6903513042 1.1147404128 370.5197329096 66.8083434957
2.1806425045 1.9729155912 -0.1883639695 80.1526430811 585.4685879997
1.8529430787 1.9351196944 0.1818550971 53.0512852312 382.7196662333
1.8483799352 1.8597187954 0.2031048715 83.1764423338 379.1086461536
2.1654789071 1.8911660364 0.5400688451 229.8495930383 287.5663590828
2.1793564671 2.0487078518 0.6511816064 199.8424360234 237.8496379658
2.0657604714 2.1119241864 1.0402043210 212.6631958703 70.8531711609
2.0242875941 1.8931095134 1.1312505166 288.4418724879 36.6091041104

gimbalangles:
0.2094906515 -0.1964524967 -0.3914946134

end: