T_CW:
0.9209055573 -0.3534335200 0.1643706225 -0.0234251751
-0.3756251811 -0.6920527006 0.6164160794 0.0002704867
-0.1041089715 -0.6294027379 -0.7700737078 -0.0383046328
0.0000000000 0.0000000000 0.0000000000 1.0000000000

T_CW_cov:
0.0000008130 -0.0000003200 -0.0000000543 0.0000008445 0.0000020330 -0.0000000924
-0.0000003200 0.0000005268 0.0000000527 -0.0000014085 -0.0000007903 -0.0000000172
-0.0000000543 0.0000000527 0.0000000704 -0.0000001404 -0.0000001328 0.0000000014
0.0000008445 -0.0000014085 -0.0000001404 0.0000038195 0.0000020851 0.0000000419
0.0000020330 -0.0000007903 -0.0000001328 0.0000020851 0.0000051359 -0.0000002366
-0.0000000924 -0.0000000172 0.0000000014 0.0000000419 -0.0000002366 0.0000003869

target_points_pix:
-1.9221166002 -1.9663354306 -2.1468861812 144.9701138048 634.0465400592
-1.8813091829 -1.6492230086 -2.0987515410 72.1552523435 573.9660875467
-1.6528525047 -1.8988645247 -1.9727573103 206.5965274052 638.6805490728
-1.8882251437 -1.7216178320 -1.9143727145 71.8627985674 652.5617170976
-1.6982756279 -1.3603867850 -1.9128438210 31.6356212494 533.3873360666
-1.4411075920 -2.0047310802 -2.1884385161 312.1185248409 566.4251734231
-1.5219180490 -1.8699384584 -1.8978367480 241.4544796056 638.7199344122
-1.4682522470 -1.5686725384 -2.0065486827 190.2461190616 521.5326782123
-1.5548618276 -1.2661538459 -2.0485354989 73.2886826928 437.5371102690
-1.0892432491 -2.1781532013 -2.1928852506 460.9776427302 556.0699887822
-1.1045450740 -2.0836019116 -1.7259294662 439.1537772440 685.4558763487
-1.2316108156 -1.6002939991 -2.0136714895 287.8728431099 490.5958595274
-1.1236390632 -1.6723554829 -1.9513804356 344.2194304322 512.5510569801
-1.4317858123 -1.0551176296 -1.9035718307 35.1400231953 394.7630854952
-1.1364814913 -1.1054498984 -1.9291642293 183.1398858849 347.5962774957
-1.0697359937 -0.8988463701 -2.1613215268 167.6800195882 190.6447812416
-0.9278648461 -2.1623143671 -1.9122754340 516.9951993943 614.4920559242
-1.1970903097 -2.0119519131 -1.8409716733 390.4436453263 642.9443115578
-1.0920435109 -1.8769257744 -1.8507553072 400.6781595448 592.7066084257
-0.8217986006 -1.4231447447 -2.0815741753 407.5930344155 351.2558430232
-1.0911494608 -1.1818016687 -1.9649873378 228.8641249248 354.4650555774
-1.0321968910 -0.8729605601 -2.1287663411 172.8016546899 181.3772710707
-1.1280067953 -0.8565214532 -2.0582172524 117.9067756981 213.2184303069
-0.8450867383 -0.6142765335 -1.9706636513 155.7413502890 65.5264819661
-0.6316084140 -2.0274981562 -1.8786262742 604.1913111031 550.8210686008
-0.9035524778 -1.8286837590 -1.7451155714 463.7937409811 587.8019061990
-0.9479648369 -1.9014220938 -1.5210612308 463.1680719922 697.7912980000
-0.6319736503 -1.7177400197 -2.0925003425 542.0116694540 404.9446712227
-0.8635723492 -1.6173579517 -1.8943794162 433.3720164714 473.4887987836
-0.7482452858 -1.2476348032 -2.1539879505 397.7157264092 260.5374229720
-0.9203595300 -1.1508216233 -2.0333945953 297.1521753364 291.2263266341
-0.5661656735 -0.8955550283 -2.1500965413 388.9292648434 90.1448700134
-0.8690239338 -0.5462702463 -2.0546615520 128.2216500142 16.3855001681
-0.5144810341 -2.0414948860 -1.8602799657 652.2640332827 542.4103494121
-0.6620010583 -2.1660087974 -1.6901725747 624.7921843449 651.2861493655
-0.6599330818 -1.6619423208 -2.0552645162 521.7606637124 404.0041417390
-0.4940653931 -1.4320781224 -1.9938969174 545.8267312337 321.6384479823
-0.6363881488 -1.3993371856 -1.9196929323 479.5658905319 358.3143204942
-0.3824353557 -0.9165060577 -2.1160848033 478.9764541905 68.5524272911
-0.6464942885 -0.6169893022 -1.8797235077 251.3996656738 41.4742528842
-0.1465099906 -1.8328272246 -1.8981954512 765.0679869252 415.6085663750
-0.3223157237 -2.0889569064 -1.5800920492 758.5206274225 619.8337805991
-0.3090886800 -1.9464609966 -1.6565812355 736.0177484359 553.0763347798
-0.3426600909 -1.6986843663 -2.0131679466 655.8617061358 374.8275028998
-0.1400668675 -1.5443412508 -1.8055001948 733.8774945593 350.8221583808
-0.2770033012 -1.3320833847 -1.9451609895 623.4754002790 259.8240159789
-0.1016370398 -0.8478833114 -1.8389819135 615.1208957854 37.8021139351
-0.3325738895 -0.8965445115 -1.9779077857 500.4450520648 81.4133320442
0.1335359145 -1.8428479847 -1.9814673882 872.1372212759 348.2177738128
0.1715342562 -1.8377072737 -1.7077555890 926.1471429334 421.2445094764
-0.1848550685 -2.1502072710 -1.5052238707 833.4915365311 640.7370109924
-0.0493717641 -1.9211444237 -1.8066152366 826.6600873335 453.1066897147
-0.0107507729 -1.4624962367 -2.1410767009 746.2171485767 206.5952747090
-0.0377600212 -1.2511955147 -2.1143219560 704.1040769244 139.1117086803
0.1874298682 -1.0887540870 -1.9766534841 798.5031892945 55.6702087741
-0.1494214754 -0.9296626480 -2.1805353935 588.8702592809 11.0364437451
0.4152243284 -1.8347950724 -1.8048647437 1018.6093590646 347.0183941983
0.0848713846 -1.9450227874 -1.7652455950 891.3912603688 450.5235805518
0.2709930666 -2.0229951985 -1.3936351784 1045.7056082783 570.9898344684
0.3935839552 -2.0181614624 -1.1510837010 1164.1824527579 648.6097636921
0.2146649190 -1.8495797719 -1.0119872249 1090.4393854912 702.3037599474
0.2918924149 -1.8026157144 -1.9498619558 938.3458769502 317.3568162827
0.3887196067 -1.5483946661 -1.8073259798 980.7384916113 250.2077787497
0.2030463646 -1.2799541855 -2.0787731241 820.9873524656 111.7199621385
0.1329317930 -1.0930724451 -2.0607536919 762.4662747557 50.3779038974
0.6613401754 -1.8611822663 -1.9317589166 1104.2844506804 277.1263461764
0.4035577717 -1.8051025498 -1.6202255344 1046.1591180012 396.5243379823
0.4569104633 -1.8505142371 -1.3525835505 1136.3724662359 497.7176200397
0.3786794710 -2.0383437217 -1.1978401556 1145.2324592535 636.4881907124
0.5109429233 -1.6663972622 -2.1643527627 985.0181746029 180.4365058806
0.4919235673 -1.5187523918 -1.9572107497 999.2434660106 178.9877533073
0.6904453826 -1.1610471457 -1.8405569797 1093.6891388451 7.8474183312
0.6051791213 -2.1125326224 -1.8346550447 1113.1503713583 392.1493907708
0.8885854279 -2.0502117149 -1.9125103482 1213.6146302651 304.5178703488
0.6754756322 -1.9665131575 -1.5812143502 1193.5138196113 412.0752345084
0.8306860570 -1.5674480567 -2.0795252806 1132.5469004541 104.7687042473
0.8551874529 -1.3042941348 -1.8165584212 1196.5478859949 45.6753963731
1.0954692453 -1.8581825129 -2.0326651252 1269.7314029828 174.9144858071
0.8384879369 -2.0700739021 -1.8890727619 1198.2352253297 325.3926331466
0.8471038268 -1.6157640771 -1.8657793855 1191.8329412268 170.4690911725
1.1646618641 -1.3994225008 -1.8999604189 1335.2971001495 4.0235687353
0.8616797140 -1.4018883489 -2.1571992865 1121.0117201503 15.8178182776
1.1428546488 -1.8734027375 -1.9583861169 1309.5707246716 189.1115219881

gimbalangles:
-1.9716685478 -0.0610889744 -1.2147386602

end: