T_CW:
-0.1870668576 -0.0119573018 -0.9822744086 0.0981235399
-0.6455010340 0.7552431764 0.1137372393 0.4440308268
0.7404960540 0.6553356143 -0.1489994184 -0.5621402702
0.0000000000 0.0000000000 0.0000000000 1.0000000000


target_points_pix:
1.2306584174 0.9399160762 -0.5109666492 1025.8800000000 670.4820000000
1.2314353548 0.9403264849 -0.5129180267 1026.3600000000 671.4400000000
1.2575905243 0.9396063337 -0.3889203764 892.3020000000 667.7340000000
1.2662788004 0.9404323136 -0.4727908910 972.7660000000 646.0880000000
1.2687748083 0.9408194917 -0.5887842799 1082.6400000000 625.8630000000
1.2700705643 0.9348801800 -0.1380738964 629.8070000000 696.8250000000
1.2751606654 0.9431864403 -0.5357847638 1030.8000000000 630.2200000000
1.2777315278 0.9403368097 -0.1640189573 652.6130000000 686.2080000000
1.2779560911 0.9399780246 -0.4186659773 915.0710000000 645.1840000000
1.2787820710 0.9386590380 -0.1838342150 675.4080000000 681.3870000000
1.2803023902 0.9409227391 -0.3881563450 882.7440000000 646.4140000000
1.2804856545 0.9373168207 -0.2930989652 788.1060000000 662.0880000000
1.2805785773 0.9393094972 -0.2932589988 787.6740000000 663.2400000000
1.2809451058 0.9419655388 -0.4688545806 960.3700000000 633.5580000000
1.2823234598 0.9379363056 -0.2487446193 742.8050000000 665.0120000000
1.2831726704 0.9400064177 -0.4374260456 929.4450000000 636.7830000000
1.2854260468 0.9425592118 -0.5368740248 1025.2100000000 619.9210000000
1.2858338743 0.9407885174 -0.3047168886 796.0200000000 656.3270000000
1.2859061476 0.9423010931 -0.6227346347 1105.9900000000 606.4740000000
1.2864327098 0.9409975936 -0.3039218830 796.5010000000 654.8890000000
1.2874935777 0.9326009917 -0.3778032032 875.6640000000 637.2660000000
1.2884408734 0.9409046708 -0.4496298985 938.3100000000 628.8660000000
1.2885621892 0.9410595421 -0.4493408056 939.0280000000 629.5840000000
1.2910556160 0.9398154099 -0.3840161208 874.5690000000 638.6330000000
1.2920545354 0.9403626215 -0.3845478453 875.0890000000 637.5540000000
1.2920622790 0.9409924312 -0.4221402552 912.6910000000 630.8070000000
1.2933864280 0.9435994302 -0.7299571496 1198.7500000000 586.4370000000
1.2961689477 0.9424921009 -0.1615428245 647.8330000000 668.8270000000
1.2963264002 0.9412221569 -0.1624449494 647.8340000000 668.2280000000
1.3005053422 0.9372884276 -0.2477258247 737.7890000000 647.7560000000
1.3009364004 0.9369451297 -0.5632795695 1046.3300000000 599.1510000000
1.3034814510 0.9381015016 -0.2923530021 782.1360000000 641.7190000000
1.3061168431 0.9447351526 -0.6521524248 1124.5500000000 587.4900000000
1.3062304153 0.9402748612 -0.3907994806 877.5750000000 625.6480000000
1.3062665519 0.9406568769 -0.3343618232 820.4810000000 633.2920000000
1.3063930301 0.9404090829 -0.3329757257 820.6800000000 633.6910000000
1.3068034389 0.9415680359 -0.2816797932 768.9560000000 640.5330000000
1.3083831254 0.9387571231 -0.0670625981 548.2090000000 673.1290000000
1.3144721459 0.9410724480 -0.1620771302 644.9710000000 652.1640000000
1.3155562446 0.9422727000 -0.4134390733 895.2280000000 613.0890000000
1.3156207742 0.9406439709 -0.1625781387 646.1220000000 653.0260000000
1.3222363569 0.9394798555 -0.1283126209 608.9770000000 649.3210000000
1.3233669169 0.9386977558 0.0500383782 419.6070000000 680.0670000000
1.3239967266 0.9420791110 -0.3747574024 853.6380000000 611.6890000000
1.3252356964 0.9395288981 -0.0118703894 487.0440000000 667.0030000000
1.3262423594 0.9361475429 -0.0388561591 514.7900000000 660.9680000000
1.3268437760 0.9370251465 -0.0384031608 513.8690000000 660.9290000000
1.3303903272 0.9408659530 -0.1896687305 669.4580000000 634.8750000000
1.3315905792 0.9387777726 -0.7146791028 1168.7100000000 555.9220000000
1.3329353778 0.9414209083 -0.3300538218 808.7230000000 610.7320000000
1.3331521975 0.9391391388 -0.1556533297 635.8670000000 638.2630000000
1.3341304674 0.9413254043 -0.3308720582 808.5230000000 610.5320000000
1.3353642749 0.9447196655 -0.7204403125 1168.8500000000 556.5040000000
1.3353720184 0.9447403150 -0.7810207753 1221.7200000000 549.4770000000
1.3360353835 0.9408091669 -0.2971927280 775.9320000000 613.1990000000
1.3384978361 0.9415112498 -0.1082740906 585.6530000000 640.9970000000
1.3386294766 0.9405329799 -0.3659684601 840.6330000000 601.6350000000
1.3392954229 0.9398412217 -0.1401930511 618.8710000000 634.8820000000
1.3436189114 0.9426779464 0.0756249122 392.5530000000 667.0950000000
1.3442229092 0.9396244020 0.1985996380 255.3350000000 684.2670000000
1.3448733684 0.9424508020 -0.2822089365 757.8010000000 608.7800000000
1.3449869406 0.9421720337 -0.2828981135 758.6800000000 608.8990000000
1.3460168343 0.9438678737 -0.2822218425 758.2010000000 608.1800000000
1.3469821983 0.9400606226 -0.1868376844 665.1520000000 621.9300000000
1.3525188448 0.9390462161 -0.2085761846 683.8710000000 610.6430000000
1.3526995279 0.9418261547 -0.5443104250 1003.3100000000 566.6230000000
1.3543334194 0.9390358913 0.2833524024 158.0280000000 691.6170000000
1.3552445784 0.9388190716 0.3348599924 98.9652000000 697.5280000000
1.3579754745 0.9401406394 0.0485557443 419.5440000000 648.0640000000
1.3583626525 0.9397663673 0.1738757368 284.2900000000 668.3760000000
1.3584529941 0.9403187414 0.1598877673 299.2360000000 666.1970000000
1.3588091979 0.9393895140 0.1734547451 284.2890000000 668.9530000000
1.3634630784 0.9449287416 -0.7831270241 1207.1700000000 526.3220000000
1.3651769867 0.9415009251 -0.4361070590 898.1410000000 568.5090000000
1.3680266173 0.9409072520 0.0370903690 429.9460000000 637.6850000000
1.3693017237 0.9405820224 -0.0638874798 535.0470000000 621.5640000000
1.3708788291 0.9426805276 -0.5220657540 975.7200000000 554.0650000000
1.3710724181 0.9389249003 -0.5378058334 992.9560000000 550.8870000000
1.3728456937 0.9398721960 0.1164440642 346.4350000000 646.1340000000
1.3766271329 0.9403393908 -0.6321224124 1070.5100000000 532.4200000000
1.3768103972 0.9415809419 0.0820641998 383.5570000000 638.0960000000
1.3808034938 0.9390358913 0.3955411215 33.3767000000 685.8180000000
1.3823212318 0.9439401469 -0.6351759569 1069.5500000000 531.2220000000
1.3833175701 0.9395469664 0.3046936579 141.3470000000 666.3950000000
1.3872383934 0.9401948444 0.2644142322 185.8610000000 656.7200000000
1.3877210754 0.9410647044 -0.4286525904 883.7850000000 554.1410000000
1.3901706220 0.9414493013 -0.4956395598 942.9820000000 542.3010000000
1.3903487239 0.9419887694 -0.4946432215 943.4910000000 544.7050000000
1.3911127553 0.9427786127 -0.4943644533 943.8910000000 543.3070000000
1.3915696254 0.9413873528 -0.3031604328 765.8240000000 568.8180000000
1.3943805383 0.9415680359 0.2497347627 204.4160000000 648.2860000000
1.3948425708 0.9405665353 0.2503289519 201.7670000000 649.2910000000
1.3955472349 0.9436742847 -0.6591629292 1086.3200000000 519.2270000000
1.3961486515 0.9390771903 0.1409764414 320.7670000000 629.1420000000
1.3964867870 0.9396889317 0.1410551676 320.3570000000 630.1510000000
1.3965487355 0.9415344805 -0.1089846914 580.5080000000 592.6450000000
1.3965564790 0.9394901803 0.3416407710 101.2420000000 661.6430000000
1.3966674701 0.9406362274 -0.1140649840 582.9010000000 591.9400000000
1.3968042730 0.9410001748 -0.1110431882 581.6610000000 591.7810000000
1.4006967033 0.9428173305 -0.1800674885 646.4740000000 578.7800000000
1.4012568209 0.9416583775 -0.1815986488 646.9150000000 577.9010000000
1.4026429184 0.9404503819 0.3251134296 120.6090000000 653.1980000000
1.4033166082 0.9413641222 0.2169588480 240.9180000000 636.1360000000
1.4071316029 0.9403626215 0.2005440463 256.8440000000 629.4890000000
1.4095605000 0.9410001748 -0.4420876696 889.6260000000 536.7590000000
1.4096818158 0.9422159139 -0.1448159573 610.9190000000 576.9280000000
1.4109491787 0.9376652809 -0.0112575381 477.3990000000 592.8170000000
1.4116667487 0.9405923472 -0.1759017106 640.9210000000 570.9100000000
1.4128566760 0.9430599621 -0.2901435059 747.8570000000 554.8460000000
1.4129031374 0.9375155721 0.3822557511 58.8800000000 654.4900000000
1.4155927344 0.9436613787 -0.3967646042 846.4340000000 538.3510000000
1.4163103044 0.9398050851 0.2970456004 154.4770000000 637.5270000000
1.4166690894 0.9393766080 0.2916251073 160.5200000000 636.3180000000
1.4178951534 0.9442395647 -0.4714409301 912.7800000000 527.7530000000
1.4191083113 0.9438498054 -0.4713480074 911.5830000000 526.7550000000
1.4192063964 0.9425695366 -0.3464830782 800.1940000000 542.2210000000
1.4192812509 0.9429541334 -0.5246443600 959.4710000000 518.7290000000
1.4193044815 0.9374407177 -0.0165834564 483.6540000000 584.6540000000
1.4196890784 0.9422468882 -0.3460623447 799.8580000000 542.4130000000
1.4200194704 0.9454862781 -0.5223780777 958.5110000000 521.5820000000
1.4217798400 0.9419268210 0.3501148085 96.4292000000 642.4080000000
1.4223580260 0.9415757795 -0.0694202545 537.4840000000 575.9790000000
1.4235221414 0.9409537134 -0.5647147096 993.3870000000 510.7140000000
1.4237518670 0.9423707851 -0.5538014502 982.4150000000 512.7200000000
1.4266686085 0.9405123304 0.3086428743 143.6100000000 629.1250000000
1.4268544540 0.9393740268 0.1105328875 353.7390000000 599.1470000000
1.4276468785 0.9413899340 0.3080801755 142.4010000000 629.6070000000
1.4284935079 0.9457882770 -0.1398293618 602.3270000000 563.9420000000
1.4289064978 0.9409717817 0.3177363967 133.9400000000 629.1360000000
1.4304397230 0.9423733663 -0.1679098389 629.2120000000 558.6470000000
1.4332661229 0.9447712892 -0.3805289369 827.7570000000 527.8170000000
1.4334597120 0.9405278175 -0.2459073783 701.4790000000 542.4830000000
1.4339552999 0.9408117481 -0.2468373801 702.9100000000 542.8890000000
1.4341359830 0.9433413115 -0.4868196432 921.5690000000 514.7640000000
1.4357156696 0.9409459698 0.4102409824 32.0022000000 638.4070000000
1.4365493930 0.9420791110 0.0924003057 372.5650000000 589.0900000000
1.4366526405 0.9413925152 0.0928971843 372.5250000000 589.0500000000
1.4384001042 0.9413305667 -0.3355311010 784.8270000000 528.8460000000
1.4384620527 0.9417229072 -0.0326143323 498.0850000000 568.8070000000
1.4387098467 0.9419913506 -0.3367494214 786.0650000000 528.3260000000
1.4389653842 0.9424533831 -0.5039458201 934.3420000000 508.5620000000
1.4429533184 0.9403832710 0.1193726791 345.0790000000 586.9080000000
1.4433456588 0.9382899282 -0.0526084662 516.8720000000 562.9970000000
1.4437818794 0.9425153316 -0.1083231331 571.8890000000 556.3810000000
1.4445665603 0.9410440549 0.2729811924 184.4630000000 609.3720000000
1.4450879602 0.9435400629 -0.4480398872 881.6630000000 509.8000000000
1.4452118571 0.9364598665 -0.4484967574 885.6580000000 505.8020000000
1.4517887220 0.9404503819 0.3229323265 132.3470000000 611.3050000000
1.4526043772 0.9379982541 -0.0228381634 485.8340000000 558.0160000000
1.4541789014 0.9421255724 -0.5376587057 958.2920000000 495.3620000000
1.4553714098 0.9398489653 0.4154988606 32.2674000000 622.0430000000
1.4574905645 0.9440821122 -0.4826949062 906.8150000000 499.4750000000
1.4576712476 0.9417564626 0.0313665865 432.9340000000 565.2470000000
1.4598859062 0.9448048446 -0.7832276904 1157.9500000000 462.6550000000
1.4648934093 0.9399341445 0.2745144176 185.7250000000 592.2270000000
1.4658639357 0.9430393126 -0.0553878886 518.2830000000 546.0480000000
1.4669583590 0.9424172465 -0.0568929788 518.2840000000 544.3200000000
1.4678204755 0.9426547157 -0.0571363848 518.8860000000 543.0000000000
1.4697589471 0.9413486350 0.1102987738 353.7610000000 566.0120000000
1.4703293895 0.9428612107 0.3945757575 56.7217000000 607.3760000000
1.4741314782 0.9460696264 -0.7378530012 1116.2800000000 459.2920000000
1.4743715286 0.9385041668 -0.0362156047 496.6600000000 540.0130000000
1.4793867752 0.9461109254 -0.7115713534 1092.3500000000 458.1130000000
1.4793996812 0.9390952586 -0.0071233538 469.0170000000 540.0260000000
1.4801637126 0.9471459814 -0.7117778484 1092.1100000000 457.6340000000
1.4812219993 0.9408788590 -0.0954169392 555.7670000000 528.4650000000
1.4817356556 0.9439504717 -0.2954684950 736.7030000000 505.1010000000
1.4829436511 0.9432096710 -0.2962041333 736.9030000000 504.9010000000
1.4831320778 0.9394695308 0.3106949181 150.9060000000 581.0360000000
1.4856384105 0.9410466361 0.4127602211 40.7813000000 596.7660000000
1.4907982037 0.9396037525 0.0008602013 460.8050000000 534.0300000000
1.4909659809 0.9395805218 0.0008575220 460.6060000000 532.8300000000
1.4932683998 0.9407756115 0.3854848163 70.4439000000 586.1040000000
1.4940892173 0.9413589598 -0.2432642427 687.9450000000 501.9310000000
1.4941692341 0.9438859420 -0.3706455712 798.8320000000 487.8790000000
1.4943344301 0.9423475545 -0.7991665211 1155.7800000000 437.6910000000
1.4944118657 0.9419913506 0.3894727504 68.8535000000 586.3130000000
1.4946106171 0.9410466361 0.3887732487 68.6521000000 585.9130000000
1.4950803932 0.9411705331 0.4125563073 42.5336000000 589.5940000000
1.4955088703 0.9434110036 -0.8707118670 1210.8400000000 430.4560000000
1.4960225265 0.9426856900 -0.1678006547 619.1600000000 511.1610000000
1.4997420172 0.9423527168 0.4335361966 23.8195000000 589.5650000000
1.5000130419 0.9421126664 -0.5541008679 955.5230000000 460.8090000000
1.5037815751 0.9425282376 0.0702286823 392.7720000000 535.7410000000
1.5043881541 0.9403677839 -0.2219756434 666.9590000000 494.9460000000
1.5082754220 0.9454191672 -0.5065605627 912.8260000000 463.0350000000
1.5089155564 0.9448074258 -0.1089196455 562.7410000000 508.7880000000
1.5112644367 0.9431141671 0.0285337335 431.7510000000 524.4420000000
1.5113599407 0.9424120841 -0.6913167777 1062.2500000000 440.7590000000
1.5124001591 0.9422030080 -0.6088426854 995.9070000000 447.6380000000
1.5141398792 0.9438988480 -0.2424423927 681.9560000000 487.9430000000
1.5146251424 0.9392398051 -0.2219988741 664.9640000000 487.9520000000
1.5176967552 0.9410053371 0.2065391117 260.1600000000 543.1230000000
1.5215556300 0.9408220728 0.1511912315 314.3970000000 532.0910000000
1.5270329091 0.9475667149 -0.9463329074 1254.7500000000 406.6480000000
1.5272290794 0.9424249901 0.3453680053 120.3020000000 554.2080000000
1.5280576404 0.9470556399 -0.8502817706 1180.8800000000 416.1470000000
1.5282718790 0.9473705447 -0.8502094974 1180.9300000000 416.0990000000
1.5292940291 0.9413357291 0.1795569297 287.2880000000 530.5000000000
1.5308582285 0.9390978398 0.4023167378 60.8018000000 560.2590000000
1.5309563136 0.9441027617 -0.4388379550 849.7640000000 454.8830000000
1.5318881222 0.9451378178 -0.4405260514 850.8020000000 454.9220000000
1.5351791358 0.9412995925 0.4269464257 37.9068000000 558.9920000000
1.5354217674 0.9428999285 0.2588259620 207.6890000000 537.2580000000
1.5390560790 0.9458244136 -0.8353237910 1162.9800000000 408.7230000000
1.5391386770 0.9429954324 0.1824778011 284.2770000000 525.0960000000
1.5406693209 0.9470866141 -0.7585850965 1103.6300000000 417.3590000000
1.5415675741 0.9436949342 -0.0766813921 530.3210000000 490.8050000000
1.5420502561 0.9437672074 -0.0768308429 529.8400000000 491.0450000000
1.5454264489 0.9436510540 -0.5298428709 918.8280000000 437.8600000000
1.5462859842 0.9463690441 -0.5284335427 919.6250000000 438.8580000000
1.5495640919 0.9388113280 -0.0251070269 481.8580000000 488.0210000000
1.5499409452 0.9424146653 0.0105610047 447.7950000000 495.0310000000
1.5503281233 0.9397792732 -0.0262346701 482.2590000000 488.4210000000
1.5505681737 0.9452539712 -0.2904609919 717.0650000000 459.5940000000
1.5511050607 0.9460954382 -0.2901383435 717.5440000000 460.7450000000
1.5542102288 0.9411627896 0.2690629503 200.8540000000 525.1250000000
1.5558260520 0.9381221511 -0.0268771276 482.2600000000 483.8600000000
1.5563293835 0.9437259084 -0.3406470140 759.5060000000 451.1330000000
1.5640264836 0.9448951862 -0.4833995702 875.7260000000 430.6920000000
1.5656577939 0.9444047606 -0.4825116419 875.7260000000 430.8920000000
1.5676065902 0.9435116699 0.3118383840 160.6040000000 521.1320000000
1.5677614614 0.9430341503 0.3131676954 159.8790000000 521.4130000000
1.5689075086 0.9408788590 0.4007886750 71.3535000000 530.1030000000
1.5692508064 0.9380189036 -0.5746471178 951.6920000000 412.8590000000
1.5700019319 0.9423423921 0.0720192519 390.6610000000 489.0440000000
1.5713828670 0.9417796933 -0.6024387600 968.6420000000 411.6990000000
1.5714706274 0.9430315691 0.0730486293 390.8620000000 488.4430000000
1.5719894460 0.9432509700 0.0729025341 390.1880000000 487.3390000000
1.5748597262 0.9424895198 0.1567536898 311.3960000000 495.6640000000
1.5764729681 0.9471898616 -0.6668703541 1018.9100000000 405.9130000000
1.5797717253 0.9453339880 -0.1761187884 613.9820000000 454.9870000000
1.5811526605 0.9444615468 -0.0915905873 539.9380000000 464.0050000000
1.5820070334 0.9464258302 -0.1718598296 610.7810000000 454.7880000000
1.5844075375 0.9445028457 0.0588995937 402.8960000000 479.5570000000
1.5862040438 0.9406852699 0.3865844020 91.4016000000 516.8180000000
1.5865679911 0.9438368995 0.0198714759 438.7820000000 472.0280000000
1.5894718267 0.9409975936 0.1789000176 290.9140000000 487.2600000000
1.5907159589 0.9418751972 0.2591150549 213.4930000000 496.8830000000
1.5910566756 0.9452746207 -0.2319599335 659.5030000000 442.0570000000
1.5914154606 0.9416480527 0.2598326250 213.7350000000 496.8830000000
1.5918129635 0.9458992680 -0.3587488796 766.7080000000 427.1470000000
1.5919704159 0.9452307405 0.0384434273 420.9420000000 471.6310000000
1.5923575940 0.9415731983 0.2195149977 253.1580000000 490.8210000000
1.5940740834 0.9423811099 0.1611148637 307.3830000000 483.0540000000
1.5956666759 0.9477525604 -0.8566418158 1155.0300000000 377.7670000000
1.5964307073 0.9458089265 -0.0813796690 530.3310000000 454.8080000000
1.5983330423 0.9433800293 -0.2801930293 698.9690000000 432.9690000000
1.6013530312 0.9425824425 -0.0388564173 490.6310000000 456.2080000000
1.6017402093 0.9416970953 -0.1964381519 625.5240000000 437.1730000000
1.6028475386 0.9431941839 -0.0381313618 489.8790000000 454.0160000000
1.6040013293 0.9462012669 -0.3150235690 725.7110000000 424.7640000000
1.6045278915 0.9463793688 -0.3158469677 725.7110000000 425.0520000000
1.6063218165 0.9479125940 -0.6550485168 997.4600000000 389.8640000000
1.6090707809 0.9395366416 0.2098696175 263.1910000000 477.0530000000
1.6097831885 0.9457676275 -0.2960544245 710.3640000000 424.7690000000
1.6130612962 0.9431270730 -0.1898063077 619.9890000000 430.9920000000
1.6139079256 0.9483023533 -0.9338554487 1203.9100000000 360.7450000000
1.6200046897 0.9474841169 -0.8288604983 1125.1200000000 366.8020000000
1.6206086875 0.9453572187 -0.4477998368 832.8210000000 401.9380000000
1.6274333464 0.9420016754 0.4444804301 38.6227000000 496.1120000000
1.6277224393 0.9439607964 -0.0757769441 521.9250000000 435.6090000000
1.6280967115 0.9455946879 -0.6134449421 958.6040000000 381.7830000000
1.6289330161 0.9435065075 -0.5711573527 928.4350000000 383.9090000000
1.6294027922 0.9470220844 -0.6147071426 959.5620000000 381.4950000000
1.6302700711 0.9428612107 -0.7902898185 1092.1800000000 362.7110000000
1.6306262749 0.9425514683 0.4153981943 68.7016000000 490.8940000000
1.6330861463 0.9452178346 -0.5365204021 899.6980000000 386.3210000000
1.6337133748 0.9478041841 -0.9123412536 1178.9900000000 352.7740000000
1.6357705809 0.9413305667 0.1885095193 283.2830000000 458.0320000000
1.6404735039 0.9428353988 0.0436336785 414.4490000000 440.6580000000
1.6410852453 0.9386667816 0.1708245154 299.3510000000 451.2250000000
1.6419783361 0.9489528124 -0.8678957918 1143.0800000000 352.8030000000
1.6476698538 0.9464309926 0.0566789984 402.8990000000 439.2180000000
1.6484829277 0.9424843574 0.2846584831 194.4250000000 462.0340000000
1.6487952514 0.9457469780 0.0578655701 402.6990000000 438.0170000000
1.6517068305 0.9443970171 0.2856754709 194.6660000000 462.2740000000
1.6564484713 0.9407497996 0.4196210165 67.8958000000 473.0520000000
1.6565878554 0.9477551416 -0.3364474225 731.9550000000 393.9780000000
1.6566962653 0.9477628851 -0.3370023777 732.9150000000 393.0980000000
1.6570705374 0.9427140830 0.4403402059 47.8247000000 475.2570000000
1.6572176651 0.9437284896 0.4417753460 46.7021000000 476.0590000000
1.6649663890 0.9473937754 -0.2995725826 703.1770000000 392.3860000000
1.6651341661 0.9473679635 -0.3000862388 702.9770000000 391.9860000000
1.6653071057 0.9458373195 0.0962127192 368.2390000000 432.0120000000
1.6656633095 0.9483436523 -0.2990924818 702.6970000000 393.1060000000
1.6657768817 0.9453468940 0.0957308115 369.3950000000 433.7420000000
1.6667938695 0.9468104271 -0.4159634743 795.4870000000 380.3670000000
1.6690911261 0.9421565466 -1.0245764340 1242.8600000000 321.7460000000
1.6709986234 0.9438368995 0.2621763429 219.2860000000 446.4130000000
1.6710218541 0.9436820282 0.2617427035 219.7690000000 446.4130000000
1.6719562438 0.9468439825 -0.1671212862 592.6900000000 402.6250000000
1.6724337634 0.9444538032 0.2771317414 204.8850000000 448.0130000000
1.6724957119 0.9466762053 -0.1672033679 593.2660000000 401.7610000000
1.6745374310 0.9494225885 -0.2499970113 658.3630000000 395.7050000000
1.6796120450 0.9471021012 -0.7876415204 1069.2200000000 341.1480000000
1.6799063003 0.9465961885 -0.2198928835 635.9970000000 391.9970000000
1.6801360259 0.9486301640 -0.6595113895 976.3360000000 352.7120000000
1.6809594247 0.9469704607 -0.2201071220 635.9970000000 392.3970000000
1.6812640047 0.9460128402 -0.2195513924 635.0370000000 391.6770000000
1.6828152982 0.9468414013 -0.7751305062 1059.1700000000 338.2770000000
1.6842581819 0.9482817038 -0.7742761333 1057.3300000000 337.8790000000
1.6846582659 0.9414493013 0.3494436998 141.4780000000 446.0000000000
1.6880860824 0.9457856958 0.1203457867 347.5300000000 421.0010000000
1.6887907465 0.9416351468 0.2014802429 275.2440000000 428.3970000000
1.6892760097 0.9459844472 -0.0178700750 466.8420000000 407.0040000000
1.6927425441 0.9436381480 -0.3877562610 767.9260000000 365.9820000000
1.6941467099 0.9487075996 -0.5843059202 916.6770000000 351.9410000000
1.6941492911 0.9427682880 0.4227519966 72.8170000000 449.2750000000
1.6985218221 0.9441466419 0.2636114830 220.7320000000 430.5500000000
1.7007700362 0.9455843632 -0.0437485413 486.5960000000 396.0010000000
1.7030827799 0.9439324034 -0.9926264993 1206.9500000000 307.7910000000
1.7035680431 0.9491154272 -0.7349878834 1024.2200000000 333.5030000000
1.7041281607 0.9493580588 -0.7345748935 1023.4300000000 332.9040000000
1.7066215875 0.9519831262 -0.9084823788 1143.0500000000 319.5150000000
1.7067119290 0.9496419894 -0.9084384987 1146.1000000000 317.8340000000
1.7133429989 0.9446551358 0.4015372192 96.1310000000 436.9720000000
1.7173464201 0.9449442288 0.4000994980 96.0498000000 434.8470000000
1.7201857260 0.9495413231 -0.4787121344 830.8430000000 346.9750000000
1.7203999646 0.9473628011 -0.4812029800 832.6410000000 346.7750000000
1.7251183747 0.9462632154 0.2265069175 255.9490000000 410.3700000000
1.7251545113 0.9448280753 0.2257121699 255.1450000000 409.9690000000
1.7262386099 0.9463871124 -0.0613940530 500.8970000000 381.9970000000
1.7281099706 0.9447299902 0.1991029695 279.2570000000 404.9700000000
1.7282028934 0.9446602982 0.1987163077 278.8550000000 405.5700000000
1.7282725854 0.9472905279 -0.1457289232 567.9720000000 373.0000000000
1.7290262921 0.9389842676 -0.9781925007 1189.8900000000 295.0160000000
1.7305853291 0.9508706345 -0.8489059978 1096.0400000000 314.2740000000
1.7309131399 0.9458399007 0.2804304986 207.6930000000 412.7580000000
1.7309518577 0.9446473922 -0.3857893963 757.9410000000 346.9910000000
1.7321366226 0.9471563062 0.0418856985 414.4440000000 388.7880000000
1.7338066507 0.9507596434 -0.5690691723 893.1100000000 333.4670000000
1.7351307997 0.9443789488 0.4449863428 58.8067000000 427.9390000000
1.7366046576 0.9497529804 -0.5685219606 893.7330000000 333.5630000000
1.7372318861 0.9463225827 0.0955077970 367.9920000000 391.1790000000
1.7389638627 0.9436226609 0.2046383254 276.4430000000 399.5620000000
1.7392968358 0.9484881987 -0.9969654749 1191.3200000000 295.3020000000
1.7411681965 0.9500523982 -0.8743281102 1108.2200000000 302.8740000000
1.7414366400 0.9472156735 -0.0109173892 457.8210000000 378.9900000000
1.7472597982 0.9502537308 -0.0142897103 458.2220000000 377.9890000000
1.7491130906 0.9414260706 0.3724446587 126.5190000000 410.3230000000
1.7495983538 0.9402722800 0.3732138525 124.3410000000 407.9170000000
1.7502823684 0.9490095985 -0.8640111051 1098.2400000000 300.8830000000
1.7527267526 0.9471821180 -0.1656402010 581.9810000000 358.9980000000
1.7557673911 0.9490121797 0.2227949122 261.1690000000 392.9470000000
1.7559713049 0.9455017652 0.2210479647 262.6960000000 391.6260000000
1.7562758850 0.9459199175 0.2338364565 251.1200000000 393.5440000000
1.7580801348 0.9443763676 0.2756553023 213.7220000000 397.1350000000
1.7599153589 0.9490534787 -0.6302768636 931.0520000000 314.4570000000
1.7606690656 0.9486017710 -0.6073636651 912.6990000000 315.9660000000
1.7634283546 0.9463045144 0.0804202417 381.2290000000 375.5690000000
1.7635832259 0.9497555616 0.0810069456 381.6300000000 374.9690000000
1.7654055440 0.9435632936 0.2055079274 274.2270000000 384.9410000000
1.7654881420 0.9457934393 -0.3410161237 714.2180000000 334.0790000000
1.7656146202 0.9500188427 -0.6340273286 932.6570000000 312.9610000000
1.7670936404 0.9450165020 -0.3420098808 715.1780000000 334.7990000000
1.7671865632 0.9458631314 -0.3395577530 714.9780000000 334.9990000000
1.7691018040 0.9483307463 -0.5530141881 871.7800000000 317.9780000000
1.7707795757 0.9437826945 -0.3870206226 750.1910000000 326.8780000000
1.7709912330 0.9449468099 0.2308879664 251.1150000000 382.9690000000
1.7763471964 0.9437310708 0.4589608902 52.9427000000 404.2740000000
1.7772893297 0.9448719555 0.2077654337 274.2250000000 378.9330000000
1.7783114798 0.9445777002 0.4592138465 53.0395000000 404.2260000000
1.7785773421 0.9479384059 0.0027001799 445.7920000000 360.9760000000
1.7818064073 0.9493967766 -0.8428350456 1072.1200000000 287.9090000000
1.7844340558 0.9471950240 0.0221851488 428.8720000000 358.5290000000
1.7852574545 0.9448796991 0.1428041800 329.4510000000 368.9440000000
1.7867055005 0.9472466477 -0.4592215901 800.5350000000 316.7940000000
1.7877999239 0.9485011047 -0.0491174106 485.8680000000 350.9800000000
1.7889253215 0.9495335795 -0.2517793210 642.8150000000 331.7750000000
1.7898287370 0.9452255782 -0.2505679699 643.6790000000 332.6390000000
1.7904301536 0.9440459756 0.4092807807 101.3540000000 391.0670000000
1.7913258255 0.9506744643 -1.0129533482 1183.0400000000 271.8370000000
1.7922679589 0.9503543971 -0.4638315903 799.9600000000 316.2180000000
1.7924821974 0.9486301640 -0.2083400059 611.7050000000 335.2290000000
1.7925802825 0.9472363230 -0.5581275199 870.7850000000 305.9840000000
1.7929442299 0.9485733779 -0.2089267098 611.9930000000 334.7970000000
1.7931145882 0.9484907799 0.1041996866 362.4450000000 361.3890000000
1.7935301594 0.9435271570 0.1787286268 300.3330000000 364.9260000000
1.7938269959 0.9481474820 -0.2107722586 612.9940000000 333.9970000000
1.7943690452 0.9483488146 -0.0051464226 449.7980000000 351.9710000000
1.8014440792 0.9500110992 -0.1952268008 599.9880000000 331.9950000000
1.8034444993 0.9454604662 0.4497589579 68.4333000000 387.1980000000
1.8035064478 0.9482920285 -0.1612813502 573.9720000000 333.9910000000
1.8042369237 0.9447945199 0.4802014793 40.8197000000 389.8270000000
1.8053184412 0.9432303205 0.4474694449 68.6749000000 386.2350000000
1.8091385982 0.9439995143 0.4263501715 88.0398000000 382.8390000000
1.8112732400 0.9179475922 0.3502825857 149.6950000000 356.9410000000
1.8116191190 0.9473163398 -0.8282461758 1050.5900000000 274.7290000000
1.8144119636 0.9468130083 0.1465533544 326.4330000000 353.9240000000
1.8146107150 0.9468001023 0.1455226863 327.0350000000 353.9250000000
1.8157257878 0.9487075996 0.1337325977 336.4300000000 352.7280000000
1.8164975628 0.9501737140 -0.8268265228 1049.3900000000 275.9290000000
1.8178552672 0.9397250683 0.3286057758 173.1870000000 364.4610000000
1.8179533524 0.9488831204 -0.1519890764 563.9620000000 326.3870000000
1.8199486100 0.9233577605 0.3534574459 149.6950000000 357.4220000000
1.8228240525 0.9495645538 -0.1538521773 565.0190000000 326.5790000000
1.8229040693 0.9039627201 0.4415456203 66.2260000000 351.3390000000
1.8273953350 0.9045744615 0.3750387518 126.7170000000 342.9700000000
1.8276328042 0.9052223394 0.3743831303 126.4750000000 342.4890000000
1.8290705255 0.9498846210 -0.3004476050 673.9950000000 309.9990000000
1.8303559567 0.9485114294 -0.0167891512 457.7280000000 332.5990000000
1.8308670317 0.8860183069 0.4427432912 61.1242000000 335.2080000000
1.8310244842 0.9517482381 -0.3031733387 673.9150000000 311.0390000000
1.8315045850 0.9473085962 -1.0066836446 1164.0700000000 251.8640000000
1.8326248202 0.9439685400 0.2354613139 255.1190000000 351.8820000000
1.8327125806 0.9483410711 -0.4480140754 784.7170000000 293.7610000000
1.8330403913 0.9448590496 0.2348338273 254.7170000000 351.4820000000
1.8333475526 0.9504912000 -0.0159241696 458.2100000000 333.5600000000
1.8353324855 0.9530698060 -0.7682309929 1003.4700000000 274.7050000000
1.8358229111 0.9501814575 -0.1101513880 531.2870000000 322.5370000000
1.8360603803 0.9494019390 -0.1122666709 531.9280000000 321.9770000000
1.8362281575 0.9486637195 -0.1132312605 531.5270000000 322.7770000000
1.8366204979 0.8615899516 0.4649285949 35.9048000000 317.6050000000
1.8367521385 0.9594014581 -0.7325228497 979.5630000000 277.9610000000
1.8374800333 0.9484468997 0.0437072423 410.0960000000 334.7420000000
1.8401283313 0.9505583108 -1.0114407725 1163.1100000000 251.8640000000
1.8414628051 0.9500265863 -0.5568808065 858.6270000000 285.1140000000
1.8437368310 0.8449129013 0.4612091042 35.4968000000 301.9540000000
1.8447770494 0.8405532762 0.4425858388 51.6313000000 297.5610000000
1.8466019487 0.9455146711 -0.3704829564 723.5730000000 295.2010000000
1.8470381694 0.9580979586 -0.4614749665 784.4300000000 293.7610000000
1.8474640652 0.8439526997 0.4182504062 74.6418000000 297.1900000000
1.8479906274 0.8437771789 0.3980087364 91.5855000000 294.8050000000
1.8511990431 0.9515520679 -0.6962649135 951.6300000000 269.9750000000
1.8514339311 0.9500678853 -0.1278237440 542.3370000000 313.1750000000
1.8515397598 0.9505892851 -0.6845411614 942.6500000000 270.9780000000
1.8518753141 0.9500007744 -0.1285214389 542.8180000000 313.8950000000
1.8541828954 0.9505531485 -0.2486065257 632.3940000000 301.1920000000
1.8542474251 0.9499362447 -0.2495145874 632.1540000000 300.9520000000
1.8568750736 0.9489037699 -0.9669772424 1127.2100000000 247.0940000000
1.8573422685 0.9486327452 0.0643064065 392.7630000000 326.8060000000
1.8573706616 0.9502279189 -0.0057602289 450.7970000000 321.3550000000
1.8576571734 0.9487153432 0.0647712783 392.6430000000 326.9260000000
1.8602874031 0.9522748003 -0.0905612099 513.9010000000 313.9660000000
1.8617535174 0.9489631372 -0.0766439649 502.4430000000 312.4410000000
1.8646857460 0.7994375458 0.3760454148 103.1440000000 252.9350000000
1.8658034001 0.8009578650 0.3756556555 103.6290000000 253.8990000000
1.8665751750 0.7795030373 0.4434531177 34.8234000000 244.1520000000
1.8673056510 0.9520295875 -0.6322230787 903.3320000000 268.7890000000
1.8687020732 0.7810517496 0.4196365037 60.0247000000 241.7880000000
1.8698507015 0.9486740442 -0.7888598408 1006.3100000000 254.3600000000
1.8703695202 0.7796604897 0.3763009523 97.3095000000 237.0350000000
1.8733430478 0.7986657708 0.3285464085 146.6700000000 244.3350000000
1.8750027511 0.9502150129 -0.7876389392 1005.5100000000 253.9610000000
1.8751318105 0.9506899514 -0.9436226609 1107.2600000000 242.9100000000
1.8752737758 0.9515314184 -0.7886765765 1004.6300000000 253.4010000000
1.8780149965 0.9506563960 -0.8288372676 1032.4500000000 249.9500000000
1.8782240727 0.7605493799 0.3560024964 112.0860000000 217.1230000000
1.8786731993 0.7601286464 0.3550139018 113.2470000000 216.5960000000
1.8835413183 0.9461393184 -0.3442606760 699.8240000000 280.7980000000
1.8860760441 0.9494019390 -0.3475078095 701.9830000000 280.7980000000
1.8875034406 0.9446370675 0.3042109759 200.9800000000 326.3890000000
1.8912332560 0.6239400491 0.4009203155 33.0430000000 108.2100000000
1.8921340903 0.6245079103 0.4018392181 35.0791000000 107.6370000000
1.8929703950 0.9506951138 -0.9294467810 1092.2600000000 234.6430000000
1.8934066156 0.7425920608 0.3305416662 135.1810000000 194.3620000000
1.8976965487 0.9467975211 0.3048175549 200.4000000000 326.6770000000
1.8984992979 0.9498949457 0.1140709207 353.5090000000 311.8860000000
1.9065267900 0.9491102648 0.2686654475 232.9810000000 319.8100000000
1.9065758325 0.9480468157 0.2685725247 231.7740000000 319.0080000000
1.9073269580 0.9539938710 -0.0519536191 483.4440000000 296.3410000000
1.9082406983 0.9490457352 0.0914122273 371.0840000000 305.7450000000
1.9087517733 0.9498975269 0.0899765710 372.7690000000 304.6880000000
1.9090460287 0.9490973589 0.0910844165 372.5690000000 304.8890000000
1.9180440471 0.9521792964 -0.8805694208 1053.0000000000 231.5460000000
1.9239446410 0.9468568884 -0.1747574703 569.9530000000 275.9620000000
1.9256069255 0.9475847832 0.2389428191 256.8560000000 307.9680000000
1.9263296579 0.9553619002 -0.9312897486 1082.3300000000 225.9310000000
1.9265568024 0.9493554776 0.3239183400 188.7200000000 316.7660000000
1.9331956158 0.9452126722 0.1917837552 293.0190000000 298.7660000000
1.9357355040 0.9489089322 0.0209483988 425.9520000000 286.4600000000
1.9377694795 0.9505712168 0.0200938710 425.7120000000 286.7000000000
1.9387503306 0.5649857342 0.3144660325 107.9450000000 31.0139000000
1.9410604931 0.9486275828 0.2834427440 223.5570000000 305.6310000000
1.9427279400 0.9494458192 -0.9712904062 1102.2900000000 211.9220000000
1.9440107900 0.9535344196 -0.5617928057 836.4910000000 241.9210000000
1.9441579177 0.9532479079 -0.5622522570 837.4500000000 242.4010000000
1.9450819827 0.9550573201 -0.5628794855 836.2030000000 243.6490000000
1.9507270390 0.9520218440 -0.7251483979 942.8610000000 227.5080000000
1.9516227110 0.9465342400 -0.7891360278 986.5670000000 220.9760000000
1.9529003986 0.9493219222 0.2522418698 247.4400000000 298.5820000000
1.9537212161 0.9493038539 -0.1305321837 536.3120000000 267.5420000000
1.9538657626 0.9502356624 0.2536659107 247.0370000000 297.7800000000
1.9570974090 0.9515752986 -0.2565072815 625.1810000000 257.9720000000
1.9580292175 0.9540893749 -0.8295625812 1006.0800000000 218.8500000000
1.9597302199 0.9522877062 -0.5087545718 797.6620000000 239.0410000000
1.9605716869 0.9530026951 0.1130498031 357.1030000000 285.4510000000
1.9703543863 0.9517224263 -0.4884741842 783.9170000000 237.9990000000
1.9705324882 0.9506073534 -0.1056761257 516.8430000000 263.4480000000
1.9720321579 0.9453443128 0.1724325950 310.3590000000 280.6060000000
1.9731472308 0.9539861274 -0.1067284757 517.0840000000 263.9290000000
1.9741487314 0.9528968664 0.0702286823 386.9550000000 276.3410000000
1.9743732947 0.9526413289 -0.6296367292 873.8730000000 226.0790000000
1.9745617213 0.9481707127 0.1723688397 310.1180000000 280.6060000000
1.9747914470 0.9587897167 -1.0093577545 1114.2700000000 204.9150000000
1.9762188435 0.9511803769 0.1331884835 340.4380000000 279.8300000000
1.9768796274 0.9537280087 -0.6292159957 874.5910000000 226.7990000000
1.9784489892 0.9544404163 -0.7922360336 977.3500000000 214.5400000000
1.9853381778 0.9504860376 -0.4509798594 753.9440000000 231.9940000000
1.9872353503 0.9509842067 -0.5789215637 838.8480000000 224.0000000000
1.9880793985 0.9511777958 -0.0072263690 443.7410000000 263.8850000000
1.9895893930 0.9500627229 0.2012474198 287.7940000000 277.9890000000
1.9904824838 0.9519573143 -0.2863517419 640.7800000000 241.8880000000
1.9904928085 0.9503234228 0.0654181238 390.8000000000 267.4510000000
1.9961585144 0.9526284230 -0.4929267321 780.4000000000 226.0760000000
1.9997257150 0.9517534005 -0.0208031812 452.7570000000 255.8810000000
2.0028386267 0.9501608080 0.1547873414 324.5660000000 267.3960000000
2.0049939180 0.9532995316 -0.0225690230 453.3590000000 256.2020000000
2.0064961690 0.9502356624 0.2423907689 258.0690000000 272.7420000000
2.0067930055 0.9531627287 -0.0722192939 489.8310000000 251.9010000000
2.0068213985 0.9508861216 0.2429002953 259.4770000000 273.3440000000
2.0068549540 0.9509532325 -0.2423037829 608.9660000000 238.9530000000
2.0073686102 0.9532479079 -0.0707330463 488.8530000000 252.1890000000
2.0091986719 0.9514462392 -0.2125261753 589.1530000000 239.9450000000
2.0115320651 0.9503518159 0.1050667074 360.9360000000 260.4560000000
2.0121954302 0.9546340054 -0.9366999169 1058.4100000000 193.9490000000
2.0149521381 0.9505531485 -0.1382700666 535.8980000000 241.9190000000
2.0152670430 0.9583818891 -1.0141148825 1100.0500000000 190.0060000000
2.0153548033 0.9516346659 -0.1375491411 535.5780000000 241.8390000000
2.0163020990 0.9571274322 -0.7599789376 948.6540000000 204.9880000000
2.0223730512 0.9522051083 -0.6328399825 865.8070000000 207.9970000000
2.0232454925 0.9506615583 -0.3391370195 673.8970000000 226.3390000000
2.0233384152 0.9471563062 -0.3619934319 686.9740000000 221.9730000000
2.0235087736 0.6582337018 -0.4561964387 767.8490000000 28.7917000000
2.0263738913 0.6595294578 -0.3711282532 704.2600000000 33.3518000000
2.0267533258 0.6672652757 -0.5364739408 825.8150000000 30.8286000000
2.0280439194 0.6680628625 -0.5366081625 825.4150000000 29.8267000000
2.0297294347 0.6706776051 -0.2413286104 602.8850000000 48.0660000000
2.0331546700 0.9510900354 -0.8528758637 997.9520000000 188.3740000000
2.0359294462 0.9565105284 0.3091281375 209.8010000000 270.6850000000
2.0425940715 0.9537151027 -0.9017093437 1027.8900000000 184.7630000000
2.0454359586 0.9585961277 -0.8530049231 997.5530000000 188.9740000000
2.0529007518 0.8549330699 -0.1653286517 550.8670000000 168.8440000000
2.0596841117 0.9161820602 -0.5314096516 796.2160000000 179.9810000000
2.0603113402 0.9291912435 -0.5355163203 795.8970000000 186.9840000000
2.0613309091 0.9600751479 -0.8680222700 998.3370000000 184.8690000000
2.0613644646 0.9208023852 -0.1791328407 560.3050000000 203.8950000000
2.0631480649 0.9244573462 -0.4004221464 708.4380000000 191.4810000000
2.0661938658 0.8623565642 -0.1671992380 547.6380000000 167.4550000000
2.0680471581 0.9253685053 -0.1811931443 559.7760000000 203.7980000000
2.0725616545 0.9301127273 -0.4064930986 709.1570000000 190.7610000000
2.0787848968 0.9499852873 -1.0105115452 1081.7700000000 164.3340000000
2.1244202859 0.9589678186 -0.0075440874 438.8890000000 212.9320000000
2.1254011370 0.9590426731 -0.0073986633 439.6910000000 212.8120000000
2.1682669123 0.9487127620 -1.0737635367 1090.8900000000 132.3980000000
2.1762066440 0.9570887144 -1.0136605935 1054.9600000000 138.1800000000
2.1877806873 0.9648013016 -1.0249403814 1055.4400000000 137.9390000000
2.1964947751 0.9649019679 -1.0909052007 1091.4600000000 131.2450000000
2.2329927617 0.8996289069 -0.9794056586 1026.2400000000 89.1986000000
2.2365548000 0.9595614917 0.1769584486 314.5900000000 183.9370000000
2.2372852759 0.9598609094 0.1772532202 313.7230000000 184.5140000000
2.2469131041 0.9616186979 0.1380677016 341.3350000000 178.6410000000
2.3078626766 0.9627621638 -1.2608583073 1146.4800000000 89.8503000000
2.3362376672 0.9617761503 -0.9609501704 984.8020000000 98.3368000000
2.3544763357 0.9585315980 -0.0613390737 466.2340000000 132.7550000000
2.3742508106 0.9625143698 0.0460001109 399.4870000000 134.6190000000
2.5049621287 0.9628086251 0.1222530259 353.2670000000 100.2630000000
2.6870674645 0.9512397443 0.1566778029 335.0920000000 47.2658000000

gimbalangles:
-0.6959282457 -0.0003456967 0.3227957537

end: