T_CW:
-0.0547783392 0.2527763286 -0.9659728056 0.0608103100
-0.7768781719 0.5969536769 0.2002663571 0.7239743683
0.6272636126 0.7614134458 0.1636762811 -0.6360682300
0.0000000000 0.0000000000 0.0000000000 1.0000000000


target_points_pix:
1.2760976363 0.9438833608 -0.1635231113 1148.4100000000 690.5170000000
1.2787820710 0.9386590380 -0.1838342150 1172.3600000000 681.8750000000
1.2961689477 0.9424921009 -0.1615428245 1133.5900000000 664.6440000000
1.2985488023 0.9428766978 -0.1609050131 1134.1600000000 664.6440000000
1.3024231643 0.9398438029 -0.1068787008 1057.4700000000 669.0170000000
1.3083831254 0.9387571231 -0.0670625981 1007.2100000000 667.6230000000
1.3144721459 0.9410724480 -0.1620771302 1127.2900000000 642.2180000000
1.3170868885 0.9377762720 -0.0174049709 942.5840000000 666.2470000000
1.3207366872 0.9385377222 -0.2474328599 1240.6300000000 616.1680000000
1.3222363569 0.9394798555 -0.1283126209 1080.7600000000 638.8040000000
1.3233669169 0.9386977558 0.0500383782 859.9660000000 672.8000000000
1.3262423594 0.9361475429 -0.0388561591 967.7330000000 652.3230000000
1.3268437760 0.9370251465 -0.0384031608 967.0150000000 651.8440000000
1.3270399463 0.9397637861 -0.0122375632 934.2620000000 656.1890000000
1.3293991513 0.9385816024 -0.1878218910 1155.6400000000 619.8160000000
1.3353539501 0.9388164904 0.1416013468 748.5490000000 673.6360000000
1.3384978361 0.9415112498 -0.1082740906 1048.0300000000 626.7540000000
1.3392954229 0.9398412217 -0.1401930511 1091.0200000000 618.6670000000
1.3393702774 0.9417642062 -0.1810178817 1139.3700000000 611.4410000000
1.3413242360 0.9376523750 0.2414086272 634.8590000000 685.2680000000
1.3436189114 0.9426779464 0.0756249122 826.2080000000 656.2970000000
1.3469821983 0.9400606226 -0.1868376844 1144.8800000000 599.4550000000
1.3500925288 0.9410698668 0.0266479182 882.5600000000 638.9840000000
1.3525188448 0.9390462161 -0.2085761846 1170.4100000000 588.7010000000
1.3552445784 0.9388190716 0.3348599924 532.5810000000 686.8200000000
1.3563028652 0.9382305609 0.0642576220 836.0470000000 639.2690000000
1.3564164374 0.9380421343 0.2284453890 647.8360000000 666.5490000000
1.3583626525 0.9397663673 0.1738757368 710.0160000000 656.4150000000
1.3584529941 0.9403187414 0.1598877673 724.5980000000 652.5640000000
1.3610883862 0.9394643684 0.1015095734 791.7240000000 639.3120000000
1.3636876417 0.9370148218 -0.2246784045 1186.7900000000 569.7110000000
1.3657190360 0.9398747772 0.1765867577 706.8600000000 647.7860000000
1.3751274632 0.9409227391 0.4221170245 442.4550000000 681.6420000000
1.3808034938 0.9390358913 0.3955411215 468.9160000000 670.8140000000
1.3821689418 0.9379414680 0.3434295337 524.8020000000 659.9590000000
1.3823289754 0.9501401585 0.1670694043 717.8230000000 633.7900000000
1.3825225644 0.9398489653 0.3058706793 564.8960000000 653.1060000000
1.3826619485 0.9398721960 0.3052434508 564.3200000000 652.2430000000
1.3830723573 0.9393559585 0.3583229837 508.7840000000 659.9750000000
1.3833175701 0.9395469664 0.3046936579 565.8430000000 650.9220000000
1.3883405603 0.9435787807 -0.1554847782 1088.0800000000 562.5580000000
1.3889755323 0.9401716137 0.1467921142 738.5350000000 618.9860000000
1.3911514731 0.9426056732 -0.0666111485 980.0090000000 577.0670000000
1.3943805383 0.9415680359 0.2497347627 623.6830000000 630.6000000000
1.3948425708 0.9405665353 0.2503289519 621.8740000000 631.8810000000
1.3953484834 0.9399418880 0.3887035567 477.8280000000 653.7670000000
1.3961486515 0.9390771903 0.1409764414 742.8590000000 609.7760000000
1.3964867870 0.9396889317 0.1410551676 741.4210000000 608.9140000000
1.3965487355 0.9415344805 -0.1089846914 1033.1600000000 559.7680000000
1.3965564790 0.9394901803 0.3416407710 526.6190000000 644.3630000000
1.3966674701 0.9406362274 -0.1140649840 1038.4200000000 562.4000000000
1.3968042730 0.9410001748 -0.1110431882 1032.5800000000 562.9320000000
1.3971295026 0.9381144075 0.3421518461 525.4190000000 643.6440000000
1.3983813784 0.9450242456 0.0234128647 874.4190000000 585.3070000000
1.3995945363 0.9441208300 -0.1423424056 1068.3400000000 551.5920000000
1.3999068600 0.9397070000 0.2397473752 633.4790000000 625.0760000000
1.4006967033 0.9428173305 -0.1800674885 1115.3000000000 543.8860000000
1.4012568209 0.9416583775 -0.1815986488 1116.2100000000 541.9680000000
1.4019563226 0.9379776046 0.5060959490 359.4560000000 666.8500000000
1.4026429184 0.9404503819 0.3251134296 543.4420000000 635.9500000000
1.4030559083 0.9432871066 -0.1576052235 1086.2900000000 545.5870000000
1.4033166082 0.9413641222 0.2169588480 659.4000000000 616.1800000000
1.4033269330 0.9398179910 0.4645543227 401.3460000000 658.1630000000
1.4042716475 0.9426108356 -0.2778260807 1235.6600000000 520.7890000000
1.4096818158 0.9422159139 -0.1448159573 1069.5500000000 542.0060000000
1.4101412671 0.9439530529 -0.1441301359 1067.0600000000 542.2000000000
1.4109491787 0.9376652809 -0.0112575381 911.0740000000 564.1840000000
1.4127792404 0.9421100852 -0.2902983771 1249.6800000000 507.5180000000
1.4163103044 0.9398050851 0.2970456004 572.9960000000 617.6930000000
1.4240745154 0.9413228232 0.0469530852 843.3000000000 563.7610000000
1.4243765143 0.9442473082 0.6665064067 214.8140000000 672.4980000000
1.4258529534 0.9466839489 0.6672446262 214.8160000000 671.3440000000
1.4266686085 0.9405123304 0.3086428743 561.4780000000 608.3480000000
1.4268544540 0.9393740268 0.1105328875 772.2290000000 571.7770000000
1.4276468785 0.9413899340 0.3080801755 561.4780000000 608.2040000000
1.4282999188 0.9425721177 0.7519927445 136.2890000000 680.8300000000
1.4288677800 0.9446189992 0.8155906151 83.0404000000 690.5390000000
1.4291775225 0.9441156677 0.7709102652 123.1860000000 682.4540000000
1.4311159940 0.9405407234 -0.0463462481 948.4450000000 536.8320000000
1.4326492192 0.9380989204 -0.2259369913 1159.9200000000 498.6000000000
1.4334597120 0.9405278175 -0.2459073783 1184.2600000000 493.7960000000
1.4339552999 0.9408117481 -0.2468373801 1184.4600000000 493.9880000000
1.4353852776 0.9406955947 0.1745259378 701.1680000000 575.8610000000
1.4357156696 0.9409459698 0.4102409824 458.7480000000 618.0290000000
1.4358189170 0.9412737806 0.1753947654 701.4540000000 577.0120000000
1.4365493930 0.9420791110 0.0924003057 790.3560000000 559.9680000000
1.4428500709 0.9375878453 -0.2269792747 1155.2600000000 487.7800000000
1.4429533184 0.9403832710 0.1193726791 760.6390000000 557.8330000000
1.4437792983 0.9411653707 -0.1070908744 1014.5300000000 514.4920000000
1.4437818794 0.9425153316 -0.1083231331 1015.3900000000 514.6350000000
1.4445665603 0.9410440549 0.2729811924 597.7980000000 585.7240000000
1.4459836321 0.9415809419 0.2733632081 598.9120000000 583.9320000000
1.4474110286 0.9388655330 -0.0095162950 901.0460000000 528.2420000000
1.4479221037 0.9408504659 0.2123731109 661.1160000000 569.8960000000
1.4486474173 0.9394256506 -0.0010662110 891.2270000000 530.1670000000
1.4497624901 0.9412970113 0.2016123997 672.3930000000 567.2500000000
1.4499896346 0.9401587077 0.4639116071 406.4390000000 613.2710000000
1.4507149482 0.9406646204 0.4622854592 408.8470000000 610.8690000000
1.4510324342 0.9407239877 0.4610671389 410.6520000000 611.0670000000
1.4515409281 0.9399909306 0.1237059762 753.8540000000 549.8470000000
1.4517887220 0.9404503819 0.3229323265 546.8840000000 586.9690000000
1.4518532517 0.9411214906 -0.0229872527 914.5810000000 520.7610000000
1.4526043772 0.9379982541 -0.0228381634 913.9830000000 519.6030000000
1.4526843940 0.9399367257 0.1226688552 754.4130000000 549.9260000000
1.4544034646 0.9416841894 0.1901594141 683.9110000000 560.0480000000
1.4574208724 0.9430289879 -0.2428592544 1173.9400000000 474.8240000000
1.4576712476 0.9417564626 0.0313665865 853.6280000000 528.2780000000
1.4633859960 0.9426030920 -0.1037376541 1003.3700000000 496.7260000000
1.4648934093 0.9399341445 0.2745144176 596.3250000000 565.1450000000
1.4662820880 0.9398954267 0.5332887558 341.4510000000 608.1200000000
1.4669583590 0.9424172465 -0.0568929788 949.9090000000 500.8810000000
1.4676888350 0.9459663789 -0.1229419448 1024.1200000000 488.1230000000
1.4678204755 0.9426547157 -0.0571363848 949.9100000000 500.1620000000
1.4703293895 0.9428612107 0.3945757575 474.8020000000 583.0200000000
1.4742321445 0.9437104213 -0.0995300609 996.5960000000 486.9450000000
1.4756414726 0.9414363954 0.4152872033 456.7720000000 580.0320000000
1.4762893506 0.9406129967 0.1387708169 734.8890000000 529.8790000000
1.4789479734 0.9436329857 -0.2689054979 1191.8700000000 447.6480000000
1.4790357338 0.9401561266 0.2374493442 632.3870000000 547.7080000000
1.4793996812 0.9390952586 -0.0071233538 891.0110000000 498.0480000000
1.4817356556 0.9439504717 -0.2954684950 1222.2200000000 440.2730000000
1.4835244183 0.9459018492 -0.3204156690 1250.7400000000 432.6190000000
1.4844846199 0.9384835173 -0.2233150214 1136.0300000000 448.6920000000
1.4874736346 0.9413847717 0.1211983528 751.5580000000 518.2790000000
1.4881679740 0.9416041726 0.2430303871 626.3450000000 538.7410000000
1.4893346706 0.9442214963 -0.1159482181 1010.9700000000 470.1580000000
1.4907982037 0.9396037525 0.0008602013 880.4800000000 489.4250000000
1.4908188532 0.9393482150 -0.0194718823 904.4310000000 483.4160000000
1.4909659809 0.9395805218 0.0008575220 880.9600000000 488.8500000000
1.4919365072 0.9389197379 -0.0205882200 903.9520000000 483.6560000000
1.4944118657 0.9419913506 0.3894727504 482.2290000000 558.0180000000
1.4971788984 0.9428353988 -0.1584805040 1056.4500000000 454.5450000000
1.5037815751 0.9425282376 0.0702286823 803.3430000000 492.3520000000
1.5043055561 0.9425540494 0.0717851382 803.3440000000 490.9140000000
1.5043623423 0.9408891837 0.2873713109 583.1410000000 531.5700000000
1.5047262896 0.9395082486 0.5191825679 359.5370000000 570.3310000000
1.5060220456 0.9409175768 0.1551056018 715.1240000000 505.1130000000
1.5065899068 0.9404065017 0.3007263733 568.7340000000 531.5780000000
1.5089155564 0.9486714630 -0.1095716534 997.8180000000 453.3890000000
1.5106423706 0.9424198277 0.5294118127 352.0260000000 568.6060000000
1.5141398792 0.9438988480 -0.2424423927 1147.0200000000 419.7220000000
1.5146251424 0.9392398051 -0.2219988741 1123.7200000000 421.6580000000
1.5153530372 0.9430005948 -0.2416651972 1146.7000000000 420.2020000000
1.5157866767 0.9416299844 -0.0499369375 930.7870000000 457.0300000000
1.5160990003 0.9417822745 0.3345708994 535.5900000000 529.9150000000
1.5176967552 0.9410053371 0.2065391117 661.9560000000 504.9420000000
1.5190338101 0.9422520505 0.2067768390 660.9170000000 503.9440000000
1.5195655347 0.9426237415 0.0137665294 860.8550000000 466.4240000000
1.5221363971 0.9407265689 -0.0822675974 964.5100000000 446.8200000000
1.5244594655 0.9434729521 0.2671425470 599.5730000000 511.4580000000
1.5272290794 0.9424249901 0.3453680053 524.9030000000 521.0020000000
1.5284164255 0.9484417374 -0.1041026340 985.8600000000 437.5770000000
1.5290849529 0.9411111658 0.0928853108 776.8730000000 472.9060000000
1.5292940291 0.9413357291 0.1795569297 686.8320000000 489.5400000000
1.5323449923 0.9413486350 0.4463776027 430.5450000000 534.0440000000
1.5324430774 0.9409175768 0.4460601167 430.3040000000 534.2840000000
1.5351791358 0.9412995925 0.4269464257 448.5850000000 528.0350000000
1.5354217674 0.9428999285 0.2588259620 609.0840000000 499.6510000000
1.5398846400 0.9404555443 0.4697296030 408.6540000000 532.8530000000
1.5409042090 0.9409821065 -0.0766839733 953.5480000000 430.6470000000
1.5415675741 0.9436949342 -0.0766813921 954.2670000000 430.4060000000
1.5454057994 0.9432380640 -0.3323923774 1238.8200000000 372.7010000000
1.5465854019 0.9407291501 0.4874907519 393.6560000000 531.0590000000
1.5473339462 0.9432896878 0.7544138980 160.5770000000 573.2160000000
1.5495640919 0.9388113280 -0.0251070269 896.6820000000 430.8800000000
1.5503281233 0.9397792732 -0.0262346701 896.8020000000 430.4410000000
1.5511050607 0.9460954382 -0.2901383435 1186.0800000000 378.1730000000
1.5533842489 0.9426598781 0.2683970040 597.9670000000 485.9810000000
1.5542102288 0.9411627896 0.2690629503 599.0070000000 486.7010000000
1.5558415391 0.9419345645 0.4708627442 409.2370000000 518.4490000000
1.5560222222 0.9429876889 0.1129940494 751.9140000000 453.9340000000
1.5563293835 0.9437259084 -0.3406470140 1245.6100000000 364.5030000000
1.5586188965 0.9448977674 -0.3018930699 1197.0100000000 368.3830000000
1.5666076708 0.9447712892 -0.1840845901 1062.0100000000 385.7470000000
1.5677614614 0.9430341503 0.3131676954 557.2280000000 480.9580000000
1.5682054256 0.9438678737 0.3115002485 557.9480000000 481.1980000000
1.5700019319 0.9423423921 0.0720192519 792.8690000000 434.9300000000
1.5710576375 0.9436717035 0.1764546009 689.4390000000 454.4250000000
1.5719894460 0.9432509700 0.0729025341 791.8720000000 433.3720000000
1.5727896141 0.9398980078 0.5356557044 351.5360000000 515.0670000000
1.5733006891 0.9447222467 0.1242139538 739.9320000000 441.9480000000
1.5748597262 0.9424895198 0.1567536898 706.9980000000 446.3580000000
1.5765865404 0.9388293964 -0.1043124845 974.5190000000 391.8760000000
1.5771260085 0.9445389824 -0.1043191956 974.1100000000 395.5850000000
1.5797717253 0.9453339880 -0.1761187884 1050.5200000000 377.8430000000
1.5835428398 0.9393740268 0.3828132875 490.6270000000 478.6740000000
1.5861446765 0.9390875151 0.4411274680 433.4960000000 485.6010000000
1.5862195309 0.9429799453 0.2237354968 641.0730000000 449.2600000000
1.5865679911 0.9438368995 0.0198714759 843.3990000000 410.3270000000
1.5865705723 0.9422907683 0.3835644130 490.9150000000 478.0980000000
1.5907159589 0.9418751972 0.2591150549 606.5100000000 450.9980000000
1.5909766588 0.9445570507 0.0404407499 822.3620000000 411.2000000000
1.5910566756 0.9452746207 -0.2319599335 1108.5500000000 357.5210000000
1.5914154606 0.9416480527 0.2598326250 605.9810000000 451.1900000000
1.5918129635 0.9458992680 -0.3587488796 1249.2300000000 329.7330000000
1.5919704159 0.9452307405 0.0384434273 822.0750000000 411.7750000000
1.5926131315 0.9426418098 0.2605656821 606.9810000000 452.9890000000
1.5940740834 0.9423811099 0.1611148637 700.7680000000 430.7690000000
1.5943760823 0.9372781029 0.4661701459 417.3310000000 483.6360000000
1.5964307073 0.9458089265 -0.0813796690 947.5900000000 383.8990000000
1.5993603547 0.9413615410 0.2252356828 638.3880000000 437.9850000000
1.6017402093 0.9416970953 -0.1964381519 1067.2000000000 354.0970000000
1.6028475386 0.9431941839 -0.0381313618 898.5010000000 385.1230000000
1.6040013293 0.9462012669 -0.3150235690 1192.7300000000 328.1070000000
1.6097831885 0.9457676275 -0.2960544245 1172.6200000000 329.5620000000
1.6130612962 0.9431270730 -0.1898063077 1054.8500000000 346.9120000000
1.6132961843 0.9400709474 -0.1887738329 1055.3300000000 346.6720000000
1.6219973662 0.9442576330 -0.2684357218 1137.1200000000 324.8350000000
1.6222374166 0.9434806956 0.4954485519 394.4750000000 468.0330000000
1.6277224393 0.9439607964 -0.0757769441 934.4340000000 358.7280000000
1.6307501719 0.9428741166 0.5341534535 360.7750000000 468.0370000000
1.6313825627 0.9427786127 0.5335339686 360.5750000000 468.0370000000
1.6316845616 0.9465394024 -0.0966884320 953.5920000000 351.5250000000
1.6357705809 0.9413305667 0.1885095193 672.1820000000 400.8850000000
1.6363410233 0.9417409755 0.1891375221 670.9900000000 401.9890000000
1.6380471880 0.9464903599 0.0433990485 812.2640000000 374.3650000000
1.6386150492 0.9466374875 0.0435490155 811.8650000000 374.9650000000
1.6389015610 0.9448719555 0.0169445645 837.4250000000 369.5600000000
1.6403831624 0.9456721235 -0.1341208083 989.5100000000 338.3180000000
1.6404735039 0.9428353988 0.0436336785 810.3010000000 369.7600000000
1.6408916563 0.9437620450 0.3268170131 543.9490000000 425.0060000000
1.6410749206 0.9387829350 0.1715836426 686.0020000000 393.9730000000
1.6414362868 0.9503776277 0.1713621767 689.9830000000 399.9860000000
1.6476698538 0.9464309926 0.0566789984 796.2090000000 370.0530000000
1.6517068305 0.9443970171 0.2856754709 581.7390000000 410.4020000000
1.6523598708 0.9447661268 0.2871002862 582.3160000000 409.5380000000
1.6527367242 0.9479487306 -0.1911343285 1044.8200000000 316.7040000000
1.6547526313 0.9432612947 0.2090464769 650.9970000000 392.9950000000
1.6564484713 0.9407497996 0.4196210165 460.6310000000 428.4120000000
1.6565878554 0.9477551416 -0.3364474225 1196.6000000000 283.0180000000
1.6566962653 0.9477628851 -0.3370023777 1196.5100000000 283.2100000000
1.6568924355 0.9420120001 0.4210406695 460.8310000000 429.0120000000
1.6570705374 0.9427140830 0.4403402059 443.8930000000 432.0140000000
1.6572176651 0.9437284896 0.4417753460 442.5940000000 433.2140000000
1.6577545520 0.9459224987 0.0653406882 788.3010000000 364.7770000000
1.6628936957 0.9373090771 0.3563716062 513.1320000000 409.5420000000
1.6649663890 0.9473937754 -0.2995725826 1155.1400000000 284.9720000000
1.6651341661 0.9473679635 -0.3000862388 1155.4200000000 284.9720000000
1.6709986234 0.9438368995 0.2621763429 601.3340000000 390.5290000000
1.6710218541 0.9436820282 0.2617427035 602.3910000000 390.0010000000
1.6719562438 0.9468439825 -0.1671212862 1015.5200000000 307.5110000000
1.6736572462 0.9439169163 0.5421886892 358.1280000000 437.7760000000
1.6745374310 0.9494225885 -0.2499970113 1098.2600000000 291.9210000000
1.6763442620 0.9421668714 0.5145261063 381.2390000000 429.1310000000
1.6776864793 0.9450913564 -0.1220855069 967.9760000000 311.9470000000
1.6777587526 0.9436200797 0.4913960881 401.6960000000 426.0100000000
1.6792661659 0.9463742064 0.0033104500 843.8250000000 335.9770000000
1.6793952252 0.9484856175 -0.2211677318 1068.3300000000 289.9100000000
1.6799063003 0.9465961885 -0.2198928835 1067.8100000000 290.7890000000
1.6809594247 0.9469704607 -0.2201071220 1067.2400000000 290.2140000000
1.6818705837 0.9435400629 0.2007923565 657.9980000000 369.9980000000
1.6846479411 0.9462503095 -0.0504281374 896.5630000000 321.3770000000
1.6846582659 0.9414493013 0.3494436998 523.5130000000 395.7150000000
1.6850454439 0.9480519781 -0.0505577130 898.2870000000 323.9670000000
1.6865089771 0.9484004384 0.0082133892 838.6350000000 332.3800000000
1.6868213007 0.9465626331 -0.1560596086 1000.5000000000 298.9410000000
1.6938214803 0.9440537192 -0.3892843238 1241.6600000000 241.7150000000
1.6941338040 0.9445751190 0.0825412032 765.5340000000 340.7920000000
1.6941492911 0.9427682880 0.4227519966 459.4760000000 400.8970000000
1.6947739384 0.9453185009 0.4235392587 460.6300000000 402.0020000000
1.6985218221 0.9441466419 0.2636114830 600.4710000000 370.0810000000
1.6994355624 0.9463974371 0.2796225870 586.9840000000 373.0010000000
1.7125763863 0.9451713732 0.1089459736 740.3590000000 331.1980000000
1.7232650823 0.9488005224 -0.2961008859 1132.0000000000 243.4920000000
1.7262386099 0.9463871124 -0.0613940530 899.7340000000 289.9830000000
1.7275911520 0.9420300684 0.1519839141 699.5870000000 328.8000000000
1.7281099706 0.9447299902 0.1991029695 656.6390000000 336.9600000000
1.7282028934 0.9446602982 0.1987163077 656.9990000000 337.0000000000
1.7282725854 0.9472905279 -0.1457289232 978.7670000000 271.1650000000
1.7290985653 0.9433929353 0.1514361861 699.8270000000 325.4410000000
1.7298471096 0.9444434784 -0.3851311936 1224.0000000000 215.8200000000
1.7303039797 0.9459354046 0.2649098201 598.7890000000 347.9980000000
1.7309131399 0.9458399007 0.2804304986 584.9820000000 350.9970000000
1.7309518577 0.9446473922 -0.3857893963 1224.2000000000 215.8200000000
1.7310938230 0.9464593856 0.0426076566 799.0980000000 305.9970000000
1.7321366226 0.9471563062 0.0418856985 799.9610000000 305.8530000000
1.7325496126 0.9437904381 0.4914244812 405.7810000000 385.3270000000
1.7351307997 0.9443789488 0.4449863428 443.7910000000 375.5850000000
1.7373093217 0.9449881089 0.3287890401 543.5480000000 353.9930000000
1.7373299712 0.9244212096 0.7362165285 201.9010000000 417.5640000000
1.7414366400 0.9472156735 -0.0109173892 847.8290000000 288.9940000000
1.7426781910 0.9478790386 -0.0199687350 856.9020000000 286.8410000000
1.7486923571 0.9447403150 0.4535429783 437.7760000000 368.9790000000
1.7491130906 0.9414260706 0.3724446587 503.8970000000 352.7850000000
1.7557673911 0.9490121797 0.2227949122 635.9980000000 322.7970000000
1.7559713049 0.9455017652 0.2210479647 636.4780000000 322.5570000000
1.7583124417 0.9420378120 0.5318097356 375.4510000000 374.3660000000
1.7614201910 0.9453159197 0.5305346291 374.6080000000 373.9650000000
1.7635832259 0.9497555616 0.0810069456 759.9430000000 292.0020000000
1.7644375988 0.9449235793 0.2214991562 635.9970000000 316.9960000000
1.7671865632 0.9458631314 -0.3395577530 1162.1500000000 203.8790000000
1.7673285284 0.9477628851 -0.1082286617 934.2330000000 253.4260000000
1.7707795757 0.9437826945 -0.3870206226 1208.6600000000 188.1890000000
1.7748088089 0.9431993462 0.4586614724 434.1630000000 351.5660000000
1.7748604326 0.9449571347 0.3169723653 552.9120000000 326.8640000000
1.7759213005 0.9446319051 0.3871909810 493.8770000000 337.9750000000
1.7772893297 0.9448719555 0.2077654337 646.7970000000 304.7950000000
1.7853710267 0.9474505615 0.0236956079 810.3190000000 266.1140000000
1.7874385577 0.9189284433 0.6827265868 251.3970000000 367.9700000000
1.7877999239 0.9485011047 -0.0491174106 874.7890000000 249.9980000000
1.7904301536 0.9440459756 0.4092807807 476.4850000000 331.1650000000
1.7908637930 0.9447274090 0.4095750361 476.7740000000 331.7410000000
1.7914548849 0.9423682040 0.1791413586 671.0330000000 287.9950000000
1.7924821974 0.9486301640 -0.2083400059 1025.9100000000 214.2340000000
1.7929442299 0.9485733779 -0.2089267098 1026.2000000000 214.5220000000
1.7935301594 0.9435271570 0.1787286268 670.7930000000 287.9950000000
1.7936282445 0.8950137442 0.7459372794 188.8370000000 362.7400000000
1.7938269959 0.9481474820 -0.2107722586 1026.6800000000 214.7620000000
1.7940154226 0.9499723814 -0.2635056543 1078.1600000000 203.9380000000
1.7943690452 0.9483488146 -0.0051464226 833.6150000000 254.8810000000
1.7949033510 0.9488676332 -0.3028352032 1115.2700000000 195.7550000000
1.7977916994 0.9482610543 -0.2778286619 1090.8500000000 197.2110000000
1.8014440792 0.9500110992 -0.1952268008 1011.1100000000 212.3690000000
1.8021564869 0.9404065017 0.1560789675 686.3880000000 275.9950000000
1.8035064478 0.9482920285 -0.1612813502 979.5840000000 217.9790000000
1.8054268510 0.9468930251 0.2608780058 601.3260000000 297.2000000000
1.8055662351 0.9461728738 0.2702115786 592.7770000000 298.7820000000
1.8062760616 0.9476906119 0.2760347368 587.4940000000 299.5010000000
1.8091385982 0.9439995143 0.4263501715 462.8150000000 322.9540000000
1.8112732400 0.9179475922 0.3502825857 516.8560000000 290.8310000000
1.8120914763 0.9238120494 0.5276901608 374.5890000000 328.9190000000
1.8125638335 0.9447841951 0.1946847515 655.1920000000 279.5900000000
1.8157257878 0.9487075996 0.1337325977 708.4580000000 267.8360000000
1.8178552672 0.9397250683 0.3286057758 540.7940000000 295.4520000000
1.8179533524 0.9488831204 -0.1519890764 964.4200000000 208.7840000000
1.8181443602 0.9437517203 0.3290987826 542.9330000000 298.9670000000
1.8199486100 0.9233577605 0.3534574459 516.5680000000 291.9840000000
1.8204545227 0.9488986075 -0.1119608002 925.6990000000 215.9920000000
1.8229040693 0.9039627201 0.4415456203 437.7460000000 293.9150000000
1.8230744277 0.9425979296 0.1665317430 677.9880000000 265.9900000000
1.8234177256 0.9480339098 0.1115733640 727.1670000000 259.1970000000
1.8234667681 0.9033767906 0.4168204285 459.1520000000 289.3620000000
1.8276328042 0.9052223394 0.3743831303 493.0530000000 280.7320000000
1.8284587841 0.9488418214 -0.2211716036 1027.6400000000 190.0430000000
1.8289776027 0.9512320007 -0.4202224332 1222.5100000000 146.6930000000
1.8290705255 0.9498846210 -0.3004476050 1102.1200000000 173.9230000000
1.8293544561 0.9461754550 0.2002598576 649.4300000000 272.1460000000
1.8296590362 0.8816199640 0.4830201357 395.6280000000 286.4400000000
1.8312129108 0.8858892476 0.4170733848 452.5050000000 274.6550000000
1.8326248202 0.9439685400 0.2354613139 620.9840000000 273.9790000000
1.8333475526 0.9504912000 -0.0159241696 839.8460000000 229.2010000000
1.8334172447 0.9446912724 0.2351523458 620.6240000000 273.5780000000
1.8343516344 0.8861163920 0.3748787182 486.5530000000 264.8730000000
1.8349504698 0.8648964523 0.5076911227 371.0650000000 277.7710000000
1.8358229111 0.9501814575 -0.1101513880 924.1830000000 207.3520000000
1.8359829447 0.8655753046 0.5089042806 370.3420000000 277.0490000000
1.8360603803 0.9494019390 -0.1122666709 926.0990000000 207.5920000000
1.8366204979 0.8615899516 0.4649285949 404.2780000000 264.8180000000
1.8370386503 0.9501530645 0.6064550872 325.8230000000 338.3040000000
1.8375884431 0.9481423197 0.0433218711 786.1550000000 236.1590000000
1.8389822842 0.9490225045 0.0009346453 822.3990000000 228.0960000000
1.8391965227 0.9496213399 0.0015593287 821.8710000000 228.0000000000
1.8411324131 0.8625449908 0.3974821742 460.5710000000 250.6800000000
1.8428076036 0.8404009861 0.5077246781 362.3790000000 257.5730000000
1.8429573124 0.8412785898 0.5079724721 361.8970000000 257.8130000000
1.8447770494 0.8405532762 0.4425858388 416.0550000000 243.4370000000
1.8454894570 0.9483643018 -0.3471877423 1144.0300000000 153.9700000000
1.8466019487 0.9455146711 -0.3704829564 1165.6000000000 145.3090000000
1.8466458289 0.9487772917 0.0810645060 753.3540000000 240.1880000000
1.8472317584 0.9471227507 -0.4042758588 1200.3300000000 139.0330000000
1.8474640652 0.8439526997 0.4182504062 438.6240000000 240.0430000000
1.8479906274 0.8437771789 0.3980087364 454.2100000000 236.5940000000
1.8518391775 0.9483152592 -0.1912884254 994.3620000000 182.3740000000
1.8524870555 0.8190184316 0.4195384186 427.6670000000 220.8140000000
1.8540228618 0.9507338316 -0.2029744922 1002.5500000000 177.9710000000
1.8542474251 0.9499362447 -0.2495145874 1045.8500000000 166.7530000000
1.8542706558 0.8194314216 0.4210019517 426.4800000000 220.9970000000
1.8566556727 0.8009630274 0.5094592359 346.2090000000 225.3420000000
1.8573422685 0.9486327452 0.0643064065 764.5750000000 227.5140000000
1.8573422685 0.9497374933 -0.1350353229 940.4740000000 189.5880000000
1.8574919774 0.8016109054 0.5091185192 346.7400000000 226.1120000000
1.8602874031 0.9522748003 -0.0905612099 902.1450000000 199.1940000000
1.8617535174 0.9489631372 -0.0766439649 887.9620000000 198.7150000000
1.8637332879 0.8517659532 0.8532836913 100.0760000000 311.6630000000
1.8646857460 0.7994375458 0.3760454148 457.6360000000 191.3150000000
1.8651451973 0.9497684676 0.1296641305 708.4520000000 234.9940000000
1.8653852477 0.8486220672 0.8536915188 100.3190000000 312.1440000000
1.8658034001 0.8009578650 0.3756556555 459.3200000000 191.7970000000
1.8662602702 0.7801870519 0.4641413328 376.7680000000 197.0020000000
1.8665751750 0.7795030373 0.4434531177 392.6560000000 192.6910000000
1.8687020732 0.7810517496 0.4196365037 415.7610000000 186.9450000000
1.8699023253 0.7595917595 0.5295176414 311.2300000000 195.2390000000
1.8702662727 0.7601028345 0.5294815047 312.0010000000 194.9030000000
1.8717091563 0.7809665704 0.3758492446 452.0870000000 176.1640000000
1.8754673648 0.8501914290 0.8368957339 113.3730000000 302.0520000000
1.8830070125 0.6200140634 0.3954430363 370.7700000000 51.1876000000
1.8846099298 0.9482765414 -0.0922547268 898.7530000000 180.9900000000
1.8852732949 0.6864486587 0.4716913053 333.3020000000 123.3340000000
1.8856578917 0.9496084340 -0.3484938230 1132.8500000000 127.7600000000
1.8875034406 0.9446370675 0.3042109759 562.7340000000 249.5400000000
1.8875808762 0.9487953600 0.3063817543 561.9350000000 253.9430000000
1.8881048572 0.9475073476 -0.1877413580 985.9860000000 159.8120000000
1.8893748013 0.7939757537 0.4277078759 416.0490000000 186.3690000000
1.8899013634 0.9512991116 -0.1908209724 986.5850000000 159.9710000000
1.8912332560 0.6239400491 0.4009203155 370.7710000000 51.1876000000
1.8930349247 0.7433870665 0.4830201357 346.6600000000 160.3100000000
1.8934066156 0.7425920608 0.3305416662 478.3500000000 125.8440000000
1.8976965487 0.9467975211 0.3048175549 561.5320000000 247.0410000000
1.9005926407 0.7463322010 0.3313960392 480.6980000000 124.7000000000
1.9008998020 0.9481242513 0.2922626605 573.9420000000 243.9410000000
1.9060415268 0.9183941376 0.6459395073 291.2410000000 286.8000000000
1.9065758325 0.9480468157 0.2685725247 591.7930000000 236.1030000000
1.9073269580 0.9539938710 -0.0519536191 862.3720000000 178.5490000000
1.9077347856 0.9492238371 0.2713756940 592.7540000000 236.3440000000
1.9082406983 0.9490457352 0.0914122273 737.2290000000 203.0180000000
1.9087517733 0.9498975269 0.0899765710 737.9490000000 202.7780000000
1.9090460287 0.9490973589 0.0910844165 737.9490000000 202.9780000000
1.9110645170 0.6635586909 0.5319129831 272.4960000000 103.7290000000
1.9117872494 0.9512603938 -0.1055408715 906.9390000000 163.1840000000
1.9119111464 0.9515675550 -0.1063570429 905.5010000000 164.1440000000
1.9272330734 0.9501814575 -0.3067379582 1081.4000000000 113.9130000000
1.9359729732 0.9474144249 0.2030883225 643.1650000000 206.3440000000
1.9364091938 0.9489812055 0.0299162174 784.4180000000 176.2320000000
1.9364892106 0.9478016029 0.2046285169 642.7810000000 205.5750000000
1.9373022846 0.9536944532 -0.4556724577 1217.4100000000 77.5254000000
1.9377694795 0.9505712168 0.0200938710 793.3370000000 172.7760000000
1.9378469151 0.9505918663 0.2544601420 602.9510000000 215.9320000000
1.9381953753 0.9541797164 -0.4552517242 1217.1700000000 77.7659000000
1.9394549947 0.9513713848 0.0310986592 784.7050000000 174.2150000000
1.9410604931 0.9486275828 0.2834427440 580.5430000000 219.3790000000
1.9416025424 0.9484701304 0.2844571505 578.8130000000 218.8010000000
1.9438481752 0.9507415751 -0.2565080559 1031.9800000000 115.1370000000
1.9514110536 0.9483772077 0.0768693025 745.1360000000 175.1630000000
1.9519066416 0.9489089322 0.2677517072 591.5400000000 211.1210000000
1.9524564344 0.9505660544 0.2518350747 604.7480000000 209.0150000000
1.9529003986 0.9493219222 0.2522418698 604.7470000000 207.2850000000
1.9530526887 0.9482274988 -0.1319100215 921.7140000000 133.9680000000
1.9555486967 0.9495852033 -0.2642541986 1038.6900000000 105.5270000000
1.9570690159 0.9500704665 0.0900377451 732.9020000000 174.1980000000
1.9570974090 0.9515752986 -0.2565072815 1029.4000000000 107.0680000000
1.9598128179 0.9525432438 0.1176897451 709.8730000000 179.9530000000
1.9605716869 0.9530026951 0.1130498031 716.9500000000 177.9550000000
1.9619061607 0.9534182662 -0.1299188937 919.8770000000 133.8880000000
1.9714513908 0.9463148391 0.1731380335 665.2370000000 179.9330000000
1.9721147559 0.9484959423 -0.3646778665 1120.3400000000 74.8562000000
1.9725070963 0.9490896153 0.2212911126 627.7910000000 190.0020000000
1.9731472308 0.9539861274 -0.1067284757 896.1560000000 130.7660000000
1.9745617213 0.9481707127 0.1723688397 665.2370000000 179.6440000000
1.9776927014 0.9510203433 0.0179685215 790.4530000000 149.7190000000
1.9880793985 0.9511777958 -0.0072263690 810.5910000000 139.6370000000
1.9882729876 0.9509919503 -0.4510056713 1196.7400000000 49.8664000000
1.9897520078 0.9067039409 1.0425492403 25.3743000000 298.5290000000
1.9902114591 0.9488340778 0.2908714007 572.9110000000 192.8910000000
1.9904824838 0.9519573143 -0.2863517419 1048.2800000000 83.9057000000
1.9904928085 0.9503234228 0.0654181238 751.6030000000 152.5880000000
2.0043047411 0.9525122695 -0.0218054562 820.6570000000 129.5520000000
2.0064961690 0.9502356624 0.2423907689 610.9330000000 175.8970000000
2.0067930055 0.9531627287 -0.0722192939 860.9260000000 119.4730000000
2.0068549540 0.9509532325 -0.2423037829 1003.9700000000 83.9200000000
2.0115320651 0.9503518159 0.1050667074 715.6170000000 148.2480000000
2.0133621268 0.9498175101 0.0162938472 787.8890000000 129.9420000000
2.0143610463 0.9516165976 0.0461394950 763.6850000000 136.4510000000
2.0149521381 0.9505531485 -0.1382700666 915.3240000000 99.5420000000
2.0153548033 0.9516346659 -0.1375491411 913.8380000000 100.1660000000
2.0155561359 0.9486585571 -0.1200128136 898.3110000000 101.8950000000
2.0162427317 0.9512268383 0.0169798235 788.2880000000 129.5420000000
2.0212889526 0.9530078575 0.0855364128 733.1270000000 140.3290000000
2.0215961139 0.9515752986 -0.4858000743 1217.2400000000 25.6902000000
2.0233487400 0.9535834622 -0.4412436214 1174.3300000000 34.3158000000
2.0271250168 0.9538751364 -0.4399530279 1174.0900000000 33.3546000000
2.0359294462 0.9565105284 0.3091281375 560.0450000000 176.9820000000
2.0475576944 0.9070524011 0.8622120177 155.3570000000 234.2390000000
2.0613644646 0.9208023852 -0.1791328407 940.0030000000 47.4038000000
2.0680471581 0.9253685053 -0.1811931443 939.7150000000 46.5386000000
2.0685143530 0.9250639252 -0.1801436336 941.6800000000 46.6829000000
2.0714285133 0.8689282667 0.7020312857 252.3570000000 178.0720000000
2.0779408486 0.8735305234 0.7030869912 254.5290000000 178.3160000000
2.1244202859 0.9589678186 -0.0075440874 794.7400000000 74.1849000000
2.1254011370 0.9590426731 -0.0073986633 795.4600000000 74.2813000000
2.2365548000 0.9595614917 0.1769584486 652.1820000000 55.9091000000
2.2372852759 0.9598609094 0.1772532202 651.3180000000 56.7740000000
2.2469131041 0.9616186979 0.1380677016 679.8650000000 45.7549000000
2.2846035991 0.9522231766 1.0738590406 82.6656000000 176.3130000000
2.2877139296 0.9544094421 1.0776559669 82.3768000000 177.1790000000

gimbalangles:
-0.8982849052 0.2649588264 0.1589884723

end: