T_CW:
0.7450490992 -0.2288928839 -0.6265060953 -1.2816259532
-0.5796401182 0.2425601351 -0.7779343894 0.4917914658
0.3300290490 0.9427473832 0.0480437119 -0.4504551862
0.0000000000 0.0000000000 0.0000000000 1.0000000000


target_points_pix:
1.2241331763 0.9412066697 -0.2548958464 75.6305000000 626.7990000000
1.2526940123 0.9371025821 -0.3375702389 174.9430000000 691.5910000000
1.2700705643 0.9348801800 -0.1380738964 39.6348000000 470.4450000000
1.2787820710 0.9386590380 -0.1838342150 85.6439000000 508.9310000000
1.2804856545 0.9373168207 -0.2930989652 171.4090000000 620.6340000000
1.2805785773 0.9393094972 -0.2932589988 172.6180000000 619.4790000000
1.2858338743 0.9407885174 -0.3047168886 190.2440000000 625.2290000000
1.2864327098 0.9409975936 -0.3039218830 190.5330000000 625.8060000000
1.2944266464 0.9369373862 -0.2414290186 148.2660000000 553.1510000000
1.2964502971 0.9358274757 -0.1252500423 60.0286000000 437.1470000000
1.2988043398 0.9367257288 -0.3476213817 237.9920000000 664.1070000000
1.3034814510 0.9381015016 -0.2923530021 200.4070000000 601.4270000000
1.3063930301 0.9404090829 -0.3329757257 236.5720000000 639.6000000000
1.3068034389 0.9415680359 -0.2816797932 195.5910000000 584.6080000000
1.3083831254 0.9387571231 -0.0670625981 30.6232000000 366.9530000000
1.3182561663 0.9423604604 -0.3560876756 266.7100000000 650.6200000000
1.3184833108 0.9392191556 -0.0382196384 20.3647000000 331.6320000000
1.3237592574 0.9405433046 -0.1305739990 98.9487000000 420.4150000000
1.3239967266 0.9420791110 -0.3747574024 287.7640000000 665.4900000000
1.3262423594 0.9361475429 -0.0388561591 29.1296000000 327.9510000000
1.3331521975 0.9391391388 -0.1556533297 127.9790000000 439.1840000000
1.3341304674 0.9413254043 -0.3308720582 262.6460000000 613.6290000000
1.3384307252 0.9423294862 -0.3641383984 296.4640000000 644.7280000000
1.3384978361 0.9415112498 -0.1082740906 94.8681000000 388.6580000000
1.3421760278 0.9416196597 -0.3167400584 262.6650000000 590.5670000000
1.3446565487 0.9408453035 -0.3700957784 306.8740000000 644.7170000000
1.3448733684 0.9424508020 -0.2822089365 238.0860000000 554.5450000000
1.3449869406 0.9421720337 -0.2828981135 239.2430000000 554.8330000000
1.3469821983 0.9400606226 -0.1868376844 167.1340000000 456.5030000000
1.3478365713 0.9414363954 -0.3398958885 287.2400000000 610.9660000000
1.3525188448 0.9390462161 -0.2085761846 188.8720000000 475.2540000000
1.3538197631 0.9366405496 -0.2249272309 202.7770000000 490.8280000000
1.3790508677 0.9382692787 -0.2376194445 242.7390000000 485.6330000000
1.3868331470 0.9397457178 -0.4291791526 397.0050000000 666.8100000000
1.3877210754 0.9410647044 -0.4286525904 397.0050000000 667.0980000000
1.3911514731 0.9426056732 -0.0666111485 124.4080000000 307.2620000000
1.3915696254 0.9413873528 -0.3031604328 305.3600000000 537.6990000000
1.3966674701 0.9406362274 -0.1140649840 167.0890000000 351.1820000000
1.3968042730 0.9410001748 -0.1110431882 166.2190000000 350.6040000000
1.4006967033 0.9428173305 -0.1800674885 223.6220000000 411.2250000000
1.4011509922 0.9398025039 -0.1929349647 233.0360000000 423.5820000000
1.4012568209 0.9416583775 -0.1815986488 223.6220000000 410.3600000000
1.4042716475 0.9426108356 -0.2778260807 300.0210000000 502.9210000000
1.4087913062 0.9429902701 -0.4427510347 431.6540000000 661.2530000000
1.4095605000 0.9410001748 -0.4420876696 431.6550000000 661.0130000000
1.4096818158 0.9422159139 -0.1448159573 205.2610000000 371.8870000000
1.4101412671 0.9439530529 -0.1441301359 204.4870000000 369.6750000000
1.4109491787 0.9376652809 -0.0112575381 105.1550000000 239.6490000000
1.4155927344 0.9436613787 -0.3967646042 402.8310000000 612.0730000000
1.4170330368 0.9449313228 -0.3043839155 333.5530000000 519.9160000000
1.4190308757 0.9392656170 -0.2132047694 266.8050000000 428.3960000000
1.4191083113 0.9438498054 -0.4713480074 463.3750000000 681.1390000000
1.4192063964 0.9425695366 -0.3464830782 367.6320000000 559.9540000000
1.4221153944 0.9461135065 -0.3573498761 380.0010000000 565.2770000000
1.4240745154 0.9413228232 0.0469530852 79.2784000000 177.9920000000
1.4247301370 0.9454759533 0.0146319241 103.9550000000 208.3510000000
1.4250760160 0.9434987639 -0.4089710383 421.5960000000 613.4990000000
1.4284935079 0.9457882770 -0.1398293618 220.6980000000 352.6620000000
1.4285167385 0.9425824425 -0.3633666234 389.8660000000 570.3130000000
1.4315651206 0.9412557123 -0.1128680875 204.7450000000 325.2380000000
1.4324117500 0.9460722075 -0.4400278823 453.3180000000 640.8320000000
1.4326492192 0.9380989204 -0.2259369913 291.3480000000 432.0040000000
1.4334545496 0.9384680302 -0.2261974331 290.1910000000 430.5620000000
1.4339552999 0.9408117481 -0.2468373801 306.9660000000 449.3030000000
1.4341308206 0.9461418996 -0.4890291395 489.3290000000 687.5890000000
1.4345231611 0.9387158241 0.1142707046 40.3186000000 107.6530000000
1.4365493930 0.9420791110 0.0924003057 60.3791000000 127.9390000000
1.4374760392 0.9475667149 -0.0771545237 185.8710000000 286.4950000000
1.4387098467 0.9419913506 -0.3367494214 381.5090000000 534.0170000000
1.4390092644 0.9432612947 -0.1318217449 227.0580000000 336.7980000000
1.4390402386 0.9438085064 -0.4008041621 430.5080000000 596.4510000000
1.4429533184 0.9403832710 0.1193726791 45.1417000000 98.3576000000
1.4437792983 0.9411653707 -0.1070908744 214.8730000000 312.2600000000
1.4437818794 0.9425153316 -0.1083231331 214.8740000000 312.5490000000
1.4450879602 0.9435400629 -0.4480398872 473.2290000000 635.9180000000
1.4465050319 0.9383260649 -0.0169646462 148.0890000000 224.1180000000
1.4474110286 0.9388655330 -0.0095162950 145.8990000000 215.4480000000
1.4515409281 0.9399909306 0.1237059762 52.1887000000 89.7363000000
1.4553714098 0.9435349006 -0.3805624923 430.2900000000 563.0880000000
1.4573795734 0.9436304045 -0.4027426337 449.0370000000 581.7970000000
1.4576712476 0.9417564626 0.0313665865 127.6760000000 170.6260000000
1.4593748311 0.9438936856 -0.4828755893 512.1900000000 658.7720000000
1.4635305425 0.9427631256 -0.5127089505 539.7870000000 686.8120000000
1.4666460354 0.9439324034 -0.4690301013 508.1230000000 639.3410000000
1.4678204755 0.9426547157 -0.0571363848 203.2130000000 247.3010000000
1.4738914277 0.9383028342 -0.0990329243 239.4630000000 283.4250000000
1.4760415567 0.9401922632 0.1387109334 68.0605000000 61.0410000000
1.4762893506 0.9406129967 0.1387708169 67.8166000000 60.5577000000
1.4769088355 0.9411782767 0.1728254517 43.6953000000 28.3800000000
1.4783878558 0.9423630416 -0.4793625935 528.3050000000 639.3230000000
1.4788344012 0.9447764516 -0.4791199619 527.8250000000 639.5630000000
1.4789479734 0.9436329857 -0.2689054979 370.4060000000 438.0170000000
1.4793996812 0.9390952586 -0.0071233538 177.0410000000 192.3900000000
1.4829436511 0.9432096710 -0.2962041333 391.9250000000 461.4060000000
1.4835244183 0.9459018492 -0.3204156690 412.5190000000 482.4370000000
1.4841387408 0.9427708692 -0.3195664584 413.0010000000 482.4360000000
1.4867509022 0.9437930193 -0.3293233459 423.3440000000 488.4360000000
1.4893346706 0.9442214963 -0.1159482181 268.4150000000 287.7810000000
1.4907982037 0.9396037525 0.0008602013 182.8150000000 177.9560000000
1.4909246819 0.9511726334 -0.1746937150 314.7420000000 344.0650000000
1.4926902139 0.9439246598 -0.3540588625 447.3900000000 508.8340000000
1.4931367593 0.9439401469 -0.2440866089 365.5870000000 404.3900000000
1.4940892173 0.9413589598 -0.2432642427 365.3460000000 403.1890000000
1.4941692341 0.9438859420 -0.3706455712 460.6090000000 524.1900000000
1.4979997159 0.9441130865 -0.3830249449 473.5880000000 532.8250000000
1.5037815751 0.9425282376 0.0702286823 148.4360000000 107.9410000000
1.5043055561 0.9425540494 0.0717851382 148.0930000000 105.8680000000
1.5043881541 0.9403677839 -0.2219756434 361.0050000000 375.8030000000
1.5045817432 0.9368857624 -0.2222224049 360.7640000000 375.5620000000
1.5082754220 0.9454191672 -0.5065605627 577.0080000000 642.7320000000
1.5086367882 0.9441543855 -0.4338381955 523.4580000000 571.9580000000
1.5112644367 0.9431141671 0.0285337335 184.4360000000 140.8780000000
1.5141398792 0.9438988480 -0.2424423927 384.8430000000 388.7810000000
1.5153530372 0.9430005948 -0.2416651972 384.9870000000 387.0520000000
1.5272574724 0.9443557181 -0.4521852738 552.8570000000 575.9690000000
1.5281273325 0.9455301582 -0.1049983059 298.7610000000 251.7420000000
1.5284164255 0.9484417374 -0.1041026340 298.1830000000 252.0300000000
1.5290849529 0.9411111658 0.0928853108 157.0800000000 72.9540000000
1.5309563136 0.9441027617 -0.4388379550 547.1020000000 561.5780000000
1.5365342591 0.9437904381 -0.3991935013 524.0630000000 519.8430000000
1.5405557487 0.9463174203 -0.4470616173 562.9530000000 561.5690000000
1.5409042090 0.9409821065 -0.0766839733 291.4920000000 219.9890000000
1.5410435931 0.9453881929 -0.4478153240 562.7130000000 561.5690000000
1.5415675741 0.9436949342 -0.0766813921 292.9380000000 219.1250000000
1.5454057994 0.9432380640 -0.3323923774 482.2670000000 448.8160000000
1.5454264489 0.9436510540 -0.5298428709 625.4060000000 635.7790000000
1.5462859842 0.9463690441 -0.5284335427 624.8310000000 634.9160000000
1.5468693325 0.9498278349 -0.0983473610 314.6520000000 234.4450000000
1.5484490191 0.9448409813 -0.0966130613 313.7830000000 233.0020000000
1.5495227929 0.9479693801 -0.5464966905 642.6740000000 646.1230000000
1.5495640919 0.9388113280 -0.0251070269 262.4710000000 165.0930000000
1.5499409452 0.9424146653 0.0105610047 238.9620000000 135.8790000000
1.5503281233 0.9397792732 -0.0262346701 263.3400000000 165.3830000000
1.5511050607 0.9460954382 -0.2901383435 456.0130000000 406.0830000000
1.5560222222 0.9429876889 0.1129940494 173.3100000000 38.4456000000
1.5577516176 0.9404245700 -0.1547021623 365.5250000000 275.8440000000
1.5586188965 0.9448977674 -0.3018930699 472.1720000000 411.8460000000
1.5591686894 0.9425798613 -0.5968788829 689.7920000000 687.3660000000
1.5597494565 0.9444512220 -0.2608341256 442.1550000000 373.2310000000
1.5609419650 0.9381970055 -0.2250841671 420.2050000000 341.2320000000
1.5615485439 0.9434523026 -0.1522606173 365.8590000000 272.8640000000
1.5638948431 0.9419113338 -0.5854261554 685.8270000000 671.9770000000
1.5640264836 0.9448951862 -0.4833995702 609.9040000000 575.3530000000
1.5656577939 0.9444047606 -0.4825116419 610.4810000000 574.4900000000
1.5666076708 0.9447712892 -0.1840845901 393.6150000000 300.5680000000
1.5682673741 0.9442085904 -0.4259913865 571.9080000000 521.8360000000
1.5685383988 0.9455533889 -0.3862230358 540.7980000000 483.8430000000
1.5686571334 0.9445777002 -0.3921984841 547.1370000000 488.4000000000
1.5700019319 0.9423423921 0.0720192519 216.2120000000 66.4671000000
1.5719894460 0.9432509700 0.0729025341 215.9260000000 68.2012000000
1.5729496477 0.9451481425 -0.2771807839 466.3980000000 380.1520000000
1.5770227610 0.9452333217 -0.0953668641 338.0510000000 212.2520000000
1.5771260085 0.9445389824 -0.1043191956 347.8930000000 222.9390000000
1.5792425820 0.9485630532 -0.2719900165 469.0410000000 369.5870000000
1.5797717253 0.9453339880 -0.1761187884 401.6440000000 284.2810000000
1.5812584891 0.9451816980 -0.3436592594 521.7810000000 435.4650000000
1.5844075375 0.9445028457 0.0588995937 238.8300000000 71.7237000000
1.5845675711 0.9452488088 -0.5116274331 647.9080000000 585.9740000000
1.5865679911 0.9438368995 0.0198714759 269.6050000000 105.8900000000
1.5889607517 0.9413434727 -0.0406562791 311.6580000000 156.5070000000
1.5903416868 0.9511210096 -0.2299205375 450.5120000000 329.7140000000
1.5910566756 0.9452746207 -0.2319599335 452.5310000000 326.5440000000
1.5918129635 0.9458992680 -0.3587488796 544.2670000000 442.3740000000
1.5964307073 0.9458089265 -0.0813796690 350.7470000000 191.2000000000
1.6017402093 0.9416970953 -0.1964381519 434.6150000000 287.9060000000
1.6021170626 0.9427553820 -0.1969781363 435.1910000000 286.7540000000
1.6028475386 0.9431941839 -0.0381313618 324.0820000000 146.4200000000
1.6028733505 0.9432354828 -0.0377970980 325.2200000000 144.5370000000
1.6049718556 0.9431038423 0.0682896945 250.6610000000 50.9359000000
1.6072329756 0.9462735401 -0.2887264341 506.7840000000 367.1920000000
1.6097831885 0.9457676275 -0.2960544245 513.1300000000 374.9720000000
1.6099690340 0.9392346427 0.0591902354 263.1220000000 52.6993000000
1.6130612962 0.9431270730 -0.1898063077 442.1120000000 272.9180000000
1.6158128417 0.9449339040 -0.4118748739 602.3730000000 475.1840000000
1.6206086875 0.9453572187 -0.4477998368 634.1410000000 501.0790000000
1.6219973662 0.9442576330 -0.2684357218 504.4700000000 338.6660000000
1.6231201826 0.9412970113 -0.0329168475 337.9330000000 125.6510000000
1.6237319240 0.9462657966 -0.3870774087 593.9790000000 445.9950000000
1.6277224393 0.9439607964 -0.0757769441 376.1530000000 165.5450000000
1.6278437551 0.9430083384 -0.5719652643 732.5020000000 609.7860000000
1.6284141975 0.9463638817 -0.0781454415 378.4580000000 166.6620000000
1.6289330161 0.9435065075 -0.5711573527 733.0310000000 608.2030000000
1.6307166165 0.9443686240 -0.3657103414 582.9790000000 421.0010000000
1.6330861463 0.9452178346 -0.5365204021 708.3620000000 575.2800000000
1.6380471880 0.9464903599 0.0433990485 302.5570000000 56.8321000000
1.6386150492 0.9466374875 0.0435490155 302.7950000000 55.3876000000
1.6403831624 0.9456721235 -0.1341208083 428.0570000000 208.5950000000
1.6404735039 0.9428353988 0.0436336785 303.0830000000 54.5211000000
1.6527367242 0.9479487306 -0.1911343285 477.8860000000 249.0100000000
1.6543938463 0.9461057630 -0.1301599766 437.4320000000 198.5070000000
1.6565878554 0.9477551416 -0.3364474225 584.6230000000 375.8410000000
1.6567014277 0.9476983555 -0.0494111497 383.0370000000 127.4520000000
1.6622432365 0.9476622188 -0.0935409323 421.2230000000 163.8680000000
1.6640474863 0.9429722018 -0.3869302811 627.2570000000 414.7140000000
1.6649663890 0.9473937754 -0.2995725826 566.7510000000 338.6800000000
1.6651341661 0.9473679635 -0.3000862388 567.9680000000 338.9920000000
1.6653716354 0.9435555501 -0.3865921456 627.8330000000 414.7140000000
1.6674882088 0.9455714572 -0.6624616864 827.6410000000 660.8490000000
1.6675088583 0.9463974371 -0.0772177628 412.8210000000 143.6570000000
1.6724957119 0.9466762053 -0.1672033679 480.1730000000 219.3110000000
1.6725034555 0.9455430642 0.0402765864 336.0410000000 39.5612000000
1.6730171117 0.9498717151 -0.5083286759 719.9110000000 518.8990000000
1.6745632429 0.9493683836 -0.6414482417 818.7510000000 639.0460000000
1.6746122854 0.9490121797 -0.6421890424 817.6010000000 639.0480000000
1.6776864793 0.9450913564 -0.1220855069 453.2890000000 175.4440000000
1.6787318601 0.9480261662 -0.6603322070 834.8370000000 651.2550000000
1.6792661659 0.9463742064 0.0033104500 368.8730000000 67.7955000000
1.6793952252 0.9484856175 -0.2211677318 525.4940000000 260.5700000000
1.6799063003 0.9465961885 -0.2198928835 525.2060000000 260.8580000000
1.6801360259 0.9486301640 -0.6595113895 834.2620000000 651.1120000000
1.6809594247 0.9469704607 -0.2201071220 526.9350000000 257.4000000000
1.6831353654 0.9468981874 0.0054266879 369.0640000000 66.7848000000
1.6868213007 0.9465626331 -0.1560596086 485.7850000000 200.2340000000
1.6892760097 0.9459844472 -0.0178700750 392.5050000000 81.5554000000
1.6914726000 0.9506615583 -0.6227268911 817.6290000000 608.8460000000
1.6927425441 0.9436381480 -0.3877562610 653.9950000000 398.3930000000
1.6937750189 0.9443402310 -0.4126389053 669.5870000000 417.5840000000
1.6938214803 0.9440537192 -0.3892843238 653.7550000000 398.8730000000
1.6941467099 0.9487075996 -0.5843059202 791.7840000000 571.4740000000
1.6980649520 0.9482946097 -0.1989571325 525.4770000000 231.5020000000
1.7027162513 0.9460851135 -0.0109817899 399.7060000000 67.1267000000
1.7031137541 0.9458811997 -0.4110437316 674.9870000000 411.9850000000
1.7078424890 0.9456643800 -0.5542196025 780.8280000000 534.8430000000
1.7081083513 0.9493967766 -0.5541344234 782.6090000000 535.5210000000
1.7125402496 0.9457831146 -0.3489816673 640.8000000000 351.6000000000
1.7201857260 0.9495413231 -0.4787121344 737.9250000000 460.7360000000
1.7203999646 0.9473628011 -0.4812029800 738.6450000000 460.7350000000
1.7237348584 0.9465213341 -0.2980677505 612.9880000000 300.9880000000
1.7262386099 0.9463871124 -0.0613940530 454.6400000000 97.5287000000
1.7282725854 0.9472905279 -0.1457289232 513.8890000000 166.8490000000
1.7293308722 0.9520115192 -0.1486789620 517.0160000000 169.0150000000
1.7296070592 0.9519108529 -0.1487878881 516.8150000000 168.8150000000
1.7298471096 0.9444434784 -0.3851311936 682.7910000000 371.9950000000
1.7309518577 0.9446473922 -0.3857893963 682.5510000000 371.5150000000
1.7365762645 0.9495877845 -0.5526270101 803.3290000000 513.9300000000
1.7367595288 0.9508809592 -0.5525547368 803.8070000000 514.6490000000
1.7374177316 0.9503595594 -0.2468252485 587.4750000000 247.6300000000
1.7407913432 0.9497426557 -0.1018077005 494.1270000000 124.5150000000
1.7414366400 0.9472156735 -0.0109173892 434.3460000000 46.9664000000
1.7444437230 0.9495722973 -0.0198350037 442.3010000000 53.4778000000
1.7521150113 0.9495258360 -0.4296179544 727.4460000000 397.4180000000
1.7527267526 0.9471821180 -0.1656402010 548.2660000000 171.4450000000
1.7582969546 0.9489682995 -0.1360647003 530.3100000000 143.2110000000
1.7590403365 0.9516320847 -0.1366175906 531.1750000000 142.3460000000
1.7599153589 0.9490534787 -0.6302768636 874.0040000000 566.5160000000
1.7605709804 0.9473963566 -0.3352910506 668.7320000000 309.3110000000
1.7654881420 0.9457934393 -0.3410161237 679.0980000000 309.3110000000
1.7671865632 0.9458631314 -0.3395577530 679.6740000000 309.6000000000
1.7673285284 0.9477628851 -0.1082286617 519.8940000000 113.7710000000
1.7676460145 0.9497349121 -0.5663924812 837.8370000000 502.3990000000
1.7690940605 0.9489424877 -0.7887540121 993.2240000000 696.4340000000
1.7714145477 0.9435426441 -0.3884557627 714.2180000000 345.5970000000
1.7845708587 0.9484546433 -0.5406890194 829.2340000000 467.8810000000
1.7860860156 0.9472234170 -0.7388441770 971.3350000000 640.5380000000
1.7867055005 0.9472466477 -0.4592215901 775.7790000000 399.1300000000
1.7877999239 0.9485011047 -0.0491174106 499.3290000000 54.2857000000
1.7929442299 0.9485733779 -0.2089267098 611.6510000000 184.8030000000
1.7938269959 0.9481474820 -0.2107722586 614.3410000000 185.9100000000
1.7940154226 0.9499723814 -0.2635056543 647.9760000000 228.9230000000
1.7940257473 0.9482042681 -0.5582539981 850.7870000000 479.3760000000
1.7943122591 0.9474505615 -0.5586695692 849.9250000000 478.5140000000
1.7949033510 0.9488676332 -0.3028352032 673.9070000000 260.9150000000
1.8014440792 0.9500110992 -0.1952268008 609.0460000000 168.3670000000
1.8062502497 0.9513094363 -0.6252925912 905.3570000000 528.2380000000
1.8233454523 0.9517069391 -0.7603867651 1013.2300000000 633.1110000000
1.8236784255 0.9514927006 -0.8070494667 1044.5500000000 673.3410000000
1.8284587841 0.9488418214 -0.2211716036 649.3900000000 174.1580000000
1.8289776027 0.9512320007 -0.4202224332 782.6980000000 338.6780000000
1.8290705255 0.9498846210 -0.3004476050 699.8160000000 238.4490000000
1.8294241481 0.9511777958 -0.6533423521 941.2640000000 535.4000000000
1.8299068301 0.9492393242 -0.2214279155 647.9500000000 174.4460000000
1.8322634540 0.9480726276 -0.8083865217 1053.8900000000 667.8220000000
1.8336469703 0.9488676332 -0.5094411676 846.9910000000 411.5240000000
1.8360603803 0.9494019390 -0.1122666709 582.1610000000 80.9434000000
1.8378543054 0.9487488986 -0.4568004365 814.6640000000 363.5710000000
1.8385925249 0.9525096883 -0.7885397736 1042.8500000000 645.7370000000
1.8395785384 0.9490921965 -0.8398331249 1079.0000000000 686.2540000000
1.8435845409 0.9519650578 -0.6403073569 943.0030000000 516.4170000000
1.8466019487 0.9455146711 -0.3704829564 761.9900000000 286.8500000000
1.8472317584 0.9471227507 -0.4042758588 784.7150000000 315.3570000000
1.8482874639 0.9530878743 -0.3531657717 746.4510000000 271.2970000000
1.8509228560 0.9502821238 -0.6827575611 976.4040000000 546.6750000000
1.8511990431 0.9515520679 -0.6962649135 987.2050000000 558.3690000000
1.8515397598 0.9505892851 -0.6845411614 979.1720000000 547.4480000000
1.8541828954 0.9505531485 -0.2486065257 687.7010000000 179.6550000000
1.8573422685 0.9497374933 -0.1350353229 611.8620000000 87.6099000000
1.8578301129 0.9490921965 -0.6193790914 939.5450000000 486.7870000000
1.8606513505 0.9504731317 -0.6625907458 970.2390000000 522.9150000000
1.8608242900 0.9522180142 -0.6628282150 969.9990000000 523.8740000000
1.8681471180 0.9519392460 -0.8477444636 1103.4200000000 674.7310000000
1.8750027511 0.9502150129 -0.7876389392 1066.1300000000 617.2500000000
1.8752737758 0.9515314184 -0.7886765765 1066.9900000000 619.8370000000
1.8794475554 0.9445415636 -0.3445910680 771.5300000000 244.7990000000
1.8827230819 0.9482120117 -0.4883890050 866.1770000000 361.1550000000
1.8840498121 0.9504912000 -0.4867241393 865.5070000000 359.3800000000
1.8841349913 0.9473911942 -0.4026677792 811.0840000000 291.5990000000
1.8851210048 0.9493064351 -0.3459720031 771.7700000000 244.8000000000
1.8854952770 0.9477009366 -0.4038370570 812.0430000000 290.3030000000
1.8893670577 0.9500523982 -0.1896553083 673.8400000000 117.3720000000
1.8899013634 0.9512991116 -0.1908209724 673.8410000000 117.9480000000
1.8932646503 0.9498355784 -0.7169557099 1029.2600000000 545.6330000000
1.8941654846 0.9520553994 -0.7687369056 1067.0200000000 588.7820000000
1.8954715654 0.9522799627 -0.7684039325 1067.5900000000 588.4940000000
1.8969738163 0.9520812113 -0.8364904876 1113.5000000000 643.9540000000
1.8996272767 0.9480261662 -0.1497545427 656.2810000000 75.3888000000
1.9112374566 0.9490612223 -0.1537233761 668.0460000000 74.6777000000
1.9119111464 0.9515675550 -0.1063570429 635.7360000000 37.7112000000
1.9131810905 0.9508732157 -0.1508019884 666.8890000000 68.9066000000
1.9131836717 0.9507493187 -0.5024513127 897.3160000000 357.5450000000
1.9158474568 0.9460670452 -0.6175825851 979.2470000000 447.3620000000
1.9205452175 0.9520915360 -0.7098264709 1040.8500000000 521.6600000000
1.9239446410 0.9468568884 -0.1747574703 689.6580000000 83.3493000000
1.9247938516 0.9515236748 -0.8346991437 1130.7500000000 622.9490000000
1.9373022846 0.9536944532 -0.4556724577 882.7710000000 304.1100000000
1.9438481752 0.9507415751 -0.2565080559 755.9160000000 141.0600000000
1.9451903926 0.9508035236 -0.8923267284 1185.8700000000 655.9830000000
1.9483084667 0.9525406626 -0.1972535489 724.2230000000 92.0262000000
1.9530526887 0.9482274988 -0.1319100215 685.2990000000 37.1828000000
1.9570974090 0.9515752986 -0.2565072815 768.8650000000 132.9930000000
1.9725432330 0.9474970229 -0.3628581296 850.0070000000 207.3570000000
1.9784335021 0.9524219280 -0.1808601711 734.2820000000 63.1891000000
1.9784954506 0.9512397443 -0.9254614280 1225.5200000000 660.2750000000
1.9853381778 0.9504860376 -0.4509798594 915.5470000000 271.2810000000
1.9962049757 0.9516578966 -0.4919665305 948.3000000000 297.1800000000
1.9964372826 0.9509454889 -0.2097472692 767.1110000000 77.6314000000
2.0046945003 0.6196501160 -0.5375167404 1231.0000000000 202.8140000000
2.0053346347 0.9506021910 -0.2436658754 793.3110000000 96.3886000000
2.0062793492 0.5859449740 -0.4994674604 1232.6700000000 138.9980000000
2.0068549540 0.9509532325 -0.2423037829 793.0230000000 94.9468000000
2.0091986719 0.9514462392 -0.2125261753 777.4690000000 68.9846000000
2.0163020990 0.9571274322 -0.7599789376 1134.2900000000 502.4630000000
2.0203803747 0.9492367430 -0.4864247216 960.8060000000 278.3680000000
2.0215961139 0.9515752986 -0.4858000743 960.0880000000 277.8890000000
2.0223730512 0.9522051083 -0.6328399825 1056.8300000000 393.8050000000
2.0235087736 0.6582337018 -0.4561964387 1135.4400000000 123.7240000000
2.0247864612 0.6676937528 -0.4175922034 1093.7900000000 87.7262000000
2.0267533258 0.6672652757 -0.5364739408 1200.2600000000 209.8440000000
2.0273340930 0.6681196487 -0.4176954509 1094.9400000000 88.0138000000
2.0273418365 0.9532298396 -0.5411871885 1000.0100000000 319.6070000000
2.0281678164 0.9549282607 -0.5413523845 997.8980000000 320.3270000000
2.0281729788 0.9505376613 -0.3638931856 886.2380000000 177.9730000000
2.0283252688 0.9532685574 -0.7660421462 1148.5500000000 496.4130000000
2.0288905488 0.9514720511 -0.8144987729 1180.8300000000 535.9270000000
2.0290067022 0.9536970344 -0.7647309031 1148.0700000000 497.8510000000
2.0363424362 0.9532375831 -0.4010751867 915.3210000000 203.9930000000
2.0485024089 0.9513455729 -0.8138379890 1194.5800000000 519.6700000000
2.0591369000 0.9585883841 -0.8426569437 1214.1000000000 540.9350000000
2.0596841117 0.9161820602 -0.5314096516 1037.6600000000 282.1720000000
2.0628847838 0.9239901513 -0.3991057409 946.6070000000 177.9680000000
2.0631480649 0.9244573462 -0.4004221464 947.1820000000 178.5450000000

gimbalangles:
-1.3627378839 -0.1477183281 0.1363018496

end: