T_CW:
0.8998997103 0.1782985370 -0.3979825914 -0.5394831033
-0.1585547238 0.9839155673 0.0822833884 0.2333256567
0.4062522749 -0.0109447776 0.9136954093 -0.3122434670
0.0000000000 0.0000000000 0.0000000000 1.0000000000


target_points_pix:
-0.4325708326 -0.9232725813 2.7022190332 -76.1381000000 374.6710000000
-0.3748864618 0.1372195235 2.5694866455 -13.8850000000 732.1350000000
-0.3638467242 -0.2227285757 2.6731548657 -9.4531100000 602.6960000000
-0.3020892401 -0.5812652817 2.7296570528 1.8706300000 482.2620000000
-0.2956130415 0.0602405205 2.3717005976 -19.7715000000 710.3710000000
-0.2912895530 -0.3569162367 2.6257384574 4.2974300000 553.8360000000
-0.2911501689 -0.5746187247 2.6937011155 3.0722900000 482.5990000000
-0.2775060135 0.1095564244 2.5670345177 29.7438000000 711.6290000000
-0.2756449776 0.1107837788 2.5872271449 32.3594000000 710.3090000000
-0.2714918474 0.3915273754 2.2973133647 1.7582500000 844.3520000000
-0.2345573821 -0.6869029477 2.6770266464 16.3938000000 443.3450000000
-0.2314547951 -0.6851193473 2.6733355488 17.2278000000 443.5880000000
-0.2211158499 0.0324798525 2.6096318495 53.2052000000 679.2200000000
-0.2178940121 -0.8787574274 2.6556544167 9.2377900000 380.1840000000
-0.2137114564 0.1949955264 2.5808464502 63.4708000000 733.8580000000
-0.1709695781 -0.8840540235 2.6334045833 26.4640000000 373.9070000000
-0.1618133329 0.2574994899 2.6033595647 91.6368000000 746.2400000000
-0.1568205426 0.2511149234 2.5851105714 92.3672000000 745.6820000000
-0.1176685794 -0.9332075707 2.6906295028 55.9448000000 362.4810000000
-0.1140288474 0.5192729095 1.9169857604 19.8719000000 947.0210000000
-0.1132937252 -0.6561868204 2.7197452941 74.7315000000 450.0260000000
-0.0879444023 -0.9016603012 2.5892404709 57.0430000000 362.7540000000
-0.0800232551 -0.8983125014 2.5836134829 57.6678000000 362.2330000000
-0.0790702808 -0.2182721560 2.7051873984 110.0300000000 584.7690000000
-0.0688240003 0.0957426850 2.5931896873 120.7920000000 685.1980000000
-0.0624595671 0.0344079993 2.5860914225 119.2730000000 665.8620000000
-0.0575555696 0.1839872794 2.5896534608 128.6680000000 713.9630000000
-0.0446948045 0.0373536501 2.5948674589 127.1280000000 665.1930000000
-0.0382591305 0.2389900548 2.5884661147 139.9150000000 730.4680000000
-0.0366686030 0.1830768947 2.5919507174 136.3060000000 711.5500000000
-0.0305919722 -0.4893775997 2.6091672358 101.9380000000 494.8050000000
-0.0220578963 -0.4834357069 2.5688852289 102.5740000000 494.4350000000
0.0037619254 -2.4888013159 3.2809470079 89.6006000000 25.8308000000
0.0063744740 0.6349410688 1.9163688567 98.9918000000 978.6790000000
0.0177521147 0.6249441309 1.8866439052 102.5700000000 977.9000000000
0.0180145182 0.6252590358 1.8898497397 102.3120000000 977.9220000000
0.0218862990 -1.3801633593 3.2051375408 136.5830000000 285.2650000000
0.0225721720 -1.3775641039 3.2010076413 135.1300000000 285.8310000000
0.0488221228 -0.9055630561 2.6800982592 118.1090000000 366.6510000000
0.0539455212 -0.5949429925 2.7463573337 141.2240000000 462.7460000000
0.0551728757 -0.5948216767 2.7449634927 143.0880000000 463.0330000000
0.0603845507 0.2269550116 2.5195122808 172.6650000000 719.1860000000
0.0614957518 0.0886965603 2.5938349840 170.4500000000 672.4080000000
0.0690366901 -1.0248422963 2.6373796116 119.0170000000 325.8550000000
0.0852566121 -0.9952644726 2.5581216784 116.6370000000 325.5490000000
0.0943287107 0.1466488583 2.6028691391 187.2530000000 687.1610000000
0.0945068126 -0.8722657417 3.0696768383 171.9450000000 402.5190000000
0.1035592941 -0.8608749627 3.0222088063 170.6550000000 401.8220000000
0.1154544370 -0.7300733030 2.9541170888 176.1280000000 432.1360000000
0.1273400296 0.5662298664 1.9177704413 161.3460000000 922.9080000000
0.1284912391 0.5656310310 1.9133333805 162.5780000000 923.2850000000
0.1480726411 -1.0158881580 2.7414272663 155.2410000000 339.0400000000
0.1483390197 -1.0101785720 2.7273597962 155.4580000000 337.4400000000
0.1502596810 -1.0166108904 2.7395946234 156.2410000000 337.7020000000
0.1597050192 -0.9224853192 2.7312832007 163.4540000000 362.5010000000
0.1611662293 -0.9154954644 2.7113564358 163.8680000000 363.4770000000
0.1693178765 0.0285182464 2.6772073295 212.9670000000 638.9580000000
0.1694438384 0.0332880222 2.6216601817 211.7620000000 644.1570000000
0.1723636773 -0.2236967790 2.6602747417 200.7080000000 565.2480000000
0.1740639053 -0.4746493458 2.6584162870 184.4000000000 493.2300000000
0.1753596613 0.0262251197 2.6521698140 214.3530000000 641.0010000000
0.1767697638 -0.8912606981 2.6430840352 164.0320000000 364.7690000000
0.1788700758 0.2268858357 2.5552049369 220.7750000000 706.7440000000
0.1857115124 0.0512048167 2.6192854895 217.6130000000 650.4830000000
0.1968382359 -0.3317496618 2.6574096240 203.6340000000 532.8780000000
0.2132403898 0.1144227365 2.5973712105 229.2110000000 668.1960000000
0.2310776837 0.2419770046 2.0334876432 203.0640000000 750.2790000000
0.2318626227 -0.3302396673 2.6611007216 214.2200000000 530.8670000000
0.2335207773 -0.6003892974 2.6625719983 202.8950000000 451.1180000000
0.2555919926 0.1712924847 2.5900148270 247.4320000000 680.2440000000
0.2603230505 0.2800200898 2.0238469091 218.1930000000 762.8970000000
0.2661255593 0.1378746288 2.6016043574 249.9010000000 671.0590000000
0.2671657777 0.1367703969 2.6054761382 250.8320000000 669.6060000000
0.2690732750 -0.9830296454 2.8031434514 204.7020000000 349.9550000000
0.2736703694 -0.4658500787 2.6740582812 224.5070000000 488.8840000000
0.2752113381 -0.7344561589 2.6691540256 210.8800000000 411.2690000000
0.2754746192 -0.6022477522 2.6766136565 218.1950000000 449.8120000000
0.2764399832 -0.6165217172 2.6720449552 216.6300000000 444.6270000000
0.2774956888 -0.5973486589 2.6660566010 217.9390000000 449.1640000000
0.3036999009 0.2452068441 2.0299798098 236.6610000000 743.5890000000
0.3110975833 -0.3305029484 2.6740582812 243.7750000000 527.2610000000
0.3116138207 -0.4650834661 2.6734646081 237.7920000000 487.8830000000
0.3136555398 -0.5989489950 2.6712447872 230.0970000000 449.3590000000
0.3289413302 -0.2428507365 2.6468525685 253.0600000000 552.2690000000
0.3309417502 -0.9681413578 2.8179852776 225.7630000000 354.1560000000
0.3324181893 0.0061200722 2.6813630409 267.9330000000 622.7400000000
0.3325188556 -0.3488526080 2.6779300619 248.7850000000 519.1600000000
0.3341088669 -0.1544089394 2.6706769260 261.1480000000 577.6600000000
0.3383781505 0.4539843613 2.0294300169 266.7950000000 823.2310000000
0.3408922268 0.4540411474 2.0282297649 267.5150000000 822.8410000000
0.3425622549 0.1763069570 2.6079024541 277.5840000000 674.9710000000
0.3425803232 0.1882328160 2.6013462387 278.6150000000 677.0100000000
0.3429623389 0.4490129948 1.9874908879 268.1590000000 821.9560000000
0.3478175519 -0.2234724738 2.6505694780 260.1070000000 556.8510000000
0.3486951556 0.5745154772 1.5077204668 247.3690000000 989.1190000000
0.3498308779 -0.5799230644 2.6665212147 242.9180000000 452.7620000000
0.3529437896 0.4107339891 2.0231525697 270.9310000000 800.9740000000
0.3585707777 -0.5192909778 2.6593713262 249.6070000000 469.8820000000
0.3602821048 -0.6869081101 2.6764587853 243.7010000000 421.9990000000
0.3609093332 -0.6822619732 2.6705994904 242.7630000000 422.8350000000
0.3609299827 -0.5178584189 2.6705478666 251.7110000000 471.4660000000
0.3637073401 0.2090542204 2.6015527337 287.0620000000 682.3700000000
0.3656329058 0.2116485717 2.5905310645 287.7120000000 683.4270000000
0.3671816181 -1.1109377943 3.0517117756 243.2190000000 335.0190000000
0.3735210137 -0.4405570257 2.6650499380 259.2760000000 492.2280000000
0.3765590710 -1.0852111018 2.9754376948 242.9890000000 335.2270000000
0.3771088639 -0.4054219059 2.6847702079 264.1680000000 502.3570000000
0.3833811487 0.0524587574 2.6860349897 288.8140000000 633.2130000000
0.3866928119 0.0798673514 2.7006186971 290.2110000000 640.8680000000
0.4020973369 -0.4046114132 2.6671665115 269.9050000000 501.7710000000
0.4050476338 0.5709121400 1.5256442304 283.4240000000 965.6800000000
0.4050605397 -0.5274655976 2.6649983142 265.9050000000 465.8070000000
0.4053393079 0.5727886630 1.5341905412 284.4710000000 965.5810000000
0.4137126791 -0.5921475668 2.6663921553 264.2520000000 449.2520000000
0.4150445717 -1.0911659006 2.9767024765 251.5790000000 334.0910000000
0.4419663538 -1.0593734182 3.1364263384 269.3280000000 355.1980000000
0.4472242321 -0.2170455759 2.6617976422 294.0340000000 552.2000000000
0.4505591259 0.2722455541 2.0311645747 304.6000000000 737.3370000000
0.4510005089 0.3080362953 2.0336709075 307.1840000000 748.4950000000
0.4516406433 0.2739362317 2.0330875592 305.1040000000 736.6460000000
0.4599675531 -0.1331980338 2.8317430052 306.2690000000 577.2600000000
0.4608890370 -0.3119132384 2.6880999394 294.2780000000 524.8850000000
0.4661159410 0.4151452380 2.0300598266 322.2790000000 787.6780000000
0.4667251011 -0.9740651824 2.8511535327 270.0220000000 352.7170000000
0.4761257848 0.3280869572 2.0312161985 319.7600000000 754.2180000000
0.4808674256 -0.7464018931 2.9077073435 287.3910000000 415.3400000000
0.4824213003 -0.7364849720 2.8949304671 287.3910000000 415.3400000000
0.4952136639 -0.5366417179 2.6753746867 293.7960000000 459.7900000000
0.5004121749 0.3280869572 2.0315878894 330.5480000000 749.8430000000
0.5026061840 -0.5016924437 2.6621331965 297.5910000000 469.2870000000
0.5034579757 0.6467293506 1.5224254900 348.3570000000 983.7020000000
0.5077608147 0.1806751000 2.7783640546 334.1690000000 654.7420000000
0.5147609943 0.7021603450 1.5406228596 359.3720000000 1004.1700000000
0.5147919686 -0.4542063434 2.6658759179 303.4350000000 481.9150000000
0.5195697460 -0.4472371380 2.6669600165 306.4210000000 483.8170000000
0.5211958939 -0.0400644128 2.7670584548 329.3780000000 597.0700000000
0.5261646792 0.8327374414 2.0362933936 374.8820000000 936.8070000000
0.5397133307 0.2403281423 2.6558609117 345.1640000000 676.7530000000
0.5399869365 0.4156743814 2.0362159580 352.1650000000 776.6520000000
0.5406786947 0.4166603949 2.0390810758 351.3400000000 779.1610000000
0.5506704702 0.7216224963 2.0421733380 378.1490000000 890.5190000000
0.5639274475 -0.7911674221 2.6806661203 301.5980000000 387.0520000000
0.5771921683 -0.1148721212 2.7043356067 340.2530000000 573.5630000000
0.5944215927 -1.6004934959 3.3159737177 293.2690000000 243.3660000000
0.6024826402 0.9117424182 2.0686485748 410.5810000000 947.7220000000
0.6090233685 -0.5704475263 2.6741099049 328.0330000000 446.6050000000
0.6117620081 -0.3261123490 2.7246495497 340.8000000000 514.3000000000
0.6147510228 -0.3254825394 2.6993022917 340.3540000000 513.8860000000
0.6172083130 -0.9487024373 2.6897002754 312.6010000000 343.1950000000
0.6182330443 -0.4545909403 2.6719675196 334.8930000000 477.7300000000
0.6269884312 -0.8993398139 2.6937785512 318.9320000000 358.8510000000
0.6274169082 -0.5297680165 2.6863963559 336.5820000000 457.5180000000
0.6295386441 -0.9649097115 2.7402399202 318.8450000000 341.6350000000
0.6334491426 -0.5307540300 2.6889775430 337.1600000000 457.1490000000
0.6335756208 -0.9267081414 2.7456604132 319.3400000000 353.9940000000
0.6435183538 -1.0185390373 2.6444520644 317.6560000000 322.0360000000
0.6453587402 -0.9940048532 2.5695021326 317.3010000000 320.0990000000
0.6725050857 0.0703791655 2.7560884094 378.0420000000 617.6800000000
0.7014789116 -0.2062082035 2.8545348879 370.7080000000 543.5420000000
0.7198105029 -0.3764506612 2.9228847241 370.3370000000 502.4540000000
0.7236358222 0.1230340931 2.7688136621 395.4700000000 626.4610000000
0.7250245009 0.0205900268 2.7688136621 390.8090000000 601.6010000000
0.7253187563 0.0218698826 2.7678586228 390.3710000000 601.8170000000
0.7404780685 0.2607747583 2.7212165707 406.1050000000 665.1550000000
0.7486475259 -0.1032872370 2.8459137228 391.3670000000 566.8560000000
0.7498839145 -0.1036023999 2.8447521885 390.9240000000 567.6860000000
0.7516984891 -0.1039402773 2.8571935107 391.8780000000 567.5920000000
0.7663931877 0.9182082921 1.5676814446 506.5170000000 1042.3700000000
0.7738657245 0.0733346248 2.7703881863 406.1740000000 611.2620000000
0.7775697281 0.0733552743 2.7800160144 405.3000000000 611.9010000000
0.7841827296 -0.2032204793 2.8567288970 394.4330000000 540.8980000000
0.7848073769 0.9089444113 2.1330879124 475.4010000000 908.7620000000
0.7855636648 0.4053935129 2.6752714392 428.5700000000 703.6360000000
0.7881345272 0.4109327405 2.6683280457 429.4220000000 703.8210000000
0.7952637661 0.7433457675 2.3442135355 458.6270000000 822.9950000000
0.8000647743 0.7415699107 2.3396061164 459.3480000000 824.1230000000
0.8058001721 0.9089882915 2.0348143734 485.4020000000 922.3910000000
0.8218474128 0.5267015662 2.1297633433 466.0030000000 778.2950000000
0.8246531632 0.5249050599 2.1171026203 466.4170000000 775.4270000000
0.8255720658 0.4148045213 2.1202232755 457.3720000000 736.9530000000
0.8263257725 0.4147838718 2.1242241156 457.8200000000 736.2910000000
0.8422052359 0.6371144284 2.1168574075 478.1260000000 812.0360000000
0.8454549506 0.5416027597 2.1161579057 472.9480000000 778.8800000000
0.8688017885 0.8000518683 2.1148776369 496.7570000000 863.3160000000
0.8698600753 -0.0961179896 2.8554383034 422.3190000000 562.8190000000
0.8736931382 0.3962664351 2.4069957510 459.3540000000 707.9870000000
0.8859460337 0.3988192292 2.2551341852 472.3860000000 717.8230000000
0.8932249815 0.5117410053 2.1213254425 487.2780000000 763.0490000000
0.9058753798 0.4602876204 2.1160494959 488.8610000000 745.6500000000
0.9083946185 0.4513025078 2.1241595860 488.8900000000 741.7680000000
0.9100491594 -0.1998107311 2.8728871287 428.9140000000 533.3310000000
0.9128884653 0.5531432475 2.1201355152 496.4200000000 774.7750000000
0.9193182026 -0.2128880577 2.8493983254 429.7650000000 532.5110000000
0.9195117916 0.8431344633 2.1184861366 516.6950000000 869.9800000000
0.9270927383 -0.8732104562 2.9071911061 401.3910000000 373.2370000000
0.9359926717 -0.0376848164 2.7553914888 443.7850000000 574.8750000000
0.9372497098 0.3562761023 2.6868093458 467.1170000000 678.6350000000
0.9459379858 0.1056993564 2.4006744236 468.3640000000 617.5900000000
0.9556226001 0.6827317492 2.1139742214 520.2230000000 811.8930000000
0.9576230201 0.7699423200 2.1258141269 524.0220000000 840.9180000000
0.9586632385 -0.7871769067 2.9700172018 414.8830000000 396.1410000000
0.9598428411 0.5425423118 2.1215422622 512.4410000000 766.6480000000
0.9702837432 0.0840948198 2.6420515603 462.6920000000 605.7630000000
0.9723461117 0.0841203735 2.6529699820 462.2800000000 605.3590000000
0.9761688499 0.3606486333 2.1331421173 502.9190000000 704.2980000000
0.9773123158 -0.3405076299 2.7209068283 441.6430000000 495.4200000000
0.9799270584 0.6559674195 2.1242757394 524.1000000000 801.5180000000
0.9842634529 0.4711260253 2.1233774863 515.2250000000 739.5500000000
0.9858018404 -0.9045951110 2.7677811872 419.2460000000 354.5660000000
0.9860470532 0.5426868583 2.1200942162 519.3290000000 767.1050000000
0.9862380611 -0.9075041089 2.7757570556 419.2400000000 354.3560000000
0.9895755361 -0.3572956712 2.6660566010 447.9330000000 488.1110000000
0.9895806984 -0.0212272186 2.7904440106 460.0380000000 576.5640000000
1.0132398600 0.7689072640 2.1204246081 542.4140000000 834.2290000000
1.0144917358 -0.8645892911 3.1858560727 420.1200000000 390.6490000000
1.0151938187 0.3789518315 2.7109692577 487.4600000000 677.7440000000
1.0154622622 -0.3729402466 2.7645288914 447.7280000000 486.9880000000
1.0172200506 0.7711606404 2.1274686679 542.2200000000 833.5540000000
1.0207511147 -0.3856887300 2.6982181931 452.9360000000 479.5900000000
1.0273847657 -0.8631851252 2.7154088996 431.9750000000 360.4570000000
1.0299995083 -0.3948261326 2.7686329790 452.9400000000 480.6060000000
1.0324309866 0.1376079921 2.7513132131 476.7040000000 612.2890000000
1.0326426439 0.9191194511 1.9439410980 574.3420000000 907.1570000000
1.0330298220 0.1434394102 2.0757494207 516.6290000000 631.6710000000
1.0353296598 0.6597411151 2.1191211086 542.0680000000 796.6030000000
1.0374436521 0.5566665680 2.1233749051 537.6120000000 762.7500000000
1.0375081817 0.9185851454 1.9483575092 574.3490000000 906.8130000000
1.0448129414 0.6868203497 2.1273628392 546.9440000000 803.1380000000
1.0454866313 0.5541576541 2.1098107665 538.0810000000 762.2620000000
1.0552383564 0.4661262657 2.1252772400 535.7630000000 729.8080000000
1.0559120462 0.4545444789 2.1257805715 536.3650000000 729.4890000000
1.0564282837 0.4517851898 2.1273576769 536.2660000000 727.3260000000
1.0710403842 -0.3443071374 2.7131632668 467.5870000000 490.7990000000
1.0737686991 0.7513861655 2.0933453736 561.5770000000 824.2690000000
1.0739881000 -0.0664423389 2.1949021826 508.4550000000 562.1180000000
1.0752657876 0.1976652483 1.9761594762 541.0100000000 648.6220000000
1.0778185817 0.1496567157 1.9818019513 536.6920000000 633.4730000000
1.0817471486 -0.0493817242 2.7022448451 483.9720000000 563.5030000000
1.0847645564 -0.3192825278 2.7130342074 472.7950000000 497.9000000000
1.0862745509 -0.5881157524 2.7062198733 460.8880000000 427.7120000000
1.0922319309 0.8220048652 2.0555335628 576.6310000000 849.8330000000
1.1040589305 -0.3056280477 2.4190782881 490.3680000000 489.4310000000
1.1078068142 -0.2288250817 2.7100916540 482.1120000000 520.1600000000
1.1135086567 -0.8595379078 2.7226104118 456.5760000000 359.6520000000
1.1183225708 -0.8714913855 2.7592116458 457.6440000000 360.3000000000
1.1200751968 -0.3642235776 2.4462375395 492.2970000000 473.4250000000
1.1256557235 -0.1248342131 2.4479617725 506.3480000000 541.5100000000
1.1280252533 -0.8909174002 2.7504614213 456.4580000000 354.4430000000
1.1281310820 -0.3143498791 2.5704132917 490.3710000000 490.8460000000
1.1380221912 -0.1175738498 2.1334905776 530.6340000000 537.3110000000
1.1414474266 -0.3324207705 2.6647660074 489.3750000000 487.9740000000
1.1443306127 -0.1021182173 2.0549347273 536.3500000000 543.2130000000
1.1450817381 -0.1023115482 2.0605952708 535.0090000000 543.0970000000
1.1455618389 -0.3804360142 2.3292736242 503.8630000000 465.2270000000
1.1493226286 -1.3430071701 2.9317898198 439.7850000000 262.4770000000
1.1680672098 -0.7074543599 2.6727676876 479.1860000000 393.1410000000
1.1705838673 0.1995115715 1.9854414252 570.2160000000 641.3320000000
1.1738748810 0.4978671243 2.1589798008 571.9080000000 728.4270000000
1.1790733919 0.9198137905 2.0088218186 613.1110000000 878.1770000000
1.1817655701 0.5907408198 2.1784290462 580.5450000000 754.6480000000
1.1935228777 -1.2688496628 2.9521295747 451.1800000000 281.2880000000
1.1977947424 0.5705894916 2.1604794706 584.4700000000 749.0220000000
1.2125049281 0.6808578073 2.1705280322 594.3530000000 778.0760000000
1.2208834616 0.7703320793 2.0955109896 608.0670000000 814.1140000000
1.2238647328 -0.4214123604 2.7163897507 503.2180000000 464.4480000000
1.2509646169 -0.5975422480 2.7163381270 502.3210000000 423.0580000000
1.2760666621 -0.6970160390 2.6523504971 506.0890000000 392.4930000000
1.2815904026 -0.7001599250 2.6654371161 504.9230000000 391.5770000000
1.2856093110 0.5857436414 2.1651823936 608.1690000000 744.1490000000
1.2866030681 -0.8080845228 2.6577193664 506.5330000000 366.1920000000
1.2949764393 -0.4563358228 2.1433455502 556.2420000000 427.9360000000
1.2977950957 0.1305221171 2.0354777385 601.0970000000 607.0400000000
1.3040725429 0.7647360655 2.1752825790 624.1700000000 795.3540000000
1.3087677223 -0.5961561504 2.7092656742 517.0990000000 422.5440000000
1.3093510706 -0.0536587513 2.0148927708 597.9060000000 548.0760000000
1.3119580696 -1.2455054060 2.8885807466 480.8220000000 279.8750000000
1.3121464963 0.6964017165 2.1684114588 623.2580000000 773.4650000000
1.3225460994 0.5329841757 2.1757549362 615.3320000000 725.2390000000
1.3283176339 -0.0519734942 2.0514294752 597.5030000000 548.7190000000
1.3439028420 0.0051524884 2.0396695864 607.9090000000 566.1310000000
1.3587549930 -0.4773750794 2.6966952926 536.3790000000 447.4590000000
1.3601256034 -0.4779584277 2.7083364468 536.2580000000 447.6190000000
1.3603888845 -0.4311898974 2.1604149409 576.8870000000 432.8870000000
1.3778531968 0.0798985838 2.0204423232 622.9200000000 587.2410000000
1.3802511197 0.6729000073 2.1464662055 643.0220000000 765.1530000000
1.3823986674 0.8495590382 2.1450801080 650.4220000000 815.2420000000
1.3879404763 0.8682778075 2.1856976692 650.0060000000 815.2420000000
1.3909707900 -0.0095413067 2.0387661709 620.3570000000 558.0760000000
1.4016156059 -1.3269754166 2.9081719572 498.2350000000 263.3790000000
1.4186540224 -0.3873561770 2.0615735407 605.8850000000 438.8260000000
1.4216507807 -1.2381103048 2.9134633909 507.1530000000 284.0200000000
1.4323110837 0.0362094098 2.0246625642 637.1780000000 570.1110000000
1.4339914365 -0.3908949846 2.0968532069 605.8860000000 439.0270000000
1.4399488165 0.7443963106 2.1690102942 659.2660000000 776.6650000000
1.4410174280 -0.3945602703 2.1207885555 606.4160000000 438.7390000000
1.4475555751 -0.0295050343 2.0902376242 632.3850000000 548.4360000000
1.4521449259 0.6040107030 2.1676164531 655.1060000000 733.6240000000
1.4665608562 0.5876046774 2.1717205407 658.9740000000 726.6240000000
1.4715141544 0.0702064841 2.0160104249 649.7280000000 577.2990000000
1.4726731074 0.0226089281 2.0259066965 646.2670000000 563.4050000000
1.4744773572 -0.4138752939 2.1103450722 613.9010000000 431.7980000000
1.4773760304 -0.0507363312 2.0031354633 647.9990000000 538.5740000000
1.4796965177 0.1177617602 2.0010137274 659.5480000000 590.6480000000
1.4937149452 0.1192477497 2.0101356429 660.0300000000 591.2540000000
1.4950571625 -0.0522711051 2.0271198544 647.9990000000 539.1510000000
1.5186879310 -0.9672121304 2.9327706709 539.3280000000 344.5610000000
1.5205773600 -0.4233895498 2.0976817680 626.9380000000 427.7920000000
1.5293250033 0.7049815826 2.1516053491 683.8480000000 757.2770000000
1.5340795501 0.4104526397 2.1069843666 672.4500000000 674.1180000000
1.5370427530 -0.3835205328 2.0927542817 635.9730000000 437.8680000000
1.5442158721 0.5755634392 2.1577408310 680.2350000000 719.5890000000
1.5465337782 0.5754834224 2.1597489946 680.5580000000 718.8730000000
1.5549123117 0.9409640381 1.0761279041 963.6340000000 1022.5000000000
1.5565049042 0.6793658811 2.1467965974 688.9110000000 747.6420000000
1.5706214168 0.9294312939 1.9805655627 731.5490000000 836.3410000000
1.5745680520 0.8796092192 2.1717127971 701.7800000000 801.1150000000
1.6190599752 0.7647025101 2.1665994654 707.5720000000 765.0600000000
1.6219044435 -1.4004437469 3.0737293021 534.7660000000 262.1530000000
1.6257813866 0.4114515592 2.1414535400 694.5850000000 668.5600000000
1.6262201884 0.4149413242 2.1428706117 693.4200000000 668.8500000000
1.6275262691 0.4112760384 2.1384412946 694.4880000000 665.7510000000
1.6452848368 -1.0476625721 2.8723450794 565.6130000000 319.9430000000
1.6566807782 -0.6918330152 2.7684264840 588.5900000000 392.2410000000
1.6602170046 0.4128918616 2.1364950794 703.7900000000 662.9210000000
1.6607977717 0.4141411562 2.1372152307 704.7720000000 664.1650000000
1.6626226710 0.7004851545 2.1673764027 715.5410000000 742.5540000000
1.6638306666 0.9398463841 1.3201301082 910.1450000000 932.6380000000
1.6641688021 0.9399986741 1.3204863120 908.9840000000 931.6680000000
1.6706553255 0.7017215432 2.1791337102 715.1850000000 741.6170000000
1.6712541609 -0.7014737492 2.8166172484 587.0960000000 392.3540000000
1.6732287691 -1.2373953160 2.9606733042 557.1470000000 286.7520000000
1.6796326945 0.8848696786 2.1722316158 726.1990000000 794.6250000000
1.6816589264 -0.4191744712 2.1148311755 668.7880000000 424.8630000000
1.6885765080 0.9246767471 0.8542232434 1122.3600000000 1053.4900000000
1.6896993244 -0.4246156137 2.1267046365 670.0570000000 423.7640000000
1.7096260893 0.9446215804 0.8853188052 1115.1200000000 1049.8600000000
1.7100674723 0.9431709532 0.8730530038 1121.5100000000 1054.0300000000
1.7111618957 0.6085148746 2.1694181218 722.3670000000 712.9060000000
1.7361942488 0.9200848151 0.7356099495 1217.2100000000 1089.2400000000
1.7418238181 -0.9558497445 2.9045582952 586.2080000000 340.9530000000
1.7568153531 0.4208083626 2.1197251064 731.9810000000 658.8280000000
1.7599463332 0.4182271755 2.1071108447 732.9920000000 658.2200000000
1.7647086235 0.0475583736 0.8305511759 1069.5900000000 544.8760000000
1.7662186180 -0.8626637254 2.8573225700 598.4940000000 357.5420000000
1.7696464345 -0.6192681003 2.8616589645 608.8210000000 410.5870000000
1.7769692625 -1.1303689713 2.9214650711 586.9100000000 306.1480000000
1.7821109874 0.1430171280 2.0000251327 740.4990000000 580.4110000000
1.7855026673 0.6029782281 2.1591940394 741.7430000000 705.7940000000
1.7877250694 -0.4175586480 2.1419775210 692.1470000000 422.7100000000
1.7892918501 0.7512209695 2.1679339391 747.7610000000 746.6990000000
1.7897745321 -0.4171817947 2.1423130753 692.5510000000 422.1030000000
1.7905617941 0.7529761768 2.1703576739 747.5460000000 746.2660000000
1.7913413127 0.9439349846 1.2889958286 959.6910000000 917.7380000000
1.7928797002 0.5848608754 2.1630064528 744.8040000000 701.7520000000
1.7936282445 0.8950137442 0.7459372794 1227.4500000000 1049.9200000000
1.7981040230 0.9470891953 1.2527843538 974.4220000000 926.3290000000
1.8025643145 0.6565326995 2.1763279598 744.0030000000 719.5480000000
1.8126567563 0.5878731208 2.1616900474 745.7570000000 699.5500000000
1.8315355592 -0.4221221869 2.1377159810 704.2220000000 420.6510000000
1.8374155036 -0.8550130867 2.8326980445 614.6720000000 357.6260000000
1.8384892775 0.0993356975 0.8645763851 1083.0500000000 564.3590000000
1.8568492618 -0.7110860902 2.7308702107 631.0810000000 382.0210000000
1.8637332879 0.8517659532 0.8532836913 1177.4000000000 969.3820000000
1.8647967371 0.8490350572 0.8535985961 1177.5100000000 967.8910000000
1.8703178964 -1.2062274809 2.9348614325 602.6920000000 289.8500000000
1.8710251417 -1.2074819379 2.9380362928 602.0870000000 290.9030000000
1.8754673648 0.8501914290 0.8368957339 1189.2000000000 971.7090000000
1.8787557973 0.5814821014 2.1112820432 769.3530000000 695.7400000000
1.8843208368 0.5616224473 0.8394098102 1159.4800000000 809.7190000000
1.8848422366 0.4149051876 1.2164618880 973.1060000000 694.9620000000
1.8923147734 -0.1152794325 2.0886243822 740.7000000000 500.3820000000
1.8943693984 0.7843092078 0.8746688269 1162.0400000000 920.2110000000
1.8949295160 -0.7088791752 2.7281341523 640.9440000000 382.2380000000
1.8961220245 -0.1134333675 2.0950979997 740.2960000000 500.9840000000
1.8984244435 -0.4267528367 2.0872098917 726.4400000000 413.4680000000
1.8986619127 0.6903462514 2.1113026927 778.3730000000 722.9610000000
1.9068107206 0.1245595748 2.0791049640 757.8620000000 566.7740000000
1.9085607655 -0.1141687477 2.1112562313 740.4580000000 499.6600000000
1.9194688624 0.5730519441 0.8317720774 1175.2300000000 811.9950000000
1.9222875188 0.7769399184 2.1154997030 788.0570000000 745.0190000000
1.9224449712 0.1266392373 2.1007946797 757.6620000000 567.3790000000
1.9255191652 -0.6362781238 2.7403431676 648.9950000000 398.5030000000
1.9256404810 -0.6367091820 2.7440084534 649.1960000000 399.1110000000
1.9342797144 0.6956815652 2.1190798096 785.4310000000 722.4820000000
1.9467210365 0.7702701308 2.1008333975 796.3670000000 742.6570000000
1.9469559246 0.3229452324 1.1384919673 1013.3400000000 651.1170000000
1.9495087187 0.6833796272 2.1288392783 786.3520000000 717.1900000000
1.9597870060 0.3869586741 1.1166009189 1032.2300000000 679.3770000000
1.9631322246 0.3868812385 1.1166241496 1032.2100000000 678.9410000000
1.9702408140 0.3203769512 1.1094045691 1032.4000000000 652.0500000000
1.9877283571 0.7038974840 2.0887844158 804.5990000000 721.0380000000
1.9940238726 0.7067961572 2.0955419638 804.2020000000 721.8790000000
1.9974181337 0.4182116883 2.1117182638 787.0350000000 643.0360000000
1.9984506086 0.6906430879 2.1001648701 805.1130000000 716.5810000000
1.9987835817 0.8740828975 1.1316131035 1075.4600000000 884.7250000000
1.9992869132 0.8754844821 1.1338484116 1075.3700000000 884.3790000000
2.0006058998 0.8990507209 2.0992149932 814.1250000000 772.9530000000
2.0010937442 0.8842811680 2.1038353182 813.4940000000 766.5860000000
2.0016874173 0.9120779726 1.0434681429 1118.9100000000 920.2510000000
2.0294351793 -0.9090786331 2.7864431704 656.4710000000 340.1860000000
2.0305709017 -0.9107047810 2.7878886353 656.7140000000 339.4420000000
2.0506964180 0.8956125796 0.8608026895 1230.8800000000 945.4580000000
2.0509932545 0.9393791892 1.7590867978 894.6890000000 811.0450000000
2.0531588706 0.9408685342 1.7611956277 894.9650000000 810.4260000000
2.0603939382 0.1985394964 1.5316274223 910.4130000000 583.1990000000
2.0609230816 0.6577252079 2.0759094543 820.5190000000 704.2530000000
2.0645212565 0.9623181996 0.7599324762 1307.2500000000 1009.7000000000
2.0878474449 0.4168668898 2.0176055985 825.3010000000 637.2730000000
2.1097126814 -1.1993460359 2.8965308031 650.0000000000 286.8700000000
2.1275383600 0.6115064705 2.0715988717 832.6790000000 686.6260000000
2.1659722369 0.5133439226 2.0552393074 838.0630000000 658.6940000000
2.1688218675 0.5155250257 2.0580941004 838.3160000000 658.7000000000
2.1699730770 -0.7083061517 2.7438535822 693.9250000000 377.0450000000
2.1704170412 0.5149700705 2.0579134173 838.3110000000 658.4920000000
2.1990320821 -0.6414146862 2.7539202121 701.1200000000 391.6840000000
2.1998348313 -0.8543316533 2.7328835367 697.4900000000 345.2460000000
2.2012002793 -0.6423774690 2.7574048148 701.3190000000 392.2930000000
2.2019384989 -0.8570548057 2.7395429996 696.5190000000 345.0040000000
2.2049507443 -0.8623797948 2.7538427765 696.5180000000 345.2110000000
2.2411493131 0.6973722428 2.1197328500 852.0490000000 698.1510000000
2.3569362071 0.5042684685 2.0602829471 879.3460000000 643.8140000000
2.3837728100 -0.8531339824 2.7689427215 724.9270000000 346.0210000000
2.3879233590 -0.4617098545 2.7166736813 746.6230000000 423.4680000000
2.3916273626 0.5094282616 2.0526245648 886.8640000000 643.9990000000
2.3986688412 0.7666951866 2.0783564197 894.2570000000 706.5990000000
2.4016604371 0.5011581380 0.9368341387 1245.5600000000 690.2000000000
2.4079456278 0.5036902826 0.9404529631 1243.0700000000 689.6110000000
2.4630307432 -0.3169052544 2.7706979287 760.6630000000 453.6880000000
2.5452544604 -0.4359134699 2.6958951246 778.1800000000 424.2490000000
2.5680592490 -0.1217695695 2.7328835367 788.7610000000 489.4730000000
2.5900406389 -0.1217120091 2.7624381298 789.0880000000 489.8750000000
2.6040822971 -0.4486103296 2.7757054318 777.5680000000 424.0510000000
2.6440132626 -0.1685716553 1.0118769932 1212.5900000000 397.7460000000
2.6507501611 -0.2770491434 1.0444541564 1190.3900000000 358.0750000000
2.6531764770 -0.1474167615 2.7604764275 798.3320000000 482.7930000000
2.7593665171 -0.6566436905 2.7614830905 795.5970000000 378.2690000000
2.7701300675 -0.3252244207 2.7572241317 810.8950000000 444.2750000000
2.7796546482 -0.5955289220 2.7607861700 803.2170000000 391.3430000000
2.7797837076 -0.2996474370 2.7663099105 811.8820000000 450.3550000000
2.8038403719 -0.8337492668 2.7729435616 795.9050000000 345.0180000000
2.8671827050 0.2101548386 2.8188112575 839.1370000000 544.8950000000
2.8708738027 0.1360956746 2.8149652886 835.5780000000 532.3680000000
2.9053068395 0.0578108490 2.8260127697 837.8270000000 516.1440000000
2.9272985541 0.0547304602 2.8570644513 837.6190000000 516.1440000000
2.9709722410 0.2181389668 2.8272259277 852.3760000000 543.6300000000
2.9814776728 -0.7934904905 2.8658662996 816.2670000000 356.0560000000
3.0440714616 -0.9409769441 2.8580711143 820.0170000000 327.7930000000
3.1338709631 -0.9196537569 2.7766604711 844.3010000000 325.0670000000
3.1627544475 -0.0241340742 2.8189403169 873.3790000000 493.7630000000
3.1784996892 -0.4498518806 2.8511535327 857.1340000000 416.2110000000
3.1884888836 0.2133611893 2.7892050407 891.5860000000 537.7360000000
3.2237995240 0.2282254719 2.8079960833 892.4390000000 537.1260000000
3.5239399678 -0.5468735439 2.8917814187 897.0190000000 393.8160000000
3.6535155636 -0.8418980747 2.7892566645 918.2460000000 336.5310000000

gimbalangles:
0.3345188705 -0.0104601043 -1.7696808565

end: