T_CW:
0.9726530632 0.1773924287 -0.1499264652 -0.4457408783
-0.1731348895 0.9840404255 0.0410944149 0.2193693629
0.1548235407 -0.0140131066 0.9878427527 -0.2559098659
0.0000000000 0.0000000000 0.0000000000 1.0000000000


target_points_pix:
-1.3406763581 -0.1582484553 2.6103029582 -31.0145000000 631.7240000000
-1.3358701876 -0.8990610457 2.5981713785 -73.3792000000 402.1480000000
-1.3223292797 -0.2554275710 2.6825761988 -11.6615000000 598.6060000000
-1.3046171733 -0.6265599541 2.5998491501 -47.2027000000 485.5300000000
-1.2885054030 -0.8141503126 2.6013204268 -51.4370000000 427.0900000000
-1.2859061476 -0.2240813759 2.6248866657 -10.4561000000 609.3540000000
-1.2840502740 -0.3228110107 2.6202147169 -16.0756000000 575.2280000000
-1.2786246186 -0.9132859682 2.5940931028 -54.0181000000 393.9180000000
-1.2710952956 -0.8784631721 2.6056826331 -46.9931000000 406.2780000000
-1.2351806574 -0.6766143356 2.6366310673 -14.2804000000 468.9340000000
-1.2314714914 -1.0613196334 2.6342563751 -33.8134000000 350.2270000000
-1.2267324318 -0.6730368102 2.6237509433 -13.9792000000 466.4580000000
-1.2262807240 -1.1015732472 2.6270806748 -37.1541000000 337.9750000000
-1.2246907127 -1.1511036478 2.6267709323 -39.3138000000 322.4650000000
-1.1755061913 -0.8628624768 2.6131422641 -9.7104900000 406.1300000000
-1.1735341643 -1.0856240917 2.6297909213 -16.4198000000 340.2820000000
-1.1439640841 -0.7531413728 2.6220731717 9.3753600000 438.6490000000
-1.1206585451 -1.1428180370 2.6375861065 1.7956800000 320.8190000000
-1.1164537912 -1.1404407636 2.6303845943 0.7345830000 321.4680000000
-1.0715746900 -1.6086990899 2.7081299518 10.8504000000 189.2220000000
-1.0500863068 -1.2643558159 2.6176077179 14.4944000000 278.6820000000
-1.0335202476 -1.5654848544 2.6469041922 12.0599000000 193.7730000000
-1.0180924919 -0.6851322533 2.6607393554 63.4522000000 453.8800000000
-1.0157926541 -0.6843165981 2.6529183583 62.7959000000 453.6000000000
-1.0123235386 -0.7962368737 2.6424387384 58.2747000000 420.4320000000
-1.0056821440 -0.7944403674 2.6386960170 56.0681000000 419.3820000000
-0.9974171827 -0.8915704405 2.6234670127 53.0981000000 389.6970000000
-0.9965137672 -0.8922905917 2.6242155570 53.3797000000 389.9340000000
-0.9816667786 -1.5796452472 2.6417418179 25.4304000000 186.7940000000
-0.9636939723 -0.6289294839 2.6622622558 86.3315000000 468.0750000000
-0.9603616597 -0.6615582709 2.6712189753 88.1130000000 458.8220000000
-0.9385248163 -0.1218578462 2.7205454621 132.1140000000 613.2570000000
-0.9351099056 -0.9704386144 2.6442713813 73.3517000000 364.7950000000
-0.9283084775 -0.1292516568 2.7477253629 138.7030000000 610.4380000000
-0.9254640092 -0.1267311275 2.7373231787 138.4360000000 610.6670000000
-0.9253633429 -1.5155517886 2.5446530438 25.8010000000 188.2050000000
-0.9238507672 -0.1110039541 2.7311283295 138.5400000000 614.8710000000
-0.8142561413 -0.2900738138 2.4390515144 108.2910000000 561.7850000000
-0.8136237504 -0.2888709806 2.4438860780 108.6700000000 562.4260000000
-0.7997292199 -0.4429446238 2.6865254152 153.7860000000 513.8510000000
-0.7972590238 0.3489765050 1.7856214019 -41.1834000000 876.1040000000
-0.7962652668 0.3455538508 1.7843308083 -38.9307000000 877.4380000000
-0.7696764577 -1.4959605780 2.9834651869 161.5310000000 247.2620000000
-0.7657995146 -0.0069023268 2.0474183103 42.3900000000 678.5820000000
-0.7585567034 -0.9124315952 2.5668357663 118.9840000000 368.4810000000
-0.7561123192 -0.0074942963 2.0298146138 40.6948000000 678.7540000000
-0.7555599451 -1.5256106750 2.8850961440 148.4980000000 228.9150000000
-0.7518327109 -1.1492787484 2.6649208786 128.6490000000 304.8670000000
-0.7495018988 -1.0568051370 2.6192080539 126.0340000000 329.8050000000
-0.7456894854 -0.9316356277 2.5816775925 126.6680000000 361.9010000000
-0.7429585894 -1.4699447926 2.9262660793 161.4750000000 246.5660000000
-0.7418719096 -1.5083063962 2.8596198266 149.3920000000 230.3800000000
-0.7384776485 -1.0760995111 2.5569498194 116.6120000000 317.5570000000
-0.7363326819 -0.9621168670 2.6049599007 131.9630000000 355.3580000000
-0.7349052854 -0.4686016242 2.5954611320 156.3710000000 502.2260000000
-0.7283800443 -1.4981545871 2.8327496682 149.2740000000 228.9740000000
-0.7075421203 0.0165093764 2.3241551300 137.3580000000 662.7860000000
-0.7053584359 0.0156619468 2.3219533774 138.9670000000 662.7130000000
-0.6966469292 -0.4156743814 2.6445811237 181.5900000000 515.5070000000
-0.6938308540 -0.4146496501 2.6467235091 181.3380000000 515.7240000000
-0.6737982604 -0.9877145001 2.6761748547 164.6420000000 351.4780000000
-0.6667567818 -0.9833832680 2.6680957388 165.0780000000 351.0620000000
-0.6625752586 -1.0185932422 2.6595261974 162.6180000000 339.3990000000
-0.6617957401 -1.0174549386 2.6612297810 163.2910000000 340.5020000000
-0.6606419494 -1.0207924137 2.6506211017 162.2500000000 339.3810000000
-0.6604793346 -1.0182086453 2.6672697589 164.1060000000 341.4340000000
-0.6345254977 -1.0935328492 2.7012898058 175.9450000000 322.3820000000
-0.6287823562 -0.9351847601 2.6973147776 183.9990000000 365.8980000000
-0.6079908936 -2.3944976427 3.1278567970 186.9870000000 46.2121000000
-0.6031692360 -0.0177004136 2.5191018720 211.0340000000 632.1820000000
-0.5998111115 -0.0309977348 2.6398059275 229.4650000000 621.1850000000
-0.5987037822 -0.0307948535 2.6345144938 229.1160000000 621.1960000000
-0.5957767159 -0.0299923624 2.6325786034 229.7660000000 620.9160000000
-0.5954927853 -0.2362346375 2.6322946728 219.6860000000 561.7090000000
-0.5947261728 -0.2139718982 2.6298941688 220.4330000000 568.6570000000
-0.5872123369 -0.4176231777 2.6336368902 214.8040000000 510.2760000000
-0.5758396263 -0.0745160342 2.6373537997 235.0140000000 608.6720000000
-0.5758344639 -1.5749681360 3.1701366428 234.7680000000 243.3020000000
-0.5751194750 -0.7492979851 2.6306685249 199.8350000000 413.1390000000
-0.5719368713 -0.2335718849 2.6011655556 220.4180000000 561.6980000000
-0.5566072007 -2.4456825842 3.2229477322 211.0270000000 49.1020000000
-0.5424235772 -2.4162286575 3.1827844599 211.1030000000 49.8634000000
-0.5337766002 -0.6132771649 2.6295844263 220.3990000000 450.2770000000
-0.5269932403 -0.3894882376 2.6336110783 233.2600000000 514.6080000000
-0.5243139680 -0.7639668717 2.6788076656 222.9450000000 405.9790000000
-0.5219057204 -0.4146883679 2.6462847073 235.4390000000 507.0570000000
-0.5213068850 -0.3837399337 2.6314170692 234.2220000000 515.5860000000
-0.5158967167 -0.5417937675 2.6510599035 231.6030000000 469.2720000000
-0.5158347682 -0.2362826476 2.6536927144 248.2100000000 558.0780000000
-0.5145674053 -0.4138701315 2.6254029031 234.7170000000 506.4180000000
-0.5143454232 -0.5382214045 2.6480141027 231.6200000000 470.7680000000
-0.5131219405 -0.5053241740 2.6486593995 234.9030000000 480.8300000000
-0.5105897959 0.0102205720 2.6524279327 259.9540000000 627.6600000000
-0.5102000366 -0.6760903546 2.6348758600 224.8610000000 431.0240000000
-0.5017440674 0.3742076095 1.4713386336 -2.7761700000 943.5030000000
-0.4971779473 -0.7590806844 2.6176335297 222.9520000000 406.1950000000
-0.4380016504 -0.9381453818 2.7097819116 245.7880000000 358.6840000000
-0.4325708326 -0.9232725813 2.7022190332 246.6320000000 361.5400000000
-0.4285441806 -0.9188664948 2.6918942845 245.5110000000 358.9340000000
-0.3839051297 0.2836776320 2.5796358734 307.0830000000 704.2070000000
-0.3822351016 -0.7603480473 2.6377926015 261.1970000000 400.8210000000
-0.3796745639 -0.7608358917 2.6342563751 261.6640000000 400.6200000000
-0.3779348438 0.2874848831 2.5799946585 308.2760000000 703.5750000000
-0.3619572952 -0.5878886080 2.5570091867 265.3260000000 445.9580000000
-0.3020892401 -0.5812652817 2.7296570528 303.8820000000 451.0900000000
-0.2958943909 0.4070377291 2.1823343823 296.7330000000 777.5670000000
-0.2956130415 0.0602405205 2.3717005976 296.7760000000 643.7260000000
-0.2912895530 -0.3569162367 2.6257384574 306.9410000000 512.2730000000
-0.2911501689 -0.5746187247 2.6937011155 303.8960000000 451.9970000000
-0.2775060135 0.1095564244 2.5670345177 329.2210000000 647.5550000000
-0.2715873513 0.2556611684 2.5809264670 339.0250000000 689.2260000000
-0.2714918474 0.3915273754 2.2973133647 317.7400000000 757.2270000000
-0.2652014943 -0.3553752680 2.6316235642 315.7790000000 509.9220000000
-0.2648994954 -0.3555507887 2.6429807877 316.0510000000 510.1730000000
-0.2629506991 -0.3563122389 2.6434712133 317.1860000000 510.1710000000
-0.2397499563 -0.2172665255 2.6806661203 333.4350000000 547.5980000000
-0.2395488819 0.3849040491 2.6820857733 365.7970000000 716.7980000000
-0.2374643151 0.5297241363 2.6485561520 368.8380000000 759.8460000000
-0.2347659420 0.5274991530 2.6372505522 369.8380000000 759.1580000000
-0.2345573821 -0.6869029477 2.6770266464 312.7320000000 416.9650000000
-0.2317271104 0.3789879682 2.6393413138 365.4820000000 716.8550000000
-0.2314547951 -0.6851193473 2.6733355488 312.2810000000 417.1660000000
-0.2313081837 0.0927252772 1.8409233370 243.7690000000 689.6320000000
-0.2267314807 -0.8856362912 2.6797627048 306.4550000000 361.6180000000
-0.2256824863 -0.7782924605 2.6683538576 311.5650000000 390.5230000000
-0.2233934895 -0.7742477402 2.6598875636 310.9110000000 391.5640000000
-0.2186750794 -0.8827918230 3.1249400555 349.4190000000 389.0110000000
-0.2186144215 -0.6902171920 2.6575128715 314.9360000000 413.8530000000
-0.2178940121 -0.8787574274 2.6556544167 306.4800000000 362.2610000000
-0.2137114564 0.1949955264 2.5808464502 355.5630000000 667.8390000000
-0.1946047347 -0.9414518825 2.6868351577 312.7080000000 345.7770000000
-0.1855896804 0.5705869104 1.9042656700 313.4960000000 878.4480000000
-0.1831166449 0.5688755833 1.9020174560 312.4770000000 878.5310000000
-0.1709695781 -0.8840540235 2.6334045833 317.2370000000 356.2280000000
-0.1618133329 0.2574994899 2.6033595647 375.0160000000 680.9930000000
-0.1568205426 0.2511149234 2.5851105714 375.4890000000 680.1240000000
-0.1176685794 -0.9332075707 2.6906295028 336.5550000000 345.6020000000
-0.1132947577 0.5197065489 1.9183512084 339.3680000000 847.3230000000
-0.1132937252 -0.6561868204 2.7197452941 353.3090000000 421.9700000000
-0.0793575670 -0.2147049554 2.6738259744 384.9710000000 540.0730000000
-0.0790702808 -0.2182721560 2.7051873984 384.3500000000 539.4850000000
-0.0666364441 0.1797536162 2.5856526207 401.2060000000 655.1970000000
-0.0637457726 0.1430625568 2.5920023412 399.1560000000 643.2950000000
-0.0575555696 0.1839872794 2.5896534608 400.9750000000 654.1950000000
-0.0494607085 0.2429648250 2.6322946728 409.8750000000 669.0900000000
-0.0464577553 0.0359925901 2.5893953421 398.4060000000 611.4160000000
-0.0440804820 0.0368660638 2.5876917586 398.8250000000 612.0300000000
-0.0438541118 -0.6203289683 2.7208552045 375.4720000000 429.6270000000
-0.0429140435 -0.6150762524 2.6783946756 375.4720000000 429.6270000000
-0.0427328441 0.2891910478 2.5914086681 412.0300000000 682.9290000000
-0.0366686030 0.1830768947 2.5919507174 407.7680000000 652.4970000000
-0.0305919722 -0.4893775997 2.6091672358 377.3450000000 460.0270000000
-0.0220578963 -0.4834357069 2.5688852289 375.8720000000 459.4180000000
0.0166769212 0.6239219808 1.8838536419 401.1330000000 884.1780000000
0.0177521147 0.6249441309 1.8866439052 399.6780000000 882.3300000000
0.0180145182 0.6252590358 1.8898497397 401.0120000000 882.5260000000
0.0218862990 -1.3801633593 3.2051375408 391.5730000000 273.9510000000
0.0225721720 -1.3775641039 3.2010076413 390.9730000000 274.7080000000
0.0374628343 0.0893888347 2.5989457346 426.5370000000 620.8080000000
0.0539455212 -0.5949429925 2.7463573337 405.4320000000 432.5470000000
0.0555734759 0.0878282489 2.6001072689 430.7960000000 620.7250000000
0.0690366901 -1.0248422963 2.6373796116 385.1430000000 308.7070000000
0.0731794955 0.1547468168 2.6541831400 444.5760000000 635.4140000000
0.0784195636 -0.5897289944 2.7452990470 412.5020000000 433.7290000000
0.0852566121 -0.9952644726 2.5581216784 385.1430000000 308.7070000000
0.1016977419 0.0270807833 2.5878724417 440.6680000000 599.5190000000
0.1021143455 0.0293532605 2.6109740668 441.7600000000 599.9140000000
0.1079256303 0.0293511955 2.5681728212 441.5760000000 599.8010000000
0.1154544370 -0.7300733030 2.9541170888 429.8400000000 403.7390000000
0.1272553666 0.3409980554 1.9581505333 431.2990000000 746.5780000000
0.1284912391 0.5656310310 1.9133333805 444.5480000000 843.3980000000
0.1343045888 -0.7197666227 2.9032418897 429.3210000000 403.2340000000
0.1480726411 -1.0158881580 2.7414272663 411.6260000000 317.3700000000
0.1483390197 -1.0101785720 2.7273597962 410.5860000000 317.3350000000
0.1502596810 -1.0166108904 2.7395946234 412.7090000000 317.4070000000
0.1597050192 -0.9224853192 2.7312832007 417.8060000000 338.6200000000
0.1646286337 -0.9079351672 2.6895454042 418.8860000000 341.9480000000
0.1698222404 -0.5022732108 2.6705220548 438.0130000000 449.9460000000
0.1712240832 -0.2236714834 2.6730258063 451.9170000000 524.2850000000
0.1723636773 -0.2236967790 2.6602747417 451.7100000000 523.4730000000
0.1728270004 -0.7684710433 2.6833247431 426.2210000000 376.6590000000
0.1736307821 0.2261850434 2.5734255371 472.3120000000 653.0550000000
0.1788775613 -0.9448332377 2.7303797852 424.0380000000 334.7210000000
0.1857115124 0.0512048167 2.6192854895 467.9630000000 602.6130000000
0.1909097652 -0.0643905532 2.6748584492 466.2700000000 568.9360000000
0.1931424921 -0.3483725072 2.6859317422 453.4760000000 490.8080000000
0.1968382359 -0.3317496618 2.6574096240 454.0280000000 494.8310000000
0.1968395265 -0.4650602354 2.6580807326 447.2600000000 457.0860000000
0.2001369931 0.2104867793 2.5578196795 479.1170000000 647.1140000000
0.2113602530 0.1118283853 2.5977583885 477.1040000000 618.8930000000
0.2132403898 0.1144227365 2.5973712105 477.5060000000 618.7800000000
0.2310776837 0.2419770046 2.0334876432 470.5550000000 692.4300000000
0.2318626227 -0.3302396673 2.6611007216 461.7600000000 494.2360000000
0.2350511632 -0.4637851290 2.6583904751 457.8220000000 456.4320000000
0.2354770591 -0.5982985358 2.6534345957 451.3470000000 419.4080000000
0.2358198408 -0.4651402522 2.6581323564 458.0300000000 456.2300000000
0.2417330824 0.2310239950 2.5610358387 491.0870000000 652.6910000000
0.2603230505 0.2800200898 2.0238469091 482.6480000000 704.1580000000
0.2661255593 0.1378746288 2.6016043574 494.4870000000 622.3720000000
0.2671657777 0.1367703969 2.6054761382 495.7380000000 621.6980000000
0.2690732750 -0.9830296454 2.8031434514 449.4120000000 327.0130000000
0.2729940983 0.2627467853 2.0284285163 486.9990000000 697.7100000000
0.3110975833 -0.3305029484 2.6740582812 486.2420000000 489.8270000000
0.3321187716 -0.0124557768 2.6861640490 507.5930000000 573.6690000000
0.3325188556 -0.3488526080 2.6779300619 490.3570000000 484.5800000000
0.3341088669 -0.1544089394 2.6706769260 500.6170000000 537.2900000000
0.3378567507 -0.6498448435 2.6694121443 478.2680000000 401.3350000000
0.3383781505 0.4539843613 2.0294300169 524.5620000000 762.5850000000
0.3429623389 0.4490129948 1.9874908879 524.8480000000 763.2030000000
0.3498308779 -0.5799230644 2.6665212147 484.7450000000 420.8390000000
0.3504658500 0.0521327534 2.6492788844 515.8420000000 592.4770000000
0.3517332129 0.0506676716 2.6593455143 515.6330000000 592.8850000000
0.3585707777 -0.5192909778 2.6593713262 490.0720000000 436.1590000000
0.3602821048 -0.6869081101 2.6764587853 483.3290000000 392.1770000000
0.3609093332 -0.6822619732 2.6705994904 484.5510000000 390.5520000000
0.3609299827 -0.5178584189 2.6705478666 490.5700000000 436.3500000000
0.3637073401 0.2090542204 2.6015527337 525.4520000000 635.2500000000
0.3656329058 0.2116485717 2.5905310645 525.1900000000 636.4860000000
0.3671816181 -1.1109377943 3.0517117756 479.3900000000 310.2530000000
0.3755988694 -1.0998696637 3.0095609892 479.1440000000 310.5000000000
0.3765590710 -1.0852111018 2.9754376948 478.5520000000 311.9650000000
0.3771088639 -0.4054219059 2.6847702079 502.6350000000 466.1920000000
0.3833811487 0.0524587574 2.6860349897 525.6960000000 588.7360000000
0.3928179690 -0.4379009841 2.6627526814 503.6110000000 456.5310000000
0.3979855057 0.2249974392 2.5820905824 537.6670000000 637.5630000000
0.3999446268 0.1965519823 2.6215569342 535.1220000000 627.7560000000
0.4050476338 0.5709121400 1.5256442304 557.9010000000 899.3390000000
0.4107804505 -0.5170918063 2.6703413717 504.4880000000 435.2660000000
0.4150187598 -1.0974639973 2.9904085804 484.8080000000 309.4790000000
0.4150445717 -1.0911659006 2.9767024765 486.8660000000 309.0060000000
0.4445527034 0.5970595660 1.5276240010 581.6850000000 909.0620000000
0.4472242321 -0.2170455759 2.6617976422 528.2760000000 514.0480000000
0.4510005089 0.3080362953 2.0336709075 556.3180000000 698.2560000000
0.4516406433 0.2739362317 2.0330875592 554.2400000000 688.4930000000
0.4537881911 0.7873885641 1.5443113760 603.3400000000 998.7320000000
0.4567849494 0.2986201245 2.0304108681 558.3940000000 696.3410000000
0.4608890370 -0.3119132384 2.6880999394 528.2630000000 487.8910000000
0.4631088579 -0.5480531464 2.6632689188 517.7200000000 423.1990000000
0.4658165233 0.5224064707 1.5359767227 587.3420000000 864.2700000000
0.4661159410 0.4151452380 2.0300598266 569.1260000000 736.3470000000
0.4665676487 0.4141566433 2.0300598266 570.5700000000 736.1120000000
0.4667251011 -0.9740651824 2.8511535327 500.8490000000 327.4270000000
0.4725766525 0.7173738622 1.5284422373 606.7970000000 965.5830000000
0.4728838137 0.5181681614 1.5306749642 589.0240000000 864.5650000000
0.4808674256 -0.7464018931 2.9077073435 516.2720000000 384.4300000000
0.4824213003 -0.7364849720 2.8949304671 516.6890000000 384.8450000000
0.4952136639 -0.5366417179 2.6753746867 527.4310000000 425.5520000000
0.4984349855 0.5282193042 1.5271800368 602.4740000000 867.3720000000
0.5004121749 0.3280869572 2.0315878894 575.7130000000 702.4090000000
0.5031714639 0.8768189559 1.5411442594 634.5170000000 1033.8200000000
0.5077608147 0.1806751000 2.7783640546 564.3590000000 612.8010000000
0.5144228588 0.9212669989 1.5510173003 646.7350000000 1052.3000000000
0.5147919686 -0.4542063434 2.6658759179 536.2520000000 446.6100000000
0.5171356865 -0.5531613158 2.6774396364 531.7980000000 420.4760000000
0.5184107930 -0.5524979507 2.6558092879 532.0000000000 420.2740000000
0.5211958939 -0.0400644128 2.7670584548 558.3190000000 556.0590000000
0.5728299620 -0.4983936865 2.6745487068 549.3760000000 432.5450000000
0.5771921683 -0.1148721212 2.7043356067 568.7590000000 534.0830000000
0.5897393192 -0.2923220278 2.6761748547 563.7300000000 486.9400000000
0.5952346666 -1.5622970882 3.2232316628 515.9690000000 221.3050000000
0.6090233685 -0.5704475263 2.6741099049 556.3440000000 412.3450000000
0.6117620081 -0.3261123490 2.7246495497 568.5570000000 477.5150000000
0.6147510228 -0.3254825394 2.6993022917 568.7570000000 476.9130000000
0.6172805862 -1.5661895185 3.2305622344 519.1290000000 221.3980000000
0.6274169082 -0.5297680165 2.6863963559 564.7110000000 421.9180000000
0.6334491426 -0.5307540300 2.6889775430 564.5120000000 422.5240000000
0.6435183538 -1.0185390373 2.6444520644 544.8410000000 290.3620000000
0.6438048655 -1.0266233155 2.8129261508 545.8960000000 303.9150000000
0.6453587402 -0.9940048532 2.5695021326 544.8410000000 290.3620000000
0.6537192055 -0.6321275748 2.6789367249 563.7910000000 393.6620000000
0.6738576277 0.0709423806 2.7756796200 602.8590000000 578.2170000000
0.6944296895 0.9142306827 1.7594430017 706.1300000000 959.1150000000
0.7250245009 0.0205900268 2.7688136621 613.1320000000 562.9060000000
0.7486475259 -0.1032872370 2.8459137228 611.9700000000 529.2190000000
0.7498839145 -0.1036023999 2.8447521885 611.9690000000 530.0190000000
0.7516984891 -0.1039402773 2.8571935107 611.9690000000 529.9390000000
0.7614992568 0.9109448314 1.5577077374 761.1790000000 1009.8000000000
0.7683032662 0.9087714718 2.6717610246 667.5710000000 795.3160000000
0.7738657245 0.0733346248 2.7703881863 627.5540000000 573.7400000000
0.7758687258 0.7469258741 2.7237719460 661.2240000000 750.1650000000
0.7775697281 0.0733552743 2.7800160144 627.9560000000 573.1360000000
0.7841827296 -0.2032204793 2.8567288970 614.9830000000 503.9990000000
0.7848073769 0.9089444113 2.1330879124 706.9980000000 867.5250000000
0.7855636648 0.4053935129 2.6752714392 651.0110000000 663.5620000000
0.7856333568 0.4079179139 2.6670890758 651.6170000000 663.9740000000
0.7881345272 0.4109327405 2.6683280457 652.3440000000 663.9740000000
0.8000647743 0.7415699107 2.3396061164 685.0450000000 781.4600000000
0.8043211519 0.9229525141 2.0610237479 718.9300000000 883.1280000000
0.8054671990 0.5470129280 2.3663652838 677.3200000000 724.1420000000
0.8057898474 0.5479369930 2.3635646957 676.5000000000 723.0800000000
0.8102733695 0.7765449968 2.2083630737 700.1860000000 806.9960000000
0.8206161865 0.9190316908 1.9409598268 736.1860000000 903.8580000000
0.8206987845 -0.3408147911 2.7577145573 618.9680000000 465.9590000000
0.8226888798 0.9034748757 2.1129856267 722.1120000000 862.7990000000
0.8231044509 0.4116503106 2.1139638967 689.6090000000 698.9610000000
0.8246531632 0.5249050599 2.1171026203 699.1930000000 737.7550000000
0.8263257725 0.4147838718 2.1242241156 689.3980000000 697.7050000000
0.8269530010 0.9073569812 2.1300369491 721.1140000000 863.6110000000
0.8297664950 0.4076391457 2.5376270523 669.2060000000 668.7420000000
0.8391491103 0.7288472391 2.1152080289 715.1290000000 805.0690000000
0.8431835059 0.8090808610 2.1141471609 720.9540000000 830.4730000000
0.8454549506 0.5416027597 2.1161579057 705.2730000000 742.4370000000
0.8698884683 0.4614801288 2.1110239245 708.0550000000 712.7510000000
0.9058753798 0.4602876204 2.1160494959 720.2850000000 709.7220000000
0.9065826251 0.6884129422 2.1176885497 734.7670000000 785.0970000000
0.9100491594 -0.1998107311 2.8728871287 646.5600000000 498.2400000000
0.9125838852 0.6378552291 2.1163695631 732.3940000000 767.5890000000
0.9128884653 0.5531432475 2.1201355152 727.8390000000 739.5120000000
0.9193182026 -0.2128880577 2.8493983254 648.0000000000 496.0000000000
0.9195117916 0.8431344633 2.1184861366 747.3110000000 835.5700000000
0.9206113773 0.8484981703 2.1261496813 747.3860000000 836.9800000000
0.9357293906 0.1988089723 2.7215263132 675.7440000000 598.2290000000
0.9359926717 -0.0376848164 2.7553914888 662.4060000000 537.1340000000
0.9372497098 0.3562761023 2.6868093458 685.7230000000 641.8750000000
0.9409485510 0.1167682613 2.6286551989 678.0720000000 580.1890000000
0.9422107515 -0.7724021914 2.8895874096 626.8020000000 361.7730000000
0.9459379858 0.1056993564 2.4006744236 692.1240000000 580.2180000000
0.9466787865 -0.0216421961 2.6706511141 669.6140000000 542.9060000000
0.9512397443 0.0625375189 2.6648176311 677.4210000000 563.4220000000
0.9514668887 -0.0391385410 2.8158428923 662.4060000000 537.6150000000
0.9576230201 0.7699423200 2.1258141269 755.0390000000 806.5390000000
0.9586632385 -0.7871769067 2.9700172018 627.6490000000 361.6520000000
0.9702837432 0.0840948198 2.6420515603 681.6640000000 568.9260000000
0.9714297903 0.9201338577 1.9411069545 792.1720000000 888.1930000000
0.9728623492 0.0839613724 2.6634237901 681.1820000000 568.9260000000
0.9761069014 0.0841639956 2.6627526814 682.0630000000 568.1230000000
0.9761688499 0.3606486333 2.1331421173 734.3180000000 668.1490000000
0.9773123158 -0.3405076299 2.7209068283 661.0100000000 458.9560000000
0.9799270584 0.6559674195 2.1242757394 757.8690000000 766.8740000000
0.9815015826 0.3631523849 2.1439108302 735.1450000000 669.1940000000
0.9842634529 0.4711260253 2.1233774863 745.8500000000 705.8550000000
0.9856779434 -0.0220377114 2.6551639911 680.4250000000 538.8270000000
0.9858018404 -0.9045951110 2.7677811872 636.8150000000 318.3750000000
0.9860470532 0.5426868583 2.1200942162 750.6410000000 732.9330000000
0.9862380611 -0.9075041089 2.7757570556 637.0170000000 317.7500000000
1.0119879842 -0.3685160918 2.6966178570 670.0290000000 448.9170000000
1.0144917358 -0.8645892911 3.1858560727 633.4500000000 356.2460000000
1.0151396138 -0.8665793864 3.1882823886 631.9950000000 355.7500000000
1.0153461087 -0.8647312564 3.1835588161 632.8450000000 356.6560000000
1.0154622622 -0.3729402466 2.7645288914 668.1850000000 450.6450000000
1.0165076430 0.7711038542 2.1266891494 772.7870000000 802.3380000000
1.0172200506 0.7711606404 2.1274686679 772.7930000000 802.5610000000
1.0273847657 -0.8631851252 2.7154088996 647.9730000000 324.2130000000
1.0326426439 0.9191194511 1.9439410980 811.5750000000 881.5070000000
1.0330298220 0.1434394102 2.0757494207 748.2980000000 595.8390000000
1.0374436521 0.1434249555 2.0889676801 747.6880000000 595.6320000000
1.0375081817 0.9185851454 1.9483575092 811.8590000000 880.8420000000
1.0431351698 0.6146968179 2.1231425982 773.5700000000 750.0450000000
1.0448129414 0.6868203497 2.1273628392 778.2860000000 772.0810000000
1.0454866313 0.5541576541 2.1098107665 770.5510000000 729.9480000000
1.0485401757 -0.5894837816 2.7083880705 669.1030000000 391.3810000000
1.0552383564 0.4661262657 2.1252772400 767.3460000000 698.8540000000
1.0559120462 0.4545444789 2.1257805715 766.9310000000 696.3680000000
1.0568670855 0.8989887724 2.0848351995 798.5780000000 846.3290000000
1.0604497733 -1.4351529707 2.9127148467 629.2800000000 204.2640000000
1.0608395325 -1.4369004345 2.9157348356 628.5320000000 203.9930000000
1.0656844209 0.6955886425 2.1256386062 784.6340000000 774.2240000000
1.0710997515 -1.2864352909 3.2324723129 628.5200000000 269.5480000000
1.0724935926 -1.2847058955 3.2278519879 627.5020000000 268.7400000000
1.0729633687 0.7548501187 2.1069637171 792.6200000000 795.3890000000
1.0737686991 0.7513861655 2.0933453736 793.3660000000 796.3010000000
1.0752657876 0.1976652483 1.9761594762 775.3790000000 615.2020000000
1.0778185817 0.1496567157 1.9818019513 772.1380000000 597.8570000000
1.0924823060 0.8767905628 2.0177062648 819.0640000000 848.3230000000
1.0976420992 -1.3830388018 3.2445522688 629.4730000000 249.4030000000
1.1040589305 -0.3056280477 2.4190782881 712.9760000000 451.0470000000
1.1058063942 -0.1094998964 2.7090849911 705.6700000000 511.2070000000
1.1143294742 -1.2733719027 3.1620833388 640.5840000000 263.2130000000
1.1154445471 -1.2725149485 3.1625737644 640.7890000000 263.4280000000
1.1203565462 -1.2381103048 2.8253932848 652.0580000000 239.6930000000
1.1204004264 -0.1939147833 2.7111757527 705.0730000000 488.9780000000
1.1248400684 0.8131797863 2.0667720517 818.2520000000 816.1910000000
1.1256557235 -0.1248342131 2.4479617725 728.8370000000 503.9960000000
1.1278342455 -0.6948994655 2.7083622586 684.3000000000 361.7360000000
1.1290422411 -0.3761047821 2.5008425540 713.2230000000 436.7570000000
1.1450817381 -0.1023115482 2.0605952708 768.1810000000 503.9900000000
1.1532795886 0.5236325346 2.1276390263 801.8180000000 710.1320000000
1.1658602948 0.1484838243 1.9733382386 801.0200000000 592.8880000000
1.1689190016 0.1487651737 1.9824059491 802.2290000000 590.2130000000
1.1699308270 -0.8229005371 2.7003605784 688.5080000000 327.6490000000
1.1705838673 0.1995115715 1.9854414252 805.1220000000 608.4020000000
1.1732812079 0.5911615533 2.1457537978 809.6170000000 728.4310000000
1.1738748810 0.4978671243 2.1589798008 803.6320000000 698.5510000000
1.1788178544 0.8797899023 2.0284982084 841.6320000000 840.7820000000
1.1935228777 -1.2688496628 2.9521295747 663.3600000000 242.9310000000
1.1977947424 0.5705894916 2.1604794706 814.6390000000 720.0280000000
1.2083234049 0.4942405563 2.1654327688 813.1530000000 691.2770000000
1.2208834616 0.7703320793 2.0955109896 841.2090000000 790.0810000000
1.2222669780 0.7869471811 2.0897239680 843.7790000000 795.0830000000
1.2238647328 -0.4214123604 2.7163897507 720.3130000000 427.3300000000
1.2323878129 0.8226940422 2.1016826081 847.4470000000 805.3040000000
1.2394576845 0.6794407356 2.1665349357 832.4450000000 749.5990000000
1.2429138941 0.7539131477 2.1133392494 844.7090000000 780.9210000000
1.2444367945 0.8968825237 2.0158736219 868.7760000000 841.5680000000
1.2480220635 0.7575629464 2.1174123627 845.3460000000 780.7260000000
1.2515350593 0.6650093181 2.1738913191 834.3760000000 743.8190000000
1.2815904026 -0.7001599250 2.6654371161 723.8630000000 351.1930000000
1.2866030681 -0.8080845228 2.6577193664 723.5100000000 324.8670000000
1.2927514559 0.5355756876 2.1590623988 840.6340000000 699.5970000000
1.2949764393 -0.4563358228 2.1433455502 786.6200000000 383.5710000000
1.3087677223 -0.5961561504 2.7092656742 733.9530000000 381.6860000000
1.3093510706 -0.0536587513 2.0148927708 832.8200000000 511.2720000000
1.3121464963 0.6964017165 2.1684114588 854.8990000000 750.4160000000
1.3132305949 -0.5976997004 2.7154605234 733.7070000000 381.9340000000
1.3225460994 0.5329841757 2.1757549362 847.7830000000 697.6010000000
1.3227500132 -1.4098779860 2.8668987744 692.5630000000 198.7470000000
1.3269625106 -0.0537385100 2.0519637809 832.4040000000 511.0690000000
1.3283176339 -0.0519734942 2.0514294752 833.3190000000 509.8130000000
1.3587549930 -0.4773750794 2.6966952926 753.9650000000 408.1660000000
1.3603888845 -0.4311898974 2.1604149409 805.8650000000 388.4740000000
1.3647485096 -0.0319584527 2.0440008185 844.4470000000 516.8360000000
1.3778531968 0.0798985838 2.0204423232 860.8550000000 551.8400000000
1.3823986674 0.8495590382 2.1450801080 886.3360000000 796.9940000000
1.3856690316 0.6476250226 2.1639795604 874.9900000000 729.7370000000
1.4016156059 -1.3269754166 2.9081719572 709.9710000000 219.6000000000
1.4168446102 0.6470700673 2.1670795662 883.1320000000 727.6780000000
1.4323110837 0.0362094098 2.0246625642 875.7690000000 533.3560000000
1.4339914365 -0.3908949846 2.0968532069 839.9830000000 393.5660000000
1.4352717054 -0.0311427975 2.0346491774 870.6120000000 511.3040000000
1.4399488165 0.7443963106 2.1690102942 894.1610000000 756.4380000000
1.4510092035 0.6023664868 2.1657941350 891.1150000000 709.6970000000
1.4533529215 0.1850499541 1.9712732889 899.5950000000 583.0370000000
1.4688839246 0.0130291359 2.0133982634 886.1680000000 523.3830000000
1.4702829281 0.5848892685 2.1676964699 894.8280000000 704.4360000000
1.4726731074 0.0226089281 2.0259066965 886.4830000000 527.5160000000
1.4744773572 -0.4138752939 2.1103450722 847.0950000000 386.5200000000
1.4746425532 -0.0292603377 2.0308935501 883.3660000000 509.8440000000
1.4937149452 0.1192477497 2.0101356429 901.4200000000 557.3120000000
1.4950571625 -0.0522711051 2.0271198544 888.2790000000 500.8890000000
1.5052631766 0.9171319370 2.1720741633 923.4180000000 803.6330000000
1.5119019900 -1.0992914778 2.9088172540 745.4210000000 268.9920000000
1.5205773600 -0.4233895498 2.0976817680 863.0590000000 381.0360000000
1.5249085921 -0.9718401990 2.9401270544 751.0540000000 301.8530000000
1.5300374110 0.1290472268 2.0082049149 916.5090000000 557.8940000000
1.5442158721 0.5755634392 2.1577408310 918.2480000000 699.1510000000
1.5606967522 0.6853774661 2.1656779815 927.0310000000 728.4560000000
1.5706214168 0.9294312939 1.9805655627 981.2510000000 829.4260000000
1.5745680520 0.8796092192 2.1717127971 941.7790000000 785.5120000000
1.6088642859 -1.0569393587 2.9085591353 767.4400000000 276.0530000000
1.6189773772 -0.3890649229 2.0824682508 896.1040000000 386.5550000000
1.6190599752 0.7647025101 2.1665994654 948.2070000000 749.2050000000
1.6219044435 -1.4004437469 3.0737293021 745.3790000000 216.7640000000
1.6241474951 0.9787551995 2.0589587981 981.9350000000 829.2440000000
1.6275262691 0.4112760384 2.1384412946 934.7300000000 641.0900000000
1.6566807782 -0.6918330152 2.7684264840 805.9980000000 348.9850000000
1.6602170046 0.4128918616 2.1364950794 945.7630000000 639.3000000000
1.6607977717 0.4141411562 2.1372152307 946.6420000000 638.9040000000
1.6626226710 0.7004851545 2.1673764027 957.1820000000 726.6110000000
1.6636112657 0.4170011116 2.1389730191 946.3740000000 638.8960000000
1.6638306666 0.9398463841 1.3201301082 1244.1400000000 974.7510000000
1.6641688021 0.9399986741 1.3204863120 1244.7900000000 975.0980000000
1.6706553255 0.7017215432 2.1791337102 956.9000000000 725.5050000000
1.6712541609 -0.7014737492 2.8166172484 805.7980000000 348.5730000000
1.6717213558 0.5368998367 2.1740926517 949.2610000000 675.5070000000
1.6732287691 -1.2373953160 2.9606733042 768.2520000000 239.7330000000
1.6733036235 0.6012488327 2.1610292635 954.8920000000 694.4400000000
1.6760190324 0.8657688936 2.1717489338 967.9280000000 775.8970000000
1.6816589264 -0.4191744712 2.1148311755 908.5970000000 375.9860000000
1.6846918213 0.6066383515 2.1751870751 955.6850000000 695.0770000000
1.6896993244 -0.4246156137 2.1267046365 908.2880000000 375.8260000000
1.7320049821 0.1430233228 1.9914349418 981.1030000000 550.2590000000
1.7394000833 -0.3810142001 2.1246087125 925.5040000000 385.8590000000
1.7447689526 -0.9657356914 2.9237881396 798.7510000000 294.0070000000
1.7532300841 -1.2393647618 2.9758248729 786.7100000000 238.8010000000
1.7568153531 0.4208083626 2.1197251064 978.2280000000 634.9810000000
1.7575535726 0.5416492210 2.1658999636 975.0150000000 669.8730000000
1.7599463332 0.4182271755 2.1071108447 978.9040000000 634.7890000000
1.7625765629 0.8532656230 2.1671105404 992.6820000000 766.2010000000
1.7769692625 -1.1303689713 2.9214650711 799.7530000000 256.2640000000
1.7821109874 0.1430171280 2.0000251327 994.5230000000 547.8870000000
1.7877250694 -0.4175586480 2.1419775210 934.6430000000 374.0710000000
1.7892918501 0.7512209695 2.1679339391 994.3540000000 732.7120000000
1.7905617941 0.7529761768 2.1703576739 994.0710000000 731.8140000000
1.7971489838 -0.6259766058 2.9255433469 825.4200000000 368.3190000000
1.8015499079 0.6078618343 2.1763873271 988.3250000000 687.8410000000
1.8082506698 0.9379233997 1.4410716329 1241.4600000000 916.9660000000
1.8257046574 0.9149689022 2.1664136199 1012.7000000000 778.6200000000
1.8315355592 -0.4221221869 2.1377159810 946.9530000000 370.5520000000
1.8337037564 -0.8506818546 2.8189661287 831.8220000000 310.1950000000
1.8374155036 -0.8550130867 2.8326980445 832.0220000000 310.6130000000
1.8383060132 -0.8505476329 2.7541008952 840.8960000000 303.5640000000
1.8495109467 0.5144047905 2.1286715011 1006.7000000000 659.4690000000
1.8660537752 -0.4416127312 2.1669324385 950.9270000000 364.9310000000
1.8703178964 -1.2062274809 2.9348614325 817.5070000000 239.5750000000
1.8710251417 -1.2074819379 2.9380362928 816.2180000000 240.0580000000
1.8847312455 0.5830385573 2.1165967076 1022.7500000000 678.5170000000
1.8904150197 0.8687011222 2.1102315000 1041.8000000000 766.4450000000
1.8904253444 0.6885910441 2.1087679669 1032.7200000000 710.7410000000
1.8920024498 0.1240737953 2.0628099294 1010.5100000000 534.3780000000
1.8923147734 -0.1152794325 2.0886243822 990.7040000000 458.7050000000
1.8924335081 0.8702059543 2.1141884599 1041.1300000000 767.0790000000
1.8961220245 -0.1134333675 2.0950979997 989.8820000000 458.7140000000
1.9106850825 0.4158886199 2.1087369926 1021.7100000000 624.6010000000
1.9127113144 0.5395532971 2.1051620484 1031.4900000000 663.6980000000
1.9164514546 0.5507246751 2.1070359903 1033.0300000000 666.3650000000
1.9169341366 0.7723324993 2.1083446522 1045.4600000000 735.6520000000
1.9214434706 -0.6346984372 2.7320575568 871.6580000000 352.8270000000
1.9255966008 -0.4344189626 2.1293916524 974.2500000000 361.1930000000
1.9256404810 -0.6367091820 2.7440084534 872.2600000000 352.6850000000
1.9342797144 0.6956815652 2.1190798096 1041.0200000000 710.0810000000
1.9467210365 0.7702701308 2.1008333975 1054.5200000000 734.1880000000
1.9611343857 0.5957792971 2.0956245618 1048.8700000000 678.6110000000
1.9877283571 0.7038974840 2.0887844158 1065.5900000000 710.0930000000
1.9878186986 0.9172532528 1.4988050463 1278.7300000000 873.1900000000
1.9906838164 0.7947836653 2.0994911802 1066.9200000000 738.3140000000
1.9940238726 0.7067961572 2.0955419638 1065.1800000000 711.4030000000
1.9940341973 0.5443413993 2.0891922434 1058.8200000000 659.8820000000
2.0021752616 0.5442510577 2.0963705249 1056.3900000000 660.3900000000
2.0074563706 0.8733085413 2.0985103291 1075.9100000000 761.5050000000
2.0082513762 0.6091059665 2.0897084808 1064.6300000000 680.4480000000
2.0251555710 -0.7084326298 2.7464605812 889.0230000000 331.1350000000
2.0294351793 -0.9090786331 2.7864431704 877.5970000000 287.7620000000
2.0495297214 0.9396889317 1.7590738919 1194.8300000000 826.2890000000
2.0509932545 0.9393791892 1.7590867978 1196.3900000000 826.7620000000
2.0531588706 0.9408685342 1.7611956277 1196.1400000000 825.5860000000
2.0810692474 0.1398394284 2.0074847636 1076.9700000000 529.5350000000
2.0851526855 0.4316725794 2.1355890827 1062.3200000000 617.8640000000
2.0878474449 0.4168668898 2.0176055985 1094.8500000000 617.1950000000
2.0934099032 0.8610530646 2.0750525001 1107.2500000000 755.9190000000
2.0951496234 0.0332913777 2.3269582993 1006.9400000000 499.7010000000
2.1058615501 0.4846230530 2.0714543252 1088.1200000000 634.6130000000
2.1097126814 -1.1993460359 2.8965308031 869.1180000000 231.3250000000
2.1116588965 0.7522999057 2.0633132609 1107.6500000000 719.4550000000
2.1238498435 0.6595062271 2.0689505737 1103.2300000000 689.0060000000
2.1444864349 0.5957689724 2.0641314972 1108.3200000000 668.1810000000
2.1659722369 0.5133439226 2.0552393074 1109.5900000000 642.8740000000
2.1688218675 0.5155250257 2.0580941004 1111.1500000000 643.1120000000
2.1810644382 0.6596585171 2.0595782830 1121.8700000000 685.5150000000
2.1990320821 -0.6414146862 2.7539202121 929.0360000000 342.7470000000
2.1998348313 -0.8543316533 2.7328835367 924.5280000000 290.1560000000
2.2012002793 -0.6423774690 2.7574048148 929.0060000000 343.5980000000
2.2019384989 -0.8570548057 2.7395429996 923.4180000000 290.2040000000
2.2094471723 -0.7596666139 2.7702591269 924.5280000000 316.0270000000
2.3569362071 0.5042684685 2.0602829471 1163.7800000000 626.8000000000
2.3812664773 0.6099242028 2.0348969714 1182.3000000000 658.1930000000
2.3986688412 0.7666951866 2.0783564197 1182.0900000000 703.2360000000
2.4006047315 0.5161135364 2.0536983387 1174.2700000000 627.6240000000
2.5343308763 0.3943228011 2.0814564255 1195.3600000000 581.0120000000
2.5452544604 -0.4359134699 2.6958951246 1019.8000000000 375.6700000000
2.5589476583 -0.4074687874 2.7051357747 1023.0900000000 381.9910000000
2.5680592490 -0.1217695695 2.7328835367 1032.6000000000 449.2880000000
2.5900406389 -0.1217120091 2.7624381298 1031.8800000000 449.9350000000
2.5993587246 -0.8562598001 2.7581791710 1003.3200000000 281.8470000000
2.6128067097 -0.8589313288 2.7730984328 1004.4200000000 282.8910000000
2.6531764770 -0.1474167615 2.7604764275 1043.8700000000 441.2390000000
2.7701300675 -0.3252244207 2.7572241317 1061.1300000000 396.0510000000
2.7796546482 -0.5955289220 2.7607861700 1051.2100000000 335.4330000000
2.7886888033 -0.8004209781 2.7608636056 1044.8700000000 291.3810000000
2.8435390306 -0.1295420403 2.8439262087 1070.2500000000 442.9070000000
2.8828246993 0.2630823396 2.5289981436 1154.7900000000 524.5930000000
2.9053068395 0.0578108490 2.8260127697 1092.0500000000 480.6270000000
2.9272985541 0.0547304602 2.8570644513 1090.4800000000 479.1340000000
2.9814776728 -0.7934904905 2.8658662996 1065.6100000000 294.9510000000
3.0098191079 -1.0813057656 2.8762684839 1057.7700000000 233.4320000000
3.0152137890 -0.8559165022 2.7688910977 1085.5100000000 272.4210000000
3.1289408956 -1.0800177532 2.7630059910 1099.5300000000 219.9360000000
3.1338709631 -0.9196537569 2.7766604711 1103.9700000000 253.5390000000
3.1460283547 -0.5316084030 2.8226830383 1115.1600000000 344.1050000000
3.1575404494 -0.8557719557 2.5905826882 1150.2200000000 251.9830000000
3.1627544475 -0.0241340742 2.8189403169 1138.5400000000 452.5530000000
3.1703947615 -0.9792043260 2.5589579830 1152.9900000000 219.2110000000
3.2237995240 0.2282254719 2.8079960833 1162.5100000000 504.8800000000
3.2311300956 -0.9953057716 2.6247834182 1153.2900000000 218.7180000000
3.3334999786 0.1808875317 2.4461446167 1267.6100000000 483.2770000000
3.3638031159 -0.9666313633 2.5623961244 1192.3500000000 217.2590000000
3.3896149876 -0.9757739283 2.5835876710 1190.4400000000 216.8920000000
3.5552497681 -0.5612868930 2.7879144471 1196.1700000000 322.4300000000
3.6664214994 -0.8527751974 2.6069216030 1247.9900000000 239.0510000000
3.8221961449 -0.6319262422 2.8281035313 1234.9600000000 304.1790000000
3.8301978251 -0.6325250776 2.8331368463 1235.5400000000 303.6830000000
4.2178663257 -0.8095480559 2.7977745821 1302.9700000000 254.5890000000

gimbalangles:
-0.0841893503 -0.0114247685 3.0434359218

end: