T_CW:
0.8786347257 0.2392776243 0.4132157273 -0.9431350453
-0.0902239968 0.9329890018 -0.3484123319 0.3458678175
-0.4688930040 0.2688451992 0.8413451193 -0.3706972726
0.0000000000 0.0000000000 0.0000000000 1.0000000000


target_points_pix:
-2.2607301990 -0.0839433041 3.1169383753 86.6708000000 145.0780000000
-2.2394147553 -0.2565865240 3.0599715745 48.9905000000 87.9979000000
-2.2375769501 -0.2514027258 3.0661664237 52.4843000000 88.5875000000
-2.2300192341 -0.2542136386 3.0548608239 52.3840000000 87.5259000000
-2.2094187793 -0.2102325324 3.0732646884 66.4813000000 99.6259000000
-2.2006685548 -0.2257418536 3.0548092002 61.3019000000 96.7976000000
-2.1928398141 -0.0667469189 3.0720515305 89.8686000000 148.8610000000
-2.1298949839 -0.3307817166 3.1117501891 80.1490000000 51.4301000000
-1.9817167722 0.1199919059 3.0501888752 157.9640000000 202.2280000000
-1.9236555480 -0.3559018301 2.9916991740 88.0862000000 33.1202000000
-1.3832478780 -0.2157967975 3.1111823279 282.4780000000 32.2174000000
-1.3414997568 -0.1597845198 2.6092188596 146.6200000000 78.4381000000
-1.3406763581 -0.1582484553 2.6103029582 148.0290000000 80.5629000000
-1.3380900085 -0.2255384560 2.5990231703 133.4270000000 50.3874000000
-1.3139868828 -0.0901185363 2.6145619170 169.2600000000 109.1300000000
-1.1343027005 -0.1098000884 2.7120533563 257.9590000000 75.5236000000
-1.1339077789 -0.1090123101 2.7123114750 257.7570000000 75.2020000000
-0.9531007802 -0.1245014980 2.7408852169 325.9350000000 49.6554000000
-0.9334760142 -0.1014344608 2.5898341439 285.7430000000 68.3572000000
-0.9311116467 -0.1283389490 2.7473898086 334.6060000000 45.3382000000
-0.9283084775 -0.1292516568 2.7477253629 334.0810000000 44.2534000000
-0.9254640092 -0.1267311275 2.7373231787 334.3180000000 45.9156000000
-0.9238507672 -0.1110039541 2.7311283295 334.6180000000 51.1179000000
-0.9110325918 -0.0303121715 2.5088493966 278.5350000000 107.3520000000
-0.9024346573 -0.1316415780 2.7521908167 345.9260000000 40.0630000000
-0.8340667528 -0.0908151987 2.6938559868 356.8000000000 54.5321000000
-0.7676347387 -0.0399931721 2.5348832503 340.4690000000 85.7990000000
-0.7664473926 -0.0412731828 2.5315509377 339.6010000000 85.7975000000
-0.7658640443 -0.0407977281 2.5298705849 339.9870000000 85.7982000000
-0.7657995146 -0.0069023268 2.0474183103 145.7810000000 152.8400000000
-0.7608978402 -0.0934895667 2.5997717145 356.1970000000 54.3303000000
-0.7075421203 0.0165093764 2.3241551300 297.8700000000 129.0510000000
-0.7053584359 0.0156619468 2.3219533774 299.0750000000 128.4510000000
-0.6867222646 0.0177630848 2.3676068348 323.1770000000 123.0760000000
-0.6550381921 -0.0735780308 2.6479624789 415.5680000000 48.3789000000
-0.6477927997 -0.0731547161 2.6396510563 418.2150000000 47.4206000000
-0.6133984807 -0.0509046246 2.5427868454 404.9970000000 63.0439000000
-0.6011791407 -0.0184195065 2.5162083612 405.5080000000 80.7100000000
-0.5999195213 -0.0186014028 2.5165697274 407.4350000000 81.0981000000
-0.5998111115 -0.0309977348 2.6398059275 443.0420000000 65.7525000000
-0.5987037822 -0.0307948535 2.6345144938 443.6160000000 63.4432000000
-0.5957767159 -0.0299923624 2.6325786034 443.5230000000 65.5126000000
-0.5924237538 -0.0104033200 2.6316493760 447.1480000000 75.1433000000
-0.5894786192 -0.0207067481 2.5351723433 417.0590000000 76.3004000000
-0.5883841959 -0.0035505778 2.5668460910 429.5100000000 84.5411000000
-0.5758396263 -0.0745160342 2.6373537997 445.4860000000 38.4400000000
-0.5380484649 -0.0752410897 2.6396768681 462.5260000000 33.4534000000
-0.5105897959 0.0102205720 2.6524279327 488.6790000000 75.6353000000
-0.4681111987 0.0185476882 2.5614694782 483.4920000000 82.5566000000
-0.4677266018 0.0180219004 2.5595077759 483.2510000000 82.4120000000
-0.3948080643 0.1379037962 2.5304177965 526.8490000000 143.2070000000
-0.3936749231 0.2782339083 2.5833811760 561.9120000000 211.9040000000
-0.3903400293 0.0254214413 2.5870980855 526.7720000000 73.9529000000
-0.3889229576 0.0566214379 2.0766528362 354.3410000000 145.5820000000
-0.3872580918 0.1888352651 2.5745793278 549.8640000000 165.8390000000
-0.3815433435 0.3902367818 2.6755037460 604.7710000000 256.7640000000
-0.3812878059 0.0910247911 2.5839232253 539.7960000000 110.6190000000
-0.3807457566 0.0907194366 2.5845427102 539.7970000000 111.3400000000
-0.3791196087 0.1434719331 2.5839232253 549.4390000000 138.9980000000
-0.3788589088 0.2874848831 2.5806864166 570.1630000000 215.9130000000
-0.3785130297 0.1426993838 2.5828133148 548.4780000000 139.4780000000
-0.3779348438 0.2874848831 2.5799946585 570.1630000000 215.9130000000
-0.3768584887 0.3894701692 2.6675278777 604.9710000000 256.9640000000
-0.3764325929 0.2352550770 2.5773050614 561.4970000000 189.9590000000
-0.3760299277 0.2863698102 2.5779090592 570.1620000000 214.4720000000
-0.3748864618 0.1372195235 2.5694866455 547.6140000000 139.7660000000
-0.3478511074 0.0910348577 2.5823228893 554.2150000000 107.7490000000
-0.3447149650 0.1432659544 2.5894727777 566.8590000000 134.8070000000
-0.3197600474 0.2189535895 2.5844136509 587.4330000000 174.1190000000
-0.3182603777 0.2630745961 2.5868141550 596.0950000000 197.1900000000
-0.3177983452 0.2627984090 2.5853428783 596.0950000000 196.9020000000
-0.3176460551 0.1168782199 2.5834586116 575.2770000000 117.2910000000
-0.3130644479 0.1420135624 2.5866334719 581.6320000000 130.8540000000
-0.3112343862 0.2867415012 2.5837941660 602.3470000000 209.9260000000
-0.3015807462 0.1304914010 2.5868141550 584.5090000000 123.6460000000
-0.2979670842 -0.0032939562 2.6902939485 594.2270000000 41.1286000000
-0.2956130415 0.0602405205 2.3717005976 515.7460000000 102.8970000000
-0.2828155155 0.2799684661 2.1222366015 476.8210000000 276.9190000000
-0.2762463942 0.0556839508 2.1111400779 431.5750000000 126.8440000000
-0.2756449776 0.1107837788 2.5872271449 594.2990000000 110.3850000000
-0.2748835273 0.0553034838 2.1092867855 431.5750000000 126.3630000000
-0.2734122507 0.1368999725 2.6036693072 602.8850000000 121.8190000000
-0.2715873513 0.2556611684 2.5809264670 615.1120000000 189.9940000000
-0.2703199884 0.1473452626 2.1781915769 479.7560000000 181.0000000000
-0.2699792717 0.1442480961 2.5884661147 602.9630000000 127.7000000000
-0.2692152403 0.2890026211 2.5873562043 623.4780000000 207.2950000000
-0.2674445459 0.1630484310 2.5828649386 604.7000000000 137.8440000000
-0.2652195626 0.1440261140 2.5877691942 602.8910000000 127.8280000000
-0.2649562815 0.2199269551 2.5804257167 614.3310000000 170.2930000000
-0.2616549431 0.1491900371 2.1602600697 473.5050000000 184.1190000000
-0.2596338736 0.1490147745 2.1603168558 478.7530000000 180.7980000000
-0.2576461013 0.1124225746 2.1302382817 460.6930000000 161.7480000000
-0.2564605621 0.4035789383 2.2219788360 545.9470000000 333.5860000000
-0.2564566903 0.1262461225 2.1186926315 458.6990000000 171.7640000000
-0.2542644880 0.1277173991 2.1182280179 459.3010000000 172.5660000000
-0.2530774000 0.0745020958 2.1019304021 445.6290000000 138.6870000000
-0.2525428362 0.3636557164 2.6734387963 659.9790000000 232.7700000000
-0.2513425841 0.2171263671 2.5799481971 618.5560000000 167.5080000000
-0.2511820343 0.1470535884 2.0673631435 446.6930000000 195.7920000000
-0.2509894777 0.1469152368 2.0654401591 446.0910000000 195.3910000000
-0.2508544816 0.0393623299 2.5804928276 595.8260000000 67.7156000000
-0.2504869206 0.0743797475 2.1614499970 469.6820000000 132.7030000000
-0.2500186932 0.0394255690 2.5809935779 595.0260000000 68.1156000000
-0.2496508741 0.1111717313 2.1185455039 460.4920000000 161.0270000000
-0.2483120123 0.3601375583 1.5442545899 223.6260000000 511.5880000000
-0.2468748073 0.0046643859 2.7058068833 623.8230000000 38.6846000000
-0.2448710317 0.0813698605 2.0978753570 448.9240000000 143.7010000000
-0.2395488819 0.3849040491 2.6820857733 669.5820000000 241.1780000000
-0.2294053325 0.0940236143 1.8624220449 350.7440000000 188.3140000000
-0.2195095772 0.0364195185 2.5833295523 610.6360000000 62.1200000000
-0.2157614353 0.0922366585 1.8533904710 357.0060000000 186.8780000000
-0.2146208087 0.1939849916 2.5809522789 634.9700000000 151.0840000000
-0.2137114564 0.1949955264 2.5808464502 635.8340000000 150.2190000000
-0.2129520712 0.0918259916 1.8545545864 360.5700000000 186.3050000000
-0.2032181562 0.0536448129 2.5898341439 622.6530000000 68.1441000000
-0.2028872481 0.2379730671 2.5816775925 646.5090000000 174.1570000000
-0.2016524081 0.0530402989 2.5869174024 623.3740000000 68.8662000000
-0.1975725837 0.1208204670 2.5874078280 635.8030000000 108.6900000000
-0.1878327320 0.5699545195 1.7598224362 447.3060000000 580.6470000000
-0.1855896804 0.5705869104 1.9042656700 507.9130000000 527.0490000000
-0.1845125510 0.2533739784 2.5830456217 658.9560000000 180.9300000000
-0.1831166449 0.5688755833 1.9020174560 506.7590000000 527.0500000000
-0.1801191123 0.2207720358 2.5859107394 658.0250000000 161.1900000000
-0.1717787803 0.2423641827 2.5916151631 664.9520000000 171.9250000000
-0.1714277389 0.0945878619 2.5903503814 645.0060000000 87.6401000000
-0.1692990338 0.2394236943 2.5860397988 665.2320000000 170.9960000000
-0.1688677174 0.1082255642 2.5910214900 647.8950000000 96.2968000000
-0.1674632935 0.2526543435 2.5842071559 668.1160000000 178.4930000000
-0.1634492893 0.1656925991 2.5855235614 657.5240000000 129.4720000000
-0.1568205426 0.2511149234 2.5851105714 673.8760000000 177.9190000000
-0.1524665961 0.0384645930 2.5855493732 644.9760000000 54.4593000000
-0.1467492665 0.2349427534 2.5811226373 675.5510000000 166.7260000000
-0.1169492025 0.5221741639 1.9286036838 548.5810000000 480.9610000000
-0.1093821942 0.1658552139 2.5869690262 685.9410000000 122.5700000000
-0.1088971891 0.0319328989 2.5841039084 668.5960000000 44.6704000000
-0.1080866964 0.5166633293 1.9831493310 575.9660000000 460.7960000000
-0.0746572251 0.0768496855 2.5908408069 693.9650000000 66.0441000000
-0.0710688587 0.2207103454 2.5870980855 713.9390000000 151.1300000000
-0.0708951448 0.0764524408 2.5894727777 696.2690000000 65.4689000000
-0.0697147680 0.1792691274 2.5881821842 709.1270000000 127.1020000000
-0.0697077987 0.1889570971 2.5905310645 711.5290000000 131.9090000000
-0.0691324521 0.5260614317 1.9344371668 585.7570000000 480.3720000000
-0.0666364441 0.1797536162 2.5856526207 708.4070000000 126.6210000000
-0.0663470931 0.1231484397 2.5948932708 703.9060000000 92.8540000000
-0.0662946950 0.0840289995 2.5899890152 697.0900000000 71.8162000000
-0.0651566495 0.0354244708 2.5896276490 692.8630000000 39.7546000000
-0.0651349676 0.2417175953 2.5873045805 718.5020000000 161.2220000000
-0.0644266898 0.1266276219 2.5920023412 704.0660000000 93.4549000000
-0.0624595671 0.0344079993 2.5860914225 692.7910000000 39.4981000000
-0.0620210234 0.2179957109 2.5786240481 713.9390000000 150.9300000000
-0.0474569329 0.1457557675 2.5950739539 718.9120000000 103.8790000000
-0.0464577553 0.0359925901 2.5893953421 702.5840000000 38.6409000000
-0.0440804820 0.0368660638 2.5876917586 701.8640000000 38.1593000000
-0.0435451437 0.1267969478 2.5930090042 717.0240000000 91.4447000000
-0.0430967915 0.2713782752 2.5939124197 735.7810000000 175.6400000000
-0.0427328441 0.2891910478 2.5914086681 737.8000000000 186.5930000000
-0.0419951408 0.1115940135 2.5918990937 715.5790000000 83.3679000000
-0.0397629302 0.2557879047 2.5895502134 735.5380000000 167.9540000000
-0.0382155085 0.2420596026 2.5882079960 732.6080000000 158.9220000000
-0.0366686030 0.1830768947 2.5919507174 727.4100000000 126.0550000000
-0.0353426472 0.1812509629 2.5925960142 726.9210000000 122.9070000000
-0.0342662921 0.1886956229 2.5892146590 728.9230000000 127.9140000000
-0.0329325927 0.0765722079 2.5890597878 715.0840000000 62.2138000000
-0.0188498420 0.1678749928 2.5879240654 734.3130000000 113.9490000000
0.0098686787 0.1453980150 2.5962613000 748.1210000000 93.1942000000
0.0124736386 0.2892142785 2.6011913675 767.1540000000 181.4140000000
0.0177521147 0.6249441309 1.8866439052 649.6500000000 566.6910000000
0.0180145182 0.6252590358 1.8898497397 649.3630000000 565.8280000000
0.0240984538 0.0598747662 2.5936543009 746.3610000000 43.0030000000
0.0321791442 0.0414066302 2.5904020051 747.2170000000 31.4623000000
0.0345238946 0.1855754838 2.5888016691 766.7000000000 118.7220000000
0.0360847385 0.1252306834 2.5964419831 760.6850000000 81.4732000000
0.0374783214 0.1470313902 2.5965194187 765.9680000000 93.4922000000
0.0377813528 0.2686628663 2.5941963503 779.9070000000 165.9680000000
0.0399405159 0.2898518317 2.5894985896 782.3090000000 178.7770000000
0.0400424728 0.2901693177 2.5984294972 784.7070000000 178.5370000000
0.0403749297 0.2698295629 2.5890081640 779.2370000000 167.5850000000
0.0403821570 0.2333695198 2.5925443905 773.9060000000 145.1500000000
0.0577088921 0.1285433790 2.6017334168 774.0200000000 79.3656000000
0.0599447164 0.2704077488 2.5986359922 791.8960000000 164.1300000000
0.0600812612 0.2905281028 2.5907375594 795.4960000000 177.5790000000
0.0608341935 0.2318215818 2.6005460707 788.8920000000 140.9520000000
0.0614957518 0.0886965603 2.5938349840 770.2650000000 56.0006000000
0.0619265519 0.2323798926 2.5941447265 789.0130000000 143.9540000000
0.0651597470 0.1878668037 2.5919249055 785.8850000000 116.3280000000
0.0704630541 0.1862920214 2.5894211540 785.8850000000 115.9270000000
0.0740586478 0.2011526903 2.5928283211 790.4440000000 122.3360000000
0.0812100850 0.1400779301 2.5950223301 787.8700000000 84.8919000000
0.1004843258 0.1697174442 2.6043662277 803.3850000000 100.1410000000
0.1016951607 0.1690958944 2.6046759701 806.2620000000 99.5176000000
0.1065023637 0.0849037638 2.6029981985 797.8450000000 47.8430000000
0.1115263864 0.1159549292 2.6802531304 817.8350000000 59.8712000000
0.1272553666 0.3409980554 1.9581505333 695.5090000000 326.8800000000
0.1273400296 0.5662298664 1.9177704413 724.2310000000 512.5420000000
0.1278067082 0.0586123076 2.5783426987 801.4330000000 29.8142000000
0.1284912391 0.5656310310 1.9133333805 725.6690000000 513.1160000000
0.1736307821 0.2261850434 2.5734255371 849.9990000000 129.5590000000
0.2001369931 0.2104867793 2.5578196795 859.4880000000 118.0310000000
0.2006318067 0.2106251309 2.5500632121 861.4060000000 118.7520000000
0.2013467955 0.2121064743 2.5552694666 859.8080000000 119.9530000000
0.2113602530 0.1118283853 2.5977583885 862.0600000000 49.9855000000
0.2148257549 0.1490090958 2.5821163943 868.1070000000 74.7884000000
0.2160180053 0.1495787638 2.5798552744 867.3880000000 75.5091000000
0.2275331975 0.1549225956 2.6053470788 879.7730000000 74.9113000000
0.2310776837 0.2419770046 2.0334876432 780.9740000000 215.9930000000
0.2383517272 0.1702600098 2.5800230515 884.5040000000 84.5953000000
0.2413502924 0.1693103910 2.5707436837 883.7690000000 85.9246000000
0.2417330824 0.2310239950 2.5610358387 889.6860000000 125.2410000000
0.2493757195 0.1060072920 2.6065086130 888.2340000000 40.1861000000
0.2518500455 0.4770911488 2.0225382472 833.5790000000 403.1370000000
0.2521610786 0.1066458777 2.6047275939 887.7550000000 41.8685000000
0.2539023475 0.0899835402 2.6126518385 888.9500000000 28.6480000000
0.2555919926 0.1712924847 2.5900148270 894.8570000000 82.8671000000
0.2567904378 0.1720539349 2.5886984216 896.7500000000 82.9235000000
0.2578655022 0.1348938738 2.6042887921 893.7500000000 57.4920000000
0.2603230505 0.2800200898 2.0238469091 806.8670000000 247.1060000000
0.2698579559 0.0918125694 2.6263321305 900.9350000000 26.2469000000
0.2729940983 0.2627467853 2.0284285163 815.4960000000 228.0960000000
0.2763599664 0.1079256303 2.6192854895 905.4910000000 35.8631000000
0.2790005209 0.2761457279 2.0256201847 822.3990000000 240.1930000000
0.2817469040 0.1706709348 2.5916409750 912.1110000000 77.6795000000
0.2821727999 0.1710307523 2.5910989257 912.7270000000 79.9221000000
0.2831510698 0.0880853351 2.5851363833 900.7350000000 25.8462000000
0.2834685559 0.4776202922 2.0252613997 859.4530000000 401.6870000000
0.2892607399 0.2751390649 2.0220581464 832.1770000000 239.0410000000
0.2945547547 0.1131726676 2.6221764191 915.5570000000 37.8838000000
0.2957498444 0.1123286194 2.6222022310 918.9130000000 37.0670000000
0.3044613511 0.1919917989 2.5907117476 929.7000000000 89.9334000000
0.3048382044 0.1919652127 2.5924927667 929.9400000000 89.2127000000
0.3058138932 0.1911474926 2.5878208179 930.8980000000 89.9335000000
0.3199639612 0.2332882124 2.5888274809 941.4400000000 115.1550000000
0.3263730489 0.2702890142 2.0260512429 862.3720000000 228.9600000000
0.3353117001 0.2730921834 2.0328991325 870.9970000000 229.1990000000
0.3383781505 0.4539843613 2.0294300169 901.1390000000 378.6470000000
0.3441290355 0.1749742900 2.6116709874 954.8580000000 71.9143000000
0.3443019750 0.1921211164 2.6032046935 956.9660000000 81.1401000000
0.3477478599 0.1927036903 2.6010106844 957.6530000000 82.9259000000
0.3561702736 0.2734148318 2.0354183712 889.6850000000 228.0930000000
0.3649721218 0.2452855703 2.0527510430 896.1560000000 199.1940000000
0.3669080122 0.2122329524 2.6022496542 974.5020000000 93.5343000000
0.3729867080 0.4621770494 1.5438622495 811.7190000000 609.7300000000
0.3788718147 0.4676878840 1.5449360233 820.6970000000 615.7140000000
0.3796074531 0.4481276476 1.5806415854 829.7200000000 570.7640000000
0.3895940662 0.2249902119 2.6065086130 991.4610000000 98.4316000000
0.3958637699 0.1701719913 2.6211955680 988.8810000000 58.9358000000
0.3975699346 0.4730464285 1.5429226973 844.6370000000 623.4900000000
0.3979855057 0.2249974392 2.5820905824 993.1850000000 99.5362000000
0.3985301362 0.5212371929 1.5417998809 856.6560000000 676.9740000000
0.3987650242 0.5202563418 1.5405480051 857.5660000000 677.5970000000
0.3990928350 0.5201092141 1.5400988786 856.5680000000 677.5980000000
0.3998594476 0.5170350202 1.5345286767 856.3690000000 676.3990000000
0.4007499572 0.4767607569 1.5432195339 849.2320000000 627.5120000000
0.4026806852 0.2216098892 2.5663814773 992.5870000000 98.9358000000
0.4128505626 0.4609071053 1.5424116223 861.6240000000 609.6850000000
0.4154988606 0.4619653920 1.5331890405 860.0190000000 618.8740000000
0.4165158484 0.4585479002 1.5239122539 859.2990000000 620.3120000000
0.4166190959 0.4611858735 1.5300425734 860.1610000000 620.0240000000
0.4225945442 0.4694250229 1.5299006081 870.5860000000 629.6490000000
0.4226384243 0.4802969833 1.5290668846 873.5680000000 641.6290000000
0.4229146114 0.4941398900 1.5302129317 876.7460000000 657.2050000000
0.4231882172 0.4803795813 1.5285661343 873.6470000000 643.3070000000
0.4240787268 0.4695231080 1.5307549810 873.6590000000 630.3650000000
0.4246156137 0.4683125313 1.5284344938 872.2220000000 630.3660000000
0.4320029714 0.4595571444 1.5378351774 882.5760000000 613.6600000000
0.4352242930 0.4679176096 1.5296244211 887.5500000000 628.6340000000
0.4436621938 0.5008793697 1.5309718008 906.4710000000 665.5630000000
0.4494621214 0.5181578366 1.5305226742 916.7080000000 684.9650000000
0.4497254025 0.4947645373 1.5302645555 912.4240000000 659.0870000000
0.4503113320 0.4946019226 1.5308427414 913.8600000000 659.5640000000
0.4505591259 0.2722455541 2.0311645747 974.1900000000 212.5250000000
0.4507269031 0.4955595430 1.5312170135 913.4610000000 659.5650000000
0.4567849494 0.2986201245 2.0304108681 983.0900000000 236.1350000000
0.4661159410 0.4151452380 2.0300598266 1010.3400000000 336.8680000000
0.4728838137 0.5181681614 1.5306749642 948.3100000000 686.3720000000
0.4729225315 0.4951878520 1.5312221759 942.3920000000 658.5380000000
0.4752507624 0.3287942025 2.0333353531 1005.2000000000 260.8860000000
0.4758470166 0.4019450468 2.0314201122 1018.9600000000 324.7770000000
0.4771040547 0.3166884347 2.0356274473 1003.4900000000 248.7960000000
0.4798504379 0.5053086869 1.5291030213 954.5460000000 673.9040000000
0.4876378796 0.4707311036 1.5340692254 959.3760000000 629.5650000000
0.4928131598 0.2763780347 2.0356764899 1015.5700000000 210.7830000000
0.4956782776 0.4457400495 1.5641813548 971.3890000000 579.6300000000
0.4990312397 0.2707020041 2.0339651628 1020.7400000000 205.5970000000
0.4997359038 0.4700677385 1.5314544828 975.6500000000 633.7200000000
0.5000817829 0.4721894744 1.5335426632 975.6500000000 633.1450000000
0.5002418165 0.5147300201 1.5322107706 985.2580000000 683.4600000000
0.5021235020 0.3299402496 2.0359036344 1033.3600000000 257.7070000000
0.5077608147 0.1806751000 2.7783640546 1079.4400000000 37.8527000000
0.5085687263 0.4463104918 1.5654745296 990.0600000000 578.4960000000
0.5105536592 0.4523453074 2.0047641924 1053.4000000000 372.8070000000
0.5119062013 0.4626442442 1.5335891245 987.7240000000 621.6310000000
0.5121101151 0.4649131078 1.5369678985 990.3020000000 621.5490000000
0.5130315989 0.4472500440 1.9908515935 1054.3200000000 373.8450000000
0.5143376796 0.1774119632 2.7652774357 1081.4400000000 37.8356000000
0.5156308544 0.4633411648 1.5446882294 999.2830000000 614.5520000000
0.5160025454 0.1901026280 2.7182740174 1079.4400000000 48.8117000000
0.5174841468 0.4509721159 1.5749887855 1003.3000000000 578.6040000000
0.5176674111 0.4508611248 1.5745783768 1003.7000000000 578.0050000000
0.5203234527 0.1871203244 2.8464041483 1087.8300000000 39.4342000000
0.5215985591 0.2422722924 2.2178618425 1058.7000000000 141.6350000000
0.5273262135 0.8455014120 2.0531072468 1117.3200000000 659.3840000000
0.5283380388 0.8362736678 2.0391146312 1116.3600000000 658.9050000000
0.5296260512 0.4045520459 2.0397341161 1068.9400000000 317.8410000000
0.5301113144 0.3465011465 2.0316395132 1063.8000000000 271.2200000000
0.5303926638 0.3239260835 2.0395482706 1059.2200000000 247.6170000000
0.5331803459 0.6592919886 2.0441040660 1103.0600000000 524.6060000000
0.5336527032 0.6547852358 2.0366986400 1103.0600000000 524.0070000000
0.5342773505 0.6516490934 2.0298894683 1101.5300000000 524.9190000000
0.5383040025 0.8574290779 2.0300185276 1127.8300000000 679.0270000000
0.5397133307 0.2403281423 2.6558609117 1098.3900000000 84.5525000000
0.5406786947 0.4166603949 2.0390810758 1081.0000000000 329.9190000000
0.5432005145 0.3154494649 2.0315414280 1070.7100000000 240.1260000000
0.5498238408 0.2590479441 2.6589067125 1103.5600000000 94.9264000000
0.5506704702 0.7216224963 2.0421733380 1125.0400000000 572.6330000000
0.5513673907 0.7222006822 2.0434148890 1125.6200000000 573.2080000000
0.5517571500 0.8886743485 2.5347593534 1155.7300000000 505.9920000000
0.5517855430 0.7165969248 2.0355603365 1125.9600000000 572.5120000000
0.5753517819 0.1866149279 2.8153008430 1121.1300000000 32.9220000000
0.6239658610 0.9108932076 2.5538394889 1206.9400000000 510.7450000000
0.6245156539 0.9150308507 2.5611855476 1207.1800000000 510.7450000000
0.6485026262 0.9122947923 2.2933331741 1229.8600000000 601.3150000000
0.6485155321 0.9176223626 2.3012341880 1229.6600000000 601.3950000000
0.6854962007 0.9155651564 2.4306729809 1255.6400000000 552.4490000000
0.7116255584 0.6462802240 2.8136746951 1245.9200000000 292.0850000000
0.7124670254 0.6460350113 2.8162816941 1248.8700000000 291.7620000000

gimbalangles:
-0.1483600922 0.2656969194 2.9465070083

end: