T_CW:
0.9809323622 0.1659724385 -0.1011180027 -0.3607883534
-0.1601044918 0.9850442893 0.0636733836 0.1984242116
0.1101737378 -0.0462698361 0.9928347545 -0.0549614836
0.0000000000 0.0000000000 0.0000000000 1.0000000000


target_points_pix:
-1.8479932086 -2.5514777026 2.8035822532 -75.2171000000 37.7848000000
-1.8388945238 -1.9345068589 2.9698365187 -16.1765000000 211.3450000000
-1.8260815107 -2.3895262762 2.8467913264 -56.1946000000 82.2528000000
-1.8212314601 -1.9184415499 2.9509164167 -16.1932000000 211.1050000000
-1.8124915603 -1.9966721706 2.8397188736 -39.4806000000 177.6970000000
-1.8108757371 -2.4569210732 3.1194421268 6.9697400000 113.8820000000
-1.8038084467 -1.8523244407 2.9717982209 -5.4584900000 229.6890000000
-1.8032147736 -1.6037277234 3.0995411738 28.6051000000 299.4080000000
-1.8024146056 -2.0573378126 2.7433889685 -63.5718000000 150.6220000000
-1.7850380536 -2.3656425514 3.0068249308 -7.0055500000 116.1680000000
-1.7849296437 -1.5945541842 3.0821181604 28.9149000000 299.1450000000
-1.7673078790 -1.7133920414 3.0222604300 20.0722000000 264.9070000000
-1.3552032794 -0.6708324764 2.5971647155 79.7886000000 482.5160000000
-1.3431129988 -0.8896939174 2.5969324086 75.6680000000 423.1230000000
-1.3406763581 -0.1582484553 2.6103029582 105.5270000000 622.6440000000
-1.3317170574 -0.9704102213 2.7388202672 105.6070000000 407.8160000000
-1.3223292797 -0.2554275710 2.6825761988 119.7360000000 593.2460000000
-1.3098053595 -0.4927512114 2.6071280980 101.1880000000 529.2460000000
-1.3091884558 -0.4210948744 2.6114386805 104.9340000000 549.1720000000
-1.3048881980 -0.4215310950 2.6063279299 105.4670000000 548.9440000000
-1.2884563605 -1.5970760041 2.6456135986 77.1984000000 237.6570000000
-1.2840502740 -0.3228110107 2.6202147169 118.3090000000 572.1350000000
-1.2807334485 -0.7755693080 2.6064569893 99.3907000000 451.5580000000
-1.2789059680 -0.9452901078 2.6423354909 100.7680000000 405.8840000000
-1.2786246186 -0.9132859682 2.5940931028 90.7664000000 412.2170000000
-1.2737255253 -0.8808688385 2.6065086130 96.0348000000 423.6310000000
-1.2285005450 -0.0147162515 2.4766723174 118.9410000000 662.2760000000
-1.2262807240 -1.1015732472 2.6270806748 107.8060000000 362.7140000000
-1.2200213451 -1.0929443385 2.6163945599 106.8940000000 363.4860000000
-1.1641696172 -1.0211176432 2.6358567111 129.8490000000 383.2020000000
-1.1582948352 -0.8668452486 2.6336885139 137.5010000000 422.0120000000
-1.1546992415 0.1105767676 1.8361868585 -29.3572000000 755.3920000000
-1.1494516880 0.1462812972 1.8410110973 -20.2421000000 768.4510000000
-1.1485844091 0.0670610494 1.8353608786 -24.9504000000 734.3860000000
-1.1394315194 0.1714119936 1.8143190408 -24.1594000000 778.3660000000
-1.1230822799 -0.9985219308 2.5819098993 130.1200000000 383.4340000000
-1.1206585451 -1.1428180370 2.6375861065 138.7910000000 348.0600000000
-1.1164537912 -1.1404407636 2.6303845943 137.5290000000 348.6740000000
-1.0886673114 -0.4633179341 2.6499499931 174.9870000000 527.6730000000
-1.0844832070 -0.4666812210 2.6506985373 173.9810000000 527.2450000000
-1.0500863068 -1.2643558159 2.6176077179 150.8190000000 311.5740000000
-1.0123235386 -0.7962368737 2.6424387384 183.0010000000 435.5480000000
-1.0056821440 -0.7944403674 2.6386960170 182.8410000000 435.1540000000
-0.9974171827 -0.8915704405 2.6234670127 181.0020000000 409.3520000000
-0.9965137672 -0.8922905917 2.6242155570 179.9740000000 408.6670000000
-0.9816667786 -1.5796452472 2.6417418179 162.7690000000 231.1600000000
-0.9603616597 -0.6615582709 2.6712189753 206.7360000000 470.3000000000
-0.9388500459 -0.0985463705 2.6012429912 222.5700000000 618.2850000000
-0.9385248163 -0.1218578462 2.7205454621 240.3200000000 608.4370000000
-0.9351099056 -0.9704386144 2.6442713813 199.2690000000 386.9980000000
-0.9283084775 -0.1292516568 2.7477253629 245.8710000000 607.2940000000
-0.9254640092 -0.1267311275 2.7373231787 244.1440000000 607.7110000000
-0.9028347413 0.3302603168 1.4051699006 -76.3753000000 917.6070000000
-0.8679267661 0.2879494968 1.4465927923 -38.1007000000 881.1670000000
-0.8380237127 -0.4395452003 2.7545396971 260.4530000000 521.6610000000
-0.8319088803 -0.2444792075 2.6972373420 261.4120000000 575.9190000000
-0.8196766344 -0.4546167521 2.7215005013 259.2840000000 518.7010000000
-0.8142561413 -0.2900738138 2.4390515144 227.5790000000 560.8160000000
-0.8106166674 -0.2885870500 2.4338839777 227.7110000000 561.5850000000
-0.7997292199 -0.4429446238 2.6865254152 260.0670000000 519.1220000000
-0.7962652668 0.3455538508 1.7843308083 125.4620000000 827.9490000000
-0.7922231276 -1.5939992290 2.6762781022 220.0800000000 227.3750000000
-0.7696764577 -1.4959605780 2.9834651869 268.8100000000 280.7840000000
-0.7664473926 -0.0412731828 2.5315509377 265.3870000000 628.1820000000
-0.7657995146 -0.0069023268 2.0474183103 184.8680000000 661.7600000000
-0.7646379804 -1.0971749043 2.6025335848 236.2410000000 345.9940000000
-0.7495018988 -1.0568051370 2.6192080539 244.3600000000 356.3840000000
-0.7456894854 -0.9316356277 2.5816775925 243.1260000000 385.3500000000
-0.7456765795 -1.0559714136 2.6106901362 242.7840000000 355.9540000000
-0.7429585894 -1.4699447926 2.9262660793 268.6140000000 281.4400000000
-0.7418719096 -1.5083063962 2.8596198266 260.7820000000 266.9150000000
-0.7384776485 -1.0760995111 2.5569498194 237.6660000000 346.6850000000
-0.7305792157 0.0183853316 1.7696257850 132.4370000000 690.2340000000
-0.7283800443 -1.4981545871 2.8327496682 260.5120000000 266.4510000000
-0.7075421203 0.0165093764 2.3241551300 254.2310000000 651.4750000000
-0.6980923940 -0.9825701941 2.6422838672 261.4440000000 373.9840000000
-0.6737982604 -0.9877145001 2.6761748547 274.4740000000 375.5090000000
-0.6606419494 -1.0207924137 2.6506211017 273.1140000000 364.6650000000
-0.6433144400 -1.1004968922 2.7210358876 282.3370000000 349.7510000000
-0.6417373346 -1.0997122113 2.7211649470 282.6070000000 349.5030000000
-0.6385882863 -1.5813952921 3.1671166538 314.8290000000 276.7220000000
-0.6342415671 -2.4482147288 3.1972649199 291.5160000000 100.9520000000
-0.6287823562 -0.9351847601 2.6973147776 290.7520000000 387.3680000000
-0.6079908936 -2.3944976427 3.1278567970 290.5980000000 101.3570000000
-0.6011791407 -0.0184195065 2.5162083612 311.8760000000 626.7590000000
-0.5964994483 -0.2139546043 2.6321914253 318.4900000000 571.5990000000
-0.5954927853 -0.2362346375 2.6322946728 317.8790000000 564.4860000000
-0.5872123369 -0.4176231777 2.6336368902 313.7650000000 517.4840000000
-0.5758396263 -0.0745160342 2.6373537997 330.6030000000 606.2040000000
-0.5758344639 -1.5749681360 3.1701366428 327.6180000000 275.8620000000
-0.5745619386 -0.7491250455 2.6296876738 303.8630000000 429.4250000000
-0.5743089823 -0.4795019776 2.6343338107 314.9130000000 499.7350000000
-0.5424235772 -2.4162286575 3.1827844599 311.9250000000 103.9690000000
-0.5337766002 -0.6132771649 2.6295844263 320.3460000000 463.2260000000
-0.5269932403 -0.3894882376 2.6336110783 330.3910000000 520.3940000000
-0.5210590910 -0.3785156109 2.6423613028 333.6040000000 525.1240000000
-0.5199930607 -0.8019258102 2.6412772042 320.3830000000 413.5520000000
-0.5145596617 -0.5031095155 2.6511115273 331.8230000000 490.4020000000
-0.5131219405 -0.5053241740 2.6486593995 332.2710000000 490.1950000000
-0.5102000366 -0.6760903546 2.6348758600 324.6640000000 447.6030000000
-0.4527066736 0.3872245364 1.5163803497 219.4740000000 865.3390000000
-0.4380016504 -0.9381453818 2.7097819116 342.4950000000 381.2410000000
-0.4325708326 -0.9232725813 2.7022190332 343.4720000000 384.0100000000
-0.3638467242 -0.2227285757 2.6731548657 387.3180000000 557.2540000000
-0.3619572952 -0.5878886080 2.5570091867 362.1850000000 459.2840000000
-0.3020892401 -0.5812652817 2.7296570528 391.5700000000 464.5030000000
-0.3017717541 0.4127369904 2.1911129999 391.5380000000 758.1660000000
-0.2958943909 0.4070377291 2.1823343823 392.2490000000 758.0440000000
-0.2956130415 0.0602405205 2.3717005976 390.4890000000 637.8660000000
-0.2912895530 -0.3569162367 2.6257384574 395.6180000000 519.3350000000
-0.2892968765 0.2599307101 2.6236476958 419.3710000000 683.0960000000
-0.2775060135 0.1095564244 2.5670345177 413.0780000000 643.3190000000
-0.2714918474 0.3915273754 2.2973133647 405.8930000000 742.9230000000
-0.2652014943 -0.3553752680 2.6316235642 401.8730000000 518.7040000000
-0.2629506991 -0.3563122389 2.6434712133 404.2290000000 518.2890000000
-0.2507491692 0.4567952741 2.6344112463 440.1260000000 729.1530000000
-0.2425409940 -0.7493212157 2.6279066547 393.7570000000 417.4980000000
-0.2400966098 0.5315154802 2.6608167910 447.4190000000 747.8250000000
-0.2397499563 -0.2172665255 2.6806661203 416.8720000000 553.0360000000
-0.2395488819 0.3849040491 2.6820857733 443.3930000000 708.4800000000
-0.2374643151 0.5297241363 2.6485561520 447.1420000000 748.3560000000
-0.2347659420 0.5274991530 2.6372505522 446.7660000000 748.7870000000
-0.2345573821 -0.6869029477 2.6770266464 399.5050000000 433.5540000000
-0.2317271104 0.3789879682 2.6393413138 443.3930000000 708.4800000000
-0.2310159933 0.3589811864 1.5381294328 331.4510000000 826.4580000000
-0.2267314807 -0.8856362912 2.6797627048 396.3010000000 384.3060000000
-0.2256824863 -0.7782924605 2.6683538576 402.2870000000 411.4370000000
-0.2251949000 -0.7903156303 2.6639658394 399.8420000000 407.6640000000
-0.2242646402 -0.7122837611 2.6843055942 404.1060000000 430.0560000000
-0.2186750794 -0.8827918230 3.1249400555 426.8550000000 408.1440000000
-0.2178940121 -0.8787574274 2.6556544167 396.7250000000 383.8990000000
-0.2137114564 0.1949955264 2.5808464502 437.0510000000 663.0430000000
-0.1946047347 -0.9414518825 2.6868351577 400.0330000000 368.9840000000
-0.1855896804 0.5705869104 1.9042656700 413.9890000000 843.8480000000
-0.1831166449 0.5688755833 1.9020174560 414.7570000000 844.3580000000
-0.1618133329 0.2574994899 2.6033595647 453.9120000000 675.3990000000
-0.1237583743 0.5234905693 1.9352657279 436.6430000000 818.4950000000
-0.1195321965 -0.9033174233 3.0965728086 447.8890000000 399.8410000000
-0.1176685794 -0.9332075707 2.6906295028 422.8420000000 369.2930000000
-0.1140288474 0.5192729095 1.9169857604 436.8220000000 818.3960000000
-0.1132937252 -0.6561868204 2.7197452941 435.7810000000 438.6740000000
-0.0728325839 -0.5910247504 2.6519891309 447.7170000000 451.4620000000
-0.0708951448 0.0764524408 2.5894727777 471.9650000000 627.1640000000
-0.0666364441 0.1797536162 2.5856526207 476.5170000000 651.9320000000
-0.0581515657 -0.5802353880 2.6118258586 447.5040000000 451.0520000000
-0.0464577553 0.0359925901 2.5893953421 476.1560000000 612.7480000000
-0.0438541118 -0.6203289683 2.7208552045 454.7930000000 444.9980000000
-0.0366686030 0.1830768947 2.5919507174 482.8000000000 650.7730000000
0.0166769212 0.6239219808 1.8838536419 491.5840000000 852.4290000000
0.0177521147 0.6249441309 1.8866439052 489.6350000000 853.8940000000
0.0180145182 0.6252590358 1.8898497397 490.7770000000 851.0810000000
0.0218862990 -1.3801633593 3.2051375408 466.2860000000 302.5120000000
0.0225721720 -1.3775641039 3.2010076413 466.4130000000 301.6480000000
0.0400424728 0.2901693177 2.5984294972 509.3520000000 674.1690000000
0.0539455212 -0.5949429925 2.7463573337 482.7270000000 448.0830000000
0.0555734759 0.0878282489 2.6001072689 503.4340000000 620.7730000000
0.0614957518 0.0886965603 2.5938349840 505.0450000000 620.5470000000
0.0690366901 -1.0248422963 2.6373796116 467.1660000000 335.4630000000
0.0731794955 0.1547468168 2.6541831400 516.5710000000 635.9600000000
0.0784195636 -0.5897289944 2.7452990470 489.1470000000 449.3480000000
0.0852566121 -0.9952644726 2.5581216784 466.4140000000 335.6970000000
0.0943287107 0.1466488583 2.6028691391 517.2040000000 634.7430000000
0.0996498280 0.0276313505 2.6128583335 514.5150000000 602.2560000000
0.1016977419 0.0270807833 2.5878724417 514.0150000000 602.9950000000
0.1021143455 0.0293532605 2.6109740668 513.4910000000 602.0630000000
0.1079256303 0.0293511955 2.5681728212 513.4110000000 604.1750000000
0.1203287509 0.5663821565 1.8962975452 528.8540000000 818.4150000000
0.1273400296 0.5662298664 1.9177704413 528.9430000000 817.0110000000
0.1284912391 0.5656310310 1.9133333805 529.1670000000 818.0820000000
0.1502596810 -1.0166108904 2.7395946234 489.7430000000 343.7010000000
0.1597050192 -0.9224853192 2.7312832007 495.5590000000 363.2820000000
0.1694438384 0.0332880222 2.6216601817 532.9420000000 600.8590000000
0.1697236391 -0.2028317525 2.6741099049 524.7610000000 539.0220000000
0.1723636773 -0.2236967790 2.6602747417 524.1670000000 533.1800000000
0.1736307821 0.2261850434 2.5734255371 541.5820000000 651.9110000000
0.1857115124 0.0512048167 2.6192854895 539.0140000000 605.8880000000
0.1931424921 -0.3483725072 2.6859317422 526.0390000000 503.9880000000
0.1968395265 -0.4650602354 2.6580807326 520.0640000000 471.7540000000
0.1990771577 -0.3397590856 2.6343079988 526.2830000000 502.5390000000
0.2102167871 0.8168605592 1.4781787796 570.4110000000 1014.2600000000
0.2310776837 0.2419770046 2.0334876432 551.3560000000 683.7270000000
0.2318626227 -0.3302396673 2.6611007216 534.3820000000 503.9890000000
0.2603230505 0.2800200898 2.0238469091 561.4810000000 695.2520000000
0.2661255593 0.1378746288 2.6016043574 562.2790000000 624.5500000000
0.2671657777 0.1367703969 2.6054761382 563.2660000000 622.9910000000
0.2690732750 -0.9830296454 2.8031434514 523.0000000000 351.5690000000
0.2764399832 -0.6165217172 2.6720449552 535.1410000000 431.4430000000
0.2774956888 -0.5973486589 2.6660566010 535.1680000000 435.4900000000
0.3202349859 -0.1468323807 2.6941657292 568.5300000000 546.1330000000
0.3341088669 -0.1544089394 2.6706769260 568.5310000000 545.8920000000
0.3343798915 0.5686949002 1.8886314194 603.1680000000 805.3520000000
0.3360163642 -0.9422210763 2.8449844954 539.9790000000 359.4960000000
0.3369094550 -0.6476379285 2.6665986503 549.2980000000 420.4040000000
0.3370436767 0.9107770542 1.4993883946 638.3260000000 1033.8000000000
0.3370772321 -0.7742116036 2.6999734004 545.0370000000 391.1510000000
0.3372553340 0.5823726110 1.9341351679 604.4190000000 804.8050000000
0.3383781505 0.4539843613 2.0294300169 597.7900000000 748.8710000000
0.3408922268 0.4540411474 2.0282297649 598.7780000000 748.6030000000
0.3425803232 0.1882328160 2.6013462387 584.1100000000 631.7340000000
0.3429623389 0.4490129948 1.9874908879 600.7990000000 752.0190000000
0.3433546793 0.9037613875 1.5018766590 638.3320000000 1031.9200000000
0.3498308779 -0.5799230644 2.6665212147 554.4730000000 437.6230000000
0.3498334591 0.8988158329 1.5163416319 642.5750000000 1024.7000000000
0.3503987391 0.8992701218 1.5132003271 642.1530000000 1024.7600000000
0.3517332129 0.0506676716 2.6593455143 580.4350000000 596.8780000000
0.3585707777 -0.5192909778 2.6593713262 559.6020000000 452.7660000000
0.3602821048 -0.6869081101 2.6764587853 553.6960000000 410.9050000000
0.3609093332 -0.6822619732 2.6705994904 553.9860000000 410.5670000000
0.3609299827 -0.5178584189 2.6705478666 559.7600000000 451.9210000000
0.3637073401 0.2090542204 2.6015527337 590.5020000000 638.1090000000
0.3656329058 0.2116485717 2.5905310645 589.9070000000 636.1090000000
0.3771088639 -0.4054219059 2.6847702079 570.0120000000 479.4440000000
0.3979855057 0.2249974392 2.5820905824 601.6130000000 639.0680000000
0.3993406290 0.6367788741 1.5409842258 642.8220000000 892.3050000000
0.4078301536 -0.4482954248 2.6662372841 573.4720000000 468.1780000000
0.4126776231 -0.5914351591 2.6657468585 570.8370000000 434.0710000000
0.4129434853 0.6575935674 1.5460536774 651.5600000000 900.1350000000
0.4137126791 -0.5921475668 2.6663921553 570.6290000000 432.6570000000
0.4150445717 -1.0911659006 2.9767024765 554.5480000000 334.3900000000
0.4165468226 -0.2268796409 2.7282115880 588.9000000000 525.0310000000
0.4472242321 -0.2170455759 2.6617976422 595.1250000000 525.6270000000
0.4608890370 -0.3119132384 2.6880999394 593.9290000000 500.9940000000
0.4658165233 0.5224064707 1.5359767227 667.4310000000 832.5300000000
0.4661159410 0.4151452380 2.0300598266 639.3990000000 726.6260000000
0.4667251011 -0.9740651824 2.8511535327 571.0440000000 350.1140000000
0.4761257848 0.3280869572 2.0312161985 637.8250000000 696.7600000000
0.4808674256 -0.7464018931 2.9077073435 581.5950000000 405.4050000000
0.4824213003 -0.7364849720 2.8949304671 581.5930000000 404.9990000000
0.4952136639 -0.5366417179 2.6753746867 593.8390000000 442.8190000000
0.5004121749 0.3280869572 2.0315878894 644.9300000000 694.6630000000
0.5077608147 0.1806751000 2.7783640546 623.8660000000 616.1680000000
0.5120765597 0.7190361467 1.5403053736 696.4650000000 915.4840000000
0.5147919686 -0.4542063434 2.6658759179 601.9180000000 461.9250000000
0.5195697460 -0.4472371380 2.6669600165 604.7310000000 464.3370000000
0.5203234527 0.1871203244 2.8464041483 624.8660000000 618.6030000000
0.5211958939 -0.0400644128 2.7670584548 619.1460000000 564.5840000000
0.5252483578 -0.6105953115 2.6662114722 597.8010000000 423.6870000000
0.5399869365 0.4156743814 2.0362159580 662.2250000000 720.9170000000
0.5406786947 0.4166603949 2.0390810758 661.4110000000 721.5500000000
0.5421035100 -0.4328934810 2.6674762539 609.9500000000 466.9510000000
0.5753517819 0.1866149279 2.8153008430 639.9510000000 616.5490000000
0.5771921683 -0.1148721212 2.7043356067 629.9860000000 542.4250000000
0.5775432098 -0.3796048719 2.6728709351 620.9820000000 478.9830000000
0.5833766928 -0.5244481898 2.6513954579 615.9260000000 440.8590000000
0.6099964760 -0.5696060592 2.6711415397 619.9210000000 430.8020000000
0.6117620081 -0.3261123490 2.7246495497 629.9950000000 490.7960000000
0.6147510228 -0.3254825394 2.6993022917 630.9960000000 490.9970000000
0.6172805862 -1.5661895185 3.2305622344 582.1900000000 252.2200000000
0.6182330443 -0.4545909403 2.6719675196 625.9720000000 457.9450000000
0.6202566950 -0.5873078408 2.7008510040 623.4440000000 426.0120000000
0.6334491426 -0.5307540300 2.6889775430 627.9570000000 439.8710000000
0.6388567298 -0.9132730622 2.7325996061 612.6280000000 352.4750000000
0.6453587402 -0.9940048532 2.5695021326 612.6630000000 318.9090000000
0.6503972176 -0.6452554927 2.7267403113 627.9200000000 413.6670000000
0.6563804094 -0.3401178706 2.6949658972 640.7980000000 485.2760000000
0.6738576277 0.0709423806 2.7756796200 660.0260000000 585.2040000000
0.7198105029 -0.3764506612 2.9228847241 649.2000000000 479.9930000000
0.7236358222 0.1230340931 2.7688136621 673.2790000000 594.2970000000
0.7241494785 0.1229011620 2.7720401461 674.0000000000 593.5720000000
0.7250245009 0.0205900268 2.7688136621 670.0380000000 571.1220000000
0.7253187563 0.0218698826 2.7678586228 670.8400000000 571.3240000000
0.7404780685 0.2607747583 2.7212165707 685.4360000000 629.6210000000
0.7486475259 -0.1032872370 2.8459137228 669.0120000000 540.0210000000
0.7516984891 -0.1039402773 2.8571935107 669.6120000000 540.0210000000
0.7738657245 0.0733346248 2.7703881863 684.0940000000 581.0060000000
0.7775697281 0.0733552743 2.7800160144 684.0940000000 581.2070000000
0.7817176959 0.5231808269 2.6597585043 710.1500000000 696.6090000000
0.7848073769 0.9089444113 2.1330879124 761.5230000000 853.8280000000
0.7855636648 0.4053935129 2.6752714392 705.6350000000 665.8230000000
0.7881345272 0.4109327405 2.6683280457 707.4210000000 667.1570000000
0.7984360452 0.7470187968 2.3748470648 739.8050000000 776.4350000000
0.8000647743 0.7415699107 2.3396061164 740.1150000000 777.4900000000
0.8102733695 0.7765449968 2.2083630737 755.9580000000 801.0040000000
0.8158229219 0.6042559158 2.1551080201 751.8090000000 752.8030000000
0.8226888798 0.9034748757 2.1129856267 775.4340000000 849.8560000000
0.8231044509 0.4116503106 2.1139638967 747.7640000000 696.4340000000
0.8246531632 0.5249050599 2.1171026203 754.9270000000 731.4250000000
0.8263257725 0.4147838718 2.1242241156 748.1650000000 695.8110000000
0.8269530010 0.9073569812 2.1300369491 775.2280000000 850.0790000000
0.8422052359 0.6371144284 2.1168574075 765.6020000000 766.0950000000
0.8454549506 0.5416027597 2.1161579057 761.8390000000 735.8310000000
0.8688017885 0.8000518683 2.1148776369 782.7160000000 817.3920000000
0.8880600260 0.5400463038 2.1139329224 774.2260000000 732.8890000000
0.9058753798 0.4602876204 2.1160494959 775.7510000000 706.3830000000
0.9083946185 0.4513025078 2.1241595860 775.4700000000 702.5830000000
0.9100491594 -0.1998107311 2.8728871287 701.0540000000 513.0080000000
0.9193182026 -0.2128880577 2.8493983254 702.0570000000 510.0050000000
0.9206113773 0.8484981703 2.1261496813 800.2080000000 826.1140000000
0.9213986394 0.5850828575 2.1190385106 786.9840000000 743.9150000000
0.9357293906 0.1988089723 2.7215263132 729.1440000000 603.9840000000
0.9359926717 -0.0376848164 2.7553914888 715.8440000000 548.7470000000
0.9369683604 -0.9162775641 2.8075056577 679.5140000000 345.0880000000
0.9372497098 0.3562761023 2.6868093458 738.9750000000 645.9330000000
0.9407446372 0.7016363640 2.1253443509 799.9410000000 779.2890000000
0.9459818660 -0.0204089823 2.6661598485 725.2360000000 552.1450000000
0.9466787865 -0.0216421961 2.6706511141 725.0340000000 552.1450000000
0.9514668887 -0.0391385410 2.8158428923 717.1700000000 548.1070000000
0.9549282607 0.5188315265 2.1152880457 793.7450000000 721.6150000000
0.9696616771 0.3574014999 2.1234187852 788.4920000000 668.9310000000
0.9761069014 0.0841639956 2.6627526814 734.8200000000 577.5550000000
0.9761688499 0.3606486333 2.1331421173 788.5100000000 669.9720000000
0.9799270584 0.6559674195 2.1242757394 808.2520000000 761.1840000000
0.9842634529 0.4711260253 2.1233774863 799.6050000000 704.7890000000
0.9895755361 -0.3572956712 2.6660566010 721.1880000000 466.8970000000
1.0119879842 -0.3685160918 2.6966178570 725.2190000000 465.8840000000
1.0132398600 0.7689072640 2.1204246081 823.4450000000 796.0370000000
1.0144917358 -0.8645892911 3.1858560727 685.6920000000 377.8140000000
1.0151396138 -0.8665793864 3.1882823886 685.4480000000 378.3050000000
1.0154622622 -0.3729402466 2.7645288914 723.0820000000 466.4510000000
1.0165076430 0.7711038542 2.1266891494 824.5320000000 796.5240000000
1.0273847657 -0.8631851252 2.7154088996 707.6770000000 349.6350000000
1.0375081817 0.9185851454 1.9483575092 861.5570000000 868.1770000000
1.0431351698 0.6146968179 2.1231425982 824.9030000000 746.0990000000
1.0454866313 0.5541576541 2.1098107665 821.6450000000 726.6360000000
1.0481968778 -0.4542657107 2.7065812395 730.3320000000 443.7430000000
1.0485401757 -0.5894837816 2.7083880705 724.4310000000 411.4530000000
1.0552383564 0.4661262657 2.1252772400 818.0900000000 695.9480000000
1.0559120462 0.4545444789 2.1257805715 819.2990000000 695.9780000000
1.0656844209 0.6955886425 2.1256386062 835.2700000000 769.3250000000
1.0691328869 -1.2787510967 3.2090609453 682.5770000000 296.2860000000
1.0724935926 -1.2847058955 3.2278519879 683.3930000000 296.2810000000
1.0752657876 0.1976652483 1.9761594762 828.1180000000 618.9790000000
1.0817471486 -0.0493817242 2.7022448451 754.5070000000 540.1670000000
1.0952570822 0.7718110995 2.0907874171 852.7470000000 796.3490000000
1.1040589305 -0.3056280477 2.4190782881 767.5180000000 467.7680000000
1.1058063942 -0.1094998964 2.7090849911 757.9590000000 524.2490000000
1.1154445471 -1.2725149485 3.1625737644 695.8630000000 291.9750000000
1.1188775260 -0.3474097244 2.7116145545 751.4840000000 465.8090000000
1.1204004264 -0.1939147833 2.7111757527 757.4980000000 502.9870000000
1.1208237411 -0.2975386071 2.7166994932 752.4610000000 478.8790000000
1.1224705385 0.6800318274 2.1270608403 850.9770000000 760.0760000000
1.1226383157 -0.2850017810 2.7248818565 753.4680000000 481.8920000000
1.1450817381 -0.1023115482 2.0605952708 821.3650000000 517.0920000000
1.1513953219 -0.1160315905 2.0488611939 826.4350000000 511.5590000000
1.1521541910 0.1070346045 2.4858406942 793.4610000000 576.7220000000
1.1531866658 0.4160228416 2.7096270404 791.3740000000 648.8380000000
1.1532795886 0.5236325346 2.1276390263 851.3330000000 709.3950000000
1.1656512186 0.4281750708 2.7754473131 790.2250000000 649.2740000000
1.1658602948 0.1484838243 1.9733382386 852.9320000000 596.7600000000
1.1689190016 0.1487651737 1.9824059491 852.0870000000 599.4170000000
1.1732812079 0.5911615533 2.1457537978 858.3590000000 727.8300000000
1.1788178544 0.8797899023 2.0284982084 891.3440000000 831.5360000000
1.1977947424 0.5705894916 2.1604794706 863.4200000000 719.4170000000
1.2083234049 0.4942405563 2.1654327688 861.8530000000 692.5980000000
1.2088189928 0.3118538711 2.0754500029 862.3220000000 645.4970000000
1.2177060202 0.3130876786 2.1002087502 862.1150000000 645.7420000000
1.2208834616 0.7703320793 2.0955109896 888.9950000000 786.0410000000
1.2454382952 -0.4385488620 2.7139376229 776.2220000000 439.8660000000
1.2580396509 0.5292233860 2.1649552491 874.6540000000 702.6990000000
1.2599987720 0.9106660632 2.0103653685 920.5700000000 836.6250000000
1.2689967904 -1.4246217271 3.0204019753 726.1680000000 245.5950000000
1.2856093110 0.5857436414 2.1651823936 887.4980000000 717.2900000000
1.2949764393 -0.4563358228 2.1433455502 838.3630000000 406.2210000000
1.3087677223 -0.5961561504 2.7092656742 784.5350000000 402.8240000000
1.3121464963 0.6964017165 2.1684114588 901.4970000000 749.1050000000
1.3210231990 0.5323569472 2.1699188721 895.9530000000 699.6020000000
1.3225460994 0.5329841757 2.1757549362 895.1060000000 700.2120000000
1.3254654221 0.1153968766 2.0330617473 894.1190000000 576.5710000000
1.3603888845 -0.4311898974 2.1604149409 856.0840000000 409.3060000000
1.3647485096 -0.0319584527 2.0440008185 893.8910000000 529.3150000000
1.3822980011 0.0297677991 2.0273908791 905.6240000000 545.0130000000
1.3855890148 0.0290587470 2.0353899781 905.4150000000 545.8340000000
1.3856690316 0.6476250226 2.1639795604 920.4680000000 730.3340000000
1.3900286567 0.8480671120 2.1737674221 931.4030000000 790.5690000000
1.3909707900 -0.0095413067 2.0387661709 905.5470000000 533.7120000000
1.3977773806 0.9170106212 2.1769887437 935.9510000000 810.0640000000
1.4016156059 -1.3269754166 2.9081719572 762.3550000000 251.4030000000
1.4104329413 0.5354414659 2.1674667443 920.0970000000 695.7940000000
1.4168446102 0.6470700673 2.1670795662 928.1430000000 728.5060000000
1.4186540224 -0.3873561770 2.0615735407 887.9920000000 415.3200000000
1.4216507807 -1.2381103048 2.9134633909 770.2550000000 270.6340000000
1.4298821866 0.9408143293 1.0728291469 1301.8900000000 1077.5300000000
1.4323110837 0.0362094098 2.0246625642 922.3520000000 545.9690000000
1.4399488165 0.7443963106 2.1690102942 939.5870000000 756.2570000000
1.4407360786 0.7723299182 2.1726781611 939.9610000000 763.1400000000
1.4410200092 -0.3767191046 2.0556600409 895.4710000000 417.6750000000
1.4510092035 0.6023664868 2.1657941350 935.1970000000 712.5510000000
1.4667157274 0.5860946829 2.1653398460 939.8310000000 706.4840000000
1.4715141544 0.0702064841 2.0160104249 935.0410000000 553.0260000000
1.4744773572 -0.4138752939 2.1103450722 894.5440000000 409.4180000000
1.4746425532 -0.0292603377 2.0308935501 929.4620000000 525.9150000000
1.4773760304 -0.0507363312 2.0031354633 933.7880000000 515.2900000000
1.4995097104 -0.5993877968 2.7751117588 822.8390000000 397.2150000000
1.5119019900 -1.0992914778 2.9088172540 794.6370000000 296.7420000000
1.5169559544 -0.3660433145 2.1143304252 909.8920000000 421.1570000000
1.5205567105 -0.9623775669 2.9327448591 801.2430000000 327.1680000000
1.5205773600 -0.4233895498 2.0976817680 910.2300000000 403.7260000000
1.5249085921 -0.9718401990 2.9401270544 801.2660000000 326.1190000000
1.5371072827 -0.5445349883 2.7603473682 833.1030000000 408.3480000000
1.5442158721 0.5755634392 2.1577408310 961.6790000000 700.9490000000
1.5465337782 0.5754834224 2.1597489946 962.4340000000 699.6850000000
1.5663547144 0.6863428301 2.1713152943 972.1600000000 730.6510000000
1.5667496361 0.6855245937 2.1735222093 972.1360000000 730.2110000000
1.5706214168 0.9294312939 1.9805655627 1024.1300000000 826.6330000000
1.5835789764 0.5449660466 2.1633420072 971.2060000000 688.1850000000
1.5970837477 0.8617680535 2.1705486817 990.3780000000 780.6790000000
1.6190599752 0.7647025101 2.1665994654 990.6060000000 751.5580000000
1.6219044435 -1.4004437469 3.0737293021 793.8570000000 246.2360000000
1.6265712299 0.4981820292 2.1600045322 981.6140000000 670.7470000000
1.6602170046 0.4128918616 2.1364950794 988.8910000000 646.3510000000
1.6626226710 0.7004851545 2.1673764027 999.7640000000 729.9170000000
1.6638306666 0.9398463841 1.3201301082 1272.5100000000 955.4340000000
1.6641688021 0.9399986741 1.3204863120 1272.7800000000 954.8610000000
1.6706553255 0.7017215432 2.1791337102 999.3720000000 727.9550000000
1.6732287691 -1.2373953160 2.9606733042 816.3420000000 269.4070000000
1.6733036235 0.6012488327 2.1610292635 998.1550000000 700.2330000000
1.7384631124 -0.1244093497 2.0828812408 990.4840000000 481.3220000000
1.7394000833 -0.3810142001 2.1246087125 969.4280000000 407.8780000000
1.7447689526 -0.9657356914 2.9237881396 847.6310000000 319.6960000000
1.7453110019 -0.6295257381 2.8282067788 871.1360000000 387.6370000000
1.7599463332 0.4182271755 2.1071108447 1022.1300000000 642.6220000000
1.7700516809 0.7633602927 2.1436243184 1037.1000000000 743.1920000000
1.7835951700 0.4144663858 2.1200967974 1027.1000000000 639.9600000000
1.7892918501 0.7512209695 2.1679339391 1036.9000000000 736.4780000000
1.7897745321 -0.4171817947 2.1423130753 977.6280000000 397.1420000000
1.7971489838 -0.6259766058 2.9255433469 871.3940000000 389.1560000000
1.8015499079 0.6078618343 2.1763873271 1030.5600000000 693.0580000000
1.8179946513 -0.6599372853 2.9506582980 870.4150000000 385.0310000000
1.8303972557 0.8117162531 2.1717644209 1050.8100000000 750.7850000000
1.8337037564 -0.8506818546 2.8189661287 878.1370000000 334.6430000000
1.8374155036 -0.8550130867 2.8326980445 878.3650000000 334.2140000000
1.8383060132 -0.8505476329 2.7541008952 887.5850000000 328.8500000000
1.8449164335 0.5120146112 2.1229593339 1047.0800000000 666.5280000000
1.8764249852 0.4151013578 2.1159591543 1050.3000000000 635.8600000000
1.8787557973 0.5814821014 2.1112820432 1063.7100000000 685.9010000000
1.8923147734 -0.1152794325 2.0886243822 1031.4000000000 476.4920000000
1.8924335081 0.8702059543 2.1141884599 1081.5500000000 771.0190000000
1.8952986258 -0.1061200899 2.0637030201 1038.5800000000 480.5870000000
1.8961220245 -0.1134333675 2.0950979997 1032.2400000000 477.2470000000
1.9085607655 -0.1141687477 2.1112562313 1031.5300000000 477.4640000000
1.9106850825 0.4158886199 2.1087369926 1062.5100000000 634.5610000000
1.9169341366 0.7723324993 2.1083446522 1085.2400000000 740.8280000000
1.9214434706 -0.6346984372 2.7320575568 917.4430000000 376.0080000000
1.9224449712 0.1266392373 2.1007946797 1051.8300000000 548.5160000000
1.9256404810 -0.6367091820 2.7440084534 915.9230000000 375.6290000000
1.9341738857 0.6789270793 2.1151409180 1083.4500000000 710.2030000000
1.9509748330 0.0306595993 2.1269240374 1049.1900000000 516.6130000000
1.9669368944 0.5447105090 2.0882036487 1089.7800000000 670.1910000000
1.9877283571 0.7038974840 2.0887844158 1105.9400000000 716.4300000000
1.9878186986 0.9172532528 1.4988050463 1311.7800000000 870.6290000000
2.0021752616 0.5442510577 2.0963705249 1097.1400000000 668.7670000000
2.0074563706 0.8733085413 2.0985103291 1117.4000000000 766.7140000000
2.0082513762 0.6091059665 2.0897084808 1104.4200000000 687.9550000000
2.0251555710 -0.7084326298 2.7464605812 933.0290000000 355.1250000000
2.0294351793 -0.9090786331 2.7864431704 923.4740000000 314.7820000000
2.0305709017 -0.9107047810 2.7878886353 923.5090000000 313.9220000000
2.0310948827 -0.9112700610 2.7896954663 922.9540000000 314.5450000000
2.0495297214 0.9396889317 1.7590738919 1233.1400000000 827.6780000000
2.0509932545 0.9393791892 1.7590867978 1233.4300000000 827.4140000000
2.0539332267 0.3421105471 2.0932188954 1100.4200000000 606.2690000000
2.0554587083 0.9437439767 1.7732291223 1233.4300000000 827.4140000000
2.0609230816 0.6577252079 2.0759094543 1126.5700000000 700.3200000000
2.0883636823 0.5441271607 2.0760565819 1125.7600000000 664.5550000000
2.0948631116 -0.8743332726 2.7592632696 939.9970000000 317.5590000000
2.0951496234 0.0332913777 2.3269582993 1048.3300000000 516.1010000000
2.1058615501 0.4846230530 2.0714543252 1127.5300000000 644.0320000000
2.1097126814 -1.1993460359 2.8965308031 913.7680000000 260.1040000000
2.1213435108 0.6911515818 2.0667230091 1144.9500000000 708.1290000000
2.1275383600 0.6115064705 2.0715988717 1142.1000000000 683.2030000000
2.1444864349 0.5957689724 2.0641314972 1146.8600000000 676.7200000000
2.1688218675 0.5155250257 2.0580941004 1148.1900000000 652.6140000000
2.1704170412 0.5149700705 2.0579134173 1151.0000000000 653.0030000000
2.1810644382 0.6596585171 2.0595782830 1162.2300000000 695.5380000000
2.1990320821 -0.6414146862 2.7539202121 971.1470000000 365.5540000000
2.1998348313 -0.8543316533 2.7328835367 967.7460000000 315.5260000000
2.2012002793 -0.6423774690 2.7574048148 971.8270000000 365.5320000000
2.2019384989 -0.8570548057 2.7395429996 967.0240000000 316.4220000000
2.2061587399 -0.8254094511 2.7841459139 959.7500000000 327.5040000000
2.3985242947 0.5572550787 2.0496381313 1216.6500000000 652.9260000000
2.3986688412 0.7666951866 2.0783564197 1222.6400000000 712.4570000000
2.4006047315 0.5161135364 2.0536983387 1213.3400000000 640.3340000000
2.4561802724 -0.4050553774 2.6927977000 1044.7200000000 407.0540000000
2.4963822626 -0.4848269668 2.8781011267 1021.1700000000 397.2310000000
2.5452544604 -0.4359134699 2.6958951246 1060.6200000000 396.9290000000
2.5791299608 -0.3148867661 2.7610701006 1061.6900000000 425.7100000000
2.5993587246 -0.8562598001 2.7581791710 1045.5500000000 307.1510000000
2.6128067097 -0.8589313288 2.7730984328 1045.0300000000 307.8400000000
2.6531764770 -0.1474167615 2.7604764275 1084.5800000000 459.8550000000
2.6626236220 -0.7985805916 2.7547203802 1060.3600000000 317.6300000000
2.7671875142 -0.3444310344 2.7504097976 1101.7200000000 413.0580000000
2.7701300675 -0.3252244207 2.7572241317 1101.6000000000 416.9710000000
2.7796546482 -0.5955289220 2.7607861700 1091.4700000000 358.8420000000
2.7952450187 -0.8064041699 2.7728661259 1083.9500000000 315.0610000000
2.8038403719 -0.8337492668 2.7729435616 1084.0600000000 308.3840000000
2.9053068395 0.0578108490 2.8260127697 1131.9200000000 497.2870000000
2.9272985541 0.0547304602 2.8570644513 1131.6600000000 497.2870000000
2.9814776728 -0.7934904905 2.8658662996 1106.1000000000 318.3210000000
3.0308041595 -1.0086014667 2.8765007907 1105.2600000000 274.5310000000
3.0440714616 -0.9409769441 2.8580711143 1111.9300000000 286.5530000000
3.0522022012 -1.2002726821 2.9522070103 1087.7200000000 242.7100000000
3.1205520373 -0.9442060092 2.7871917147 1139.3100000000 276.6170000000
3.1235978382 -1.0765486376 2.8529087400 1123.0200000000 256.2260000000
3.1263597085 -1.0757071706 2.8568063326 1122.4400000000 257.1840000000
3.1289408956 -1.0800177532 2.7630059910 1140.2500000000 248.0880000000
3.1380524863 -0.8616415753 2.7905214462 1145.7100000000 294.6500000000
3.1460283547 -0.5316084030 2.8226830383 1156.9300000000 366.2490000000
3.1784996892 -0.4498518806 2.8511535327 1160.0200000000 383.7130000000
3.1817777969 -0.8652939552 2.6059149400 1190.0700000000 276.9320000000
3.1884888836 0.2133611893 2.7892050407 1204.8100000000 522.6410000000
3.1975230386 -1.2359317828 2.5988166753 1175.5400000000 193.5640000000
3.2237995240 0.2282254719 2.8079960833 1205.6200000000 522.4220000000
3.2311300956 -0.9953057716 2.6247834182 1193.2800000000 246.5290000000
3.3638031159 -0.9666313633 2.5623961244 1231.3100000000 244.9540000000
3.4561579928 -0.4188260109 2.7957354442 1223.9600000000 377.9230000000
3.4755168965 -0.3407554238 2.8473333757 1220.7400000000 396.1240000000
3.5108791607 -1.2335003045 2.6404512243 1234.9000000000 190.7810000000
3.6535155636 -0.8418980747 2.7892566645 1245.7200000000 286.1290000000
3.6627045899 -0.4699851405 2.8368537558 1253.2600000000 363.5350000000
3.8221961449 -0.6319262422 2.8281035313 1277.2500000000 327.3910000000
3.8881196652 -0.6363555594 2.7888178626 1298.7900000000 318.4020000000
3.9449832184 -0.8632290054 2.8199727917 1291.5600000000 276.3260000000
3.9557725808 -0.6474727325 2.8469720095 1297.1400000000 318.2510000000

gimbalangles:
-0.3537920757 0.2630128298 0.1825990459

end: