T_CW:
0.9991057569 0.0369944390 -0.0204718816 -0.4117025981
0.0331951767 -0.9862126308 -0.1621194837 0.6367318180
-0.0261871475 0.1612949418 -0.9865587540 1.2039988494
0.0000000000 0.0000000000 0.0000000000 1.0000000000

T_CW_cov:

target_points_pix:
0.00000 0.11450 0.00000 162.16611 429.52914
0.08800 0.11450 0.00000 195.36090 431.05890
0.11450 0.11450 0.00000 205.19531 431.43100
0.20250 0.11450 0.00000 238.37958 432.92786
0.22899 0.11450 0.00000 248.32484 433.32690
0.31699 0.11450 0.00000 281.60623 434.73703
0.34349 0.11450 0.00000 291.56805 435.29028
0.43149 0.11450 0.00000 325.05759 436.68893
0.45799 0.11450 0.00000 335.18686 437.23639
0.54599 0.11450 0.00000 368.73016 438.57651
0.57248 0.11450 0.00000 378.73520 439.07315
0.66048 0.11450 0.00000 412.55814 440.57840
0.00000 0.20250 0.00000 165.29788 394.88586
0.08800 0.20250 0.00000 197.86771 396.33463
0.11450 0.20250 0.00000 207.81152 396.55887
0.20250 0.20250 0.00000 240.54321 397.92468
0.22899 0.20250 0.00000 250.45966 398.34946
0.31699 0.20250 0.00000 283.32004 399.68710
0.34349 0.20250 0.00000 293.30466 400.22351
0.43149 0.20250 0.00000 326.28174 401.54828
0.45799 0.20250 0.00000 336.30347 401.94534
0.54599 0.20250 0.00000 369.31250 403.38419
0.57248 0.20250 0.00000 379.32709 403.77713
0.66048 0.20250 0.00000 412.56158 405.30960
0.00000 0.22899 0.00000 166.15218 384.64627
0.08800 0.22899 0.00000 198.68446 385.94196
0.11450 0.22899 0.00000 208.50435 386.37436
0.20250 0.22899 0.00000 241.26338 387.62833
0.22899 0.22899 0.00000 250.98965 388.08762
0.31699 0.22899 0.00000 283.73001 389.45383
0.34349 0.22899 0.00000 293.56396 389.84558
0.43149 0.22899 0.00000 326.54349 391.27011
0.45799 0.22899 0.00000 336.41705 391.61542
0.54599 0.22899 0.00000 369.43878 393.00159
0.57248 0.22899 0.00000 379.33252 393.45355
0.66048 0.22899 0.00000 412.60577 394.84943
0.00000 0.31699 0.00000 169.10440 351.07855
0.08800 0.31699 0.00000 201.36159 352.33093
0.11450 0.31699 0.00000 211.00618 352.54361
0.20250 0.31699 0.00000 243.31744 353.80167
0.22899 0.31699 0.00000 253.02557 354.31616
0.31699 0.31699 0.00000 285.42352 355.56537
0.34349 0.31699 0.00000 295.17490 355.99866
0.43149 0.31699 0.00000 327.59763 357.30182
0.45799 0.31699 0.00000 337.43710 357.58386
0.54599 0.31699 0.00000 370.13120 358.91809
0.57248 0.31699 0.00000 379.86731 359.36102
0.66048 0.31699 0.00000 412.65060 360.58792
0.00000 0.34349 0.00000 169.83781 341.17194
0.08800 0.34349 0.00000 202.09514 342.30020
0.11450 0.34349 0.00000 211.72598 342.58832
0.20250 0.34349 0.00000 243.83891 343.91891
0.22899 0.34349 0.00000 253.54861 344.37595
0.31699 0.34349 0.00000 285.80731 345.56589
0.34349 0.34349 0.00000 295.52460 345.98822
0.43149 0.34349 0.00000 327.91925 347.27625
0.45799 0.34349 0.00000 337.64807 347.59937
0.54599 0.34349 0.00000 370.24011 348.83545
0.57248 0.34349 0.00000 380.09760 349.27191
0.66048 0.34349 0.00000 412.66840 350.45245
0.00000 0.43149 0.00000 172.78174 308.43295
0.08800 0.43149 0.00000 204.56920 309.54749
0.11450 0.43149 0.00000 214.08424 309.90591
0.20250 0.43149 0.00000 245.84787 311.21774
0.22899 0.43149 0.00000 255.47791 311.53595
0.31699 0.43149 0.00000 287.38651 312.69577
0.34349 0.43149 0.00000 296.98828 313.22989
0.43149 0.43149 0.00000 328.98581 314.39948
0.45799 0.43149 0.00000 338.62839 314.66162
0.54599 0.43149 0.00000 370.76294 315.88406
0.57248 0.43149 0.00000 380.50900 316.31815
0.66048 0.43149 0.00000 412.82913 317.39267
0.00000 0.45799 0.00000 173.62140 298.79977
0.08800 0.45799 0.00000 205.42528 299.88065
0.11450 0.45799 0.00000 214.80632 300.33072
0.20250 0.45799 0.00000 246.53127 301.45322
0.22899 0.45799 0.00000 256.03458 301.78958
0.31699 0.45799 0.00000 287.73080 303.10898
0.34349 0.45799 0.00000 297.43481 303.41367
0.43149 0.45799 0.00000 329.34882 304.55823
0.45799 0.45799 0.00000 338.98950 304.80350
0.54599 0.45799 0.00000 371.11142 306.25125
0.57248 0.45799 0.00000 380.65570 306.44040
0.66048 0.45799 0.00000 412.91895 307.60294
0.00000 0.54599 0.00000 176.47942 267.14212
0.08800 0.54599 0.00000 207.62589 268.34076
0.11450 0.54599 0.00000 217.15939 268.46988
0.20250 0.54599 0.00000 248.40363 269.63464
0.22899 0.54599 0.00000 257.79633 270.12927
0.31699 0.54599 0.00000 289.31418 271.23669
0.34349 0.54599 0.00000 298.68936 271.52609
0.43149 0.54599 0.00000 330.37863 272.56177
0.45799 0.54599 0.00000 339.87189 273.02267
0.54599 0.54599 0.00000 371.51425 274.13043
0.57248 0.54599 0.00000 381.25897 274.43594
0.66048 0.54599 0.00000 413.08643 275.40286
0.00000 0.57248 0.00000 177.28833 257.69516
0.08800 0.57248 0.00000 208.44591 258.77368
0.11450 0.57248 0.00000 217.69688 259.29276
0.20250 0.57248 0.00000 248.92632 260.35046
0.22899 0.57248 0.00000 258.39594 260.56232
0.31699 0.57248 0.00000 289.59268 261.68762
0.34349 0.57248 0.00000 299.25919 261.99414
0.43149 0.57248 0.00000 330.64322 263.22552
0.45799 0.57248 0.00000 340.28903 263.40991
0.54599 0.57248 0.00000 371.68634 264.60022
0.57248 0.57248 0.00000 381.35611 264.74164
0.66048 0.57248 0.00000 413.12955 266.05313
0.00000 0.66048 0.00000 179.84789 226.95335
0.08800 0.66048 0.00000 210.66254 228.06027
0.11450 0.66048 0.00000 220.01666 228.42131
0.20250 0.66048 0.00000 250.72783 229.39449
0.22899 0.66048 0.00000 260.18863 229.62181
0.31699 0.66048 0.00000 291.17786 230.56236
0.34349 0.66048 0.00000 300.50528 231.05655
0.43149 0.66048 0.00000 331.62909 232.08459
0.45799 0.66048 0.00000 341.18530 232.40742
0.54599 0.66048 0.00000 372.34860 233.40887
0.57248 0.66048 0.00000 381.70068 233.64894
0.66048 0.66048 0.00000 413.19623 234.60112

gimbalangles:
0.174532925199 -0.174532925199 0.261799387799 

end: