T_CW:
0.9054591228 0.2192226936 0.3634352590 -0.9221243376
0.2656034494 -0.9605618551 -0.0823148231 0.3124779485
0.3310567693 0.1710623659 -0.9279757984 1.0303250793
0.0000000000 0.0000000000 0.0000000000 1.0000000000

T_CW_cov:

target_points_pix:
0.34349 0.11450 0.00000 89.70983 629.43011
0.43149 0.11450 0.00000 176.81128 644.48676
0.45799 0.11450 0.00000 202.08534 648.79462
0.54599 0.11450 0.00000 283.93390 662.88275
0.57248 0.11450 0.00000 307.84653 667.00537
0.66048 0.11450 0.00000 385.07874 680.34375
0.34349 0.20250 0.00000 114.83610 546.65808
0.43149 0.20250 0.00000 200.13441 563.57166
0.45799 0.20250 0.00000 224.96915 568.50720
0.54599 0.20250 0.00000 305.22122 584.34851
0.57248 0.20250 0.00000 328.72562 588.80945
0.66048 0.20250 0.00000 404.61615 603.61206
0.31699 0.22899 0.00000 95.72582 516.88593
0.34349 0.22899 0.00000 122.12817 522.38733
0.43149 0.22899 0.00000 206.98424 539.65356
0.45799 0.22899 0.00000 231.69530 544.64178
0.54599 0.22899 0.00000 311.56674 560.90472
0.57248 0.22899 0.00000 335.07965 565.62885
0.66048 0.22899 0.00000 410.33823 581.22296
0.22899 0.31699 0.00000 32.08617 416.27170
0.31699 0.31699 0.00000 120.45588 436.47681
0.34349 0.31699 0.00000 146.24007 442.36899
0.43149 0.31699 0.00000 229.59906 461.40338
0.45799 0.31699 0.00000 253.77531 466.99988
0.54599 0.31699 0.00000 332.34311 484.76740
0.57248 0.31699 0.00000 355.26663 489.99664
0.66048 0.31699 0.00000 429.37939 506.70120
0.22899 0.34349 0.00000 39.84565 391.81946
0.31699 0.34349 0.00000 127.66702 412.61676
0.34349 0.34349 0.00000 153.57526 418.64066
0.43149 0.34349 0.00000 236.19762 438.10248
0.45799 0.34349 0.00000 260.37057 443.78888
0.54599 0.34349 0.00000 338.43665 462.14169
0.57248 0.34349 0.00000 361.31519 467.48151
0.66048 0.34349 0.00000 434.89212 484.77585
0.22899 0.43149 0.00000 65.32652 312.36639
0.31699 0.43149 0.00000 151.79306 334.68488
0.34349 0.43149 0.00000 177.05527 341.25644
0.43149 0.43149 0.00000 258.29916 362.21536
0.45799 0.43149 0.00000 281.92941 368.34073
0.54599 0.43149 0.00000 358.59064 388.09760
0.57248 0.43149 0.00000 381.18130 393.97742
0.66048 0.43149 0.00000 453.56046 412.45322
0.22899 0.45799 0.00000 73.08169 288.78537
0.31699 0.45799 0.00000 158.95792 311.63922
0.34349 0.45799 0.00000 183.75322 318.29205
0.43149 0.45799 0.00000 264.84344 339.72995
0.45799 0.45799 0.00000 288.30347 345.94296
0.54599 0.45799 0.00000 364.57101 366.09634
0.57248 0.45799 0.00000 386.92920 371.92706
0.22899 0.54599 0.00000 97.90565 211.80501
0.31699 0.54599 0.00000 182.06287 236.23006
0.34349 0.54599 0.00000 206.64554 243.30653
0.43149 0.54599 0.00000 285.86926 266.13715
0.45799 0.54599 0.00000 309.08942 272.78967
0.54599 0.54599 0.00000 384.04486 294.38068
0.57248 0.54599 0.00000 405.99774 300.65439
0.66048 0.54599 0.00000 477.00870 320.96158
0.22899 0.57248 0.00000 105.06840 189.11687
0.31699 0.57248 0.00000 188.99472 213.89122
0.34349 0.57248 0.00000 213.45117 221.12286
0.43149 0.57248 0.00000 292.31769 244.35788
0.45799 0.57248 0.00000 315.26208 251.19232
0.54599 0.57248 0.00000 389.82227 273.09311
0.57248 0.57248 0.00000 411.65198 279.46323
0.66048 0.57248 0.00000 482.34943 300.24863
0.22899 0.66048 0.00000 129.29588 114.48234
0.31699 0.66048 0.00000 211.59755 140.62614
0.34349 0.66048 0.00000 235.43642 148.25983
0.43149 0.66048 0.00000 313.02795 172.95203
0.45799 0.66048 0.00000 335.65143 180.07610
0.54599 0.66048 0.00000 408.92017 203.39569
0.57248 0.66048 0.00000 430.34723 210.07767
0.66048 0.66048 0.00000 499.72937 232.06009

gimbalangles:
0.174532925199 -0.174532925199 0.436332312999 

end: