T_CW:
0.9991063559 0.0369740511 -0.0204794794 -0.4116754006
0.0331799600 -0.9862511046 -0.1618883839 0.6367395893
-0.0261835785 0.1610642050 -0.9865965447 1.2040236870
0.0000000000 0.0000000000 0.0000000000 1.0000000000

T_CW_cov:

target_points_pix:
0.00000 0.11450 0.00000 162.14481 429.54565
0.08800 0.11450 0.00000 195.35417 431.03131
0.11450 0.11450 0.00000 205.09689 431.45749
0.20250 0.11450 0.00000 238.43854 432.78021
0.22899 0.11450 0.00000 248.35529 433.30969
0.31699 0.11450 0.00000 281.62469 434.74527
0.34349 0.11450 0.00000 291.63745 435.32443
0.43149 0.11450 0.00000 325.18503 436.61447
0.54599 0.11450 0.00000 368.71320 438.63342
0.57248 0.11450 0.00000 378.75571 439.11636
0.66048 0.11450 0.00000 412.59210 440.56699
0.00000 0.20250 0.00000 165.38635 394.88281
0.08800 0.20250 0.00000 197.89519 396.35449
0.11450 0.20250 0.00000 207.73344 396.55527
0.20250 0.20250 0.00000 240.55392 397.94995
0.22899 0.20250 0.00000 250.50941 398.35941
0.31699 0.20250 0.00000 283.34033 399.69492
0.34349 0.20250 0.00000 293.31937 400.19910
0.43149 0.20250 0.00000 326.28281 401.52713
0.45799 0.20250 0.00000 336.29187 401.98083
0.54599 0.20250 0.00000 369.25452 403.32883
0.57248 0.20250 0.00000 379.29636 403.71796
0.66048 0.20250 0.00000 412.57092 405.30017
0.00000 0.22899 0.00000 166.10632 384.68506
0.08800 0.22899 0.00000 198.74619 385.95169
0.11450 0.22899 0.00000 208.50751 386.38165
0.20250 0.22899 0.00000 241.27000 387.62830
0.22899 0.22899 0.00000 250.97087 388.08063
0.31699 0.22899 0.00000 283.72318 389.42368
0.34349 0.22899 0.00000 293.58228 389.78171
0.43149 0.22899 0.00000 326.55927 391.26562
0.45799 0.22899 0.00000 336.35034 391.63110
0.54599 0.22899 0.00000 369.50513 392.99130
0.57248 0.22899 0.00000 379.43869 393.42105
0.66048 0.22899 0.00000 412.60309 394.76120
0.00000 0.31699 0.00000 169.11597 351.05414
0.08800 0.31699 0.00000 201.40248 352.38702
0.11450 0.31699 0.00000 210.94156 352.58276
0.20250 0.31699 0.00000 243.33316 353.79285
0.22899 0.31699 0.00000 253.01242 354.32642
0.31699 0.31699 0.00000 285.37140 355.56940
0.34349 0.31699 0.00000 295.14838 355.97141
0.43149 0.31699 0.00000 327.60623 357.39542
0.45799 0.31699 0.00000 337.46286 357.65784
0.54599 0.31699 0.00000 370.13339 358.94272
0.57248 0.31699 0.00000 379.92590 359.31952
0.66048 0.31699 0.00000 412.66739 360.60281
0.00000 0.34349 0.00000 169.89267 341.13535
0.08800 0.34349 0.00000 202.09631 342.28275
0.11450 0.34349 0.00000 211.67113 342.64456
0.20250 0.34349 0.00000 243.88254 343.89697
0.22899 0.34349 0.00000 253.52499 344.38007
0.31699 0.34349 0.00000 285.82776 345.55713
0.34349 0.34349 0.00000 295.50119 346.01016
0.43149 0.34349 0.00000 328.00739 347.35092
0.45799 0.34349 0.00000 337.69659 347.60956
0.54599 0.34349 0.00000 370.27063 348.86893
0.57248 0.34349 0.00000 380.12982 349.33676
0.66048 0.34349 0.00000 412.69629 350.47299
0.00000 0.43149 0.00000 172.82637 308.41486
0.08800 0.43149 0.00000 204.51671 309.51556
0.11450 0.43149 0.00000 214.12132 309.90656
0.20250 0.43149 0.00000 245.85652 311.24585
0.22899 0.43149 0.00000 255.46832 311.54102
0.31699 0.43149 0.00000 287.34732 312.69827
0.34349 0.43149 0.00000 297.01749 313.21021
0.43149 0.43149 0.00000 328.99716 314.35785
0.45799 0.43149 0.00000 338.64667 314.73132
0.54599 0.43149 0.00000 370.76813 315.83829
0.57248 0.43149 0.00000 380.56183 316.31207
0.66048 0.43149 0.00000 412.91379 317.40735
0.00000 0.45799 0.00000 173.62883 298.76102
0.08800 0.45799 0.00000 205.40417 299.88174
0.11450 0.45799 0.00000 214.75754 300.34015
0.20250 0.45799 0.00000 246.51906 301.43103
0.22899 0.45799 0.00000 256.02267 301.75735
0.31699 0.45799 0.00000 287.77292 303.09277
0.34349 0.45799 0.00000 297.43781 303.38620
0.43149 0.45799 0.00000 329.36835 304.55933
0.45799 0.45799 0.00000 339.00314 304.82086
0.57248 0.45799 0.00000 380.66846 306.44635
0.66048 0.45799 0.00000 412.85574 307.57172
0.00000 0.54599 0.00000 176.51190 267.12125
0.08800 0.54599 0.00000 207.68054 268.36728
0.11450 0.54599 0.00000 217.11932 268.47101
0.20250 0.54599 0.00000 248.38943 269.61719
0.22899 0.54599 0.00000 257.75220 270.09341
0.31699 0.54599 0.00000 289.30746 271.19565
0.34349 0.54599 0.00000 298.67599 271.53952
0.43149 0.54599 0.00000 330.38083 272.59991
0.45799 0.54599 0.00000 339.90952 273.06403
0.54599 0.54599 0.00000 371.51636 274.13641
0.57248 0.54599 0.00000 381.31454 274.47589
0.66048 0.54599 0.00000 412.99377 275.40677
0.00000 0.57248 0.00000 177.29874 257.67514
0.08800 0.57248 0.00000 208.44916 258.81317
0.11450 0.57248 0.00000 217.68211 259.28726
0.20250 0.57248 0.00000 248.94919 260.36746
0.22899 0.57248 0.00000 258.39212 260.57761
0.31699 0.57248 0.00000 289.59995 261.66675
0.34349 0.57248 0.00000 299.26315 261.99884
0.43149 0.57248 0.00000 330.61237 263.21463
0.45799 0.57248 0.00000 340.30545 263.41919
0.54599 0.57248 0.00000 371.72635 264.55209
0.57248 0.57248 0.00000 381.38257 264.74667
0.66048 0.57248 0.00000 413.13242 266.00058
0.00000 0.66048 0.00000 179.84669 226.88757
0.08800 0.66048 0.00000 210.67578 228.04213
0.11450 0.66048 0.00000 219.98184 228.36719
0.20250 0.66048 0.00000 250.73586 229.40424
0.22899 0.66048 0.00000 260.16739 229.65305
0.31699 0.66048 0.00000 291.15146 230.59741
0.34349 0.66048 0.00000 300.48392 231.03372
0.43149 0.66048 0.00000 331.59637 232.03967
0.45799 0.66048 0.00000 341.18140 232.42220
0.54599 0.66048 0.00000 372.33267 233.38596
0.57248 0.66048 0.00000 381.74704 233.70288
0.66048 0.66048 0.00000 413.18549 234.56055

gimbalangles:
0.174532925199 -0.174532925199 0.436332312999 

end: