T_CW:
0.8787987844 0.0451124851 -0.4750553233 0.2788238862
-0.0303396921 -0.9882250131 -0.1499694187 0.5280226490
-0.4762270463 0.1462059752 -0.8670822413 1.2857685910
0.0000000000 0.0000000000 0.0000000000 1.0000000000

T_CW_cov:

target_points_pix:
0.00000 0.11450 0.00000 886.68701 703.45355
0.00000 0.20250 0.00000 887.63214 626.95551
0.08800 0.20250 0.00000 963.07306 633.63031
0.00000 0.22899 0.00000 887.86090 604.38818
0.08800 0.22899 0.00000 963.25952 610.40057
0.11450 0.22899 0.00000 986.59790 612.21021
0.20250 0.22899 0.00000 1068.56372 618.62622
0.22899 0.22899 0.00000 1094.37646 620.69855
0.31699 0.22899 0.00000 1183.93799 627.81879
0.00000 0.31699 0.00000 888.68768 529.60339
0.08800 0.31699 0.00000 963.40070 533.22717
0.11450 0.31699 0.00000 986.54303 534.33008
0.20250 0.31699 0.00000 1067.55212 538.03674
0.22899 0.31699 0.00000 1093.31104 539.33521
0.31699 0.31699 0.00000 1181.74316 543.43842
0.00000 0.34349 0.00000 889.05273 507.49704
0.08800 0.34349 0.00000 963.36987 510.35532
0.11450 0.34349 0.00000 986.50360 511.24225
0.20250 0.34349 0.00000 1067.41968 514.06427
0.22899 0.34349 0.00000 1092.67554 515.01483
0.31699 0.34349 0.00000 1181.33679 518.44629
0.00000 0.43149 0.00000 889.68079 434.50363
0.08800 0.43149 0.00000 963.55396 435.05283
0.11450 0.43149 0.00000 986.47681 435.16629
0.20250 0.43149 0.00000 1066.47913 435.44067
0.22899 0.43149 0.00000 1091.51331 435.48282
0.31699 0.43149 0.00000 1179.27454 435.91550
0.00000 0.45799 0.00000 890.25214 412.83218
0.08800 0.45799 0.00000 963.59229 412.63739
0.11450 0.45799 0.00000 986.51172 412.54160
0.20250 0.45799 0.00000 1066.33728 412.18982
0.22899 0.45799 0.00000 1091.47546 411.98764
0.31699 0.45799 0.00000 1178.51294 411.48715
0.00000 0.54599 0.00000 890.88843 341.68353
0.08800 0.54599 0.00000 963.62524 339.41660
0.11450 0.54599 0.00000 986.44965 338.46161
0.20250 0.54599 0.00000 1065.51648 335.55930
0.22899 0.54599 0.00000 1090.31738 334.64633
0.31699 0.54599 0.00000 1176.49487 331.51294
0.00000 0.57248 0.00000 891.31726 320.60123
0.08800 0.57248 0.00000 963.83417 317.49292
0.11450 0.57248 0.00000 986.56415 316.49377
0.20250 0.57248 0.00000 1065.42822 312.86673
0.22899 0.57248 0.00000 1090.13684 311.70450
0.31699 0.57248 0.00000 1175.87805 307.63947
0.00000 0.66048 0.00000 891.92194 251.24673
0.08800 0.66048 0.00000 964.08960 245.74117
0.11450 0.66048 0.00000 986.45380 244.25122
0.20250 0.66048 0.00000 1064.52393 238.25980
0.22899 0.66048 0.00000 1089.12659 236.41574

gimbalangles:
0.174532925199 0.0 -0.436332312999 

end: