T_CW:
0.9990982819 0.0369843420 -0.0208514184 -0.4116971751
0.0331299446 -0.9862513399 -0.1618971936 0.6367701860
-0.0265524005 0.1610604017 -0.9865873084 1.2041556467
0.0000000000 0.0000000000 0.0000000000 1.0000000000

T_CW_cov:

target_points_pix:
0.00000 0.11450 0.00000 162.27249 429.59402
0.08800 0.11450 0.00000 195.37788 430.94833
0.11450 0.11450 0.00000 205.12424 431.41968
0.20250 0.11450 0.00000 238.42181 432.76212
0.22899 0.11450 0.00000 248.30203 433.31561
0.31699 0.11450 0.00000 281.64154 434.81671
0.34349 0.11450 0.00000 291.61749 435.30746
0.43149 0.11450 0.00000 325.11371 436.69955
0.54599 0.11450 0.00000 368.79700 438.58438
0.57248 0.11450 0.00000 378.71643 439.19217
0.66048 0.11450 0.00000 412.52872 440.67740
0.00000 0.20250 0.00000 165.40784 394.85779
0.08800 0.20250 0.00000 197.90364 396.35678
0.11450 0.20250 0.00000 207.80556 396.61621
0.20250 0.20250 0.00000 240.55215 397.98862
0.22899 0.20250 0.00000 250.50421 398.37677
0.31699 0.20250 0.00000 283.31982 399.71075
0.34349 0.20250 0.00000 293.28107 400.23215
0.43149 0.20250 0.00000 326.23047 401.54523
0.45799 0.20250 0.00000 336.25885 401.96033
0.54599 0.20250 0.00000 369.32413 403.41495
0.57248 0.20250 0.00000 379.36496 403.71927
0.66048 0.20250 0.00000 412.53601 405.33087
0.00000 0.22899 0.00000 166.06390 384.73566
0.08800 0.22899 0.00000 198.73756 385.96820
0.11450 0.22899 0.00000 208.55016 386.37122
0.20250 0.22899 0.00000 241.20985 387.65237
0.22899 0.22899 0.00000 251.06035 388.12671
0.31699 0.22899 0.00000 283.79727 389.44595
0.34349 0.22899 0.00000 293.56409 389.85974
0.43149 0.22899 0.00000 326.54697 391.27643
0.45799 0.22899 0.00000 336.34601 391.58362
0.54599 0.22899 0.00000 369.43567 393.00500
0.57248 0.22899 0.00000 379.34210 393.41708
0.66048 0.22899 0.00000 412.59506 394.84625
0.00000 0.31699 0.00000 169.05438 351.01248
0.08800 0.31699 0.00000 201.39473 352.30359
0.11450 0.31699 0.00000 210.95877 352.59702
0.20250 0.31699 0.00000 243.31845 353.81317
0.22899 0.31699 0.00000 253.04675 354.32297
0.31699 0.31699 0.00000 285.35211 355.56357
0.34349 0.31699 0.00000 295.19205 355.97272
0.43149 0.31699 0.00000 327.55499 357.30557
0.45799 0.31699 0.00000 337.41119 357.60272
0.54599 0.31699 0.00000 370.10611 358.87527
0.57248 0.31699 0.00000 379.96768 359.33746
0.66048 0.31699 0.00000 412.64026 360.60992
0.00000 0.34349 0.00000 169.83446 341.08810
0.08800 0.34349 0.00000 202.09921 342.31915
0.11450 0.34349 0.00000 211.70128 342.56937
0.20250 0.34349 0.00000 243.83469 343.91556
0.22899 0.34349 0.00000 253.58850 344.36484
0.31699 0.34349 0.00000 285.79907 345.56033
0.34349 0.34349 0.00000 295.49622 346.01663
0.43149 0.34349 0.00000 327.96927 347.31705
0.45799 0.34349 0.00000 337.64615 347.61392
0.54599 0.34349 0.00000 370.32138 348.80902
0.57248 0.34349 0.00000 380.02399 349.26727
0.66048 0.34349 0.00000 412.74124 350.52518
0.00000 0.43149 0.00000 172.81258 308.41019
0.08800 0.43149 0.00000 204.55392 309.54956
0.11450 0.43149 0.00000 214.14227 309.87253
0.20250 0.43149 0.00000 245.83662 311.18552
0.22899 0.43149 0.00000 255.45465 311.51395
0.31699 0.43149 0.00000 287.35959 312.70761
0.34349 0.43149 0.00000 296.99652 313.20551
0.43149 0.43149 0.00000 328.94751 314.38116
0.45799 0.43149 0.00000 338.63138 314.69702
0.54599 0.43149 0.00000 370.73431 315.82019
0.57248 0.43149 0.00000 380.54645 316.29916
0.66048 0.43149 0.00000 412.83847 317.42239
0.00000 0.45799 0.00000 173.64598 298.77045
0.08800 0.45799 0.00000 205.38306 299.91617
0.11450 0.45799 0.00000 214.76103 300.33722
0.20250 0.45799 0.00000 246.48727 301.45325
0.22899 0.45799 0.00000 256.00226 301.77966
0.31699 0.45799 0.00000 287.75165 303.11240
0.34349 0.45799 0.00000 297.44211 303.36621
0.43149 0.45799 0.00000 329.34900 304.57047
0.45799 0.45799 0.00000 338.99866 304.80292
0.57248 0.45799 0.00000 380.62259 306.44894
0.66048 0.45799 0.00000 412.92053 307.59848
0.00000 0.54599 0.00000 176.43997 267.14450
0.08800 0.54599 0.00000 207.67567 268.33777
0.11450 0.54599 0.00000 217.20535 268.49969
0.20250 0.54599 0.00000 248.46246 269.64438
0.22899 0.54599 0.00000 257.82538 270.12997
0.31699 0.54599 0.00000 289.32196 271.20978
0.34349 0.54599 0.00000 298.68771 271.52744
0.43149 0.54599 0.00000 330.38391 272.59695
0.54599 0.54599 0.00000 371.51804 274.10760
0.57248 0.54599 0.00000 381.26382 274.47147
0.66048 0.54599 0.00000 413.05972 275.43091
0.00000 0.57248 0.00000 177.29941 257.73819
0.08800 0.57248 0.00000 208.44595 258.81122
0.11450 0.57248 0.00000 217.72539 259.31100
0.20250 0.57248 0.00000 248.92274 260.35593
0.22899 0.57248 0.00000 258.39056 260.53683
0.31699 0.57248 0.00000 289.63666 261.69034
0.34349 0.57248 0.00000 299.21802 262.01431
0.43149 0.57248 0.00000 330.65637 263.21005
0.45799 0.57248 0.00000 340.29663 263.40692
0.54599 0.57248 0.00000 371.71539 264.56870
0.57248 0.57248 0.00000 381.36029 264.75189
0.66048 0.57248 0.00000 413.14511 265.99182
0.00000 0.66048 0.00000 179.81996 226.95441
0.08800 0.66048 0.00000 210.61249 228.05963
0.11450 0.66048 0.00000 219.94495 228.32506
0.20250 0.66048 0.00000 250.73134 229.42531
0.22899 0.66048 0.00000 260.13586 229.64532
0.31699 0.66048 0.00000 291.19522 230.58737
0.34349 0.66048 0.00000 300.51959 231.07893
0.43149 0.66048 0.00000 331.63443 232.06532
0.45799 0.66048 0.00000 341.16214 232.39958
0.54599 0.66048 0.00000 372.33667 233.36632
0.57248 0.66048 0.00000 381.74246 233.70900
0.66048 0.66048 0.00000 413.14221 234.57707

gimbalangles:
0.174532925199 0.0 -0.261799387799 

end: