T_CW:
0.9987847981 0.0414177653 -0.0267113431 -0.5247347803
0.0363887683 -0.9852702545 -0.1670879504 0.6411270154
-0.0332383013 0.1659129119 -0.9855800936 1.2038756861
0.0000000000 0.0000000000 0.0000000000 1.0000000000

T_CW_cov:

target_points_pix:
0.08800 0.11450 0.00000 148.31058 441.44223
0.11450 0.11450 0.00000 158.33418 442.08078
0.20250 0.11450 0.00000 191.72681 443.52014
0.22899 0.11450 0.00000 201.71381 444.10114
0.43149 0.11450 0.00000 279.09903 447.91946
0.45799 0.11450 0.00000 288.99368 448.56927
0.54599 0.11450 0.00000 323.00327 450.23349
0.57248 0.11450 0.00000 332.97260 450.75528
0.66048 0.11450 0.00000 367.22211 452.60062
0.00000 0.20250 0.00000 118.69952 404.73767
0.08800 0.20250 0.00000 151.79868 406.39056
0.11450 0.20250 0.00000 161.56874 406.53891
0.20250 0.20250 0.00000 194.71022 408.22751
0.22899 0.20250 0.00000 204.69333 408.57071
0.31699 0.20250 0.00000 237.80872 410.20639
0.34349 0.20250 0.00000 247.73337 410.55792
0.43149 0.20250 0.00000 280.79651 412.26627
0.45799 0.20250 0.00000 290.80603 412.72079
0.54599 0.20250 0.00000 324.05157 414.40631
0.57248 0.20250 0.00000 334.20132 414.86035
0.66048 0.20250 0.00000 367.80981 416.57178
0.00000 0.22899 0.00000 119.99893 394.46341
0.08800 0.22899 0.00000 152.86610 395.80264
0.11450 0.22899 0.00000 162.61604 396.38531
0.20250 0.22899 0.00000 195.61815 397.63754
0.31699 0.22899 0.00000 238.46254 399.53519
0.34349 0.22899 0.00000 248.39316 400.23950
0.43149 0.22899 0.00000 281.38708 401.63184
0.45799 0.22899 0.00000 291.34863 402.40485
0.54599 0.22899 0.00000 324.50525 403.89713
0.57248 0.22899 0.00000 334.52979 404.46225
0.66048 0.22899 0.00000 368.02631 406.01990
0.00000 0.31699 0.00000 123.60208 360.32925
0.08800 0.31699 0.00000 156.32520 361.85446
0.11450 0.31699 0.00000 165.97922 362.10211
0.20250 0.31699 0.00000 198.40251 363.49829
0.22899 0.31699 0.00000 208.10260 363.79059
0.31699 0.31699 0.00000 240.58813 365.50906
0.34349 0.31699 0.00000 250.41397 365.79788
0.43149 0.31699 0.00000 283.07675 367.53607
0.45799 0.31699 0.00000 292.86057 367.83228
0.54599 0.31699 0.00000 325.69135 369.42291
0.57248 0.31699 0.00000 335.58591 369.77899
0.66048 0.31699 0.00000 368.65790 371.35507
0.00000 0.34349 0.00000 124.66016 350.42084
0.08800 0.34349 0.00000 157.10808 351.62198
0.11450 0.34349 0.00000 166.84499 352.12903
0.20250 0.34349 0.00000 199.15646 353.32657
0.22899 0.34349 0.00000 208.78827 353.68924
0.31699 0.34349 0.00000 241.30846 355.33972
0.34349 0.34349 0.00000 251.04875 355.83292
0.43149 0.34349 0.00000 283.53046 357.39078
0.45799 0.34349 0.00000 293.29501 357.65695
0.54599 0.34349 0.00000 326.13666 359.21930
0.57248 0.34349 0.00000 335.91132 359.60400
0.66048 0.34349 0.00000 368.92181 361.04581
0.00000 0.43149 0.00000 128.29417 317.31641
0.08800 0.43149 0.00000 160.42467 318.57819
0.11450 0.43149 0.00000 169.98677 318.98386
0.20250 0.43149 0.00000 201.84818 320.42487
0.22899 0.43149 0.00000 211.38937 320.59091
0.31699 0.43149 0.00000 243.37816 321.97220
0.34349 0.43149 0.00000 252.95622 322.56702
0.43149 0.43149 0.00000 285.16934 323.81894
0.45799 0.43149 0.00000 294.87494 324.35486
0.54599 0.43149 0.00000 327.19122 325.69666
0.57248 0.43149 0.00000 337.23914 326.07788
0.66048 0.43149 0.00000 369.56631 327.41803
0.00000 0.45799 0.00000 129.48613 307.53186
0.08800 0.45799 0.00000 161.35493 308.73767
0.11450 0.45799 0.00000 170.82915 309.42877
0.20250 0.45799 0.00000 202.67055 310.43344
0.22899 0.45799 0.00000 212.22345 310.81882
0.31699 0.45799 0.00000 244.01427 312.22333
0.34349 0.45799 0.00000 253.55191 312.70139
0.43149 0.45799 0.00000 285.66321 314.01129
0.45799 0.45799 0.00000 295.34171 314.47620
0.54599 0.45799 0.00000 327.69739 315.67831
0.57248 0.45799 0.00000 337.34579 316.21756
0.66048 0.45799 0.00000 369.93365 317.50845
0.08800 0.54599 0.00000 164.54115 276.82535
0.11450 0.54599 0.00000 173.79355 277.33661
0.20250 0.54599 0.00000 205.31694 278.48752
0.22899 0.54599 0.00000 214.64922 278.81042
0.31699 0.54599 0.00000 246.10170 280.09149
0.34349 0.54599 0.00000 255.63628 280.46170
0.43149 0.54599 0.00000 287.19809 281.62415
0.45799 0.54599 0.00000 297.05850 282.03073
0.54599 0.54599 0.00000 328.66763 283.34323
0.57248 0.54599 0.00000 338.54645 283.66422
0.66048 0.54599 0.00000 370.45364 284.98077
0.00000 0.57248 0.00000 133.97795 266.36536
0.08800 0.57248 0.00000 165.34250 267.41843
0.11450 0.57248 0.00000 174.81949 267.86197
0.20250 0.57248 0.00000 205.95317 268.97293
0.22899 0.57248 0.00000 215.39816 269.44867
0.31699 0.57248 0.00000 246.71730 270.46063
0.34349 0.57248 0.00000 256.19238 270.82504
0.43149 0.57248 0.00000 287.87915 272.15341
0.45799 0.57248 0.00000 297.32654 272.45111
0.54599 0.57248 0.00000 329.28943 273.60284
0.57248 0.57248 0.00000 338.59503 274.07196
0.66048 0.57248 0.00000 370.80783 275.37231
0.00000 0.66048 0.00000 137.23946 235.21944
0.08800 0.66048 0.00000 168.30988 236.53970
0.11450 0.66048 0.00000 177.71780 236.61192
0.20250 0.66048 0.00000 208.52919 237.96124
0.22899 0.66048 0.00000 217.73102 238.35107
0.31699 0.66048 0.00000 248.77367 239.31279
0.34349 0.66048 0.00000 258.31506 239.55898
0.43149 0.66048 0.00000 289.33310 240.76993
0.45799 0.66048 0.00000 299.06857 241.13908
0.54599 0.66048 0.00000 330.28409 242.26970
0.57248 0.66048 0.00000 339.86819 242.61809
0.66048 0.66048 0.00000 371.32367 243.67871

gimbalangles:
0.174532925199 0.0 -0.0872664625997 

end: