T_CW:
0.9879380729 0.0529455703 -0.1455167713 -0.2172412123
0.0286092311 -0.9859613773 -0.1645043292 0.5272566145
-0.1521836917 0.1583569671 -0.9755835151 1.2961729808
0.0000000000 0.0000000000 0.0000000000 1.0000000000

T_CW_cov:

target_points_pix:
0.00000 0.11450 0.00000 467.42035 699.37854
0.08800 0.11450 0.00000 539.51019 705.24329
0.00000 0.20250 0.00000 473.04266 623.53961
0.08800 0.20250 0.00000 544.48718 628.50580
0.11450 0.20250 0.00000 566.25146 630.09747
0.20250 0.20250 0.00000 639.53137 635.21387
0.00000 0.22899 0.00000 474.50528 601.20508
0.08800 0.22899 0.00000 545.77063 605.77246
0.11450 0.22899 0.00000 567.53137 607.29352
0.20250 0.22899 0.00000 640.70465 611.96747
0.22899 0.22899 0.00000 663.15582 613.45203
0.31699 0.22899 0.00000 738.36475 618.48535
0.34349 0.22899 0.00000 761.39240 619.99347
0.43149 0.22899 0.00000 838.55438 625.27307
0.45799 0.22899 0.00000 862.16174 626.57294
0.54599 0.22899 0.00000 941.53198 631.70166
0.57248 0.22899 0.00000 965.76733 633.46826
0.00000 0.31699 0.00000 480.12973 527.42188
0.08800 0.31699 0.00000 550.66254 531.25677
0.11450 0.31699 0.00000 572.33472 532.41241
0.20250 0.31699 0.00000 644.62482 536.43304
0.22899 0.31699 0.00000 666.74164 537.67719
0.31699 0.31699 0.00000 741.33527 541.63770
0.34349 0.31699 0.00000 763.86475 542.98962
0.43149 0.31699 0.00000 840.50403 547.37616
0.45799 0.31699 0.00000 863.65857 548.50476
0.54599 0.31699 0.00000 942.40405 552.66412
0.57248 0.31699 0.00000 966.46692 554.10748
0.66048 0.31699 0.00000 1047.42346 558.44781
0.00000 0.34349 0.00000 481.62808 505.43033
0.08800 0.34349 0.00000 552.29553 509.00037
0.11450 0.34349 0.00000 573.55994 510.22095
0.20250 0.34349 0.00000 645.78186 513.79700
0.22899 0.34349 0.00000 667.75507 515.31903
0.31699 0.34349 0.00000 742.25348 518.98309
0.34349 0.34349 0.00000 764.63641 520.21075
0.43149 0.34349 0.00000 840.90967 524.05469
0.45799 0.34349 0.00000 864.39301 525.36603
0.54599 0.34349 0.00000 942.62048 529.37122
0.57248 0.34349 0.00000 966.57379 530.52588
0.66048 0.34349 0.00000 1047.42834 534.60852
0.00000 0.43149 0.00000 487.14493 433.49844
0.08800 0.43149 0.00000 556.89374 436.42172
0.11450 0.43149 0.00000 578.30780 437.33731
0.20250 0.43149 0.00000 649.65668 440.29456
0.22899 0.43149 0.00000 671.49994 441.16406
0.31699 0.43149 0.00000 744.87183 444.28159
0.34349 0.43149 0.00000 767.42804 445.19571
0.43149 0.43149 0.00000 842.76044 448.38800
0.45799 0.43149 0.00000 865.82745 449.30402
0.54599 0.43149 0.00000 943.57629 452.43509
0.57248 0.43149 0.00000 967.37262 453.43311
0.66048 0.43149 0.00000 1047.09937 456.46918
0.00000 0.45799 0.00000 488.70270 412.18250
0.08800 0.45799 0.00000 558.36731 414.71628
0.11450 0.45799 0.00000 579.55170 415.62534
0.20250 0.45799 0.00000 650.79279 418.44556
0.22899 0.45799 0.00000 672.59601 419.29227
0.31699 0.45799 0.00000 745.75195 422.02109
0.34349 0.45799 0.00000 768.28888 422.76724
0.43149 0.45799 0.00000 843.43610 425.70148
0.45799 0.45799 0.00000 866.40619 426.59833
0.54599 0.45799 0.00000 943.71808 429.51361
0.57248 0.45799 0.00000 967.38458 430.48785
0.66048 0.45799 0.00000 1046.92603 433.47205
0.00000 0.54599 0.00000 494.10385 342.19260
0.08800 0.54599 0.00000 563.07550 344.25565
0.11450 0.54599 0.00000 584.01953 344.63623
0.20250 0.54599 0.00000 654.63959 346.69516
0.22899 0.54599 0.00000 676.38104 347.44287
0.31699 0.54599 0.00000 748.62457 349.47296
0.34349 0.54599 0.00000 770.67352 350.09616
0.43149 0.54599 0.00000 845.27252 352.13547
0.45799 0.54599 0.00000 867.76764 352.60422
0.54599 0.54599 0.00000 944.50983 354.72937
0.57248 0.54599 0.00000 967.88702 355.42627
0.66048 0.54599 0.00000 1046.60120 357.51315
0.00000 0.57248 0.00000 495.54953 321.40634
0.08800 0.57248 0.00000 564.52435 323.34631
0.11450 0.57248 0.00000 585.47137 323.60739
0.20250 0.57248 0.00000 655.73505 325.49908
0.22899 0.57248 0.00000 677.33405 326.10172
0.31699 0.57248 0.00000 749.46564 327.78574
0.34349 0.57248 0.00000 771.48895 328.46671
0.43149 0.57248 0.00000 845.87836 330.33420
0.45799 0.57248 0.00000 868.53119 330.75269
0.54599 0.57248 0.00000 944.62158 332.61203
0.57248 0.57248 0.00000 968.01697 333.35489
0.66048 0.57248 0.00000 1046.54114 335.20932
0.08800 0.66048 0.00000 568.84155 254.28172
0.11450 0.66048 0.00000 589.55902 254.49409
0.20250 0.66048 0.00000 659.54138 255.59520
0.22899 0.66048 0.00000 680.65106 256.01297
0.31699 0.66048 0.00000 752.43085 257.13254
0.34349 0.66048 0.00000 774.29871 257.41922
0.43149 0.66048 0.00000 847.57800 258.48193
0.45799 0.66048 0.00000 869.99072 258.68729
0.54599 0.66048 0.00000 945.65710 259.69672
0.57248 0.66048 0.00000 968.62360 260.20801
0.66048 0.66048 0.00000 1046.30042 261.32059

gimbalangles:
0.174532925199 0.0 -0.0872664625997 

end: