T_CW:
0.9987804310 0.0413755303 -0.0269391176 -0.5246861511
0.0363186783 -0.9853197592 -0.1668110482 0.6411745537
-0.0334455404 0.1656292175 -0.9856207983 1.2039284877
0.0000000000 0.0000000000 0.0000000000 1.0000000000

T_CW_cov:

target_points_pix:
0.00000 0.11450 0.00000 114.91405 439.98410
0.08800 0.11450 0.00000 148.34471 441.47021
0.20250 0.11450 0.00000 191.74593 443.60361
0.31699 0.11450 0.00000 235.33269 445.65912
0.34349 0.11450 0.00000 245.40871 446.35275
0.43149 0.11450 0.00000 278.98886 448.10281
0.45799 0.11450 0.00000 288.95706 448.51651
0.54599 0.11450 0.00000 323.20135 450.23535
0.57248 0.11450 0.00000 333.11819 450.74896
0.66048 0.11450 0.00000 367.30231 452.60599
0.00000 0.20250 0.00000 118.84077 404.81235
0.08800 0.20250 0.00000 151.84309 406.23813
0.11450 0.20250 0.00000 161.68152 406.54822
0.20250 0.20250 0.00000 194.66817 408.24460
0.22899 0.20250 0.00000 204.77277 408.61102
0.31699 0.20250 0.00000 237.76279 410.29745
0.34349 0.20250 0.00000 247.65999 410.56506
0.43149 0.20250 0.00000 280.89261 412.36874
0.45799 0.20250 0.00000 290.84735 412.55627
0.54599 0.20250 0.00000 324.19324 414.57074
0.57248 0.20250 0.00000 334.24234 414.90475
0.66048 0.20250 0.00000 367.74359 416.47723
0.00000 0.22899 0.00000 119.95142 394.40497
0.08800 0.22899 0.00000 152.78015 395.74872
0.11450 0.22899 0.00000 162.67441 396.43594
0.22899 0.22899 0.00000 205.54689 398.23682
0.31699 0.22899 0.00000 238.45720 399.67905
0.34349 0.22899 0.00000 248.40173 400.23355
0.43149 0.22899 0.00000 281.37231 401.71552
0.45799 0.22899 0.00000 291.30905 402.11374
0.54599 0.22899 0.00000 324.53543 403.88159
0.57248 0.22899 0.00000 334.49878 404.32968
0.66048 0.22899 0.00000 368.03119 406.19165
0.00000 0.31699 0.00000 123.65768 360.32620
0.08800 0.31699 0.00000 156.40552 361.71085
0.11450 0.31699 0.00000 165.90834 361.96082
0.20250 0.31699 0.00000 198.44104 363.54474
0.22899 0.31699 0.00000 208.20915 363.92734
0.31699 0.31699 0.00000 240.75038 365.47388
0.34349 0.31699 0.00000 250.35237 365.97534
0.43149 0.31699 0.00000 283.08188 367.46063
0.45799 0.31699 0.00000 292.86469 367.72833
0.54599 0.31699 0.00000 325.67450 369.35486
0.57248 0.31699 0.00000 335.56952 369.85187
0.66048 0.31699 0.00000 368.72119 371.37845
0.11450 0.34349 0.00000 166.86902 352.14578
0.20250 0.34349 0.00000 199.27687 353.34698
0.22899 0.34349 0.00000 208.89192 353.91653
0.31699 0.34349 0.00000 241.33110 355.31503
0.34349 0.34349 0.00000 250.84180 355.67923
0.43149 0.34349 0.00000 283.48996 357.32761
0.45799 0.34349 0.00000 293.30862 357.63669
0.54599 0.34349 0.00000 326.20395 359.19724
0.57248 0.34349 0.00000 335.97409 359.69519
0.66048 0.34349 0.00000 368.91876 361.20081
0.00000 0.43149 0.00000 128.29224 317.25821
0.08800 0.43149 0.00000 160.47020 318.67520
0.11450 0.43149 0.00000 169.91371 318.86563
0.20250 0.43149 0.00000 201.87920 320.50305
0.22899 0.43149 0.00000 211.43074 320.62238
0.31699 0.43149 0.00000 243.45511 322.10385
0.34349 0.43149 0.00000 252.97304 322.57681
0.43149 0.43149 0.00000 285.15396 323.83688
0.45799 0.43149 0.00000 294.90320 324.40549
0.54599 0.43149 0.00000 327.24844 325.65460
0.57248 0.43149 0.00000 337.24838 326.09515
0.66048 0.43149 0.00000 369.58176 327.41959
0.00000 0.45799 0.00000 129.40039 307.52707
0.08800 0.45799 0.00000 161.34358 308.69534
0.11450 0.45799 0.00000 170.84865 309.33685
0.20250 0.45799 0.00000 202.64287 310.44232
0.22899 0.45799 0.00000 212.16852 310.86108
0.31699 0.45799 0.00000 243.93494 312.40320
0.34349 0.45799 0.00000 253.58313 312.63892
0.43149 0.45799 0.00000 285.70581 313.93051
0.45799 0.45799 0.00000 295.28412 314.48898
0.54599 0.45799 0.00000 327.70642 315.67798
0.57248 0.45799 0.00000 337.28516 316.24609
0.66048 0.45799 0.00000 369.89630 317.50784
0.00000 0.54599 0.00000 132.83734 275.48123
0.08800 0.54599 0.00000 164.49545 276.92853
0.11450 0.54599 0.00000 173.84604 277.30167
0.20250 0.54599 0.00000 205.34909 278.54739
0.22899 0.54599 0.00000 214.70551 278.83987
0.31699 0.54599 0.00000 246.04703 280.07993
0.34349 0.54599 0.00000 255.67445 280.40167
0.43149 0.54599 0.00000 287.20609 281.65012
0.45799 0.54599 0.00000 297.00330 282.17154
0.54599 0.54599 0.00000 328.67014 283.37772
0.57248 0.54599 0.00000 338.61108 283.64859
0.66048 0.54599 0.00000 370.48486 284.99188
0.00000 0.57248 0.00000 133.81352 266.34998
0.08800 0.57248 0.00000 165.39711 267.43253
0.11450 0.57248 0.00000 174.71262 267.80331
0.20250 0.57248 0.00000 205.98364 268.98428
0.22899 0.57248 0.00000 215.39536 269.49078
0.31699 0.57248 0.00000 246.68761 270.53241
0.34349 0.57248 0.00000 256.13147 270.88770
0.43149 0.57248 0.00000 287.82819 272.08157
0.45799 0.57248 0.00000 297.31482 272.50397
0.54599 0.57248 0.00000 329.30405 273.61343
0.57248 0.57248 0.00000 338.61954 274.10040
0.66048 0.57248 0.00000 370.81049 275.35391
0.00000 0.66048 0.00000 137.28520 235.10394
0.08800 0.66048 0.00000 168.41515 236.46623
0.11450 0.66048 0.00000 177.46994 236.75453
0.20250 0.66048 0.00000 208.53047 237.81744
0.22899 0.66048 0.00000 217.82294 238.29578
0.31699 0.66048 0.00000 248.76727 239.29929
0.34349 0.66048 0.00000 258.31537 239.57137
0.43149 0.66048 0.00000 289.33688 240.75999
0.45799 0.66048 0.00000 298.97549 241.21896
0.54599 0.66048 0.00000 330.23071 242.34155
0.57248 0.66048 0.00000 339.88626 242.55203
0.66048 0.66048 0.00000 371.38345 243.68695

gimbalangles:
0.174532925199 0.0 0.0872664625997 

end: