T_CW:
0.9991073669 0.0370373635 -0.0203150942 -0.4116903461
0.0332657130 -0.9862280796 -0.1620110101 0.6367246886
-0.0260357771 0.1611905976 -0.9865798141 1.2040258452
0.0000000000 0.0000000000 0.0000000000 1.0000000000

T_CW_cov:

target_points_pix:
0.00000 0.11450 0.00000 162.16484 429.55438
0.08800 0.11450 0.00000 195.38887 431.04626
0.11450 0.11450 0.00000 205.16466 431.41769
0.20250 0.11450 0.00000 238.36217 432.91174
0.22899 0.11450 0.00000 248.38901 433.40863
0.31699 0.11450 0.00000 281.62411 434.73196
0.34349 0.11450 0.00000 291.61560 435.21567
0.43149 0.11450 0.00000 325.13760 436.64328
0.54599 0.11450 0.00000 368.75296 438.57327
0.57248 0.11450 0.00000 378.70096 439.11346
0.66048 0.11450 0.00000 412.56708 440.64612
0.00000 0.20250 0.00000 165.29225 394.88272
0.08800 0.20250 0.00000 197.83937 396.32602
0.11450 0.20250 0.00000 207.80843 396.54117
0.20250 0.20250 0.00000 240.51324 397.89807
0.22899 0.20250 0.00000 250.46661 398.33670
0.31699 0.20250 0.00000 283.32526 399.67261
0.34349 0.20250 0.00000 293.31549 400.22980
0.43149 0.20250 0.00000 326.23947 401.54501
0.45799 0.20250 0.00000 336.28000 401.97586
0.54599 0.20250 0.00000 369.31015 403.39749
0.57248 0.20250 0.00000 379.31326 403.77374
0.66048 0.20250 0.00000 412.49457 405.23788
0.00000 0.22899 0.00000 166.18826 384.66449
0.08800 0.22899 0.00000 198.70026 385.95471
0.11450 0.22899 0.00000 208.49455 386.38623
0.22899 0.22899 0.00000 251.06529 388.15192
0.31699 0.22899 0.00000 283.74451 389.40945
0.34349 0.22899 0.00000 293.59274 389.78482
0.43149 0.22899 0.00000 326.54181 391.32471
0.45799 0.22899 0.00000 336.37891 391.61844
0.54599 0.22899 0.00000 369.46027 393.02008
0.57248 0.22899 0.00000 379.33688 393.37234
0.66048 0.22899 0.00000 412.60101 394.82132
0.00000 0.31699 0.00000 169.19025 351.01151
0.08800 0.31699 0.00000 201.35110 352.31415
0.11450 0.31699 0.00000 210.92694 352.57956
0.20250 0.31699 0.00000 243.32961 353.80157
0.22899 0.31699 0.00000 253.03795 354.27740
0.31699 0.31699 0.00000 285.45679 355.62134
0.34349 0.31699 0.00000 295.17889 355.96616
0.43149 0.31699 0.00000 327.61603 357.32306
0.45799 0.31699 0.00000 337.45840 357.65305
0.54599 0.31699 0.00000 370.12027 358.89462
0.57248 0.31699 0.00000 379.91095 359.38425
0.66048 0.31699 0.00000 412.63596 360.60150
0.00000 0.34349 0.00000 169.90552 341.10129
0.08800 0.34349 0.00000 202.18250 342.26920
0.11450 0.34349 0.00000 211.61977 342.62671
0.20250 0.34349 0.00000 243.89526 343.94641
0.22899 0.34349 0.00000 253.59258 344.35800
0.31699 0.34349 0.00000 285.85403 345.52454
0.34349 0.34349 0.00000 295.55301 346.06360
0.43149 0.34349 0.00000 327.97156 347.32098
0.45799 0.34349 0.00000 337.66547 347.59988
0.54599 0.34349 0.00000 370.35776 348.82877
0.57248 0.34349 0.00000 380.05859 349.29715
0.66048 0.34349 0.00000 412.67685 350.49918
0.00000 0.43149 0.00000 172.80051 308.40067
0.08800 0.43149 0.00000 204.53194 309.52145
0.11450 0.43149 0.00000 214.15750 309.89145
0.20250 0.43149 0.00000 245.86569 311.18286
0.22899 0.43149 0.00000 255.47148 311.51852
0.31699 0.43149 0.00000 287.37524 312.69302
0.34349 0.43149 0.00000 297.05139 313.18658
0.43149 0.43149 0.00000 328.99194 314.38690
0.45799 0.43149 0.00000 338.66705 314.70483
0.54599 0.43149 0.00000 370.71906 315.85275
0.57248 0.43149 0.00000 380.57376 316.34283
0.66048 0.43149 0.00000 412.80939 317.39200
0.00000 0.45799 0.00000 173.66206 298.80597
0.08800 0.45799 0.00000 205.39320 299.91235
0.11450 0.45799 0.00000 214.71510 300.36960
0.20250 0.45799 0.00000 246.48622 301.45819
0.22899 0.45799 0.00000 256.02896 301.76505
0.31699 0.45799 0.00000 287.77194 303.14075
0.34349 0.45799 0.00000 297.42130 303.41202
0.43149 0.45799 0.00000 329.39746 304.56195
0.45799 0.45799 0.00000 339.01404 304.83063
0.54599 0.45799 0.00000 371.15558 306.20001
0.57248 0.45799 0.00000 380.67892 306.44504
0.66048 0.45799 0.00000 412.86703 307.59940
0.00000 0.54599 0.00000 176.48656 267.17282
0.08800 0.54599 0.00000 207.67520 268.31451
0.11450 0.54599 0.00000 217.12143 268.51904
0.20250 0.54599 0.00000 248.43091 269.64075
0.22899 0.54599 0.00000 257.86005 270.13583
0.31699 0.54599 0.00000 289.29684 271.20569
0.34349 0.54599 0.00000 298.70108 271.55795
0.43149 0.54599 0.00000 330.38428 272.55316
0.45799 0.54599 0.00000 339.89044 273.01285
0.54599 0.54599 0.00000 371.55258 274.11362
0.57248 0.54599 0.00000 381.31812 274.44357
0.66048 0.54599 0.00000 413.05389 275.39526
0.00000 0.57248 0.00000 177.32486 257.69073
0.08800 0.57248 0.00000 208.43712 258.83234
0.11450 0.57248 0.00000 217.73756 259.28363
0.20250 0.57248 0.00000 248.90520 260.35861
0.22899 0.57248 0.00000 258.41257 260.56021
0.31699 0.57248 0.00000 289.66980 261.71286
0.34349 0.57248 0.00000 299.25537 262.02631
0.43149 0.57248 0.00000 330.62860 263.27621
0.45799 0.57248 0.00000 340.32550 263.43024
0.54599 0.57248 0.00000 371.70834 264.56024
0.57248 0.57248 0.00000 381.35480 264.77185
0.66048 0.57248 0.00000 413.09982 266.03882
0.00000 0.66048 0.00000 179.87309 226.91257
0.08800 0.66048 0.00000 210.66403 228.02916
0.11450 0.66048 0.00000 219.99872 228.35875
0.20250 0.66048 0.00000 250.73106 229.41888
0.22899 0.66048 0.00000 260.20395 229.61624
0.31699 0.66048 0.00000 291.18393 230.59409
0.34349 0.66048 0.00000 300.52145 231.07164
0.43149 0.66048 0.00000 331.63669 232.02631
0.45799 0.66048 0.00000 341.16443 232.43655
0.54599 0.66048 0.00000 372.35403 233.39412
0.57248 0.66048 0.00000 381.72177 233.70749
0.66048 0.66048 0.00000 413.20715 234.55402

gimbalangles:
0.174532925199 0.0 0.0872664625997 

end: