T_CW:
0.9987924451 0.0413934400 -0.0264619504 -0.5247077979
0.0364446398 -0.9854624672 -0.1659382838 0.6412255462
-0.0329460154 0.1647735080 -0.9857810361 1.2042240614
0.0000000000 0.0000000000 0.0000000000 1.0000000000

T_CW_cov:

target_points_pix:
0.08800 0.11450 0.00000 148.33322 441.47327
0.11450 0.11450 0.00000 158.35808 442.16931
0.20250 0.11450 0.00000 191.86940 443.48087
0.22899 0.11450 0.00000 201.84177 444.15549
0.31699 0.11450 0.00000 235.34169 445.62119
0.34349 0.11450 0.00000 245.54204 446.30249
0.43149 0.11450 0.00000 279.20486 447.95490
0.45799 0.11450 0.00000 289.19775 448.52896
0.54599 0.11450 0.00000 322.90619 450.16733
0.57248 0.11450 0.00000 332.99451 450.72775
0.66048 0.11450 0.00000 367.23215 452.56479
0.00000 0.20250 0.00000 118.80262 404.78326
0.08800 0.20250 0.00000 151.80855 406.38266
0.11450 0.20250 0.00000 161.75760 406.49518
0.20250 0.20250 0.00000 194.72853 408.18060
0.22899 0.20250 0.00000 204.64867 408.54172
0.31699 0.20250 0.00000 237.72408 410.11115
0.34349 0.20250 0.00000 247.79965 410.65750
0.43149 0.20250 0.00000 280.79944 412.29373
0.45799 0.20250 0.00000 290.83597 412.61884
0.54599 0.20250 0.00000 324.21243 414.50137
0.57248 0.20250 0.00000 334.27991 414.84674
0.66048 0.20250 0.00000 367.71826 416.49500
0.00000 0.22899 0.00000 119.96407 394.44980
0.08800 0.22899 0.00000 152.87401 395.84622
0.11450 0.22899 0.00000 162.70279 396.46375
0.20250 0.22899 0.00000 195.66914 397.63126
0.22899 0.22899 0.00000 205.47313 398.20404
0.31699 0.22899 0.00000 238.51367 399.61203
0.34349 0.22899 0.00000 248.42224 400.31561
0.43149 0.22899 0.00000 281.41183 401.77026
0.45799 0.22899 0.00000 291.36737 402.28903
0.54599 0.22899 0.00000 324.54797 403.92871
0.57248 0.22899 0.00000 334.46237 404.27368
0.66048 0.22899 0.00000 368.04001 406.15475
0.00000 0.31699 0.00000 123.62934 360.34277
0.08800 0.31699 0.00000 156.34448 361.76743
0.11450 0.31699 0.00000 165.97475 362.12463
0.20250 0.31699 0.00000 198.43768 363.52698
0.22899 0.31699 0.00000 208.12668 363.78497
0.31699 0.31699 0.00000 240.68449 365.47168
0.34349 0.31699 0.00000 250.36659 365.92471
0.43149 0.31699 0.00000 282.96616 367.49933
0.45799 0.31699 0.00000 292.75336 367.87903
0.54599 0.31699 0.00000 325.68616 369.37152
0.57248 0.31699 0.00000 335.62250 369.76166
0.66048 0.31699 0.00000 368.71466 371.35315
0.00000 0.34349 0.00000 124.70310 350.37561
0.08800 0.34349 0.00000 157.09576 351.51123
0.11450 0.34349 0.00000 166.77835 352.09027
0.20250 0.34349 0.00000 199.26131 353.41650
0.22899 0.34349 0.00000 208.89027 353.75238
0.31699 0.34349 0.00000 241.29417 355.38641
0.34349 0.34349 0.00000 250.97458 355.82776
0.43149 0.34349 0.00000 283.50058 357.37622
0.45799 0.34349 0.00000 293.32886 357.74289
0.54599 0.34349 0.00000 326.17477 359.25272
0.57248 0.34349 0.00000 335.91656 359.62958
0.66048 0.34349 0.00000 368.89114 361.10779
0.00000 0.43149 0.00000 128.40587 317.28857
0.08800 0.43149 0.00000 160.44899 318.57812
0.11450 0.43149 0.00000 169.95406 318.86777
0.20250 0.43149 0.00000 201.82430 320.38647
0.22899 0.43149 0.00000 211.44751 320.57849
0.31699 0.43149 0.00000 243.38918 322.15155
0.34349 0.43149 0.00000 252.97951 322.48395
0.43149 0.43149 0.00000 285.14609 323.86487
0.45799 0.43149 0.00000 294.89664 324.31134
0.54599 0.43149 0.00000 327.21271 325.66629
0.57248 0.43149 0.00000 337.25293 326.09555
0.66048 0.43149 0.00000 369.58118 327.44891
0.00000 0.45799 0.00000 129.44130 307.56573
0.08800 0.45799 0.00000 161.25288 308.79916
0.11450 0.45799 0.00000 170.84607 309.37408
0.20250 0.45799 0.00000 202.64903 310.38568
0.22899 0.45799 0.00000 212.16969 310.79062
0.31699 0.45799 0.00000 243.98415 312.35977
0.34349 0.45799 0.00000 253.54811 312.65149
0.43149 0.45799 0.00000 285.73859 314.02768
0.45799 0.45799 0.00000 295.29645 314.46619
0.54599 0.45799 0.00000 327.67856 315.69666
0.57248 0.45799 0.00000 337.32495 316.28619
0.66048 0.45799 0.00000 369.94580 317.52298
0.00000 0.54599 0.00000 132.88983 275.49286
0.08800 0.54599 0.00000 164.43445 276.87805
0.11450 0.54599 0.00000 173.77071 277.34042
0.20250 0.54599 0.00000 205.29001 278.51514
0.22899 0.54599 0.00000 214.57411 278.80334
0.31699 0.54599 0.00000 246.08102 280.14291
0.34349 0.54599 0.00000 255.67982 280.44681
0.43149 0.54599 0.00000 287.22787 281.62454
0.45799 0.54599 0.00000 297.06924 282.05521
0.54599 0.54599 0.00000 328.66162 283.35254
0.57248 0.54599 0.00000 338.56647 283.68369
0.66048 0.54599 0.00000 370.45102 285.02783
0.00000 0.57248 0.00000 133.80418 266.26337
0.08800 0.57248 0.00000 165.32637 267.45071
0.11450 0.57248 0.00000 174.62965 267.86069
0.20250 0.57248 0.00000 206.07684 269.07333
0.22899 0.57248 0.00000 215.43106 269.51761
0.31699 0.57248 0.00000 246.68294 270.51266
0.34349 0.57248 0.00000 256.17313 270.92603
0.43149 0.57248 0.00000 287.84528 272.07047
0.45799 0.57248 0.00000 297.29373 272.49786
0.54599 0.57248 0.00000 329.32468 273.68610
0.57248 0.57248 0.00000 338.61679 274.02280
0.66048 0.57248 0.00000 370.79019 275.37289
0.00000 0.66048 0.00000 137.24756 235.10455
0.11450 0.66048 0.00000 177.57083 236.62331
0.20250 0.66048 0.00000 208.50706 237.86142
0.22899 0.66048 0.00000 217.80197 238.29616
0.31699 0.66048 0.00000 248.78087 239.33318
0.34349 0.66048 0.00000 258.40451 239.60274
0.43149 0.66048 0.00000 289.32156 240.72557
0.45799 0.66048 0.00000 298.98029 241.20917
0.54599 0.66048 0.00000 330.26154 242.33923
0.57248 0.66048 0.00000 339.84979 242.53223
0.66048 0.66048 0.00000 371.34485 243.67409

gimbalangles:
0.174532925199 0.0 0.261799387799 

end: