T_CW:
0.8727972925 -0.1288601920 -0.4707652675 0.3280569890
-0.1796792179 -0.9816128543 -0.0644327782 0.4752062325
-0.4538064178 0.1408234895 -0.8799025401 1.2960941476
0.0000000000 0.0000000000 0.0000000000 1.0000000000

T_CW_cov:

target_points_pix:
0.00000 0.11450 0.00000 909.52557 657.16577
0.08800 0.11450 0.00000 984.84503 652.81006
0.11450 0.11450 0.00000 1008.42499 651.56366
0.20250 0.11450 0.00000 1090.22595 647.07312
0.22899 0.11450 0.00000 1115.98792 645.62573
0.31699 0.11450 0.00000 1205.14209 640.61267
0.00000 0.20250 0.00000 897.57007 582.25360
0.08800 0.20250 0.00000 971.66595 575.56525
0.11450 0.20250 0.00000 994.99927 573.57800
0.20250 0.20250 0.00000 1075.60132 566.53430
0.22899 0.20250 0.00000 1100.69629 564.40448
0.31699 0.20250 0.00000 1188.50769 556.64362
0.00000 0.22899 0.00000 894.00732 559.82318
0.08800 0.22899 0.00000 967.76727 552.64252
0.11450 0.22899 0.00000 990.87238 550.43439
0.20250 0.22899 0.00000 1071.03162 542.58228
0.22899 0.22899 0.00000 1096.32874 540.37878
0.31699 0.22899 0.00000 1183.58215 531.71246
0.00000 0.31699 0.00000 882.15588 486.54709
0.08800 0.31699 0.00000 955.00885 477.40579
0.11450 0.31699 0.00000 977.80090 474.46442
0.20250 0.31699 0.00000 1056.74414 464.31992
0.22899 0.31699 0.00000 1081.54968 461.09476
0.31699 0.31699 0.00000 1167.48376 450.05402
0.00000 0.34349 0.00000 878.53619 464.85913
0.08800 0.34349 0.00000 951.36566 454.93631
0.11450 0.34349 0.00000 974.03253 451.73450
0.20250 0.34349 0.00000 1052.46191 440.92688
0.22899 0.34349 0.00000 1077.13806 437.50247
0.31699 0.34349 0.00000 1162.53247 425.66342
0.00000 0.43149 0.00000 867.29584 393.47183
0.08800 0.43149 0.00000 938.64160 381.35776
0.11450 0.43149 0.00000 961.18610 377.50208
0.20250 0.43149 0.00000 1038.56909 364.43887
0.22899 0.43149 0.00000 1062.81799 360.37167
0.31699 0.43149 0.00000 1146.80566 346.14780
0.00000 0.45799 0.00000 863.75226 372.10281
0.08800 0.45799 0.00000 935.15845 359.46924
0.11450 0.45799 0.00000 957.46576 355.48782
0.20250 0.45799 0.00000 1034.51501 341.63605
0.22899 0.45799 0.00000 1058.51855 337.43661
0.31699 0.45799 0.00000 1142.39124 322.43192
0.34349 0.45799 0.00000 1168.51416 317.74603
0.43149 0.45799 0.00000 1259.97888 301.40436
0.00000 0.54599 0.00000 852.68616 302.36478
0.08800 0.54599 0.00000 922.91907 287.63101
0.11450 0.54599 0.00000 945.11511 283.10635
0.20250 0.54599 0.00000 1021.04999 267.20490
0.22899 0.54599 0.00000 1044.69116 262.21402
0.31699 0.54599 0.00000 1127.17041 244.82010
0.34349 0.54599 0.00000 1152.88159 239.47113
0.43149 0.54599 0.00000 1242.64294 220.53979
0.00000 0.57248 0.00000 849.34180 281.56302
0.08800 0.57248 0.00000 919.50397 266.35611
0.11450 0.57248 0.00000 941.42737 261.53369
0.20250 0.57248 0.00000 1016.88678 245.01122
0.22899 0.57248 0.00000 1040.51001 239.82872
0.31699 0.57248 0.00000 1122.63977 221.78365
0.34349 0.57248 0.00000 1148.30164 216.29984
0.43149 0.57248 0.00000 1237.62024 196.62273
0.00000 0.66048 0.00000 838.34833 213.22897
0.08800 0.66048 0.00000 907.61145 196.14034
0.11450 0.66048 0.00000 929.12256 190.70369
0.20250 0.66048 0.00000 1003.60895 172.23317
0.22899 0.66048 0.00000 1027.11121 166.37325
0.31699 0.66048 0.00000 1107.69092 146.26239
0.34349 0.66048 0.00000 1133.11182 139.79604

gimbalangles:
0.174532925199 0.174532925199 -0.436332312999 

end: