T_CW:
0.9988023315 0.0413446797 -0.0261633331 -0.5246906504
0.0364162332 -0.9853129456 -0.1668300247 0.6411745829
-0.0326766047 0.1656774476 -0.9856384849 1.2038743299
0.0000000000 0.0000000000 0.0000000000 1.0000000000

T_CW_cov:

target_points_pix:
0.00000 0.11450 0.00000 115.02287 439.97571
0.08800 0.11450 0.00000 148.34792 441.57047
0.11450 0.11450 0.00000 158.05507 441.94241
0.20250 0.11450 0.00000 191.79573 443.67102
0.22899 0.11450 0.00000 201.80217 444.08185
0.31699 0.11450 0.00000 235.36298 445.59998
0.34349 0.11450 0.00000 245.53447 446.27789
0.43149 0.11450 0.00000 279.22711 447.84250
0.45799 0.11450 0.00000 289.13657 448.55380
0.54599 0.11450 0.00000 322.93906 450.11975
0.57248 0.11450 0.00000 333.00342 450.76285
0.66048 0.11450 0.00000 367.25772 452.62717
0.08800 0.20250 0.00000 151.78580 406.34161
0.11450 0.20250 0.00000 161.70073 406.55423
0.20250 0.20250 0.00000 194.80093 408.31085
0.31699 0.20250 0.00000 237.71219 410.04102
0.34349 0.20250 0.00000 247.62349 410.61938
0.43149 0.20250 0.00000 280.90179 412.36322
0.45799 0.20250 0.00000 290.98300 412.59970
0.54599 0.20250 0.00000 324.25015 414.50641
0.57248 0.20250 0.00000 334.28180 414.87021
0.66048 0.20250 0.00000 367.66824 416.49310
0.00000 0.22899 0.00000 119.90581 394.52261
0.08800 0.22899 0.00000 152.70407 395.79541
0.11450 0.22899 0.00000 162.61597 396.51501
0.20250 0.22899 0.00000 195.56100 397.59836
0.22899 0.22899 0.00000 205.57343 398.30148
0.31699 0.22899 0.00000 238.42960 399.60638
0.34349 0.22899 0.00000 248.33403 400.15182
0.43149 0.22899 0.00000 281.41367 401.67035
0.45799 0.22899 0.00000 291.40009 402.31729
0.54599 0.22899 0.00000 324.50549 403.93570
0.57248 0.22899 0.00000 334.45047 404.37003
0.66048 0.22899 0.00000 368.15494 405.95129
0.00000 0.31699 0.00000 123.61591 360.35233
0.08800 0.31699 0.00000 156.28108 361.74527
0.11450 0.31699 0.00000 166.00471 362.13651
0.20250 0.31699 0.00000 198.49596 363.55005
0.31699 0.31699 0.00000 240.57631 365.49487
0.34349 0.31699 0.00000 250.41539 365.87454
0.43149 0.31699 0.00000 283.10324 367.52090
0.45799 0.31699 0.00000 292.85455 367.92612
0.54599 0.31699 0.00000 325.75742 369.44702
0.57248 0.31699 0.00000 335.52206 369.84128
0.66048 0.31699 0.00000 368.75183 371.46078
0.00000 0.34349 0.00000 124.71566 350.39069
0.08800 0.34349 0.00000 157.16273 351.59644
0.11450 0.34349 0.00000 166.94635 352.14795
0.20250 0.34349 0.00000 199.25467 353.44754
0.22899 0.34349 0.00000 208.86537 353.74817
0.31699 0.34349 0.00000 241.35693 355.32471
0.34349 0.34349 0.00000 250.97173 355.65033
0.43149 0.34349 0.00000 283.53189 357.29367
0.45799 0.34349 0.00000 293.32336 357.63104
0.54599 0.34349 0.00000 326.10318 359.12225
0.57248 0.34349 0.00000 335.91406 359.68307
0.66048 0.34349 0.00000 368.90536 361.02994
0.00000 0.43149 0.00000 128.37871 317.31491
0.08800 0.43149 0.00000 160.36382 318.58762
0.11450 0.43149 0.00000 169.90347 318.81763
0.20250 0.43149 0.00000 201.88623 320.40363
0.22899 0.43149 0.00000 211.44992 320.57806
0.31699 0.43149 0.00000 243.34973 322.09799
0.34349 0.43149 0.00000 252.91328 322.63516
0.43149 0.43149 0.00000 285.10321 323.85452
0.45799 0.43149 0.00000 294.98401 324.34006
0.54599 0.43149 0.00000 327.26013 325.62686
0.57248 0.43149 0.00000 337.25201 326.07004
0.66048 0.43149 0.00000 369.57999 327.42157
0.00000 0.45799 0.00000 129.42563 307.55615
0.08800 0.45799 0.00000 161.33801 308.67169
0.11450 0.45799 0.00000 170.87245 309.36722
0.20250 0.45799 0.00000 202.65085 310.38342
0.22899 0.45799 0.00000 212.18282 310.89041
0.31699 0.45799 0.00000 243.92860 312.33826
0.34349 0.45799 0.00000 253.51732 312.68448
0.43149 0.45799 0.00000 285.71893 314.00391
0.45799 0.45799 0.00000 295.35303 314.45139
0.54599 0.45799 0.00000 327.70093 315.71701
0.57248 0.45799 0.00000 337.33783 316.28546
0.66048 0.45799 0.00000 369.91388 317.47992
0.00000 0.54599 0.00000 132.79056 275.57153
0.08800 0.54599 0.00000 164.49849 276.94830
0.11450 0.54599 0.00000 173.83002 277.28955
0.20250 0.54599 0.00000 205.34508 278.61469
0.22899 0.54599 0.00000 214.68123 278.79691
0.31699 0.54599 0.00000 246.07861 280.18787
0.34349 0.54599 0.00000 255.63556 280.41199
0.43149 0.54599 0.00000 287.21118 281.65961
0.45799 0.54599 0.00000 296.98209 282.14822
0.54599 0.54599 0.00000 328.69742 283.36185
0.57248 0.54599 0.00000 338.58716 283.69510
0.66048 0.54599 0.00000 370.42569 284.96460
0.00000 0.57248 0.00000 133.88480 266.39514
0.08800 0.57248 0.00000 165.41907 267.36850
0.11450 0.57248 0.00000 174.72081 267.72693
0.20250 0.57248 0.00000 206.01065 268.92505
0.22899 0.57248 0.00000 215.43300 269.45712
0.31699 0.57248 0.00000 246.73384 270.46054
0.34349 0.57248 0.00000 256.23004 270.83411
0.43149 0.57248 0.00000 287.90396 272.17017
0.45799 0.57248 0.00000 297.36133 272.54016
0.54599 0.57248 0.00000 329.28806 273.65024
0.57248 0.57248 0.00000 338.61337 274.03674
0.66048 0.57248 0.00000 370.76501 275.35394
0.00000 0.66048 0.00000 137.19519 235.24789
0.08800 0.66048 0.00000 168.39716 236.54362
0.11450 0.66048 0.00000 177.47490 236.85298
0.20250 0.66048 0.00000 208.55452 237.84413
0.22899 0.66048 0.00000 217.82890 238.35635
0.31699 0.66048 0.00000 248.72360 239.38605
0.34349 0.66048 0.00000 258.33231 239.57394
0.43149 0.66048 0.00000 289.30920 240.75497
0.45799 0.66048 0.00000 299.02054 241.13495
0.54599 0.66048 0.00000 330.21756 242.36768
0.57248 0.66048 0.00000 339.81888 242.55226
0.66048 0.66048 0.00000 371.34601 243.70734

gimbalangles:
0.174532925199 0.174532925199 -0.436332312999 

end: