T_CW:
0.9751726575 0.2198033631 0.0269215445 -0.4964781499
0.1990856362 -0.9234384363 0.3280645728 -0.2405409623
0.0969700853 -0.3145599084 -0.9442716063 1.2999048409
0.0000000000 0.0000000000 0.0000000000 1.0000000000

T_CW_cov:

target_points_pix:
0.00000 0.00000 0.00000 223.68533 146.42947
0.08800 0.00000 0.00000 298.59436 162.48268
0.11450 0.00000 0.00000 321.13510 167.37343
0.20250 0.00000 0.00000 394.61459 183.14064
0.22899 0.00000 0.00000 416.85648 187.81276
0.31699 0.00000 0.00000 489.53867 203.61118
0.43149 0.00000 0.00000 582.73468 223.50606
0.45799 0.00000 0.00000 604.19525 227.99181
0.54599 0.00000 0.00000 674.51111 242.93443
0.57248 0.00000 0.00000 695.56116 247.46597
0.66048 0.00000 0.00000 764.90057 262.32031
0.00000 0.08800 0.00000 231.39287 71.52489
0.08800 0.08800 0.00000 307.81570 88.40273
0.11450 0.08800 0.00000 330.63348 93.40538
0.20250 0.08800 0.00000 406.00342 110.02837
0.22899 0.08800 0.00000 428.57315 115.04906
0.31699 0.08800 0.00000 502.65475 131.35274
0.34349 0.08800 0.00000 524.67548 136.18875
0.43149 0.08800 0.00000 597.69385 152.36592
0.45799 0.08800 0.00000 619.50757 157.11250
0.54599 0.08800 0.00000 691.19250 172.80353
0.57248 0.08800 0.00000 712.60828 177.54874
0.66048 0.08800 0.00000 783.30109 193.13704
0.22899 0.11450 0.00000 432.17200 92.45570
0.31699 0.11450 0.00000 506.57275 108.90262
0.34349 0.11450 0.00000 529.04938 113.89909
0.43149 0.11450 0.00000 602.28967 130.16264
0.45799 0.11450 0.00000 624.18872 135.35793
0.54599 0.11450 0.00000 696.45667 151.19460
0.57248 0.11450 0.00000 717.99597 155.79735
0.66048 0.11450 0.00000 788.98956 171.66269
0.22899 0.20250 0.00000 444.29446 15.40358
0.31699 0.20250 0.00000 520.45679 32.94670
0.34349 0.20250 0.00000 543.26752 38.23965
0.43149 0.20250 0.00000 618.05078 55.43146
0.45799 0.20250 0.00000 640.47961 60.51163
0.54599 0.20250 0.00000 714.03534 77.32420
0.57248 0.20250 0.00000 736.21606 82.22234
0.66048 0.20250 0.00000 808.69556 98.72427

gimbalangles:
-0.349065850399 -0.174532925199 0.0872664625997 

end: