T_CW:
0.9987917359 0.0415093341 -0.0263067177 -0.5248595504
0.0365306887 -0.9851855324 -0.1675558881 0.6410508393
-0.0328721310 0.1663924338 -0.9855115326 1.2037714286
0.0000000000 0.0000000000 0.0000000000 1.0000000000

T_CW_cov:

target_points_pix:
0.08800 0.11450 0.00000 148.21957 441.48444
0.11450 0.11450 0.00000 158.15388 442.04089
0.20250 0.11450 0.00000 191.73825 443.51962
0.22899 0.11450 0.00000 201.54297 443.94336
0.31699 0.11450 0.00000 235.27141 445.60297
0.34349 0.11450 0.00000 245.42271 446.31253
0.43149 0.11450 0.00000 279.05432 447.96161
0.45799 0.11450 0.00000 288.92136 448.50644
0.54599 0.11450 0.00000 322.97034 450.10303
0.57248 0.11450 0.00000 333.23184 450.75436
0.66048 0.11450 0.00000 367.13040 452.56329
0.08800 0.20250 0.00000 151.77742 406.29456
0.11450 0.20250 0.00000 161.63994 406.51593
0.20250 0.20250 0.00000 194.58585 408.22073
0.22899 0.20250 0.00000 204.68184 408.58041
0.34349 0.20250 0.00000 247.63922 410.58139
0.43149 0.20250 0.00000 280.79581 412.15802
0.45799 0.20250 0.00000 290.74655 412.57959
0.54599 0.20250 0.00000 324.09018 414.41693
0.57248 0.20250 0.00000 334.15967 414.85645
0.66048 0.20250 0.00000 367.68246 416.50430
0.08800 0.22899 0.00000 152.69926 395.79773
0.11450 0.22899 0.00000 162.75583 396.36441
0.20250 0.22899 0.00000 195.64041 397.58099
0.22899 0.22899 0.00000 205.55420 398.21481
0.31699 0.22899 0.00000 238.40852 399.57831
0.34349 0.22899 0.00000 248.28201 400.20465
0.43149 0.22899 0.00000 281.31662 401.60660
0.45799 0.22899 0.00000 291.31781 402.41440
0.54599 0.22899 0.00000 324.46573 403.81516
0.57248 0.22899 0.00000 334.50238 404.44104
0.66048 0.22899 0.00000 367.94827 406.07001
0.00000 0.31699 0.00000 123.63943 360.40683
0.08800 0.31699 0.00000 156.28618 361.67496
0.20250 0.31699 0.00000 198.39932 363.47473
0.22899 0.31699 0.00000 208.11465 363.85992
0.31699 0.31699 0.00000 240.62813 365.54770
0.34349 0.31699 0.00000 250.37798 365.67719
0.43149 0.31699 0.00000 283.01013 367.56058
0.45799 0.31699 0.00000 292.69659 367.88159
0.54599 0.31699 0.00000 325.69431 369.32071
0.57248 0.31699 0.00000 335.55789 369.86337
0.66048 0.31699 0.00000 368.65137 371.42847
0.00000 0.34349 0.00000 124.69191 350.36163
0.08800 0.34349 0.00000 157.11522 351.49579
0.11450 0.34349 0.00000 166.84319 352.19373
0.20250 0.34349 0.00000 199.31613 353.36935
0.22899 0.34349 0.00000 208.84337 353.75626
0.31699 0.34349 0.00000 241.29875 355.30026
0.34349 0.34349 0.00000 250.97290 355.77563
0.43149 0.34349 0.00000 283.44223 357.27609
0.45799 0.34349 0.00000 293.36887 357.64935
0.54599 0.34349 0.00000 326.13120 359.21118
0.57248 0.34349 0.00000 335.84204 359.57761
0.66048 0.34349 0.00000 368.89658 361.19113
0.00000 0.43149 0.00000 128.44743 317.15018
0.08800 0.43149 0.00000 160.45335 318.66513
0.11450 0.43149 0.00000 169.97916 318.99792
0.20250 0.43149 0.00000 201.86099 320.48892
0.22899 0.43149 0.00000 211.43575 320.57770
0.31699 0.43149 0.00000 243.40976 322.14929
0.34349 0.43149 0.00000 252.97162 322.54895
0.43149 0.43149 0.00000 285.03769 323.85620
0.45799 0.43149 0.00000 295.03381 324.21341
0.54599 0.43149 0.00000 327.19351 325.61243
0.57248 0.43149 0.00000 337.24136 326.02420
0.66048 0.43149 0.00000 369.53601 327.44971
0.00000 0.45799 0.00000 129.41585 307.56512
0.08800 0.45799 0.00000 161.32701 308.71368
0.11450 0.45799 0.00000 170.87842 309.28198
0.20250 0.45799 0.00000 202.60751 310.41470
0.22899 0.45799 0.00000 212.17845 310.90433
0.31699 0.45799 0.00000 244.00337 312.26202
0.34349 0.45799 0.00000 253.53394 312.63373
0.43149 0.45799 0.00000 285.66989 313.91068
0.45799 0.45799 0.00000 295.27921 314.44260
0.54599 0.45799 0.00000 327.65720 315.66547
0.57248 0.45799 0.00000 337.26779 316.21088
0.66048 0.45799 0.00000 369.90314 317.50629
0.00000 0.54599 0.00000 132.82880 275.50485
0.08800 0.54599 0.00000 164.53056 276.82135
0.11450 0.54599 0.00000 173.79851 277.23126
0.20250 0.54599 0.00000 205.31126 278.52020
0.22899 0.54599 0.00000 214.60451 278.76794
0.31699 0.54599 0.00000 245.94376 280.10779
0.34349 0.54599 0.00000 255.63145 280.38947
0.43149 0.54599 0.00000 287.15549 281.66336
0.45799 0.54599 0.00000 297.00616 282.07468
0.54599 0.54599 0.00000 328.61774 283.35931
0.57248 0.54599 0.00000 338.59882 283.72189
0.66048 0.54599 0.00000 370.35339 284.96783
0.00000 0.57248 0.00000 133.97678 266.32211
0.08800 0.57248 0.00000 165.33568 267.43793
0.11450 0.57248 0.00000 174.72612 267.87537
0.20250 0.57248 0.00000 205.97151 268.88895
0.22899 0.57248 0.00000 215.34169 269.43195
0.31699 0.57248 0.00000 246.75305 270.46738
0.34349 0.57248 0.00000 256.09232 270.91940
0.43149 0.57248 0.00000 287.92221 272.18918
0.45799 0.57248 0.00000 297.31146 272.48511
0.54599 0.57248 0.00000 329.27020 273.64795
0.57248 0.57248 0.00000 338.59650 274.17291
0.66048 0.57248 0.00000 370.75345 275.37454
0.00000 0.66048 0.00000 137.22308 235.29745
0.08800 0.66048 0.00000 168.42126 236.50301
0.11450 0.66048 0.00000 177.56541 236.65674
0.20250 0.66048 0.00000 208.40550 237.84038
0.22899 0.66048 0.00000 217.83922 238.30704
0.31699 0.66048 0.00000 248.71107 239.33278
0.34349 0.66048 0.00000 258.33585 239.60431
0.43149 0.66048 0.00000 289.25201 240.75923
0.45799 0.66048 0.00000 299.02994 241.15396
0.54599 0.66048 0.00000 330.21924 242.32768
0.57248 0.66048 0.00000 339.82254 242.57030
0.66048 0.66048 0.00000 371.34482 243.69043

gimbalangles:
-0.349065850399 -0.174532925199 0.0872664625997 

end: