T_CW:
0.9991055815 0.0371134447 -0.0202639868 -0.4117926888
0.0333455615 -0.9862035917 -0.1621436067 0.6366196177
-0.0260021244 0.1613228685 -0.9865590817 1.2039338688
0.0000000000 0.0000000000 0.0000000000 1.0000000000

T_CW_cov:

target_points_pix:
0.00000 0.11450 0.00000 162.15742 429.55063
0.08800 0.11450 0.00000 195.34782 430.99930
0.11450 0.11450 0.00000 205.11856 431.45959
0.20250 0.11450 0.00000 238.44649 432.80957
0.22899 0.11450 0.00000 248.33437 433.30682
0.31699 0.11450 0.00000 281.56711 434.77344
0.34349 0.11450 0.00000 291.50635 435.23096
0.43149 0.11450 0.00000 325.09982 436.70712
0.45799 0.11450 0.00000 335.12689 437.18277
0.54599 0.11450 0.00000 368.70001 438.62369
0.57248 0.11450 0.00000 378.68713 439.14377
0.66048 0.11450 0.00000 412.53326 440.55518
0.00000 0.20250 0.00000 165.28928 394.83932
0.08800 0.20250 0.00000 197.87564 396.20163
0.11450 0.20250 0.00000 207.71913 396.56998
0.20250 0.20250 0.00000 240.50018 397.86905
0.22899 0.20250 0.00000 250.47694 398.33182
0.31699 0.20250 0.00000 283.30771 399.66510
0.34349 0.20250 0.00000 293.26840 400.12003
0.43149 0.20250 0.00000 326.25327 401.51773
0.45799 0.20250 0.00000 336.21140 401.92456
0.54599 0.20250 0.00000 369.27606 403.38586
0.57248 0.20250 0.00000 379.29889 403.69379
0.66048 0.20250 0.00000 412.47482 405.24683
0.00000 0.22899 0.00000 166.07146 384.67609
0.08800 0.22899 0.00000 198.64680 385.94162
0.11450 0.22899 0.00000 208.46970 386.35593
0.20250 0.22899 0.00000 241.22345 387.58502
0.22899 0.22899 0.00000 250.93726 388.04993
0.31699 0.22899 0.00000 283.79544 389.42252
0.34349 0.22899 0.00000 293.52155 389.83374
0.43149 0.22899 0.00000 326.52405 391.25632
0.45799 0.22899 0.00000 336.38477 391.58359
0.54599 0.22899 0.00000 369.47256 393.02499
0.57248 0.22899 0.00000 379.32324 393.40567
0.66048 0.22899 0.00000 412.53177 394.78384
0.00000 0.31699 0.00000 169.06213 350.93387
0.08800 0.31699 0.00000 201.34155 352.31369
0.11450 0.31699 0.00000 210.92566 352.53485
0.20250 0.31699 0.00000 243.29384 353.77121
0.22899 0.31699 0.00000 253.08128 354.25742
0.31699 0.31699 0.00000 285.39825 355.56485
0.34349 0.31699 0.00000 295.10754 355.94400
0.43149 0.31699 0.00000 327.54767 357.28723
0.45799 0.31699 0.00000 337.39508 357.64279
0.54599 0.31699 0.00000 370.00580 358.85510
0.57248 0.31699 0.00000 379.91440 359.31686
0.66048 0.31699 0.00000 412.63504 360.60889
0.00000 0.34349 0.00000 169.88489 341.02988
0.08800 0.34349 0.00000 202.07729 342.26953
0.11450 0.34349 0.00000 211.62393 342.59003
0.20250 0.34349 0.00000 243.86592 343.88837
0.22899 0.34349 0.00000 253.51915 344.32965
0.31699 0.34349 0.00000 285.74625 345.51880
0.34349 0.34349 0.00000 295.50070 345.95016
0.43149 0.34349 0.00000 327.93533 347.36206
0.45799 0.34349 0.00000 337.65170 347.55182
0.54599 0.34349 0.00000 370.24765 348.82043
0.57248 0.34349 0.00000 380.07666 349.28549
0.66048 0.34349 0.00000 412.65997 350.50540
0.00000 0.43149 0.00000 172.77747 308.35425
0.08800 0.43149 0.00000 204.55002 309.52917
0.11450 0.43149 0.00000 214.10997 309.87524
0.20250 0.43149 0.00000 245.79413 311.26559
0.22899 0.43149 0.00000 255.48035 311.51105
0.31699 0.43149 0.00000 287.31287 312.68073
0.34349 0.43149 0.00000 297.00082 313.23068
0.43149 0.43149 0.00000 328.96277 314.34711
0.45799 0.43149 0.00000 338.69986 314.71582
0.54599 0.43149 0.00000 370.69485 315.81729
0.57248 0.43149 0.00000 380.55707 316.34116
0.66048 0.43149 0.00000 412.84103 317.34351
0.00000 0.45799 0.00000 173.60342 298.67737
0.08800 0.45799 0.00000 205.34546 299.86554
0.11450 0.45799 0.00000 214.74828 300.35025
0.20250 0.45799 0.00000 246.47086 301.47952
0.22899 0.45799 0.00000 255.99809 301.76120
0.31699 0.45799 0.00000 287.72665 303.05783
0.34349 0.45799 0.00000 297.40714 303.39227
0.43149 0.45799 0.00000 329.35233 304.59308
0.45799 0.45799 0.00000 339.02008 304.80240
0.54599 0.45799 0.00000 371.13046 306.19687
0.57248 0.45799 0.00000 380.67905 306.39618
0.66048 0.45799 0.00000 412.91248 307.66739
0.00000 0.54599 0.00000 176.43112 267.09506
0.08800 0.54599 0.00000 207.61508 268.30188
0.11450 0.54599 0.00000 217.09880 268.51776
0.20250 0.54599 0.00000 248.43927 269.61975
0.31699 0.54599 0.00000 289.31616 271.15805
0.34349 0.54599 0.00000 298.67819 271.53802
0.43149 0.54599 0.00000 330.36536 272.57654
0.45799 0.54599 0.00000 339.88492 273.00095
0.54599 0.54599 0.00000 371.54810 274.07294
0.57248 0.54599 0.00000 381.29483 274.46130
0.66048 0.54599 0.00000 413.03906 275.38879
0.00000 0.57248 0.00000 177.27635 257.67651
0.08800 0.57248 0.00000 208.46748 258.76883
0.11450 0.57248 0.00000 217.71478 259.24344
0.20250 0.57248 0.00000 248.90852 260.34464
0.22899 0.57248 0.00000 258.40588 260.53918
0.31699 0.57248 0.00000 289.58606 261.65460
0.34349 0.57248 0.00000 299.25262 261.94437
0.43149 0.57248 0.00000 330.63669 263.24249
0.45799 0.57248 0.00000 340.27835 263.38068
0.54599 0.57248 0.00000 371.69772 264.53323
0.57248 0.57248 0.00000 381.38766 264.68408
0.66048 0.57248 0.00000 413.03174 265.98190
0.00000 0.66048 0.00000 179.86436 226.87187
0.08800 0.66048 0.00000 210.65860 227.99995
0.11450 0.66048 0.00000 219.99411 228.35400
0.20250 0.66048 0.00000 250.74008 229.41252
0.22899 0.66048 0.00000 260.19070 229.66356
0.31699 0.66048 0.00000 291.16202 230.56175
0.34349 0.66048 0.00000 300.50381 231.04243
0.43149 0.66048 0.00000 331.58228 232.06534
0.45799 0.66048 0.00000 341.18713 232.43736
0.54599 0.66048 0.00000 372.28748 233.37845
0.57248 0.66048 0.00000 381.67203 233.64751
0.66048 0.66048 0.00000 413.16602 234.61208

gimbalangles:
-0.349065850399 -0.174532925199 0.0872664625997 

end: