T_CW:
0.9988048825 0.0412997684 -0.0261368666 -0.5246804612
0.0363785718 -0.9853258613 -0.1667619456 0.6411843845
-0.0326405604 0.1656118236 -0.9856507078 1.2037275308
0.0000000000 0.0000000000 0.0000000000 1.0000000000

T_CW_cov:

target_points_pix:
0.08800 0.11450 0.00000 148.21693 441.48291
0.11450 0.11450 0.00000 158.16418 442.13931
0.20250 0.11450 0.00000 191.75479 443.59113
0.22899 0.11450 0.00000 201.77385 444.32364
0.34349 0.11450 0.00000 245.39917 446.40982
0.43149 0.11450 0.00000 279.10590 448.04233
0.45799 0.11450 0.00000 288.96887 448.42294
0.54599 0.11450 0.00000 323.02579 450.14258
0.57248 0.11450 0.00000 332.94821 450.73645
0.66048 0.11450 0.00000 367.19916 452.62216
0.00000 0.20250 0.00000 118.67650 404.72211
0.08800 0.20250 0.00000 151.81175 406.43716
0.11450 0.20250 0.00000 161.71182 406.56503
0.20250 0.20250 0.00000 194.63678 408.39822
0.22899 0.20250 0.00000 204.73642 408.56400
0.31699 0.20250 0.00000 237.76437 410.22025
0.34349 0.20250 0.00000 247.76013 410.61664
0.43149 0.20250 0.00000 280.86343 412.36554
0.45799 0.20250 0.00000 290.82016 412.75403
0.54599 0.20250 0.00000 324.20139 414.33792
0.57248 0.20250 0.00000 334.15543 414.87439
0.66048 0.20250 0.00000 367.85168 416.70255
0.00000 0.22899 0.00000 119.94999 394.54245
0.08800 0.22899 0.00000 152.90582 395.67075
0.11450 0.22899 0.00000 162.69919 396.43085
0.22899 0.22899 0.00000 205.61743 398.23141
0.31699 0.22899 0.00000 238.47101 399.60861
0.34349 0.22899 0.00000 248.50346 400.19284
0.43149 0.22899 0.00000 281.38248 401.71982
0.45799 0.22899 0.00000 291.37830 402.18781
0.54599 0.22899 0.00000 324.57080 403.85403
0.57248 0.22899 0.00000 334.45248 404.37076
0.66048 0.22899 0.00000 367.94467 406.20132
0.00000 0.31699 0.00000 123.60600 360.40408
0.08800 0.31699 0.00000 156.30038 361.71057
0.11450 0.31699 0.00000 165.95206 362.12790
0.20250 0.31699 0.00000 198.42191 363.58426
0.22899 0.31699 0.00000 208.08438 363.83307
0.31699 0.31699 0.00000 240.71339 365.51385
0.34349 0.31699 0.00000 250.41171 365.88873
0.43149 0.31699 0.00000 283.05588 367.50757
0.45799 0.31699 0.00000 292.75479 367.86902
0.54599 0.31699 0.00000 325.67807 369.40622
0.57248 0.31699 0.00000 335.64282 369.74445
0.66048 0.31699 0.00000 368.70599 371.44452
0.00000 0.34349 0.00000 124.65948 350.47037
0.08800 0.34349 0.00000 157.07501 351.59280
0.11450 0.34349 0.00000 166.88512 352.15396
0.20250 0.34349 0.00000 199.20175 353.35059
0.22899 0.34349 0.00000 208.83813 353.85513
0.31699 0.34349 0.00000 241.38675 355.38242
0.34349 0.34349 0.00000 250.97044 355.83173
0.43149 0.34349 0.00000 283.56326 357.37097
0.45799 0.34349 0.00000 293.38803 357.59973
0.54599 0.34349 0.00000 326.18326 359.07663
0.57248 0.34349 0.00000 335.87772 359.52344
0.66048 0.34349 0.00000 368.89789 361.22562
0.00000 0.43149 0.00000 128.42480 317.38690
0.08800 0.43149 0.00000 160.39035 318.57343
0.11450 0.43149 0.00000 170.00797 318.85736
0.20250 0.43149 0.00000 201.78685 320.43253
0.22899 0.43149 0.00000 211.47026 320.59717
0.31699 0.43149 0.00000 243.41319 322.15930
0.34349 0.43149 0.00000 252.92047 322.67587
0.43149 0.43149 0.00000 285.14117 323.82721
0.45799 0.43149 0.00000 294.89606 324.39313
0.54599 0.43149 0.00000 327.27966 325.60675
0.57248 0.43149 0.00000 337.15668 326.12646
0.66048 0.43149 0.00000 369.52151 327.44571
0.00000 0.45799 0.00000 129.36163 307.59232
0.11450 0.45799 0.00000 170.84196 309.17661
0.20250 0.45799 0.00000 202.70709 310.34720
0.22899 0.45799 0.00000 212.08821 310.81677
0.31699 0.45799 0.00000 243.95528 312.33182
0.34349 0.45799 0.00000 253.52428 312.71661
0.43149 0.45799 0.00000 285.71802 313.98978
0.45799 0.45799 0.00000 295.27344 314.47849
0.54599 0.45799 0.00000 327.69131 315.64090
0.57248 0.45799 0.00000 337.35757 316.19934
0.66048 0.45799 0.00000 369.90570 317.53323
0.00000 0.54599 0.00000 132.82808 275.48575
0.08800 0.54599 0.00000 164.39847 276.97595
0.11450 0.54599 0.00000 173.72363 277.27139
0.20250 0.54599 0.00000 205.31525 278.64410
0.22899 0.54599 0.00000 214.71506 278.83127
0.31699 0.54599 0.00000 246.09114 280.13406
0.34349 0.54599 0.00000 255.62953 280.39291
0.43149 0.54599 0.00000 287.16064 281.62924
0.45799 0.54599 0.00000 297.03717 282.05377
0.54599 0.54599 0.00000 328.65854 283.35858
0.57248 0.54599 0.00000 338.56430 283.70044
0.66048 0.54599 0.00000 370.43256 284.97852
0.00000 0.57248 0.00000 133.85132 266.35806
0.08800 0.57248 0.00000 165.31860 267.51215
0.11450 0.57248 0.00000 174.65891 267.84268
0.20250 0.57248 0.00000 206.13660 268.87659
0.22899 0.57248 0.00000 215.37863 269.47235
0.31699 0.57248 0.00000 246.67371 270.45407
0.34349 0.57248 0.00000 256.14700 270.82428
0.43149 0.57248 0.00000 287.84616 272.08038
0.45799 0.57248 0.00000 297.33264 272.51349
0.54599 0.57248 0.00000 329.26901 273.60193
0.57248 0.57248 0.00000 338.62161 274.07178
0.66048 0.57248 0.00000 370.73950 275.34256
0.00000 0.66048 0.00000 137.10425 235.27235
0.08800 0.66048 0.00000 168.31099 236.46671
0.11450 0.66048 0.00000 177.53505 236.64726
0.20250 0.66048 0.00000 208.55289 237.80235
0.22899 0.66048 0.00000 217.74489 238.30594
0.31699 0.66048 0.00000 248.76050 239.39687
0.34349 0.66048 0.00000 258.38705 239.64845
0.43149 0.66048 0.00000 289.32596 240.73805
0.45799 0.66048 0.00000 298.96802 241.17973
0.54599 0.66048 0.00000 330.29160 242.31213
0.57248 0.66048 0.00000 339.82135 242.59712
0.66048 0.66048 0.00000 371.34842 243.69252

gimbalangles:
0.174532925199 0.174532925199 -0.261799387799 

end: