T_CW:
0.9991051242 0.0369521581 -0.0205788430 -0.4116882612
0.0331405686 -0.9862415346 -0.1619547408 0.6367758351
-0.0262802869 0.1611278169 -0.9865835865 1.2041165574
0.0000000000 0.0000000000 0.0000000000 1.0000000000

T_CW_cov:

target_points_pix:
0.00000 0.11450 0.00000 162.14851 429.58307
0.08800 0.11450 0.00000 195.39809 431.07794
0.11450 0.11450 0.00000 205.19476 431.52225
0.20250 0.11450 0.00000 238.43880 432.88071
0.22899 0.11450 0.00000 248.30199 433.39529
0.31699 0.11450 0.00000 281.60718 434.75266
0.34349 0.11450 0.00000 291.54706 435.31735
0.43149 0.11450 0.00000 325.11459 436.61862
0.45799 0.11450 0.00000 335.12268 437.20840
0.54599 0.11450 0.00000 368.69543 438.57025
0.57248 0.11450 0.00000 378.69077 439.09695
0.66048 0.11450 0.00000 412.53384 440.66367
0.00000 0.20250 0.00000 165.34686 394.81122
0.08800 0.20250 0.00000 197.95775 396.34998
0.11450 0.20250 0.00000 207.75824 396.58032
0.20250 0.20250 0.00000 240.55528 397.95895
0.22899 0.20250 0.00000 250.52974 398.33084
0.31699 0.20250 0.00000 283.30353 399.69290
0.34349 0.20250 0.00000 293.24097 400.22992
0.43149 0.20250 0.00000 326.23892 401.52777
0.45799 0.20250 0.00000 336.24966 402.02289
0.54599 0.20250 0.00000 369.28082 403.32941
0.57248 0.20250 0.00000 379.30099 403.71799
0.66048 0.20250 0.00000 412.47495 405.25922
0.00000 0.22899 0.00000 166.19810 384.65860
0.08800 0.22899 0.00000 198.77461 385.94907
0.11450 0.22899 0.00000 208.51872 386.35797
0.20250 0.22899 0.00000 241.29890 387.64606
0.22899 0.22899 0.00000 250.97435 388.13513
0.31699 0.22899 0.00000 283.77631 389.40082
0.34349 0.22899 0.00000 293.56097 389.87750
0.43149 0.22899 0.00000 326.60623 391.25546
0.45799 0.22899 0.00000 336.39594 391.62500
0.54599 0.22899 0.00000 369.48956 393.04318
0.57248 0.22899 0.00000 379.31485 393.39902
0.66048 0.22899 0.00000 412.63293 394.82422
0.00000 0.31699 0.00000 169.16579 350.99927
0.08800 0.31699 0.00000 201.31715 352.35651
0.11450 0.31699 0.00000 210.97430 352.56686
0.20250 0.31699 0.00000 243.28365 353.80338
0.22899 0.31699 0.00000 252.99026 354.37936
0.31699 0.31699 0.00000 285.44559 355.62943
0.34349 0.31699 0.00000 295.21683 355.97488
0.43149 0.31699 0.00000 327.61441 357.35107
0.45799 0.31699 0.00000 337.42856 357.62521
0.54599 0.31699 0.00000 370.08105 358.86890
0.57248 0.31699 0.00000 379.92688 359.34448
0.66048 0.31699 0.00000 412.64038 360.59381
0.00000 0.34349 0.00000 169.85342 341.07800
0.08800 0.34349 0.00000 202.16547 342.32462
0.11450 0.34349 0.00000 211.65466 342.63000
0.20250 0.34349 0.00000 243.89427 343.93195
0.22899 0.34349 0.00000 253.54626 344.39545
0.31699 0.34349 0.00000 285.80414 345.54721
0.34349 0.34349 0.00000 295.51425 346.03168
0.43149 0.34349 0.00000 327.93134 347.33594
0.45799 0.34349 0.00000 337.63638 347.61536
0.54599 0.34349 0.00000 370.37277 348.82245
0.57248 0.34349 0.00000 380.12674 349.35556
0.66048 0.34349 0.00000 412.68658 350.44003
0.00000 0.43149 0.00000 172.79449 308.40192
0.08800 0.43149 0.00000 204.56084 309.52850
0.11450 0.43149 0.00000 214.12755 309.89951
0.20250 0.43149 0.00000 245.83223 311.25650
0.22899 0.43149 0.00000 255.47862 311.51031
0.31699 0.43149 0.00000 287.34146 312.68097
0.34349 0.43149 0.00000 297.01819 313.24197
0.43149 0.43149 0.00000 328.96237 314.38586
0.45799 0.43149 0.00000 338.60458 314.69681
0.54599 0.43149 0.00000 370.72754 315.80225
0.57248 0.43149 0.00000 380.53238 316.34842
0.66048 0.43149 0.00000 412.86752 317.39917
0.00000 0.45799 0.00000 173.62355 298.71005
0.08800 0.45799 0.00000 205.40327 299.93494
0.11450 0.45799 0.00000 214.73277 300.36581
0.20250 0.45799 0.00000 246.52469 301.43140
0.22899 0.45799 0.00000 256.00388 301.78531
0.31699 0.45799 0.00000 287.77649 303.10196
0.34349 0.45799 0.00000 297.43381 303.37250
0.43149 0.45799 0.00000 329.36673 304.58646
0.45799 0.45799 0.00000 338.95007 304.83380
0.57248 0.45799 0.00000 380.66556 306.41132
0.66048 0.45799 0.00000 412.90311 307.58673
0.00000 0.54599 0.00000 176.42294 267.16034
0.08800 0.54599 0.00000 207.68077 268.30191
0.11450 0.54599 0.00000 217.16702 268.49234
0.20250 0.54599 0.00000 248.39482 269.65308
0.22899 0.54599 0.00000 257.83972 270.10086
0.31699 0.54599 0.00000 289.30173 271.20538
0.34349 0.54599 0.00000 298.69928 271.54236
0.43149 0.54599 0.00000 330.38678 272.56479
0.45799 0.54599 0.00000 339.87460 273.09433
0.54599 0.54599 0.00000 371.50085 274.04578
0.57248 0.54599 0.00000 381.29218 274.44864
0.66048 0.54599 0.00000 413.04813 275.41696
0.00000 0.57248 0.00000 177.34042 257.77246
0.08800 0.57248 0.00000 208.40866 258.83337
0.11450 0.57248 0.00000 217.72978 259.27017
0.20250 0.57248 0.00000 248.96339 260.38531
0.22899 0.57248 0.00000 258.41617 260.56009
0.31699 0.57248 0.00000 289.60577 261.69278
0.34349 0.57248 0.00000 299.22592 262.01703
0.43149 0.57248 0.00000 330.62152 263.25974
0.45799 0.57248 0.00000 340.25314 263.44067
0.54599 0.57248 0.00000 371.68353 264.57513
0.57248 0.57248 0.00000 381.35815 264.72995
0.66048 0.57248 0.00000 413.04562 266.00708
0.00000 0.66048 0.00000 179.82071 226.92845
0.08800 0.66048 0.00000 210.66190 228.08992
0.11450 0.66048 0.00000 219.93352 228.35307
0.20250 0.66048 0.00000 250.75893 229.42834
0.22899 0.66048 0.00000 260.19925 229.59824
0.31699 0.66048 0.00000 291.21509 230.56717
0.34349 0.66048 0.00000 300.50363 231.06586
0.43149 0.66048 0.00000 331.61041 232.08971
0.45799 0.66048 0.00000 341.15445 232.39749
0.54599 0.66048 0.00000 372.36292 233.34012
0.57248 0.66048 0.00000 381.68198 233.64902
0.66048 0.66048 0.00000 413.17715 234.57971

gimbalangles:
0.174532925199 0.174532925199 -0.261799387799 

end: