T_CW:
0.9987979422 0.0414020701 -0.0262400303 -0.5247158436
0.0364567401 -0.9852941720 -0.1669320245 0.6411557222
-0.0327654803 0.1657747366 -0.9856191760 1.2037935775
0.0000000000 0.0000000000 0.0000000000 1.0000000000

T_CW_cov:

target_points_pix:
0.08800 0.11450 0.00000 148.27089 441.51111
0.11450 0.11450 0.00000 158.17735 442.13110
0.20250 0.11450 0.00000 191.77803 443.71024
0.22899 0.11450 0.00000 201.69534 444.12045
0.31699 0.11450 0.00000 235.39738 445.53793
0.34349 0.11450 0.00000 245.42433 446.24274
0.43149 0.11450 0.00000 278.97076 447.86612
0.45799 0.11450 0.00000 289.21564 448.44232
0.54599 0.11450 0.00000 322.96115 450.13922
0.57248 0.11450 0.00000 333.05396 450.69934
0.00000 0.20250 0.00000 118.68256 404.70471
0.08800 0.20250 0.00000 151.88425 406.39743
0.11450 0.20250 0.00000 161.70868 406.68359
0.22899 0.20250 0.00000 204.74641 408.62045
0.31699 0.20250 0.00000 237.71065 410.11191
0.34349 0.20250 0.00000 247.64671 410.59146
0.43149 0.20250 0.00000 280.81784 412.28046
0.45799 0.20250 0.00000 290.91266 412.77441
0.54599 0.20250 0.00000 324.23062 414.44940
0.57248 0.20250 0.00000 334.27121 414.79788
0.66048 0.20250 0.00000 367.76868 416.58423
0.00000 0.22899 0.00000 119.88277 394.51740
0.08800 0.22899 0.00000 152.88307 395.82968
0.11450 0.22899 0.00000 162.59560 396.54553
0.22899 0.22899 0.00000 205.45580 398.22772
0.31699 0.22899 0.00000 238.44781 399.57028
0.34349 0.22899 0.00000 248.41046 400.18982
0.43149 0.22899 0.00000 281.38516 401.73428
0.45799 0.22899 0.00000 291.32077 402.27344
0.54599 0.22899 0.00000 324.52591 403.87411
0.57248 0.22899 0.00000 334.49530 404.37961
0.66048 0.22899 0.00000 367.96985 406.20547
0.00000 0.31699 0.00000 123.61002 360.40533
0.08800 0.31699 0.00000 156.25333 361.83731
0.11450 0.31699 0.00000 165.95163 362.05075
0.20250 0.31699 0.00000 198.42334 363.62344
0.22899 0.31699 0.00000 208.28697 364.00888
0.31699 0.31699 0.00000 240.67328 365.54431
0.34349 0.31699 0.00000 250.43571 365.79535
0.43149 0.31699 0.00000 282.97168 367.58102
0.45799 0.31699 0.00000 292.86099 367.94672
0.54599 0.31699 0.00000 325.74210 369.44089
0.57248 0.31699 0.00000 335.60684 369.79996
0.66048 0.31699 0.00000 368.63815 371.32343
0.00000 0.34349 0.00000 124.66222 350.41684
0.08800 0.34349 0.00000 157.17291 351.54114
0.11450 0.34349 0.00000 166.90750 352.16821
0.20250 0.34349 0.00000 199.35378 353.36893
0.22899 0.34349 0.00000 208.90295 353.63010
0.31699 0.34349 0.00000 241.29315 355.24857
0.34349 0.34349 0.00000 250.93254 355.70007
0.43149 0.34349 0.00000 283.54663 357.37576
0.45799 0.34349 0.00000 293.35791 357.67566
0.54599 0.34349 0.00000 326.11655 359.24203
0.57248 0.34349 0.00000 335.92789 359.61298
0.66048 0.34349 0.00000 368.98157 361.17560
0.00000 0.43149 0.00000 128.41048 317.31305
0.08800 0.43149 0.00000 160.38933 318.50342
0.11450 0.43149 0.00000 169.98154 318.91196
0.20250 0.43149 0.00000 201.84969 320.38095
0.22899 0.43149 0.00000 211.44008 320.61932
0.31699 0.43149 0.00000 243.36380 322.12024
0.34349 0.43149 0.00000 253.01651 322.54938
0.43149 0.43149 0.00000 285.12393 323.83618
0.45799 0.43149 0.00000 294.90967 324.46112
0.54599 0.43149 0.00000 327.20816 325.63403
0.57248 0.43149 0.00000 337.20398 326.09576
0.66048 0.43149 0.00000 369.55301 327.45828
0.00000 0.45799 0.00000 129.47403 307.62039
0.08800 0.45799 0.00000 161.33191 308.76248
0.11450 0.45799 0.00000 170.84196 309.36121
0.20250 0.45799 0.00000 202.66930 310.41846
0.22899 0.45799 0.00000 212.18959 310.99487
0.31699 0.45799 0.00000 243.92557 312.31177
0.34349 0.45799 0.00000 253.52914 312.72104
0.43149 0.45799 0.00000 285.74429 313.92172
0.45799 0.45799 0.00000 295.30286 314.43149
0.54599 0.45799 0.00000 327.64545 315.63239
0.57248 0.45799 0.00000 337.24640 316.30002
0.66048 0.45799 0.00000 369.90256 317.50693
0.00000 0.54599 0.00000 132.84340 275.50256
0.08800 0.54599 0.00000 164.45621 277.00757
0.11450 0.54599 0.00000 173.82739 277.28705
0.20250 0.54599 0.00000 205.28912 278.50934
0.22899 0.54599 0.00000 214.64706 278.72861
0.31699 0.54599 0.00000 246.08655 280.19357
0.34349 0.54599 0.00000 255.65604 280.41870
0.43149 0.54599 0.00000 287.21490 281.63367
0.45799 0.54599 0.00000 297.07794 282.06396
0.54599 0.54599 0.00000 328.67392 283.35794
0.57248 0.54599 0.00000 338.55942 283.70352
0.66048 0.54599 0.00000 370.43854 284.97076
0.00000 0.57248 0.00000 133.84271 266.21463
0.08800 0.57248 0.00000 165.39560 267.37671
0.11450 0.57248 0.00000 174.78352 267.85843
0.20250 0.57248 0.00000 206.00160 268.92957
0.22899 0.57248 0.00000 215.44595 269.44214
0.31699 0.57248 0.00000 246.71642 270.48712
0.34349 0.57248 0.00000 256.16995 270.96136
0.43149 0.57248 0.00000 287.85065 272.14014
0.45799 0.57248 0.00000 297.31961 272.48303
0.54599 0.57248 0.00000 329.35745 273.66650
0.57248 0.57248 0.00000 338.66208 274.07230
0.66048 0.57248 0.00000 370.77957 275.34109
0.00000 0.66048 0.00000 137.33522 235.11632
0.08800 0.66048 0.00000 168.37543 236.51163
0.11450 0.66048 0.00000 177.54927 236.63969
0.20250 0.66048 0.00000 208.50928 237.84952
0.22899 0.66048 0.00000 217.81281 238.31456
0.31699 0.66048 0.00000 248.72214 239.34845
0.34349 0.66048 0.00000 258.29230 239.57835
0.43149 0.66048 0.00000 289.32495 240.74211
0.45799 0.66048 0.00000 299.03436 241.15582
0.54599 0.66048 0.00000 330.23038 242.32198
0.57248 0.66048 0.00000 339.86536 242.60657
0.66048 0.66048 0.00000 371.30475 243.72258

gimbalangles:
0.174532925199 0.174532925199 0.0872664625997 

end: