T_CW:
0.9987851109 0.0413044838 -0.0268745588 -0.5246696749
0.0362149380 -0.9851010829 -0.1681200008 0.6410816661
-0.0334182668 0.1669424932 -0.9854001337 1.2033577498
0.0000000000 0.0000000000 0.0000000000 1.0000000000

T_CW_cov:

target_points_pix:
0.08800 0.11450 0.00000 148.27853 441.48596
0.11450 0.11450 0.00000 158.16325 442.23834
0.20250 0.11450 0.00000 191.68639 443.68695
0.22899 0.11450 0.00000 201.66843 444.15314
0.34349 0.11450 0.00000 245.31990 446.31497
0.43149 0.11450 0.00000 278.99908 447.89163
0.45799 0.11450 0.00000 289.00995 448.55960
0.54599 0.11450 0.00000 322.89938 450.40555
0.57248 0.11450 0.00000 333.14172 450.78668
0.66048 0.11450 0.00000 367.28119 452.69357
0.00000 0.20250 0.00000 118.72092 404.71259
0.08800 0.20250 0.00000 151.64970 406.35446
0.11450 0.20250 0.00000 161.69556 406.60635
0.20250 0.20250 0.00000 194.64407 408.23221
0.34349 0.20250 0.00000 247.70538 410.67386
0.43149 0.20250 0.00000 280.95676 412.34802
0.45799 0.20250 0.00000 290.86203 412.83221
0.54599 0.20250 0.00000 324.20361 414.45285
0.57248 0.20250 0.00000 334.24219 414.84647
0.66048 0.20250 0.00000 367.84818 416.68060
0.08800 0.22899 0.00000 152.76549 395.73206
0.11450 0.22899 0.00000 162.62383 396.43228
0.20250 0.22899 0.00000 195.60695 397.63547
0.22899 0.22899 0.00000 205.58788 398.25580
0.34349 0.22899 0.00000 248.36903 400.29169
0.43149 0.22899 0.00000 281.38214 401.73300
0.45799 0.22899 0.00000 291.29144 402.15582
0.54599 0.22899 0.00000 324.55383 403.86087
0.57248 0.22899 0.00000 334.51843 404.43686
0.66048 0.22899 0.00000 368.09628 405.86902
0.00000 0.31699 0.00000 123.71004 360.38110
0.08800 0.31699 0.00000 156.21361 361.77292
0.11450 0.31699 0.00000 165.88657 361.97522
0.20250 0.31699 0.00000 198.47569 363.57709
0.22899 0.31699 0.00000 208.23221 363.95966
0.31699 0.31699 0.00000 240.66856 365.46051
0.34349 0.31699 0.00000 250.40344 365.84546
0.43149 0.31699 0.00000 282.93103 367.56009
0.45799 0.31699 0.00000 292.85416 367.87280
0.54599 0.31699 0.00000 325.77448 369.46542
0.57248 0.31699 0.00000 335.55603 369.81259
0.66048 0.31699 0.00000 368.73969 371.33878
0.00000 0.34349 0.00000 124.74762 350.37735
0.08800 0.34349 0.00000 157.16989 351.45508
0.11450 0.34349 0.00000 166.80934 352.16721
0.20250 0.34349 0.00000 199.34523 353.37534
0.22899 0.34349 0.00000 208.75389 353.68918
0.31699 0.34349 0.00000 241.27834 355.36118
0.34349 0.34349 0.00000 250.96457 355.80911
0.43149 0.34349 0.00000 283.50781 357.37357
0.45799 0.34349 0.00000 293.33627 357.59326
0.54599 0.34349 0.00000 326.17398 359.30469
0.57248 0.34349 0.00000 335.93121 359.57443
0.66048 0.34349 0.00000 368.89706 361.07889
0.00000 0.43149 0.00000 128.36957 317.30304
0.08800 0.43149 0.00000 160.43649 318.56467
0.11450 0.43149 0.00000 169.97650 319.06223
0.20250 0.43149 0.00000 201.88957 320.40250
0.22899 0.43149 0.00000 211.44946 320.59402
0.31699 0.43149 0.00000 243.35483 322.18835
0.34349 0.43149 0.00000 253.07921 322.51309
0.43149 0.43149 0.00000 285.11978 323.92099
0.45799 0.43149 0.00000 294.96536 324.25018
0.54599 0.43149 0.00000 327.23532 325.61508
0.57248 0.43149 0.00000 337.21161 326.12863
0.66048 0.43149 0.00000 369.56506 327.37326
0.00000 0.45799 0.00000 129.41957 307.56412
0.08800 0.45799 0.00000 161.38507 308.76376
0.11450 0.45799 0.00000 170.91153 309.23245
0.20250 0.45799 0.00000 202.65891 310.43658
0.22899 0.45799 0.00000 212.17291 310.86569
0.31699 0.45799 0.00000 243.91576 312.33209
0.34349 0.45799 0.00000 253.61139 312.61813
0.43149 0.45799 0.00000 285.70911 313.85211
0.45799 0.45799 0.00000 295.27386 314.47119
0.54599 0.45799 0.00000 327.67081 315.68256
0.57248 0.45799 0.00000 337.36282 316.05566
0.66048 0.45799 0.00000 369.91833 317.55185
0.00000 0.54599 0.00000 132.85350 275.50381
0.08800 0.54599 0.00000 164.49207 276.82352
0.11450 0.54599 0.00000 173.78368 277.27081
0.20250 0.54599 0.00000 205.31644 278.54031
0.22899 0.54599 0.00000 214.64951 278.78900
0.31699 0.54599 0.00000 246.07216 280.22052
0.34349 0.54599 0.00000 255.71086 280.38708
0.43149 0.54599 0.00000 287.19583 281.65689
0.45799 0.54599 0.00000 297.07047 282.01620
0.54599 0.54599 0.00000 328.69083 283.36823
0.57248 0.54599 0.00000 338.53412 283.61398
0.66048 0.54599 0.00000 370.47275 284.96927
0.00000 0.57248 0.00000 133.91652 266.25024
0.08800 0.57248 0.00000 165.29070 267.42880
0.11450 0.57248 0.00000 174.78239 267.79749
0.20250 0.57248 0.00000 205.93195 269.07129
0.22899 0.57248 0.00000 215.38937 269.51144
0.31699 0.57248 0.00000 246.66498 270.45419
0.34349 0.57248 0.00000 256.14313 270.91263
0.43149 0.57248 0.00000 287.84143 272.19998
0.45799 0.57248 0.00000 297.29224 272.48087
0.54599 0.57248 0.00000 329.27112 273.61957
0.57248 0.57248 0.00000 338.67667 274.06616
0.66048 0.57248 0.00000 370.78940 275.34421
0.00000 0.66048 0.00000 137.21873 235.30783
0.08800 0.66048 0.00000 168.37332 236.48393
0.11450 0.66048 0.00000 177.58754 236.70039
0.20250 0.66048 0.00000 208.56554 237.96368
0.22899 0.66048 0.00000 217.81700 238.31274
0.31699 0.66048 0.00000 248.78566 239.29375
0.34349 0.66048 0.00000 258.32654 239.62569
0.43149 0.66048 0.00000 289.32892 240.73340
0.45799 0.66048 0.00000 298.92447 241.13336
0.54599 0.66048 0.00000 330.24048 242.28937
0.57248 0.66048 0.00000 339.83441 242.57797
0.66048 0.66048 0.00000 371.37622 243.68138

gimbalangles:
0.174532925199 0.174532925199 0.261799387799 

end: