T_CW:
0.9987856220 0.0413818501 -0.0267361872 -0.5246580181
0.0363555848 -0.9853034857 -0.1668991090 0.6411487424
-0.0332498524 0.1657244206 -0.9856114162 1.2037503876
0.0000000000 0.0000000000 0.0000000000 1.0000000000

T_CW_cov:

target_points_pix:
0.08800 0.11450 0.00000 148.26707 441.48285
0.11450 0.11450 0.00000 158.49788 442.11978
0.20250 0.11450 0.00000 191.92023 443.60059
0.22899 0.11450 0.00000 201.80463 444.35815
0.31699 0.11450 0.00000 235.36880 445.67728
0.34349 0.11450 0.00000 245.54347 446.21432
0.43149 0.11450 0.00000 278.97940 448.09900
0.45799 0.11450 0.00000 288.92349 448.57214
0.54599 0.11450 0.00000 323.04990 450.40558
0.57248 0.11450 0.00000 333.15747 450.69034
0.66048 0.11450 0.00000 367.31332 452.64957
0.00000 0.20250 0.00000 118.72795 404.59192
0.08800 0.20250 0.00000 151.87515 406.35089
0.11450 0.20250 0.00000 161.68088 406.58774
0.20250 0.20250 0.00000 194.78230 408.46017
0.22899 0.20250 0.00000 204.69263 408.50067
0.31699 0.20250 0.00000 237.79237 410.03793
0.34349 0.20250 0.00000 247.76437 410.57101
0.43149 0.20250 0.00000 280.81168 412.32001
0.45799 0.20250 0.00000 290.85098 412.66556
0.54599 0.20250 0.00000 324.22491 414.47690
0.57248 0.20250 0.00000 334.27673 414.85938
0.66048 0.20250 0.00000 367.86459 416.50424
0.00000 0.22899 0.00000 119.83158 394.51682
0.08800 0.22899 0.00000 152.82301 395.77826
0.11450 0.22899 0.00000 162.59618 396.46237
0.20250 0.22899 0.00000 195.55896 397.61813
0.22899 0.22899 0.00000 205.48274 398.27777
0.31699 0.22899 0.00000 238.55351 399.62292
0.34349 0.22899 0.00000 248.52396 400.28860
0.43149 0.22899 0.00000 281.43701 401.81332
0.45799 0.22899 0.00000 291.37894 402.21506
0.54599 0.22899 0.00000 324.56033 403.88559
0.57248 0.22899 0.00000 334.55005 404.46252
0.66048 0.22899 0.00000 367.97961 405.92908
0.00000 0.31699 0.00000 123.62376 360.49011
0.08800 0.31699 0.00000 156.30927 361.70444
0.11450 0.31699 0.00000 165.96295 362.14420
0.20250 0.31699 0.00000 198.40643 363.57941
0.22899 0.31699 0.00000 208.24763 363.83585
0.31699 0.31699 0.00000 240.67584 365.46518
0.34349 0.31699 0.00000 250.47450 365.87927
0.43149 0.31699 0.00000 283.09921 367.51920
0.45799 0.31699 0.00000 292.83371 367.92630
0.54599 0.31699 0.00000 325.70740 369.42917
0.57248 0.31699 0.00000 335.55511 369.85242
0.66048 0.31699 0.00000 368.75494 371.47858
0.00000 0.34349 0.00000 124.72399 350.38379
0.08800 0.34349 0.00000 157.01761 351.41174
0.11450 0.34349 0.00000 166.80914 352.10156
0.20250 0.34349 0.00000 199.27628 353.36166
0.22899 0.34349 0.00000 208.77499 353.67480
0.31699 0.34349 0.00000 241.39322 355.35641
0.34349 0.34349 0.00000 250.96582 355.67319
0.43149 0.34349 0.00000 283.54584 357.40637
0.45799 0.34349 0.00000 293.38611 357.75937
0.54599 0.34349 0.00000 326.12326 359.29993
0.57248 0.34349 0.00000 335.95172 359.66263
0.66048 0.34349 0.00000 369.02658 361.34741
0.00000 0.43149 0.00000 128.39282 317.30981
0.08800 0.43149 0.00000 160.38478 318.58087
0.11450 0.43149 0.00000 170.02869 318.92807
0.20250 0.43149 0.00000 201.90384 320.35486
0.22899 0.43149 0.00000 211.46378 320.64987
0.31699 0.43149 0.00000 243.48256 322.29071
0.34349 0.43149 0.00000 252.98744 322.51877
0.43149 0.43149 0.00000 285.18286 323.98889
0.45799 0.43149 0.00000 294.90927 324.35950
0.54599 0.43149 0.00000 327.19275 325.64532
0.57248 0.43149 0.00000 337.24911 326.09344
0.66048 0.43149 0.00000 369.55573 327.43045
0.00000 0.45799 0.00000 129.33897 307.48978
0.08800 0.45799 0.00000 161.36954 308.72958
0.11450 0.45799 0.00000 170.92940 309.36194
0.20250 0.45799 0.00000 202.68877 310.36673
0.22899 0.45799 0.00000 212.25537 310.83307
0.31699 0.45799 0.00000 244.00160 312.39703
0.34349 0.45799 0.00000 253.52415 312.64999
0.43149 0.45799 0.00000 285.70694 313.99228
0.45799 0.45799 0.00000 295.31973 314.46375
0.54599 0.45799 0.00000 327.68311 315.66269
0.57248 0.45799 0.00000 337.32709 316.21783
0.66048 0.45799 0.00000 369.96213 317.54523
0.00000 0.54599 0.00000 132.97748 275.43930
0.08800 0.54599 0.00000 164.57944 276.92761
0.11450 0.54599 0.00000 173.78693 277.19302
0.20250 0.54599 0.00000 205.26430 278.50323
0.22899 0.54599 0.00000 214.67886 278.82904
0.31699 0.54599 0.00000 246.03351 280.14334
0.34349 0.54599 0.00000 255.65672 280.40738
0.43149 0.54599 0.00000 287.21524 281.62515
0.45799 0.54599 0.00000 297.07391 282.05551
0.54599 0.54599 0.00000 328.68625 283.35306
0.57248 0.54599 0.00000 338.54004 283.63635
0.66048 0.54599 0.00000 370.45355 285.00281
0.00000 0.57248 0.00000 133.94215 266.34384
0.08800 0.57248 0.00000 165.31183 267.30475
0.11450 0.57248 0.00000 174.79456 267.79654
0.20250 0.57248 0.00000 206.00349 268.92542
0.22899 0.57248 0.00000 215.39511 269.48132
0.31699 0.57248 0.00000 246.68185 270.49255
0.34349 0.57248 0.00000 256.14810 270.91147
0.43149 0.57248 0.00000 287.80066 272.10153
0.45799 0.57248 0.00000 297.25110 272.52383
0.54599 0.57248 0.00000 329.30182 273.63385
0.57248 0.57248 0.00000 338.62061 274.08350
0.66048 0.57248 0.00000 370.75610 275.34003
0.00000 0.66048 0.00000 137.19630 235.23875
0.08800 0.66048 0.00000 168.34302 236.52449
0.11450 0.66048 0.00000 177.61627 236.66696
0.20250 0.66048 0.00000 208.51787 237.76901
0.22899 0.66048 0.00000 217.78653 238.25995
0.31699 0.66048 0.00000 248.76793 239.32137
0.34349 0.66048 0.00000 258.27399 239.60129
0.43149 0.66048 0.00000 289.31046 240.73036
0.45799 0.66048 0.00000 298.97427 241.11966
0.54599 0.66048 0.00000 330.22061 242.37018
0.57248 0.66048 0.00000 339.85870 242.56187
0.66048 0.66048 0.00000 371.34698 243.69518

gimbalangles:
0.174532925199 0.174532925199 0.436332312999 

end: