T_CW:
0.9045986376 -0.2902697425 -0.3121614669 0.1518182691
-0.3202594240 -0.9460968743 -0.0483177591 0.5035895443
-0.2813098046 0.1436808306 -0.9487995641 1.3173856591
0.0000000000 0.0000000000 0.0000000000 1.0000000000

T_CW_cov:

target_points_pix:
0.34349 0.00000 0.00000 1065.33228 708.48590
0.43149 0.00000 0.00000 1148.05725 689.64362
0.45799 0.00000 0.00000 1173.72656 683.78412
0.34349 0.08800 0.00000 1037.74829 629.39337
0.43149 0.08800 0.00000 1118.90491 609.33759
0.45799 0.08800 0.00000 1144.09814 603.28644
0.54599 0.08800 0.00000 1229.60461 581.95752
0.00000 0.11450 0.00000 743.24384 678.90253
0.08800 0.11450 0.00000 812.65350 661.26910
0.11450 0.11450 0.00000 833.98346 655.64630
0.20250 0.11450 0.00000 906.87646 637.34308
0.22899 0.11450 0.00000 929.34698 631.55933
0.31699 0.11450 0.00000 1005.98993 612.11292
0.34349 0.11450 0.00000 1029.59888 606.04932
0.43149 0.11450 0.00000 1110.32141 585.64893
0.45799 0.11450 0.00000 1135.33594 579.39844
0.54599 0.11450 0.00000 1220.41809 557.61505
0.00000 0.20250 0.00000 721.34125 607.40466
0.08800 0.20250 0.00000 789.51257 588.67474
0.11450 0.20250 0.00000 810.43805 582.80603
0.20250 0.20250 0.00000 882.20959 563.13641
0.22899 0.20250 0.00000 904.27057 557.04730
0.31699 0.20250 0.00000 979.53125 536.22858
0.34349 0.20250 0.00000 1002.85284 529.78107
0.43149 0.20250 0.00000 1082.14429 508.03500
0.45799 0.20250 0.00000 1106.80359 501.29993
0.54599 0.20250 0.00000 1190.45410 478.10788
0.00000 0.22899 0.00000 714.62463 586.18658
0.08800 0.22899 0.00000 782.69397 567.14874
0.11450 0.22899 0.00000 803.55792 561.11725
0.20250 0.22899 0.00000 874.84961 541.14185
0.22899 0.22899 0.00000 896.85291 534.87531
0.31699 0.22899 0.00000 971.68048 513.63477
0.34349 0.22899 0.00000 995.22968 507.30872
0.43149 0.22899 0.00000 1073.86951 484.94644
0.45799 0.22899 0.00000 1098.45667 478.10193
0.54599 0.22899 0.00000 1181.58130 454.50034
0.00000 0.31699 0.00000 693.24231 516.45850
0.08800 0.31699 0.00000 760.21802 496.09048
0.11450 0.31699 0.00000 780.66913 489.92896
0.20250 0.31699 0.00000 850.97076 468.79431
0.22899 0.31699 0.00000 872.65155 462.15274
0.31699 0.31699 0.00000 946.55396 439.87457
0.34349 0.31699 0.00000 969.30145 432.93527
0.43149 0.31699 0.00000 1046.72742 409.38257
0.45799 0.31699 0.00000 1070.86633 402.18146
0.54599 0.31699 0.00000 1152.59583 377.29117
0.00000 0.34349 0.00000 686.81958 495.51486
0.08800 0.34349 0.00000 753.55017 475.14218
0.11450 0.34349 0.00000 774.14227 468.82474
0.20250 0.34349 0.00000 843.89771 447.25192
0.22899 0.34349 0.00000 865.49512 440.45926
0.31699 0.34349 0.00000 938.84650 417.86755
0.34349 0.34349 0.00000 961.55542 410.80508
0.43149 0.34349 0.00000 1038.72437 386.90787
0.45799 0.34349 0.00000 1062.59131 379.52063
0.54599 0.34349 0.00000 1143.91040 354.24323
0.57248 0.34349 0.00000 1169.24597 346.51328
0.00000 0.43149 0.00000 666.00195 427.60635
0.08800 0.43149 0.00000 731.53278 405.98846
0.11450 0.43149 0.00000 751.85693 399.25073
0.20250 0.43149 0.00000 820.53937 376.55560
0.22899 0.43149 0.00000 841.73108 369.52893
0.31699 0.43149 0.00000 914.25049 345.79532
0.34349 0.43149 0.00000 936.54718 338.39502
0.43149 0.43149 0.00000 1012.54840 313.24567
0.45799 0.43149 0.00000 1035.88257 305.48907
0.54599 0.43149 0.00000 1115.73145 279.10706
0.57248 0.43149 0.00000 1140.62720 270.85571
0.00000 0.45799 0.00000 659.80096 407.34741
0.08800 0.45799 0.00000 725.10199 385.37286
0.11450 0.45799 0.00000 745.31921 378.59311
0.20250 0.45799 0.00000 813.67572 355.60510
0.22899 0.45799 0.00000 834.99005 348.51385
0.31699 0.45799 0.00000 907.01746 324.33301
0.34349 0.45799 0.00000 928.89166 316.91028
0.43149 0.45799 0.00000 1004.59479 291.44852
0.45799 0.45799 0.00000 1028.00977 283.51895
0.54599 0.45799 0.00000 1107.44690 256.72531
0.57248 0.45799 0.00000 1131.91589 248.39297
0.66048 0.45799 0.00000 1215.79065 220.09422
0.00000 0.54599 0.00000 639.38586 340.89835
0.08800 0.54599 0.00000 703.72137 318.03336
0.11450 0.54599 0.00000 723.71826 310.91782
0.20250 0.54599 0.00000 791.12695 286.88910
0.22899 0.54599 0.00000 812.08777 279.37500
0.31699 0.54599 0.00000 882.65851 254.13319
0.34349 0.54599 0.00000 904.46619 246.30194
0.43149 0.54599 0.00000 978.68073 219.75862
0.45799 0.54599 0.00000 1001.66736 211.49414
0.54599 0.54599 0.00000 1079.81384 183.47334
0.57248 0.54599 0.00000 1103.98206 174.90486
0.66048 0.54599 0.00000 1186.54590 145.27150
0.00000 0.57248 0.00000 633.40137 321.01434
0.08800 0.57248 0.00000 697.65326 297.95737
0.11450 0.57248 0.00000 717.38361 290.76898
0.20250 0.57248 0.00000 784.53864 266.27634
0.22899 0.57248 0.00000 805.26154 258.85843
0.31699 0.57248 0.00000 875.55579 233.28262
0.34349 0.57248 0.00000 897.41992 225.35143
0.43149 0.57248 0.00000 971.17682 198.42665
0.45799 0.57248 0.00000 993.90021 190.11166
0.54599 0.57248 0.00000 1071.57239 161.82257
0.57248 0.57248 0.00000 1095.65295 153.03052
0.66048 0.57248 0.00000 1177.81470 123.11127
0.00000 0.66048 0.00000 613.51489 256.21432
0.08800 0.66048 0.00000 676.66095 232.04094
0.11450 0.66048 0.00000 696.11505 224.50995
0.20250 0.66048 0.00000 762.17847 199.27931
0.22899 0.66048 0.00000 782.72638 191.20050
0.31699 0.66048 0.00000 851.93359 164.56261
0.34349 0.66048 0.00000 873.29724 156.54167
0.43149 0.66048 0.00000 945.99847 128.43246
0.45799 0.66048 0.00000 968.35864 119.79891
0.54599 0.66048 0.00000 1044.99915 90.46007
0.57248 0.66048 0.00000 1068.65784 81.29385

gimbalangles:
0.174532925199 0.349065850399 -0.261799387799 

end: