T_CW:
0.9988161768 0.0409628292 -0.0262353129 -0.5246962783
0.0360270070 -0.9853242085 -0.1668480113 0.6414354999
-0.0326848555 0.1657053130 -0.9856335270 1.2036693308
0.0000000000 0.0000000000 0.0000000000 1.0000000000

T_CW_cov:

target_points_pix:
0.08800 0.11450 0.00000 148.36110 441.60272
0.11450 0.11450 0.00000 158.14729 442.32358
0.20250 0.11450 0.00000 191.84689 443.66223
0.22899 0.11450 0.00000 201.70886 444.29910
0.34349 0.11450 0.00000 245.41647 446.36057
0.43149 0.11450 0.00000 279.08878 447.97971
0.45799 0.11450 0.00000 289.11539 448.48022
0.54599 0.11450 0.00000 322.90814 450.27713
0.57248 0.11450 0.00000 332.96170 450.74408
0.66048 0.11450 0.00000 367.27536 452.55814
0.00000 0.20250 0.00000 118.66522 404.84949
0.08800 0.20250 0.00000 151.74487 406.41440
0.11450 0.20250 0.00000 161.72604 406.74817
0.20250 0.20250 0.00000 194.56012 408.43500
0.22899 0.20250 0.00000 204.61780 408.57800
0.31699 0.20250 0.00000 237.68636 410.28705
0.34349 0.20250 0.00000 247.65517 410.62991
0.43149 0.20250 0.00000 280.80685 412.27603
0.45799 0.20250 0.00000 290.75955 412.87115
0.54599 0.20250 0.00000 324.17804 414.60846
0.57248 0.20250 0.00000 334.28491 414.84390
0.66048 0.20250 0.00000 367.80573 416.65247
0.00000 0.22899 0.00000 119.77269 394.54294
0.08800 0.22899 0.00000 152.82996 395.88535
0.11450 0.22899 0.00000 162.66354 396.53882
0.22899 0.22899 0.00000 205.51601 398.42404
0.34349 0.22899 0.00000 248.19807 400.29095
0.43149 0.22899 0.00000 281.40631 401.83420
0.45799 0.22899 0.00000 291.36069 402.44827
0.54599 0.22899 0.00000 324.51910 403.73529
0.57248 0.22899 0.00000 334.47748 404.31961
0.66048 0.22899 0.00000 368.04434 406.01297
0.00000 0.31699 0.00000 123.59201 360.54703
0.08800 0.31699 0.00000 156.18031 361.85596
0.11450 0.31699 0.00000 165.99799 362.29251
0.20250 0.31699 0.00000 198.23175 363.59668
0.22899 0.31699 0.00000 208.09119 364.10669
0.31699 0.31699 0.00000 240.61191 365.64383
0.34349 0.31699 0.00000 250.33160 366.00366
0.43149 0.31699 0.00000 282.97449 367.56641
0.45799 0.31699 0.00000 292.89337 367.90091
0.54599 0.31699 0.00000 325.72061 369.45346
0.57248 0.31699 0.00000 335.60165 369.76044
0.66048 0.31699 0.00000 368.64572 371.33673
0.00000 0.34349 0.00000 124.61134 350.39615
0.08800 0.34349 0.00000 157.04224 351.68619
0.11450 0.34349 0.00000 166.79131 352.23041
0.22899 0.34349 0.00000 208.84492 353.79977
0.31699 0.34349 0.00000 241.28188 355.33051
0.34349 0.34349 0.00000 250.84343 355.75360
0.43149 0.34349 0.00000 283.47284 357.44226
0.45799 0.34349 0.00000 293.29233 357.79568
0.54599 0.34349 0.00000 326.11206 359.32047
0.57248 0.34349 0.00000 335.96320 359.68326
0.66048 0.34349 0.00000 368.89709 361.19174
0.00000 0.43149 0.00000 128.27670 317.31918
0.08800 0.43149 0.00000 160.25644 318.70590
0.11450 0.43149 0.00000 169.85704 318.99286
0.20250 0.43149 0.00000 201.76906 320.49832
0.22899 0.43149 0.00000 211.39149 320.66327
0.31699 0.43149 0.00000 243.38901 322.17355
0.34349 0.43149 0.00000 252.83348 322.58591
0.43149 0.43149 0.00000 285.07538 323.89038
0.45799 0.43149 0.00000 294.85800 324.31168
0.54599 0.43149 0.00000 327.17230 325.63623
0.57248 0.43149 0.00000 337.04388 326.15143
0.66048 0.43149 0.00000 369.48447 327.44397
0.00000 0.45799 0.00000 129.26067 307.71423
0.08800 0.45799 0.00000 161.30684 308.78241
0.11450 0.45799 0.00000 170.77725 309.29669
0.20250 0.45799 0.00000 202.58365 310.38742
0.22899 0.45799 0.00000 212.07144 311.11649
0.31699 0.45799 0.00000 243.82376 312.34534
0.34349 0.45799 0.00000 253.52029 312.76419
0.43149 0.45799 0.00000 285.65198 313.99643
0.45799 0.45799 0.00000 295.24606 314.46677
0.54599 0.45799 0.00000 327.67993 315.72491
0.57248 0.45799 0.00000 337.24933 316.24496
0.66048 0.45799 0.00000 369.80286 317.57111
0.08800 0.54599 0.00000 164.38338 277.07285
0.11450 0.54599 0.00000 173.78845 277.26440
0.20250 0.54599 0.00000 205.25830 278.52094
0.22899 0.54599 0.00000 214.64078 278.95258
0.31699 0.54599 0.00000 245.97719 280.14044
0.34349 0.54599 0.00000 255.51369 280.50821
0.43149 0.54599 0.00000 287.16147 281.68823
0.45799 0.54599 0.00000 296.90546 282.12344
0.54599 0.54599 0.00000 328.60123 283.37619
0.57248 0.54599 0.00000 338.47330 283.66312
0.66048 0.54599 0.00000 370.36105 284.98532
0.00000 0.57248 0.00000 133.72847 266.39026
0.08800 0.57248 0.00000 165.19371 267.49500
0.11450 0.57248 0.00000 174.62451 267.93573
0.20250 0.57248 0.00000 205.79240 269.12256
0.22899 0.57248 0.00000 215.39388 269.50891
0.31699 0.57248 0.00000 246.56870 270.52109
0.34349 0.57248 0.00000 256.13110 270.98468
0.43149 0.57248 0.00000 287.77921 272.15280
0.45799 0.57248 0.00000 297.23618 272.54562
0.54599 0.57248 0.00000 329.16925 273.65469
0.57248 0.57248 0.00000 338.55667 274.15454
0.66048 0.57248 0.00000 370.72339 275.39877
0.00000 0.66048 0.00000 137.21262 235.31979
0.08800 0.66048 0.00000 168.19739 236.61259
0.11450 0.66048 0.00000 177.52144 236.80460
0.20250 0.66048 0.00000 208.45372 237.98470
0.22899 0.66048 0.00000 217.69014 238.36200
0.31699 0.66048 0.00000 248.66945 239.36826
0.34349 0.66048 0.00000 258.25549 239.65659
0.43149 0.66048 0.00000 289.28656 240.77107
0.45799 0.66048 0.00000 298.81836 241.20491
0.54599 0.66048 0.00000 330.13980 242.32288
0.57248 0.66048 0.00000 339.73077 242.62105
0.66048 0.66048 0.00000 371.26721 243.69008

gimbalangles:
0.174532925199 0.349065850399 -0.261799387799 

end: