T_CW:
0.9452800742 -0.2878082917 -0.1536618647 -0.0750921658
-0.3060893152 -0.9453534573 -0.1123217336 0.5827575757
-0.1129376488 0.1532097517 -0.9817188291 1.2897644443
0.0000000000 0.0000000000 0.0000000000 1.0000000000

T_CW_cov:

target_points_pix:
0.34349 0.11450 0.00000 834.30573 673.26715
0.43149 0.11450 0.00000 909.12238 652.25323
0.45799 0.11450 0.00000 931.62805 645.71210
0.54599 0.11450 0.00000 1008.20624 624.11884
0.57248 0.11450 0.00000 1031.51257 617.63446
0.66048 0.11450 0.00000 1109.66785 595.60944
0.22899 0.20250 0.00000 715.86804 625.34753
0.31699 0.20250 0.00000 788.29651 604.37189
0.34349 0.20250 0.00000 810.31964 597.96710
0.43149 0.20250 0.00000 884.08179 576.54382
0.45799 0.20250 0.00000 906.58374 570.14233
0.54599 0.20250 0.00000 981.83374 548.09747
0.57248 0.20250 0.00000 1004.93341 541.41156
0.66048 0.20250 0.00000 1081.94299 518.99310
0.00000 0.22899 0.00000 527.20178 656.57074
0.08800 0.22899 0.00000 596.21692 636.37549
0.11450 0.22899 0.00000 617.39587 630.15814
0.20250 0.22899 0.00000 687.67444 609.38794
0.22899 0.22899 0.00000 709.35126 603.28815
0.31699 0.22899 0.00000 781.44269 582.20776
0.34349 0.22899 0.00000 803.34174 575.71973
0.43149 0.22899 0.00000 876.76776 554.15521
0.45799 0.22899 0.00000 899.24634 547.66028
0.54599 0.22899 0.00000 974.33514 525.51746
0.57248 0.22899 0.00000 997.18530 518.80164
0.66048 0.22899 0.00000 1073.85840 496.25504
0.00000 0.31699 0.00000 507.34732 584.85565
0.08800 0.31699 0.00000 575.59143 564.20209
0.11450 0.31699 0.00000 596.39886 558.01404
0.20250 0.31699 0.00000 666.09552 537.03699
0.22899 0.31699 0.00000 687.33185 530.50336
0.31699 0.31699 0.00000 758.42188 509.12900
0.34349 0.31699 0.00000 780.03210 502.46014
0.43149 0.31699 0.00000 852.56073 480.60773
0.45799 0.31699 0.00000 874.63165 473.85684
0.54599 0.31699 0.00000 948.89008 451.57629
0.57248 0.31699 0.00000 971.42749 444.64160
0.66048 0.31699 0.00000 1046.78943 421.82465
0.00000 0.34349 0.00000 501.46225 563.54657
0.08800 0.34349 0.00000 569.51428 542.68652
0.11450 0.34349 0.00000 590.29559 536.52911
0.20250 0.34349 0.00000 659.70062 515.38635
0.22899 0.34349 0.00000 680.78235 508.94559
0.31699 0.34349 0.00000 751.53210 487.37564
0.34349 0.34349 0.00000 773.17456 480.74380
0.43149 0.34349 0.00000 845.48376 458.75040
0.45799 0.34349 0.00000 867.49615 451.96985
0.54599 0.34349 0.00000 941.43707 429.56378
0.57248 0.34349 0.00000 963.70825 422.62485
0.66048 0.34349 0.00000 1038.92395 399.53098
0.00000 0.43149 0.00000 482.38556 493.47183
0.08800 0.43149 0.00000 549.54065 472.47842
0.11450 0.43149 0.00000 570.07605 466.12140
0.20250 0.43149 0.00000 638.48535 444.53302
0.22899 0.43149 0.00000 659.39929 438.03922
0.31699 0.43149 0.00000 729.11859 416.22095
0.34349 0.43149 0.00000 750.39697 409.49835
0.43149 0.43149 0.00000 821.58093 387.20410
0.45799 0.43149 0.00000 843.45319 380.38467
0.54599 0.43149 0.00000 916.39685 357.52963
0.57248 0.43149 0.00000 938.51178 350.51825
0.66048 0.43149 0.00000 1012.97424 327.19440
0.00000 0.45799 0.00000 476.53299 472.76651
0.08800 0.45799 0.00000 543.57263 451.58960
0.11450 0.45799 0.00000 563.90070 445.13571
0.20250 0.45799 0.00000 632.19531 423.48575
0.22899 0.45799 0.00000 652.86761 417.11908
0.31699 0.45799 0.00000 722.48065 395.08298
0.34349 0.45799 0.00000 743.62573 388.31409
0.43149 0.45799 0.00000 814.62921 365.90305
0.45799 0.45799 0.00000 836.40491 359.08484
0.54599 0.45799 0.00000 908.93872 336.18988
0.57248 0.45799 0.00000 931.22571 329.16479
0.08800 0.54599 0.00000 524.17236 383.21039
0.11450 0.54599 0.00000 544.17950 376.63681
0.20250 0.54599 0.00000 611.43933 354.90051
0.22899 0.54599 0.00000 632.13306 348.22449
0.31699 0.54599 0.00000 700.68707 325.85419
0.34349 0.54599 0.00000 721.53601 319.06287
0.43149 0.54599 0.00000 791.70984 296.29468
0.45799 0.54599 0.00000 813.27881 289.37149
0.54599 0.54599 0.00000 884.78693 266.11877
0.57248 0.54599 0.00000 906.69122 259.08859
0.66048 0.54599 0.00000 979.67456 235.17783
0.00000 0.57248 0.00000 452.28033 384.35312
0.08800 0.57248 0.00000 518.32922 362.97720
0.11450 0.57248 0.00000 538.46851 356.34344
0.20250 0.57248 0.00000 605.53674 334.33585
0.22899 0.57248 0.00000 625.91516 327.73572
0.31699 0.57248 0.00000 694.41064 305.37845
0.34349 0.57248 0.00000 715.22235 298.61893
0.43149 0.57248 0.00000 785.09387 275.67978
0.45799 0.57248 0.00000 806.39258 268.69446
0.54599 0.57248 0.00000 877.71594 245.30684
0.57248 0.57248 0.00000 899.41339 238.19116
0.66048 0.57248 0.00000 972.27362 214.22050
0.00000 0.66048 0.00000 433.87308 317.78809
0.08800 0.66048 0.00000 499.29428 296.19293
0.11450 0.66048 0.00000 519.14990 289.53943
0.20250 0.66048 0.00000 585.51093 267.33743
0.22899 0.66048 0.00000 605.68756 260.62717
0.31699 0.66048 0.00000 673.22760 237.97900
0.34349 0.66048 0.00000 693.93286 230.91093
0.43149 0.66048 0.00000 762.79871 207.80322
0.45799 0.66048 0.00000 783.62659 200.71872
0.54599 0.66048 0.00000 854.46649 177.02815
0.57248 0.66048 0.00000 875.67963 169.84491

gimbalangles:
0.174532925199 0.349065850399 -0.0872664625997 

end: