T_CW:
0.9988226771 0.0407973775 -0.0262456417 -0.5246827495
0.0358548795 -0.9852936937 -0.1670651515 0.6415328915
-0.0326754853 0.1659274276 -0.9855964699 1.2036566431
0.0000000000 0.0000000000 0.0000000000 1.0000000000

T_CW_cov:

target_points_pix:
0.08800 0.11450 0.00000 148.37102 441.58481
0.20250 0.11450 0.00000 191.70676 443.63281
0.22899 0.11450 0.00000 201.77222 444.24905
0.31699 0.11450 0.00000 235.42378 445.78073
0.34349 0.11450 0.00000 245.43179 446.48306
0.43149 0.11450 0.00000 279.10251 447.91656
0.45799 0.11450 0.00000 288.96118 448.64548
0.54599 0.11450 0.00000 322.96359 450.36777
0.57248 0.11450 0.00000 333.09973 450.60526
0.66048 0.11450 0.00000 367.19482 452.62814
0.00000 0.20250 0.00000 118.79647 404.94421
0.08800 0.20250 0.00000 151.88545 406.47165
0.11450 0.20250 0.00000 161.59363 406.72681
0.20250 0.20250 0.00000 194.67348 408.37930
0.22899 0.20250 0.00000 204.54042 408.70706
0.31699 0.20250 0.00000 237.63876 410.30930
0.34349 0.20250 0.00000 247.69621 410.63498
0.43149 0.20250 0.00000 280.84567 412.30624
0.45799 0.20250 0.00000 290.85785 412.69885
0.54599 0.20250 0.00000 324.15375 414.38708
0.57248 0.20250 0.00000 334.30420 414.87900
0.66048 0.20250 0.00000 367.67551 416.59708
0.00000 0.22899 0.00000 119.82774 394.72000
0.08800 0.22899 0.00000 152.88972 395.96506
0.11450 0.22899 0.00000 162.56741 396.49158
0.22899 0.22899 0.00000 205.45319 398.36441
0.34349 0.22899 0.00000 248.38391 400.26959
0.43149 0.22899 0.00000 281.38211 401.78299
0.45799 0.22899 0.00000 291.29044 402.36499
0.54599 0.22899 0.00000 324.45068 403.91412
0.57248 0.22899 0.00000 334.48969 404.40353
0.66048 0.22899 0.00000 367.94699 406.02490
0.00000 0.31699 0.00000 123.59642 360.49149
0.08800 0.31699 0.00000 156.28133 362.04541
0.11450 0.31699 0.00000 165.86441 362.16888
0.20250 0.31699 0.00000 198.48129 363.66605
0.22899 0.31699 0.00000 208.02823 363.84647
0.31699 0.31699 0.00000 240.59137 365.57458
0.34349 0.31699 0.00000 250.35286 365.99899
0.43149 0.31699 0.00000 283.01422 367.56635
0.45799 0.31699 0.00000 292.76324 367.94092
0.54599 0.31699 0.00000 325.68137 369.42606
0.57248 0.31699 0.00000 335.54279 369.89612
0.66048 0.31699 0.00000 368.63217 371.44540
0.00000 0.34349 0.00000 124.67279 350.47177
0.08800 0.34349 0.00000 157.05295 351.65131
0.11450 0.34349 0.00000 166.80553 352.27686
0.20250 0.34349 0.00000 199.08969 353.46579
0.22899 0.34349 0.00000 208.78514 353.82184
0.31699 0.34349 0.00000 241.27089 355.34137
0.34349 0.34349 0.00000 250.86588 355.77759
0.43149 0.34349 0.00000 283.50101 357.36429
0.45799 0.34349 0.00000 293.26614 357.69135
0.54599 0.34349 0.00000 326.04535 359.24548
0.57248 0.34349 0.00000 335.91577 359.58215
0.66048 0.34349 0.00000 368.83426 361.23114
0.00000 0.43149 0.00000 128.15076 317.36047
0.08800 0.43149 0.00000 160.31972 318.70535
0.11450 0.43149 0.00000 169.86105 319.00165
0.20250 0.43149 0.00000 201.74855 320.50607
0.22899 0.43149 0.00000 211.35805 320.88855
0.31699 0.43149 0.00000 243.32050 322.30182
0.34349 0.43149 0.00000 252.80954 322.54340
0.43149 0.43149 0.00000 284.95618 323.90701
0.45799 0.43149 0.00000 294.85352 324.37830
0.54599 0.43149 0.00000 327.15848 325.67444
0.57248 0.43149 0.00000 337.16165 326.23242
0.66048 0.43149 0.00000 369.49365 327.45715
0.00000 0.45799 0.00000 129.36726 307.85699
0.08800 0.45799 0.00000 161.22255 308.90265
0.11450 0.45799 0.00000 170.80075 309.54236
0.20250 0.45799 0.00000 202.62318 310.55695
0.22899 0.45799 0.00000 212.03023 311.02551
0.31699 0.45799 0.00000 243.87720 312.38068
0.34349 0.45799 0.00000 253.51791 312.69296
0.43149 0.45799 0.00000 285.68860 314.00381
0.45799 0.45799 0.00000 295.26346 314.49976
0.54599 0.45799 0.00000 327.65839 315.70245
0.57248 0.45799 0.00000 337.35574 316.14526
0.66048 0.45799 0.00000 369.80615 317.51248
0.00000 0.54599 0.00000 132.64406 275.69000
0.08800 0.54599 0.00000 164.43875 277.07861
0.11450 0.54599 0.00000 173.68211 277.38428
0.20250 0.54599 0.00000 205.22398 278.59671
0.22899 0.54599 0.00000 214.49977 278.93906
0.31699 0.54599 0.00000 245.92247 280.12091
0.34349 0.54599 0.00000 255.54350 280.51813
0.43149 0.54599 0.00000 287.12561 281.64624
0.45799 0.54599 0.00000 296.94641 282.16669
0.54599 0.54599 0.00000 328.58350 283.38635
0.57248 0.54599 0.00000 338.46915 283.64453
0.66048 0.54599 0.00000 370.36694 284.97668
0.00000 0.57248 0.00000 133.78650 266.50296
0.08800 0.57248 0.00000 165.21278 267.42917
0.11450 0.57248 0.00000 174.65683 268.08472
0.20250 0.57248 0.00000 205.89056 269.04300
0.22899 0.57248 0.00000 215.35312 269.55130
0.31699 0.57248 0.00000 246.60988 270.55627
0.34349 0.57248 0.00000 256.13919 270.89026
0.43149 0.57248 0.00000 287.76257 272.19464
0.45799 0.57248 0.00000 297.20413 272.55841
0.54599 0.57248 0.00000 329.15665 273.64566
0.57248 0.57248 0.00000 338.50986 274.10342
0.66048 0.57248 0.00000 370.65738 275.41034
0.00000 0.66048 0.00000 137.14363 235.22621
0.08800 0.66048 0.00000 168.22644 236.58827
0.11450 0.66048 0.00000 177.50587 236.71745
0.20250 0.66048 0.00000 208.41603 238.07913
0.22899 0.66048 0.00000 217.58369 238.35449
0.31699 0.66048 0.00000 248.58640 239.38930
0.34349 0.66048 0.00000 258.22733 239.68141
0.43149 0.66048 0.00000 289.16132 240.79456
0.45799 0.66048 0.00000 298.80789 241.24373
0.54599 0.66048 0.00000 330.11945 242.33371
0.57248 0.66048 0.00000 339.72141 242.62280
0.66048 0.66048 0.00000 371.23175 243.69873

gimbalangles:
0.174532925199 0.349065850399 -0.0872664625997 

end: