T_CW:
0.9991355008 0.0363561430 -0.0201613963 -0.4117146926
0.0326063469 -0.9861763321 -0.1624594355 0.6370424007
-0.0257890904 0.1616616000 -0.9865092244 1.2037444051
0.0000000000 0.0000000000 0.0000000000 1.0000000000

T_CW_cov:

target_points_pix:
0.00000 0.11450 0.00000 162.12457 429.67419
0.08800 0.11450 0.00000 195.24358 431.18979
0.11450 0.11450 0.00000 205.06433 431.58160
0.20250 0.11450 0.00000 238.40280 433.02982
0.22899 0.11450 0.00000 248.33878 433.40112
0.31699 0.11450 0.00000 281.60660 434.80560
0.34349 0.11450 0.00000 291.56277 435.31796
0.43149 0.11450 0.00000 324.99088 436.75909
0.45799 0.11450 0.00000 334.98633 437.21762
0.54599 0.11450 0.00000 368.70218 438.51385
0.66048 0.11450 0.00000 412.54132 440.56662
0.00000 0.20250 0.00000 165.27489 394.96765
0.08800 0.20250 0.00000 197.81604 396.39606
0.11450 0.20250 0.00000 207.66341 396.71948
0.20250 0.20250 0.00000 240.53662 398.04593
0.22899 0.20250 0.00000 250.48476 398.39056
0.31699 0.20250 0.00000 283.25635 399.73199
0.34349 0.20250 0.00000 293.26587 400.25800
0.43149 0.20250 0.00000 326.13739 401.54868
0.45799 0.20250 0.00000 336.18652 401.96460
0.54599 0.20250 0.00000 369.19595 403.38132
0.57248 0.20250 0.00000 379.28500 403.73093
0.66048 0.20250 0.00000 412.45908 405.21619
0.00000 0.22899 0.00000 165.97275 384.77698
0.08800 0.22899 0.00000 198.63991 386.09741
0.11450 0.22899 0.00000 208.47609 386.49878
0.20250 0.22899 0.00000 241.23891 387.71133
0.22899 0.22899 0.00000 250.98695 388.21371
0.31699 0.22899 0.00000 283.71970 389.50003
0.34349 0.22899 0.00000 293.52060 389.81641
0.43149 0.22899 0.00000 326.52985 391.27377
0.45799 0.22899 0.00000 336.42349 391.67120
0.54599 0.22899 0.00000 369.47455 393.05246
0.57248 0.22899 0.00000 379.36780 393.42151
0.66048 0.22899 0.00000 412.53259 394.73776
0.00000 0.31699 0.00000 169.04361 351.18738
0.08800 0.31699 0.00000 201.26933 352.39828
0.11450 0.31699 0.00000 210.89082 352.67438
0.20250 0.31699 0.00000 243.23178 353.92969
0.22899 0.31699 0.00000 252.88635 354.35919
0.31699 0.31699 0.00000 285.34015 355.61584
0.34349 0.31699 0.00000 295.04633 356.06509
0.43149 0.31699 0.00000 327.57120 357.38599
0.45799 0.31699 0.00000 337.35056 357.63559
0.54599 0.31699 0.00000 370.00687 358.87207
0.57248 0.31699 0.00000 379.83704 359.35159
0.66048 0.31699 0.00000 412.59579 360.59006
0.00000 0.34349 0.00000 169.76569 341.24323
0.08800 0.34349 0.00000 201.92947 342.36597
0.11450 0.34349 0.00000 211.61299 342.73270
0.20250 0.34349 0.00000 243.76089 344.08066
0.22899 0.34349 0.00000 253.51672 344.40900
0.31699 0.34349 0.00000 285.73648 345.57523
0.34349 0.34349 0.00000 295.47037 346.13620
0.43149 0.34349 0.00000 327.84311 347.34509
0.45799 0.34349 0.00000 337.61761 347.60510
0.54599 0.34349 0.00000 370.16446 348.86304
0.57248 0.34349 0.00000 379.93530 349.21222
0.66048 0.34349 0.00000 412.64822 350.47849
0.00000 0.43149 0.00000 172.66731 308.50592
0.08800 0.43149 0.00000 204.52286 309.63235
0.11450 0.43149 0.00000 213.97701 309.96994
0.20250 0.43149 0.00000 245.71056 311.24426
0.22899 0.43149 0.00000 255.37738 311.60178
0.31699 0.43149 0.00000 287.25415 312.72165
0.34349 0.43149 0.00000 296.89917 313.27191
0.43149 0.43149 0.00000 328.87274 314.37936
0.45799 0.43149 0.00000 338.61349 314.74112
0.54599 0.43149 0.00000 370.68695 315.85132
0.57248 0.43149 0.00000 380.44302 316.30585
0.66048 0.43149 0.00000 412.67151 317.36670
0.00000 0.45799 0.00000 173.53766 298.84082
0.08800 0.45799 0.00000 205.27954 300.09073
0.11450 0.45799 0.00000 214.67587 300.42944
0.20250 0.45799 0.00000 246.42181 301.53128
0.22899 0.45799 0.00000 255.84172 301.84253
0.31699 0.45799 0.00000 287.62924 303.19470
0.34349 0.45799 0.00000 297.32654 303.48224
0.43149 0.45799 0.00000 329.26920 304.60492
0.45799 0.45799 0.00000 338.78391 304.91614
0.54599 0.45799 0.00000 370.94205 306.20514
0.57248 0.45799 0.00000 380.54196 306.40820
0.66048 0.45799 0.00000 412.75269 307.56793
0.00000 0.54599 0.00000 176.38687 267.21698
0.08800 0.54599 0.00000 207.57368 268.38647
0.11450 0.54599 0.00000 216.94020 268.56744
0.20250 0.54599 0.00000 248.32736 269.68948
0.22899 0.54599 0.00000 257.64633 270.22247
0.31699 0.54599 0.00000 289.17584 271.27835
0.34349 0.54599 0.00000 298.58545 271.55466
0.43149 0.54599 0.00000 330.27649 272.62900
0.45799 0.54599 0.00000 339.73019 273.04544
0.54599 0.54599 0.00000 371.44916 274.08887
0.57248 0.54599 0.00000 381.17984 274.46713
0.66048 0.54599 0.00000 412.90155 275.40009
0.00000 0.57248 0.00000 177.04616 257.82803
0.08800 0.57248 0.00000 208.34863 258.91608
0.11450 0.57248 0.00000 217.61151 259.37146
0.20250 0.57248 0.00000 248.79211 260.42377
0.22899 0.57248 0.00000 258.26596 260.62439
0.31699 0.57248 0.00000 289.56998 261.72565
0.34349 0.57248 0.00000 299.11969 262.13239
0.45799 0.57248 0.00000 340.15775 263.44412
0.54599 0.57248 0.00000 371.60547 264.55533
0.57248 0.57248 0.00000 381.27643 264.74210
0.66048 0.57248 0.00000 412.83844 265.86813
0.00000 0.66048 0.00000 179.68736 227.12071
0.08800 0.66048 0.00000 210.54860 228.22005
0.11450 0.66048 0.00000 219.79036 228.41762
0.20250 0.66048 0.00000 250.61092 229.46574
0.22899 0.66048 0.00000 260.03354 229.73134
0.31699 0.66048 0.00000 290.87869 230.66290
0.34349 0.66048 0.00000 300.39758 231.11787
0.43149 0.66048 0.00000 331.51273 232.09320
0.45799 0.66048 0.00000 340.91919 232.39333
0.54599 0.66048 0.00000 372.25037 233.31668
0.57248 0.66048 0.00000 381.54926 233.66096
0.66048 0.66048 0.00000 412.97482 234.55499

gimbalangles:
0.174532925199 0.349065850399 0.0872664625997 

end: