T_CW:
0.9560814772 0.2152165568 0.1989724669 -0.7191481888
0.1365056007 -0.9276893496 0.3475035131 -0.2452469500
0.2593731480 -0.3050808160 -0.9163248691 1.1914986628
0.0000000000 0.0000000000 0.0000000000 1.0000000000

T_CW_cov:

target_points_pix:
0.11450 0.00000 0.00000 94.81348 143.39677
0.20250 0.00000 0.00000 179.27438 157.78452
0.22899 0.00000 0.00000 204.07454 162.16710
0.31699 0.00000 0.00000 284.55310 175.88692
0.34349 0.00000 0.00000 308.33304 179.92625
0.43149 0.00000 0.00000 385.32010 192.95331
0.45799 0.00000 0.00000 408.11578 196.73056
0.54599 0.00000 0.00000 481.74124 209.33990
0.57248 0.00000 0.00000 503.45126 212.74899
0.66048 0.00000 0.00000 574.17932 224.85654
0.20250 0.08800 0.00000 186.14703 79.48502
0.22899 0.08800 0.00000 211.47481 84.30279
0.31699 0.08800 0.00000 293.60947 99.62526
0.34349 0.08800 0.00000 317.64743 104.29139
0.43149 0.08800 0.00000 396.11539 118.83793
0.45799 0.08800 0.00000 419.39462 123.33054
0.54599 0.08800 0.00000 494.26541 137.34406
0.57248 0.08800 0.00000 516.38135 141.28325
0.66048 0.08800 0.00000 588.20911 154.78551
0.45799 0.11450 0.00000 422.74777 100.55711
0.54599 0.11450 0.00000 498.14526 114.87293
0.57248 0.11450 0.00000 520.34912 119.32175
0.66048 0.11450 0.00000 592.51501 133.00398
0.45799 0.20250 0.00000 434.60028 23.00909
0.54599 0.20250 0.00000 511.53030 39.27162
0.57248 0.20250 0.00000 534.30829 43.98108
0.66048 0.20250 0.00000 607.63098 59.44135

gimbalangles:
-0.349065850399 -0.174532925199 0.261799387799 

end: