T_CW:
0.8955508853 -0.2956353918 0.3325482324 -0.7065628557
-0.2039211220 -0.9369517449 -0.2837914794 0.7560875673
0.3954804518 0.1863361020 -0.8993742654 0.9631076228
0.0000000000 0.0000000000 0.0000000000 1.0000000000

T_CW_cov:

target_points_pix:
0.34349 0.34349 0.00000 170.14827 696.84912
0.43149 0.34349 0.00000 256.39560 670.40741
0.45799 0.34349 0.00000 281.41919 662.65637
0.54599 0.34349 0.00000 361.42819 638.25775
0.57248 0.34349 0.00000 384.68625 630.97717
0.66048 0.34349 0.00000 459.47604 608.32727
0.34349 0.43149 0.00000 152.60953 614.86005
0.43149 0.43149 0.00000 237.81326 591.26703
0.45799 0.43149 0.00000 262.87079 584.23517
0.54599 0.43149 0.00000 342.39954 562.19019
0.57248 0.43149 0.00000 365.44864 555.72839
0.66048 0.43149 0.00000 439.71518 535.16412
0.22899 0.45799 0.00000 29.01194 622.47144
0.31699 0.45799 0.00000 120.63176 597.80176
0.34349 0.45799 0.00000 147.43469 590.66461
0.43149 0.45799 0.00000 232.49452 567.65979
0.45799 0.45799 0.00000 257.49823 560.93219
0.54599 0.45799 0.00000 336.58868 539.51428
0.57248 0.45799 0.00000 359.59317 533.43872
0.66048 0.45799 0.00000 433.91266 513.39441
0.22899 0.54599 0.00000 12.77184 539.97668
0.31699 0.54599 0.00000 103.67023 518.01685
0.34349 0.54599 0.00000 130.33293 511.54498
0.43149 0.54599 0.00000 214.83455 491.16156
0.45799 0.54599 0.00000 239.39508 485.14856
0.54599 0.54599 0.00000 318.00598 466.07230
0.57248 0.54599 0.00000 341.11972 460.49237
0.66048 0.54599 0.00000 414.57913 442.48853
0.34349 0.57248 0.00000 125.36614 488.02988
0.43149 0.57248 0.00000 209.44855 468.42950
0.45799 0.57248 0.00000 234.06165 462.65793
0.54599 0.57248 0.00000 312.42822 444.29678
0.57248 0.57248 0.00000 335.35272 438.86856
0.66048 0.57248 0.00000 408.83899 421.45840
0.34349 0.66048 0.00000 108.54850 411.58676
0.45799 0.66048 0.00000 216.51941 389.19223
0.54599 0.66048 0.00000 294.53516 372.81543
0.57248 0.66048 0.00000 317.50064 368.14923
0.66048 0.66048 0.00000 390.63358 352.79901

gimbalangles:
0.174532925199 0.349065850399 0.436332312999 

end: