T_CW:
0.9991083318 0.0369955416 -0.0203438253 -0.4117011778
0.0332259266 -0.9862675257 -0.1617788786 0.6367805574
-0.0260495515 0.1609586831 -0.9866173135 1.2041310437
0.0000000000 0.0000000000 0.0000000000 1.0000000000

T_CW_cov:

target_points_pix:
0.00000 0.11450 0.00000 162.27267 429.64072
0.08800 0.11450 0.00000 195.42896 430.98752
0.11450 0.11450 0.00000 205.21274 431.51105
0.20250 0.11450 0.00000 238.45047 432.85367
0.22899 0.11450 0.00000 248.31529 433.36386
0.31699 0.11450 0.00000 281.65726 434.79660
0.34349 0.11450 0.00000 291.54593 435.23428
0.43149 0.11450 0.00000 325.16342 436.64813
0.54599 0.11450 0.00000 368.70752 438.62201
0.57248 0.11450 0.00000 378.69485 439.15427
0.66048 0.11450 0.00000 412.51459 440.61588
0.00000 0.20250 0.00000 165.21727 394.84943
0.08800 0.20250 0.00000 197.87057 396.30246
0.11450 0.20250 0.00000 207.72423 396.61362
0.20250 0.20250 0.00000 240.57806 397.97519
0.22899 0.20250 0.00000 250.49570 398.39078
0.31699 0.20250 0.00000 283.38693 399.74164
0.34349 0.20250 0.00000 293.26376 400.25549
0.43149 0.20250 0.00000 326.14499 401.46796
0.45799 0.20250 0.00000 336.19977 401.93854
0.54599 0.20250 0.00000 369.29047 403.40451
0.57248 0.20250 0.00000 379.33337 403.73212
0.66048 0.20250 0.00000 412.49158 405.26242
0.00000 0.22899 0.00000 166.19084 384.62512
0.08800 0.22899 0.00000 198.73325 385.96127
0.11450 0.22899 0.00000 208.52919 386.38773
0.20250 0.22899 0.00000 241.21657 387.65277
0.22899 0.22899 0.00000 250.94276 388.12445
0.31699 0.22899 0.00000 283.73276 389.43369
0.34349 0.22899 0.00000 293.56168 389.88971
0.43149 0.22899 0.00000 326.58539 391.24097
0.45799 0.22899 0.00000 336.37094 391.60614
0.54599 0.22899 0.00000 369.42838 393.00812
0.57248 0.22899 0.00000 379.34128 393.38699
0.66048 0.22899 0.00000 412.55234 394.82294
0.00000 0.31699 0.00000 169.09119 350.95575
0.08800 0.31699 0.00000 201.33888 352.35333
0.11450 0.31699 0.00000 211.01122 352.59772
0.20250 0.31699 0.00000 243.36736 353.85303
0.22899 0.31699 0.00000 253.06761 354.33334
0.31699 0.31699 0.00000 285.43414 355.58646
0.34349 0.31699 0.00000 295.17224 356.03427
0.43149 0.31699 0.00000 327.59659 357.30093
0.45799 0.31699 0.00000 337.44781 357.63461
0.54599 0.31699 0.00000 370.11966 358.91568
0.57248 0.31699 0.00000 379.94501 359.40335
0.66048 0.31699 0.00000 412.64597 360.55081
0.00000 0.34349 0.00000 169.88528 341.12430
0.08800 0.34349 0.00000 202.09735 342.32883
0.11450 0.34349 0.00000 211.63847 342.64996
0.20250 0.34349 0.00000 243.90419 343.88239
0.22899 0.34349 0.00000 253.54007 344.33112
0.31699 0.34349 0.00000 285.78555 345.55319
0.34349 0.34349 0.00000 295.49088 346.01648
0.43149 0.34349 0.00000 327.97607 347.31580
0.45799 0.34349 0.00000 337.71255 347.60220
0.54599 0.34349 0.00000 370.31683 348.81818
0.57248 0.34349 0.00000 380.08923 349.25253
0.66048 0.34349 0.00000 412.69583 350.55649
0.00000 0.43149 0.00000 172.79848 308.37943
0.08800 0.43149 0.00000 204.54977 309.55835
0.11450 0.43149 0.00000 214.14076 309.91821
0.20250 0.43149 0.00000 245.80481 311.29388
0.22899 0.43149 0.00000 255.45381 311.55515
0.31699 0.43149 0.00000 287.37814 312.71494
0.34349 0.43149 0.00000 296.97617 313.20349
0.43149 0.43149 0.00000 328.96545 314.37009
0.45799 0.43149 0.00000 338.66159 314.68597
0.54599 0.43149 0.00000 370.73175 315.83795
0.57248 0.43149 0.00000 380.54846 316.31595
0.66048 0.43149 0.00000 412.78311 317.43451
0.00000 0.45799 0.00000 173.65602 298.78796
0.08800 0.45799 0.00000 205.35176 299.94550
0.11450 0.45799 0.00000 214.77937 300.37585
0.20250 0.45799 0.00000 246.51463 301.48004
0.22899 0.45799 0.00000 256.02469 301.77206
0.31699 0.45799 0.00000 287.73105 303.11493
0.34349 0.45799 0.00000 297.42963 303.37036
0.43149 0.45799 0.00000 329.34384 304.59076
0.45799 0.45799 0.00000 338.98935 304.83148
0.54599 0.45799 0.00000 371.09326 306.24869
0.57248 0.45799 0.00000 380.66635 306.45294
0.66048 0.45799 0.00000 412.86560 307.55646
0.00000 0.54599 0.00000 176.50677 267.16422
0.08800 0.54599 0.00000 207.67909 268.34659
0.11450 0.54599 0.00000 217.17674 268.49634
0.20250 0.54599 0.00000 248.43256 269.62628
0.22899 0.54599 0.00000 257.81604 270.15887
0.31699 0.54599 0.00000 289.31723 271.22101
0.34349 0.54599 0.00000 298.67456 271.55972
0.43149 0.54599 0.00000 330.39151 272.55771
0.54599 0.54599 0.00000 371.56265 274.14163
0.57248 0.54599 0.00000 381.30148 274.48416
0.66048 0.54599 0.00000 413.02225 275.42984
0.00000 0.57248 0.00000 177.32791 257.72675
0.08800 0.57248 0.00000 208.45724 258.80237
0.11450 0.57248 0.00000 217.72098 259.28699
0.20250 0.57248 0.00000 248.92072 260.35199
0.22899 0.57248 0.00000 258.40314 260.55411
0.31699 0.57248 0.00000 289.60165 261.68085
0.34349 0.57248 0.00000 299.22165 262.02667
0.43149 0.57248 0.00000 330.62280 263.27634
0.45799 0.57248 0.00000 340.30688 263.42487
0.54599 0.57248 0.00000 371.68866 264.58414
0.57248 0.57248 0.00000 381.38141 264.74478
0.66048 0.57248 0.00000 413.08456 266.01382
0.00000 0.66048 0.00000 179.80705 226.90964
0.08800 0.66048 0.00000 210.62740 228.04771
0.11450 0.66048 0.00000 219.97000 228.37277
0.20250 0.66048 0.00000 250.74178 229.43231
0.22899 0.66048 0.00000 260.21487 229.60159
0.31699 0.66048 0.00000 291.17871 230.56099
0.34349 0.66048 0.00000 300.53079 231.09560
0.43149 0.66048 0.00000 331.61191 232.07146
0.45799 0.66048 0.00000 341.17078 232.37292
0.54599 0.66048 0.00000 372.34262 233.38608
0.57248 0.66048 0.00000 381.67365 233.69441
0.66048 0.66048 0.00000 413.20261 234.56679

gimbalangles:
0.349065850399 -0.349065850399 -0.436332312999 

end: