T_CW:
0.9988053824 0.0413788718 -0.0259922513 -0.5247020532
0.0364639697 -0.9852373801 -0.1672653093 0.6411046738
-0.0325297874 0.1661177105 -0.9855692361 1.2035842368
0.0000000000 0.0000000000 0.0000000000 1.0000000000

T_CW_cov:

target_points_pix:
0.08800 0.11450 0.00000 148.37668 441.54803
0.11450 0.11450 0.00000 158.17595 442.17203
0.20250 0.11450 0.00000 191.71652 443.45908
0.22899 0.11450 0.00000 201.63995 444.11057
0.31699 0.11450 0.00000 235.29645 445.63519
0.34349 0.11450 0.00000 245.37338 446.22092
0.43149 0.11450 0.00000 279.15744 448.04871
0.45799 0.11450 0.00000 289.12296 448.45670
0.54599 0.11450 0.00000 323.22446 450.16428
0.57248 0.11450 0.00000 333.15631 450.71396
0.66048 0.11450 0.00000 367.29294 452.54630
0.00000 0.20250 0.00000 118.67464 404.72455
0.08800 0.20250 0.00000 151.92366 406.40607
0.11450 0.20250 0.00000 161.66750 406.57144
0.20250 0.20250 0.00000 194.80008 408.33691
0.22899 0.20250 0.00000 204.75925 408.55200
0.31699 0.20250 0.00000 237.74277 410.21680
0.34349 0.20250 0.00000 247.75954 410.56766
0.43149 0.20250 0.00000 280.89215 412.20444
0.45799 0.20250 0.00000 290.96738 412.84943
0.54599 0.20250 0.00000 324.18286 414.49115
0.57248 0.20250 0.00000 334.26556 414.80301
0.66048 0.20250 0.00000 367.72809 416.42093
0.08800 0.22899 0.00000 152.75438 395.74185
0.11450 0.22899 0.00000 162.60762 396.48560
0.20250 0.22899 0.00000 195.55830 397.67294
0.22899 0.22899 0.00000 205.61511 398.30756
0.31699 0.22899 0.00000 238.48770 399.64853
0.34349 0.22899 0.00000 248.40063 400.23615
0.43149 0.22899 0.00000 281.34616 401.63861
0.45799 0.22899 0.00000 291.30215 402.35275
0.54599 0.22899 0.00000 324.54053 403.84790
0.57248 0.22899 0.00000 334.46802 404.44751
0.66048 0.22899 0.00000 367.93390 406.03574
0.00000 0.31699 0.00000 123.61897 360.43298
0.08800 0.31699 0.00000 156.13971 361.70422
0.11450 0.31699 0.00000 165.94107 362.11819
0.20250 0.31699 0.00000 198.53499 363.52109
0.22899 0.31699 0.00000 208.24236 363.91428
0.31699 0.31699 0.00000 240.63118 365.50830
0.34349 0.31699 0.00000 250.41797 365.87125
0.43149 0.31699 0.00000 283.01251 367.55801
0.45799 0.31699 0.00000 292.77335 367.86404
0.54599 0.31699 0.00000 325.62903 369.41153
0.57248 0.31699 0.00000 335.63025 369.82126
0.66048 0.31699 0.00000 368.68237 371.45670
0.00000 0.34349 0.00000 124.79365 350.36731
0.08800 0.34349 0.00000 157.18993 351.51202
0.11450 0.34349 0.00000 166.99112 352.05875
0.20250 0.34349 0.00000 199.21590 353.34634
0.22899 0.34349 0.00000 208.86717 353.79877
0.31699 0.34349 0.00000 241.33833 355.34149
0.34349 0.34349 0.00000 250.95071 355.67783
0.43149 0.34349 0.00000 283.43307 357.33112
0.45799 0.34349 0.00000 293.29440 357.69415
0.54599 0.34349 0.00000 326.18073 359.29385
0.57248 0.34349 0.00000 335.87479 359.57983
0.66048 0.34349 0.00000 368.94733 361.25250
0.00000 0.43149 0.00000 128.38020 317.25360
0.08800 0.43149 0.00000 160.40031 318.41537
0.11450 0.43149 0.00000 169.94543 318.83212
0.20250 0.43149 0.00000 201.89856 320.38770
0.22899 0.43149 0.00000 211.43687 320.62888
0.31699 0.43149 0.00000 243.43152 322.07388
0.34349 0.43149 0.00000 252.92667 322.53827
0.43149 0.43149 0.00000 285.11185 323.90887
0.45799 0.43149 0.00000 294.88010 324.34372
0.54599 0.43149 0.00000 327.25955 325.62451
0.57248 0.43149 0.00000 337.23502 326.00327
0.66048 0.43149 0.00000 369.56290 327.45959
0.00000 0.45799 0.00000 129.45442 307.50247
0.08800 0.45799 0.00000 161.31229 308.69434
0.11450 0.45799 0.00000 170.72980 309.12045
0.20250 0.45799 0.00000 202.72897 310.33453
0.22899 0.45799 0.00000 212.14839 311.02103
0.31699 0.45799 0.00000 243.99377 312.31241
0.34349 0.45799 0.00000 253.59138 312.66721
0.43149 0.45799 0.00000 285.71927 314.01923
0.45799 0.45799 0.00000 295.31033 314.47757
0.54599 0.45799 0.00000 327.69418 315.71768
0.57248 0.45799 0.00000 337.31470 316.18027
0.66048 0.45799 0.00000 369.87222 317.48318
0.00000 0.54599 0.00000 132.81958 275.47116
0.08800 0.54599 0.00000 164.51259 277.01663
0.11450 0.54599 0.00000 173.84543 277.19980
0.20250 0.54599 0.00000 205.34250 278.54510
0.22899 0.54599 0.00000 214.61961 278.81479
0.31699 0.54599 0.00000 246.06717 280.23444
0.34349 0.54599 0.00000 255.62016 280.43430
0.43149 0.54599 0.00000 287.26816 281.62601
0.45799 0.54599 0.00000 296.96722 282.09021
0.54599 0.54599 0.00000 328.69275 283.42447
0.57248 0.54599 0.00000 338.54889 283.73151
0.66048 0.54599 0.00000 370.42148 284.93625
0.00000 0.57248 0.00000 133.93414 266.22055
0.08800 0.57248 0.00000 165.33488 267.44455
0.11450 0.57248 0.00000 174.79614 267.84830
0.20250 0.57248 0.00000 206.07715 268.95291
0.22899 0.57248 0.00000 215.46068 269.53149
0.31699 0.57248 0.00000 246.68248 270.48816
0.34349 0.57248 0.00000 256.20312 270.89282
0.43149 0.57248 0.00000 287.85526 272.12820
0.45799 0.57248 0.00000 297.29617 272.48779
0.54599 0.57248 0.00000 329.29459 273.60510
0.57248 0.57248 0.00000 338.57666 274.12256
0.66048 0.57248 0.00000 370.73898 275.37241
0.00000 0.66048 0.00000 137.19362 235.26347
0.08800 0.66048 0.00000 168.37224 236.46066
0.11450 0.66048 0.00000 177.55026 236.65891
0.20250 0.66048 0.00000 208.54396 237.81067
0.22899 0.66048 0.00000 217.81322 238.34004
0.31699 0.66048 0.00000 248.75029 239.30898
0.34349 0.66048 0.00000 258.34595 239.59332
0.43149 0.66048 0.00000 289.35745 240.73586
0.45799 0.66048 0.00000 298.94870 241.15390
0.54599 0.66048 0.00000 330.22528 242.28767
0.57248 0.66048 0.00000 339.88272 242.57799
0.66048 0.66048 0.00000 371.33731 243.64891

gimbalangles:
0.349065850399 -0.349065850399 -0.436332312999 

end: