T_CW:
0.9987962739 0.0413518538 -0.0263823306 -0.5246801458
0.0363785507 -0.9852714612 -0.1670830595 0.6411771817
-0.0329029516 0.1659221863 -0.9855897848 1.2037753940
0.0000000000 0.0000000000 0.0000000000 1.0000000000

T_CW_cov:

target_points_pix:
0.08800 0.11450 0.00000 148.37381 441.40253
0.11450 0.11450 0.00000 158.31496 442.12753
0.20250 0.11450 0.00000 191.82079 443.63797
0.22899 0.11450 0.00000 201.74657 444.26385
0.31699 0.11450 0.00000 235.45874 445.75092
0.34349 0.11450 0.00000 245.41078 446.16821
0.43149 0.11450 0.00000 279.14145 447.96777
0.45799 0.11450 0.00000 289.11914 448.61417
0.54599 0.11450 0.00000 323.12222 450.22131
0.57248 0.11450 0.00000 333.04062 450.70892
0.66048 0.11450 0.00000 367.11777 452.71036
0.00000 0.20250 0.00000 118.75953 404.70410
0.08800 0.20250 0.00000 151.86787 406.27408
0.11450 0.20250 0.00000 161.71141 406.60593
0.20250 0.20250 0.00000 194.70856 408.13754
0.31699 0.20250 0.00000 237.75781 410.32275
0.34349 0.20250 0.00000 247.69957 410.62344
0.43149 0.20250 0.00000 280.77557 412.29892
0.45799 0.20250 0.00000 290.83426 412.71982
0.54599 0.20250 0.00000 324.17685 414.53021
0.57248 0.20250 0.00000 334.35596 414.77261
0.66048 0.20250 0.00000 367.82751 416.60886
0.00000 0.22899 0.00000 119.86434 394.41946
0.08800 0.22899 0.00000 152.91725 395.71793
0.11450 0.22899 0.00000 162.72937 396.45929
0.20250 0.22899 0.00000 195.48634 397.63303
0.22899 0.22899 0.00000 205.51881 398.33725
0.31699 0.22899 0.00000 238.48093 399.58002
0.34349 0.22899 0.00000 248.36479 400.23846
0.43149 0.22899 0.00000 281.34808 401.60492
0.45799 0.22899 0.00000 291.30295 402.27371
0.54599 0.22899 0.00000 324.57562 403.75702
0.57248 0.22899 0.00000 334.43314 404.34613
0.66048 0.22899 0.00000 368.05643 405.94803
0.00000 0.31699 0.00000 123.66219 360.39941
0.08800 0.31699 0.00000 156.28658 361.77606
0.11450 0.31699 0.00000 165.87418 362.25690
0.20250 0.31699 0.00000 198.44482 363.60883
0.22899 0.31699 0.00000 208.28317 363.84818
0.31699 0.31699 0.00000 240.64897 365.49863
0.34349 0.31699 0.00000 250.31410 365.84827
0.43149 0.31699 0.00000 283.15900 367.59335
0.45799 0.31699 0.00000 292.80389 367.94815
0.54599 0.31699 0.00000 325.70972 369.39832
0.57248 0.31699 0.00000 335.57391 369.74161
0.66048 0.31699 0.00000 368.70950 371.43845
0.08800 0.34349 0.00000 157.08820 351.56683
0.11450 0.34349 0.00000 166.87047 352.13058
0.20250 0.34349 0.00000 199.20415 353.37567
0.22899 0.34349 0.00000 208.87784 353.77271
0.31699 0.34349 0.00000 241.23375 355.36417
0.34349 0.34349 0.00000 250.95566 355.80145
0.43149 0.34349 0.00000 283.59332 357.29895
0.45799 0.34349 0.00000 293.31641 357.72519
0.54599 0.34349 0.00000 326.12448 359.23163
0.57248 0.34349 0.00000 335.92554 359.63394
0.66048 0.34349 0.00000 368.89224 361.23425
0.00000 0.43149 0.00000 128.33714 317.38416
0.08800 0.43149 0.00000 160.41885 318.58374
0.11450 0.43149 0.00000 169.97543 318.89380
0.20250 0.43149 0.00000 201.85512 320.40390
0.22899 0.43149 0.00000 211.45049 320.57272
0.31699 0.43149 0.00000 243.44193 322.11728
0.34349 0.43149 0.00000 252.91212 322.47662
0.43149 0.43149 0.00000 285.18436 323.83881
0.45799 0.43149 0.00000 294.94482 324.30951
0.54599 0.43149 0.00000 327.22641 325.61734
0.57248 0.43149 0.00000 337.21552 326.09796
0.66048 0.43149 0.00000 369.58539 327.47601
0.00000 0.45799 0.00000 129.38875 307.53342
0.11450 0.45799 0.00000 170.97087 309.31079
0.20250 0.45799 0.00000 202.79675 310.36459
0.22899 0.45799 0.00000 212.13257 310.85156
0.31699 0.45799 0.00000 243.97920 312.35516
0.34349 0.45799 0.00000 253.56534 312.66678
0.43149 0.45799 0.00000 285.74686 314.10931
0.45799 0.45799 0.00000 295.32053 314.42896
0.54599 0.45799 0.00000 327.71451 315.73334
0.57248 0.45799 0.00000 337.32825 316.28314
0.66048 0.45799 0.00000 369.93100 317.49933
0.00000 0.54599 0.00000 132.90083 275.47604
0.08800 0.54599 0.00000 164.45961 277.01178
0.11450 0.54599 0.00000 173.78737 277.27307
0.20250 0.54599 0.00000 205.30954 278.50766
0.22899 0.54599 0.00000 214.58826 278.81192
0.31699 0.54599 0.00000 246.16708 280.13925
0.34349 0.54599 0.00000 255.69945 280.38385
0.43149 0.54599 0.00000 287.21088 281.66302
0.45799 0.54599 0.00000 297.07324 282.05905
0.54599 0.54599 0.00000 328.64563 283.33786
0.57248 0.54599 0.00000 338.57974 283.72339
0.66048 0.54599 0.00000 370.42038 284.96094
0.00000 0.57248 0.00000 133.83885 266.39368
0.08800 0.57248 0.00000 165.32231 267.40543
0.11450 0.57248 0.00000 174.83115 267.83002
0.20250 0.57248 0.00000 206.03598 269.07346
0.22899 0.57248 0.00000 215.41795 269.49850
0.31699 0.57248 0.00000 246.70247 270.47498
0.34349 0.57248 0.00000 256.11938 270.94800
0.43149 0.57248 0.00000 287.92075 272.15201
0.45799 0.57248 0.00000 297.33627 272.51334
0.54599 0.57248 0.00000 329.30429 273.65015
0.57248 0.57248 0.00000 338.63586 274.12103
0.66048 0.57248 0.00000 370.76288 275.34845
0.00000 0.66048 0.00000 137.23433 235.23558
0.08800 0.66048 0.00000 168.43883 236.54312
0.11450 0.66048 0.00000 177.60541 236.68805
0.20250 0.66048 0.00000 208.52290 237.87845
0.22899 0.66048 0.00000 217.88231 238.21667
0.31699 0.66048 0.00000 248.73653 239.36635
0.34349 0.66048 0.00000 258.30420 239.61243
0.43149 0.66048 0.00000 289.33072 240.72385
0.45799 0.66048 0.00000 298.95978 241.21790
0.54599 0.66048 0.00000 330.22803 242.32317
0.57248 0.66048 0.00000 339.83057 242.58534
0.66048 0.66048 0.00000 371.36496 243.67453

gimbalangles:
0.349065850399 -0.349065850399 -0.261799387799 

end: