T_CW:
0.9991028424 0.0369989404 -0.0206055529 -0.4117104964
0.0331819257 -0.9862369618 -0.1619741184 0.6367558226
-0.0263148287 0.1611450701 -0.9865798478 1.2041063314
0.0000000000 0.0000000000 0.0000000000 1.0000000000

T_CW_cov:

target_points_pix:
0.00000 0.11450 0.00000 162.15930 429.58228
0.08800 0.11450 0.00000 195.42885 430.96368
0.11450 0.11450 0.00000 205.19679 431.42340
0.20250 0.11450 0.00000 238.46806 432.90643
0.22899 0.11450 0.00000 248.36131 433.34164
0.31699 0.11450 0.00000 281.60193 434.80020
0.34349 0.11450 0.00000 291.57281 435.29474
0.43149 0.11450 0.00000 325.18604 436.68445
0.54599 0.11450 0.00000 368.64709 438.67261
0.57248 0.11450 0.00000 378.66721 439.12604
0.66048 0.11450 0.00000 412.51050 440.68170
0.00000 0.20250 0.00000 165.35472 394.84601
0.08800 0.20250 0.00000 197.91577 396.31854
0.11450 0.20250 0.00000 207.78247 396.56491
0.20250 0.20250 0.00000 240.55461 398.00748
0.22899 0.20250 0.00000 250.48508 398.37701
0.31699 0.20250 0.00000 283.32767 399.65390
0.34349 0.20250 0.00000 293.29147 400.22769
0.43149 0.20250 0.00000 326.25955 401.48892
0.45799 0.20250 0.00000 336.24097 401.96735
0.54599 0.20250 0.00000 369.32895 403.47519
0.57248 0.20250 0.00000 379.35709 403.73224
0.66048 0.20250 0.00000 412.48154 405.25201
0.00000 0.22899 0.00000 166.07277 384.70169
0.08800 0.22899 0.00000 198.71762 385.93454
0.11450 0.22899 0.00000 208.53310 386.45221
0.20250 0.22899 0.00000 241.29149 387.59167
0.22899 0.22899 0.00000 250.98351 388.10046
0.31699 0.22899 0.00000 283.80734 389.41614
0.34349 0.22899 0.00000 293.57135 389.83279
0.43149 0.22899 0.00000 326.58029 391.28159
0.45799 0.22899 0.00000 336.43167 391.63104
0.54599 0.22899 0.00000 369.44040 393.05457
0.57248 0.22899 0.00000 379.34628 393.41171
0.66048 0.22899 0.00000 412.60162 394.81104
0.00000 0.31699 0.00000 169.09904 350.96451
0.08800 0.31699 0.00000 201.34885 352.29727
0.11450 0.31699 0.00000 210.95505 352.56833
0.20250 0.31699 0.00000 243.29546 353.84174
0.22899 0.31699 0.00000 252.99828 354.33182
0.31699 0.31699 0.00000 285.44724 355.60382
0.34349 0.31699 0.00000 295.18045 355.99152
0.43149 0.31699 0.00000 327.57758 357.30557
0.45799 0.31699 0.00000 337.44748 357.63223
0.54599 0.31699 0.00000 370.07919 358.90329
0.57248 0.31699 0.00000 379.85147 359.39355
0.66048 0.31699 0.00000 412.61087 360.57608
0.00000 0.34349 0.00000 169.91336 341.10532
0.08800 0.34349 0.00000 202.19295 342.29520
0.11450 0.34349 0.00000 211.64723 342.58478
0.20250 0.34349 0.00000 243.85301 343.91248
0.22899 0.34349 0.00000 253.54099 344.35553
0.31699 0.34349 0.00000 285.80472 345.51624
0.34349 0.34349 0.00000 295.48489 346.01672
0.43149 0.34349 0.00000 327.91995 347.32779
0.45799 0.34349 0.00000 337.64453 347.56906
0.54599 0.34349 0.00000 370.29233 348.82919
0.57248 0.34349 0.00000 380.10959 349.30972
0.66048 0.34349 0.00000 412.72711 350.52029
0.00000 0.43149 0.00000 172.80875 308.43839
0.08800 0.43149 0.00000 204.56026 309.55042
0.11450 0.43149 0.00000 214.12785 309.85291
0.20250 0.43149 0.00000 245.83347 311.26736
0.22899 0.43149 0.00000 255.48026 311.51480
0.31699 0.43149 0.00000 287.39172 312.67801
0.34349 0.43149 0.00000 296.96927 313.20691
0.43149 0.43149 0.00000 328.96576 314.34442
0.45799 0.43149 0.00000 338.68796 314.69824
0.54599 0.43149 0.00000 370.72440 315.82700
0.57248 0.43149 0.00000 380.56348 316.28271
0.66048 0.43149 0.00000 412.83978 317.40823
0.00000 0.45799 0.00000 173.62311 298.71414
0.08800 0.45799 0.00000 205.37048 299.89807
0.11450 0.45799 0.00000 214.76340 300.33496
0.20250 0.45799 0.00000 246.45625 301.44849
0.22899 0.45799 0.00000 256.00525 301.75662
0.31699 0.45799 0.00000 287.74893 303.08878
0.34349 0.45799 0.00000 297.40256 303.40778
0.43149 0.45799 0.00000 329.36087 304.55405
0.45799 0.45799 0.00000 338.98822 304.87027
0.54599 0.45799 0.00000 371.10715 306.22424
0.57248 0.45799 0.00000 380.63214 306.42862
0.66048 0.45799 0.00000 412.86560 307.58331
0.00000 0.54599 0.00000 176.44411 267.16495
0.08800 0.54599 0.00000 207.62967 268.29385
0.11450 0.54599 0.00000 217.10956 268.52490
0.20250 0.54599 0.00000 248.40900 269.67819
0.22899 0.54599 0.00000 257.84729 270.13272
0.31699 0.54599 0.00000 289.32840 271.21530
0.34349 0.54599 0.00000 298.67773 271.55988
0.43149 0.54599 0.00000 330.37540 272.59042
0.45799 0.54599 0.00000 339.92090 273.02139
0.54599 0.54599 0.00000 371.52820 274.11624
0.57248 0.54599 0.00000 381.26505 274.45441
0.66048 0.54599 0.00000 412.93918 275.46658
0.00000 0.57248 0.00000 177.28932 257.73114
0.08800 0.57248 0.00000 208.45775 258.79041
0.11450 0.57248 0.00000 217.70317 259.28253
0.20250 0.57248 0.00000 248.96983 260.33099
0.22899 0.57248 0.00000 258.37149 260.61606
0.31699 0.57248 0.00000 289.62668 261.67761
0.34349 0.57248 0.00000 299.26785 262.02295
0.43149 0.57248 0.00000 330.57990 263.22046
0.45799 0.57248 0.00000 340.31796 263.40387
0.54599 0.57248 0.00000 371.70773 264.57999
0.57248 0.57248 0.00000 381.36206 264.73843
0.66048 0.57248 0.00000 413.10565 266.01184
0.00000 0.66048 0.00000 179.82848 226.92162
0.08800 0.66048 0.00000 210.63988 228.03075
0.11450 0.66048 0.00000 219.99348 228.40259
0.20250 0.66048 0.00000 250.74565 229.42029
0.22899 0.66048 0.00000 260.16443 229.64787
0.31699 0.66048 0.00000 291.18268 230.56914
0.34349 0.66048 0.00000 300.51230 231.08795
0.43149 0.66048 0.00000 331.60733 232.08936
0.45799 0.66048 0.00000 341.15942 232.39272
0.54599 0.66048 0.00000 372.33600 233.34944
0.57248 0.66048 0.00000 381.69012 233.68253
0.66048 0.66048 0.00000 413.21774 234.58125

gimbalangles:
0.349065850399 -0.349065850399 -0.0872664625997 

end: