T_CW:
0.9238046307 0.2246358373 -0.3100382959 -0.0225903798
0.0876604396 -0.9123757640 -0.3998576155 0.7801403980
-0.3726937773 0.3422122235 -0.8625486319 1.1766613418
0.0000000000 0.0000000000 0.0000000000 1.0000000000

T_CW_cov:

target_points_pix:
0.00000 0.45799 0.00000 711.88226 651.60376
0.08800 0.45799 0.00000 782.82349 665.89581
0.11450 0.45799 0.00000 804.90863 670.36285
0.20250 0.45799 0.00000 880.62048 685.50073
0.22899 0.45799 0.00000 904.33362 690.28345
0.31699 0.45799 0.00000 985.45490 706.51599
0.00000 0.54599 0.00000 726.32977 579.86261
0.08800 0.54599 0.00000 796.12006 592.20905
0.11450 0.54599 0.00000 817.72638 595.93842
0.20250 0.54599 0.00000 892.16846 608.72565
0.22899 0.54599 0.00000 915.39825 612.80652
0.31699 0.54599 0.00000 994.68396 626.56781
0.00000 0.57248 0.00000 730.37994 558.85028
0.08800 0.57248 0.00000 799.93811 570.56964
0.20250 0.57248 0.00000 895.49030 586.45123
0.22899 0.57248 0.00000 918.47314 590.27142
0.31699 0.57248 0.00000 997.54816 603.42780
0.34349 0.57248 0.00000 1022.18134 607.45618
0.43149 0.57248 0.00000 1106.67297 621.55939
0.45799 0.57248 0.00000 1133.16443 625.80963
0.54599 0.57248 0.00000 1223.95081 640.75470
0.08800 0.66048 0.00000 812.53876 500.65317
0.11450 0.66048 0.00000 833.57111 503.72186
0.20250 0.66048 0.00000 906.39526 514.00690
0.22899 0.66048 0.00000 928.87445 517.29321
0.31699 0.66048 0.00000 1006.50067 528.15692
0.34349 0.66048 0.00000 1030.54590 531.47174
0.43149 0.66048 0.00000 1113.38733 543.12585
0.45799 0.66048 0.00000 1139.08411 546.64233
0.54599 0.66048 0.00000 1228.08325 559.31653

gimbalangles:
0.349065850399 -0.174532925199 -0.261799387799 

end: