T_CW:
0.9991124185 0.0369634124 -0.0202010242 -0.4116774424
0.0332191562 -0.9862799230 -0.1617046729 0.6367704812
-0.0259010211 0.1608900858 -0.9866324125 1.2040765623
0.0000000000 0.0000000000 0.0000000000 1.0000000000

T_CW_cov:

target_points_pix:
0.00000 0.11450 0.00000 162.14586 429.54431
0.08800 0.11450 0.00000 195.38422 431.03812
0.11450 0.11450 0.00000 205.18369 431.47272
0.20250 0.11450 0.00000 238.42316 432.78033
0.22899 0.11450 0.00000 248.37514 433.38336
0.31699 0.11450 0.00000 281.63040 434.70294
0.34349 0.11450 0.00000 291.57913 435.26489
0.43149 0.11450 0.00000 325.20200 436.68271
0.45799 0.11450 0.00000 335.04568 437.15253
0.54599 0.11450 0.00000 368.67902 438.58286
0.57248 0.11450 0.00000 378.69452 439.11508
0.66048 0.11450 0.00000 412.56635 440.53799
0.00000 0.20250 0.00000 165.37061 394.91782
0.08800 0.20250 0.00000 197.94844 396.35669
0.11450 0.20250 0.00000 207.75865 396.57361
0.20250 0.20250 0.00000 240.52211 397.87979
0.22899 0.20250 0.00000 250.46794 398.36197
0.31699 0.20250 0.00000 283.34741 399.70306
0.34349 0.20250 0.00000 293.29031 400.23492
0.43149 0.20250 0.00000 326.21936 401.54575
0.45799 0.20250 0.00000 336.22244 401.98431
0.54599 0.20250 0.00000 369.35092 403.44977
0.57248 0.20250 0.00000 379.34232 403.72549
0.66048 0.20250 0.00000 412.46420 405.23138
0.00000 0.22899 0.00000 166.08618 384.72760
0.08800 0.22899 0.00000 198.71887 385.97510
0.11450 0.22899 0.00000 208.51802 386.44263
0.20250 0.22899 0.00000 241.25140 387.60843
0.22899 0.22899 0.00000 251.07578 388.08719
0.31699 0.22899 0.00000 283.77335 389.41367
0.34349 0.22899 0.00000 293.55502 389.88184
0.43149 0.22899 0.00000 326.59229 391.23813
0.45799 0.22899 0.00000 336.44308 391.60086
0.54599 0.22899 0.00000 369.44696 393.04044
0.57248 0.22899 0.00000 379.43146 393.39484
0.66048 0.22899 0.00000 412.59372 394.80939
0.00000 0.31699 0.00000 169.03502 350.95419
0.08800 0.31699 0.00000 201.41185 352.32654
0.11450 0.31699 0.00000 210.97220 352.55725
0.20250 0.31699 0.00000 243.30615 353.87036
0.22899 0.31699 0.00000 253.02937 354.29330
0.31699 0.31699 0.00000 285.37683 355.60162
0.34349 0.31699 0.00000 295.18030 355.96860
0.43149 0.31699 0.00000 327.58826 357.29886
0.45799 0.31699 0.00000 337.42865 357.61786
0.54599 0.31699 0.00000 370.14774 359.00748
0.57248 0.31699 0.00000 379.93344 359.34119
0.66048 0.31699 0.00000 412.67200 360.58444
0.00000 0.34349 0.00000 169.84895 341.16556
0.08800 0.34349 0.00000 202.09288 342.30426
0.11450 0.34349 0.00000 211.65685 342.64545
0.20250 0.34349 0.00000 243.86987 343.88181
0.22899 0.34349 0.00000 253.54219 344.35367
0.31699 0.34349 0.00000 285.80502 345.54736
0.34349 0.34349 0.00000 295.55524 346.10443
0.43149 0.34349 0.00000 327.91928 347.31586
0.45799 0.34349 0.00000 337.66599 347.57852
0.54599 0.34349 0.00000 370.32324 348.83951
0.57248 0.34349 0.00000 380.08084 349.27759
0.66048 0.34349 0.00000 412.71185 350.52161
0.00000 0.43149 0.00000 172.78188 308.43124
0.08800 0.43149 0.00000 204.54532 309.54846
0.11450 0.43149 0.00000 214.18170 309.88202
0.20250 0.43149 0.00000 245.82764 311.29654
0.22899 0.43149 0.00000 255.46260 311.51868
0.31699 0.43149 0.00000 287.34344 312.72620
0.34349 0.43149 0.00000 297.01141 313.19504
0.43149 0.43149 0.00000 329.01166 314.42484
0.45799 0.43149 0.00000 338.65430 314.70151
0.54599 0.43149 0.00000 370.71426 315.86536
0.57248 0.43149 0.00000 380.53296 316.33365
0.66048 0.43149 0.00000 412.87411 317.38120
0.00000 0.45799 0.00000 173.67111 298.79227
0.08800 0.45799 0.00000 205.31593 299.87048
0.11450 0.45799 0.00000 214.74973 300.36438
0.20250 0.45799 0.00000 246.51653 301.48856
0.22899 0.45799 0.00000 255.95497 301.78094
0.31699 0.45799 0.00000 287.79193 303.10547
0.34349 0.45799 0.00000 297.42245 303.39096
0.43149 0.45799 0.00000 329.40472 304.59674
0.45799 0.45799 0.00000 338.99152 304.87799
0.57248 0.45799 0.00000 380.65210 306.39188
0.66048 0.45799 0.00000 412.89020 307.57770
0.00000 0.54599 0.00000 176.48187 267.16510
0.08800 0.54599 0.00000 207.67036 268.34070
0.11450 0.54599 0.00000 217.15944 268.52927
0.20250 0.54599 0.00000 248.40668 269.65558
0.22899 0.54599 0.00000 257.83569 270.11014
0.31699 0.54599 0.00000 289.27747 271.19730
0.34349 0.54599 0.00000 298.69727 271.55655
0.43149 0.54599 0.00000 330.35513 272.56955
0.45799 0.54599 0.00000 339.90204 273.10880
0.54599 0.54599 0.00000 371.54648 274.05490
0.57248 0.54599 0.00000 381.29626 274.49240
0.66048 0.54599 0.00000 412.99518 275.43039
0.00000 0.57248 0.00000 177.25641 257.69632
0.08800 0.57248 0.00000 208.48726 258.80090
0.11450 0.57248 0.00000 217.67622 259.29669
0.20250 0.57248 0.00000 248.92470 260.37802
0.22899 0.57248 0.00000 258.42111 260.56866
0.31699 0.57248 0.00000 289.62073 261.69424
0.34349 0.57248 0.00000 299.24329 261.98346
0.43149 0.57248 0.00000 330.63666 263.25629
0.45799 0.57248 0.00000 340.28091 263.40314
0.54599 0.57248 0.00000 371.71066 264.56900
0.57248 0.57248 0.00000 381.37054 264.73907
0.66048 0.57248 0.00000 413.08014 265.99640
0.00000 0.66048 0.00000 179.86436 226.93307
0.08800 0.66048 0.00000 210.65012 228.11993
0.11450 0.66048 0.00000 220.03877 228.35110
0.20250 0.66048 0.00000 250.74757 229.41641
0.22899 0.66048 0.00000 260.13287 229.59058
0.31699 0.66048 0.00000 291.24445 230.56538
0.34349 0.66048 0.00000 300.50943 231.07123
0.43149 0.66048 0.00000 331.61374 232.05614
0.45799 0.66048 0.00000 341.17795 232.37553
0.54599 0.66048 0.00000 372.30444 233.39572
0.57248 0.66048 0.00000 381.74557 233.67421
0.66048 0.66048 0.00000 413.16724 234.55646

gimbalangles:
0.349065850399 -0.174532925199 -0.0872664625997 

end: