T_CW:
0.9083039883 0.2086922736 0.3625346878 -0.9216925842
0.0711056614 -0.9310782130 0.3578230654 -0.2329999469
0.4122230583 -0.2992338487 -0.8605412564 1.0509999920
0.0000000000 0.0000000000 0.0000000000 1.0000000000

T_CW_cov:

target_points_pix:
0.34349 0.00000 0.00000 81.52894 158.20631
0.43149 0.00000 0.00000 169.69080 169.39806
0.54599 0.00000 0.00000 276.92523 182.73108
0.57248 0.00000 0.00000 300.53571 185.65280
0.66048 0.00000 0.00000 376.56915 195.49086
0.34349 0.08800 0.00000 86.35422 76.14626
0.43149 0.08800 0.00000 176.16943 89.98246
0.45799 0.08800 0.00000 201.99570 94.06945
0.54599 0.08800 0.00000 285.27936 106.83382
0.57248 0.08800 0.00000 309.39529 110.52055
0.66048 0.08800 0.00000 386.61331 122.49454
0.57248 0.11450 0.00000 312.24655 87.38778
0.66048 0.11450 0.00000 389.87827 100.15416
0.57248 0.20250 0.00000 321.62125 8.16775
0.66048 0.20250 0.00000 400.80475 23.37782

gimbalangles:
-0.349065850399 -0.174532925199 0.436332312999 

end: