T_CW:
0.9991026555 0.0369459017 -0.0207095171 -0.4116931529
0.0331086435 -0.9862138666 -0.1621296615 0.6367713311
-0.0264140395 0.1612985113 -0.9865521217 1.2040917436
0.0000000000 0.0000000000 0.0000000000 1.0000000000

T_CW_cov:

target_points_pix:
0.00000 0.11450 0.00000 162.19833 429.52240
0.08800 0.11450 0.00000 195.40186 431.01328
0.11450 0.11450 0.00000 205.14870 431.48169
0.20250 0.11450 0.00000 238.45886 432.86197
0.22899 0.11450 0.00000 248.36617 433.36029
0.31699 0.11450 0.00000 281.62537 434.77225
0.34349 0.11450 0.00000 291.58414 435.26443
0.43149 0.11450 0.00000 325.09393 436.72272
0.45799 0.11450 0.00000 335.09088 437.24728
0.54599 0.11450 0.00000 368.69440 438.64188
0.57248 0.11450 0.00000 378.71002 439.09326
0.66048 0.11450 0.00000 412.56830 440.58313
0.00000 0.20250 0.00000 165.30014 394.89661
0.08800 0.20250 0.00000 197.92070 396.32053
0.11450 0.20250 0.00000 207.73466 396.59268
0.20250 0.20250 0.00000 240.55618 398.05594
0.22899 0.20250 0.00000 250.48242 398.34528
0.31699 0.20250 0.00000 283.31903 399.71173
0.34349 0.20250 0.00000 293.28238 400.14554
0.43149 0.20250 0.00000 326.25076 401.54166
0.45799 0.20250 0.00000 336.25171 402.01740
0.54599 0.20250 0.00000 369.24429 403.36920
0.57248 0.20250 0.00000 379.29785 403.66449
0.66048 0.20250 0.00000 412.51437 405.26782
0.00000 0.22899 0.00000 166.22206 384.63620
0.08800 0.22899 0.00000 198.69911 385.95975
0.11450 0.22899 0.00000 208.51895 386.39728
0.20250 0.22899 0.00000 241.22609 387.65067
0.22899 0.22899 0.00000 250.92833 388.13251
0.31699 0.22899 0.00000 283.75113 389.41064
0.34349 0.22899 0.00000 293.55215 389.82413
0.43149 0.22899 0.00000 326.56815 391.27777
0.45799 0.22899 0.00000 336.39508 391.61499
0.54599 0.22899 0.00000 369.51096 393.00693
0.57248 0.22899 0.00000 379.36414 393.41895
0.66048 0.22899 0.00000 412.68063 394.77289
0.00000 0.31699 0.00000 169.09090 350.99246
0.08800 0.31699 0.00000 201.29456 352.25278
0.11450 0.31699 0.00000 211.00137 352.58325
0.20250 0.31699 0.00000 243.32236 353.83594
0.22899 0.31699 0.00000 253.04570 354.30518
0.31699 0.31699 0.00000 285.44046 355.57718
0.34349 0.31699 0.00000 295.14365 355.99896
0.43149 0.31699 0.00000 327.58801 357.30466
0.45799 0.31699 0.00000 337.40735 357.64542
0.54599 0.31699 0.00000 370.10745 358.91730
0.57248 0.31699 0.00000 379.89511 359.36224
0.66048 0.31699 0.00000 412.69260 360.60941
0.00000 0.34349 0.00000 169.87538 341.05725
0.08800 0.34349 0.00000 202.20375 342.30475
0.11450 0.34349 0.00000 211.67546 342.64273
0.20250 0.34349 0.00000 243.82561 343.87506
0.22899 0.34349 0.00000 253.56664 344.39056
0.31699 0.34349 0.00000 285.76706 345.53488
0.34349 0.34349 0.00000 295.54532 346.02811
0.43149 0.34349 0.00000 327.93533 347.30847
0.45799 0.34349 0.00000 337.65710 347.57828
0.54599 0.34349 0.00000 370.31952 348.87332
0.57248 0.34349 0.00000 380.08374 349.25589
0.66048 0.34349 0.00000 412.78033 350.46906
0.00000 0.43149 0.00000 172.78108 308.42505
0.08800 0.43149 0.00000 204.52528 309.55026
0.11450 0.43149 0.00000 214.12082 309.91934
0.20250 0.43149 0.00000 245.88095 311.25610
0.22899 0.43149 0.00000 255.48813 311.51904
0.31699 0.43149 0.00000 287.35056 312.69919
0.34349 0.43149 0.00000 296.99875 313.20218
0.43149 0.43149 0.00000 328.94537 314.35999
0.45799 0.43149 0.00000 338.66245 314.73315
0.54599 0.43149 0.00000 370.73816 315.83139
0.57248 0.43149 0.00000 380.53229 316.28674
0.66048 0.43149 0.00000 412.89096 317.39975
0.00000 0.45799 0.00000 173.59972 298.78625
0.08800 0.45799 0.00000 205.42415 299.91858
0.11450 0.45799 0.00000 214.74020 300.38568
0.20250 0.45799 0.00000 246.51164 301.43503
0.22899 0.45799 0.00000 255.97205 301.78659
0.31699 0.45799 0.00000 287.72397 303.11295
0.34349 0.45799 0.00000 297.43539 303.41882
0.43149 0.45799 0.00000 329.36441 304.56195
0.45799 0.45799 0.00000 338.98105 304.85641
0.57248 0.45799 0.00000 380.64008 306.42877
0.66048 0.45799 0.00000 412.82263 307.54407
0.00000 0.54599 0.00000 176.49104 267.16495
0.08800 0.54599 0.00000 207.64810 268.33868
0.11450 0.54599 0.00000 217.10161 268.49808
0.20250 0.54599 0.00000 248.42844 269.65860
0.22899 0.54599 0.00000 257.84167 270.13010
0.31699 0.54599 0.00000 289.32953 271.22757
0.34349 0.54599 0.00000 298.69391 271.53265
0.43149 0.54599 0.00000 330.35736 272.58981
0.45799 0.54599 0.00000 339.85623 273.04120
0.54599 0.54599 0.00000 371.54877 274.11472
0.57248 0.54599 0.00000 381.28079 274.45166
0.66048 0.54599 0.00000 412.96338 275.45782
0.00000 0.57248 0.00000 177.29401 257.69458
0.08800 0.57248 0.00000 208.45961 258.82892
0.11450 0.57248 0.00000 217.76079 259.33371
0.20250 0.57248 0.00000 248.91330 260.37695
0.22899 0.57248 0.00000 258.40134 260.56738
0.31699 0.57248 0.00000 289.59515 261.70499
0.34349 0.57248 0.00000 299.20569 262.01956
0.45799 0.57248 0.00000 340.29556 263.45773
0.54599 0.57248 0.00000 371.68747 264.56006
0.57248 0.57248 0.00000 381.37195 264.74265
0.66048 0.57248 0.00000 413.14270 265.98279
0.00000 0.66048 0.00000 179.85881 226.92039
0.08800 0.66048 0.00000 210.67339 228.06238
0.11450 0.66048 0.00000 219.95320 228.41026
0.20250 0.66048 0.00000 250.71904 229.42908
0.22899 0.66048 0.00000 260.18057 229.58559
0.31699 0.66048 0.00000 291.18195 230.58156
0.34349 0.66048 0.00000 300.49670 231.03349
0.43149 0.66048 0.00000 331.60913 232.04308
0.45799 0.66048 0.00000 341.17157 232.41536
0.54599 0.66048 0.00000 372.33640 233.39742
0.57248 0.66048 0.00000 381.71127 233.68480
0.66048 0.66048 0.00000 413.13226 234.58008

gimbalangles:
0.349065850399 -0.174532925199 0.261799387799 

end: