T_CW:
0.9988172606 0.0413198297 -0.0256271664 -0.5246874880
0.0364729658 -0.9852710284 -0.1670650274 0.6411502740
-0.0321528030 0.1659327342 -0.9856127662 1.2036568868
0.0000000000 0.0000000000 0.0000000000 1.0000000000

T_CW_cov:

target_points_pix:
0.08800 0.11450 0.00000 148.32376 441.48373
0.11450 0.11450 0.00000 158.33263 442.23114
0.20250 0.11450 0.00000 191.76303 443.66501
0.22899 0.11450 0.00000 201.78555 444.16479
0.31699 0.11450 0.00000 235.34019 445.61597
0.34349 0.11450 0.00000 245.30467 446.28650
0.43149 0.11450 0.00000 279.04623 447.96121
0.45799 0.11450 0.00000 289.06299 448.47626
0.54599 0.11450 0.00000 323.09583 450.04532
0.57248 0.11450 0.00000 333.20242 450.68808
0.66048 0.11450 0.00000 367.23270 452.54462
0.00000 0.20250 0.00000 118.74359 404.78171
0.08800 0.20250 0.00000 151.81863 406.29800
0.11450 0.20250 0.00000 161.63959 406.64206
0.31699 0.20250 0.00000 237.80708 410.22656
0.34349 0.20250 0.00000 247.74498 410.55243
0.43149 0.20250 0.00000 280.84579 412.36938
0.45799 0.20250 0.00000 290.79398 412.80588
0.54599 0.20250 0.00000 324.20010 414.38580
0.57248 0.20250 0.00000 334.21448 414.88263
0.66048 0.20250 0.00000 367.66068 416.50317
0.00000 0.22899 0.00000 119.82360 394.47018
0.08800 0.22899 0.00000 152.80357 395.70276
0.11450 0.22899 0.00000 162.68086 396.49268
0.20250 0.22899 0.00000 195.63470 397.60794
0.22899 0.22899 0.00000 205.53944 398.29062
0.31699 0.22899 0.00000 238.53641 399.60519
0.34349 0.22899 0.00000 248.43140 400.21594
0.43149 0.22899 0.00000 281.36197 401.67569
0.45799 0.22899 0.00000 291.37643 402.23584
0.54599 0.22899 0.00000 324.54184 403.81281
0.57248 0.22899 0.00000 334.48282 404.39764
0.66048 0.22899 0.00000 368.11459 405.88089
0.00000 0.31699 0.00000 123.66467 360.37180
0.08800 0.31699 0.00000 156.27522 361.78891
0.11450 0.31699 0.00000 165.95573 362.15012
0.20250 0.31699 0.00000 198.42632 363.58011
0.31699 0.31699 0.00000 240.66769 365.48080
0.34349 0.31699 0.00000 250.45190 365.74127
0.43149 0.31699 0.00000 282.96759 367.51395
0.45799 0.31699 0.00000 292.83496 367.87189
0.54599 0.31699 0.00000 325.70850 369.45590
0.57248 0.31699 0.00000 335.60925 369.81680
0.66048 0.31699 0.00000 368.70178 371.39035
0.00000 0.34349 0.00000 124.73261 350.29309
0.08800 0.34349 0.00000 157.08279 351.55811
0.11450 0.34349 0.00000 166.95862 352.22992
0.20250 0.34349 0.00000 199.20447 353.29422
0.22899 0.34349 0.00000 208.98221 353.80310
0.31699 0.34349 0.00000 241.34062 355.22971
0.34349 0.34349 0.00000 250.86459 355.66455
0.43149 0.34349 0.00000 283.50043 357.37201
0.45799 0.34349 0.00000 293.41293 357.61066
0.54599 0.34349 0.00000 326.22101 359.17447
0.57248 0.34349 0.00000 335.89053 359.64954
0.66048 0.34349 0.00000 368.88028 361.18561
0.00000 0.43149 0.00000 128.38620 317.31458
0.11450 0.43149 0.00000 169.94211 318.89261
0.20250 0.43149 0.00000 201.92642 320.52271
0.22899 0.43149 0.00000 211.41550 320.61545
0.31699 0.43149 0.00000 243.40131 322.20923
0.34349 0.43149 0.00000 252.94754 322.60156
0.43149 0.43149 0.00000 285.19473 323.84460
0.45799 0.43149 0.00000 294.95782 324.37460
0.54599 0.43149 0.00000 327.22369 325.64810
0.57248 0.43149 0.00000 337.20679 326.12341
0.66048 0.43149 0.00000 369.52600 327.46213
0.00000 0.45799 0.00000 129.28311 307.61624
0.08800 0.45799 0.00000 161.32140 308.70023
0.11450 0.45799 0.00000 170.82909 309.28931
0.20250 0.45799 0.00000 202.65645 310.56335
0.22899 0.45799 0.00000 212.15715 310.87112
0.31699 0.45799 0.00000 243.90646 312.37894
0.34349 0.45799 0.00000 253.55452 312.61661
0.43149 0.45799 0.00000 285.73190 313.88940
0.45799 0.45799 0.00000 295.27435 314.48865
0.54599 0.45799 0.00000 327.68964 315.68588
0.57248 0.45799 0.00000 337.30878 316.26526
0.66048 0.45799 0.00000 369.88297 317.52231
0.00000 0.54599 0.00000 132.85461 275.54468
0.08800 0.54599 0.00000 164.44293 276.96930
0.11450 0.54599 0.00000 173.94110 277.26636
0.20250 0.54599 0.00000 205.34935 278.50006
0.22899 0.54599 0.00000 214.56682 278.90887
0.31699 0.54599 0.00000 246.10374 280.14929
0.34349 0.54599 0.00000 255.58749 280.47192
0.43149 0.54599 0.00000 287.23264 281.66229
0.45799 0.54599 0.00000 297.08167 282.06647
0.54599 0.54599 0.00000 328.66931 283.36276
0.57248 0.54599 0.00000 338.53378 283.71664
0.66048 0.54599 0.00000 370.43427 285.00397
0.00000 0.57248 0.00000 133.94328 266.29712
0.08800 0.57248 0.00000 165.33286 267.46445
0.11450 0.57248 0.00000 174.69304 267.84869
0.20250 0.57248 0.00000 205.96982 268.89630
0.22899 0.57248 0.00000 215.43864 269.49817
0.31699 0.57248 0.00000 246.72116 270.42026
0.34349 0.57248 0.00000 256.20151 270.83951
0.43149 0.57248 0.00000 287.84863 272.12863
0.45799 0.57248 0.00000 297.26709 272.48499
0.54599 0.57248 0.00000 329.29892 273.63782
0.57248 0.57248 0.00000 338.59924 274.06973
0.66048 0.57248 0.00000 370.79324 275.34213
0.00000 0.66048 0.00000 137.17351 235.21651
0.08800 0.66048 0.00000 168.40366 236.49532
0.11450 0.66048 0.00000 177.56743 236.66289
0.20250 0.66048 0.00000 208.56253 237.95052
0.22899 0.66048 0.00000 217.82249 238.35112
0.31699 0.66048 0.00000 248.71339 239.37167
0.34349 0.66048 0.00000 258.29843 239.60361
0.43149 0.66048 0.00000 289.32861 240.76392
0.45799 0.66048 0.00000 298.96805 241.19882
0.54599 0.66048 0.00000 330.25946 242.30205
0.57248 0.66048 0.00000 339.86166 242.53877
0.66048 0.66048 0.00000 371.34213 243.69725

gimbalangles:
0.349065850399 -0.174532925199 0.261799387799 

end: