T_CW:
0.9987905182 0.0413886825 -0.0265419974 -0.5247093974
0.0363935499 -0.9852971013 -0.1669285226 0.6411676083
-0.0330607047 0.1657606681 -0.9856116835 1.2038521319
0.0000000000 0.0000000000 0.0000000000 1.0000000000

T_CW_cov:

target_points_pix:
0.08800 0.11450 0.00000 148.44623 441.41086
0.11450 0.11450 0.00000 158.01447 441.95190
0.20250 0.11450 0.00000 191.80901 443.49976
0.22899 0.11450 0.00000 201.69507 444.11606
0.31699 0.11450 0.00000 235.40323 445.56281
0.34349 0.11450 0.00000 245.38577 446.13086
0.43149 0.11450 0.00000 279.04675 447.87286
0.45799 0.11450 0.00000 289.11310 448.54251
0.54599 0.11450 0.00000 323.10590 450.18951
0.57248 0.11450 0.00000 333.00925 450.72873
0.66048 0.11450 0.00000 367.30203 452.59521
0.00000 0.20250 0.00000 118.89183 404.82260
0.08800 0.20250 0.00000 151.73285 406.34122
0.11450 0.20250 0.00000 161.59779 406.61414
0.20250 0.20250 0.00000 194.69008 408.17194
0.34349 0.20250 0.00000 247.76860 410.63260
0.43149 0.20250 0.00000 280.89624 412.19669
0.45799 0.20250 0.00000 290.90103 412.78354
0.54599 0.20250 0.00000 324.22177 414.55939
0.57248 0.20250 0.00000 334.24707 415.12036
0.66048 0.20250 0.00000 367.75455 416.62302
0.00000 0.22899 0.00000 119.88876 394.53979
0.08800 0.22899 0.00000 152.67839 395.81906
0.11450 0.22899 0.00000 162.68141 396.41931
0.20250 0.22899 0.00000 195.63083 397.64413
0.31699 0.22899 0.00000 238.47319 399.55722
0.34349 0.22899 0.00000 248.39728 400.13513
0.43149 0.22899 0.00000 281.38293 401.66818
0.45799 0.22899 0.00000 291.38898 402.40207
0.54599 0.22899 0.00000 324.54932 403.91733
0.57248 0.22899 0.00000 334.47855 404.55157
0.66048 0.22899 0.00000 367.95334 406.01138
0.00000 0.31699 0.00000 123.62555 360.34341
0.08800 0.31699 0.00000 156.36478 361.70160
0.11450 0.31699 0.00000 165.82315 362.18628
0.20250 0.31699 0.00000 198.52908 363.55179
0.22899 0.31699 0.00000 208.28612 363.92267
0.31699 0.31699 0.00000 240.72629 365.42886
0.34349 0.31699 0.00000 250.39304 365.87628
0.43149 0.31699 0.00000 283.04611 367.58215
0.45799 0.31699 0.00000 292.90909 367.83224
0.54599 0.31699 0.00000 325.71887 369.43829
0.57248 0.31699 0.00000 335.63480 369.80887
0.66048 0.31699 0.00000 368.75073 371.49380
0.08800 0.34349 0.00000 157.19028 351.48404
0.11450 0.34349 0.00000 166.91531 352.01389
0.20250 0.34349 0.00000 199.25073 353.41785
0.22899 0.34349 0.00000 208.79420 353.80734
0.31699 0.34349 0.00000 241.33072 355.24774
0.34349 0.34349 0.00000 250.89316 355.75772
0.43149 0.34349 0.00000 283.48141 357.36395
0.45799 0.34349 0.00000 293.36533 357.70132
0.54599 0.34349 0.00000 326.09930 359.27731
0.57248 0.34349 0.00000 335.99368 359.59277
0.66048 0.34349 0.00000 368.93378 361.20050
0.00000 0.43149 0.00000 128.34904 317.29089
0.08800 0.43149 0.00000 160.40903 318.58368
0.11450 0.43149 0.00000 169.96843 318.95932
0.20250 0.43149 0.00000 201.85970 320.39005
0.22899 0.43149 0.00000 211.41011 320.63507
0.31699 0.43149 0.00000 243.37592 322.30289
0.34349 0.43149 0.00000 252.90060 322.56168
0.43149 0.43149 0.00000 285.18390 323.77292
0.45799 0.43149 0.00000 294.89273 324.38046
0.54599 0.43149 0.00000 327.22473 325.61115
0.57248 0.43149 0.00000 337.19647 325.99121
0.66048 0.43149 0.00000 369.56998 327.46451
0.00000 0.45799 0.00000 129.44604 307.61407
0.08800 0.45799 0.00000 161.35201 308.70343
0.11450 0.45799 0.00000 170.80933 309.21545
0.20250 0.45799 0.00000 202.64374 310.43555
0.22899 0.45799 0.00000 212.12971 310.87610
0.31699 0.45799 0.00000 243.93558 312.34586
0.34349 0.45799 0.00000 253.54639 312.66156
0.43149 0.45799 0.00000 285.66528 313.96350
0.45799 0.45799 0.00000 295.33160 314.44052
0.54599 0.45799 0.00000 327.69464 315.71393
0.57248 0.45799 0.00000 337.31024 316.21774
0.66048 0.45799 0.00000 369.87558 317.47156
0.00000 0.54599 0.00000 132.87199 275.50488
0.08800 0.54599 0.00000 164.55522 276.83676
0.11450 0.54599 0.00000 173.93092 277.25021
0.20250 0.54599 0.00000 205.36310 278.53970
0.22899 0.54599 0.00000 214.66103 278.82571
0.31699 0.54599 0.00000 246.03053 280.10638
0.34349 0.54599 0.00000 255.64229 280.45685
0.43149 0.54599 0.00000 287.23355 281.66537
0.45799 0.54599 0.00000 297.05249 282.05930
0.54599 0.54599 0.00000 328.65668 283.33603
0.57248 0.54599 0.00000 338.55261 283.70987
0.66048 0.54599 0.00000 370.43369 284.95544
0.00000 0.57248 0.00000 133.90195 266.31363
0.08800 0.57248 0.00000 165.34857 267.41791
0.11450 0.57248 0.00000 174.69119 267.86945
0.20250 0.57248 0.00000 205.99898 269.11545
0.22899 0.57248 0.00000 215.45856 269.47223
0.31699 0.57248 0.00000 246.71107 270.50528
0.34349 0.57248 0.00000 256.18640 270.83862
0.43149 0.57248 0.00000 287.84290 272.17572
0.45799 0.57248 0.00000 297.30569 272.52896
0.54599 0.57248 0.00000 329.24060 273.63528
0.57248 0.57248 0.00000 338.60788 274.10144
0.66048 0.57248 0.00000 370.77585 275.34326
0.00000 0.66048 0.00000 137.24451 235.26273
0.08800 0.66048 0.00000 168.38118 236.54422
0.11450 0.66048 0.00000 177.50737 236.70833
0.20250 0.66048 0.00000 208.52663 237.82150
0.22899 0.66048 0.00000 217.78947 238.29028
0.31699 0.66048 0.00000 248.72459 239.35320
0.34349 0.66048 0.00000 258.34717 239.58321
0.43149 0.66048 0.00000 289.30930 240.75642
0.45799 0.66048 0.00000 298.97568 241.19128
0.54599 0.66048 0.00000 330.25742 242.34131
0.57248 0.66048 0.00000 339.86011 242.56865
0.66048 0.66048 0.00000 371.31613 243.68430

gimbalangles:
0.349065850399 -0.174532925199 0.436332312999 

end: