T_CW:
0.9991025710 0.0370157081 -0.0205885888 -0.4117255793
0.0332072128 -0.9862730554 -0.1617490066 0.6367624561
-0.0262932244 0.1609201587 -0.9866171339 1.2042101659
0.0000000000 0.0000000000 0.0000000000 1.0000000000

T_CW_cov:

target_points_pix:
0.00000 0.11450 0.00000 162.14110 429.48621
0.08800 0.11450 0.00000 195.33755 430.97559
0.11450 0.11450 0.00000 205.13235 431.44781
0.20250 0.11450 0.00000 238.50179 432.82547
0.22899 0.11450 0.00000 248.33127 433.31546
0.31699 0.11450 0.00000 281.64172 434.77692
0.34349 0.11450 0.00000 291.56781 435.26584
0.43149 0.11450 0.00000 325.16321 436.61902
0.45799 0.11450 0.00000 335.11298 437.18994
0.54599 0.11450 0.00000 368.70413 438.66895
0.57248 0.11450 0.00000 378.70596 439.11453
0.66048 0.11450 0.00000 412.51587 440.68170
0.00000 0.20250 0.00000 165.32309 394.89011
0.08800 0.20250 0.00000 197.87698 396.29309
0.11450 0.20250 0.00000 207.77661 396.64450
0.20250 0.20250 0.00000 240.57477 397.94403
0.22899 0.20250 0.00000 250.51544 398.34818
0.31699 0.20250 0.00000 283.31555 399.66605
0.34349 0.20250 0.00000 293.23120 400.22540
0.43149 0.20250 0.00000 326.18512 401.51309
0.45799 0.20250 0.00000 336.26309 401.96973
0.54599 0.20250 0.00000 369.31424 403.38019
0.57248 0.20250 0.00000 379.37753 403.70157
0.66048 0.20250 0.00000 412.50092 405.26080
0.00000 0.22899 0.00000 166.12378 384.59979
0.08800 0.22899 0.00000 198.72490 385.98074
0.11450 0.22899 0.00000 208.47780 386.40530
0.20250 0.22899 0.00000 241.27246 387.58173
0.22899 0.22899 0.00000 250.98213 388.08511
0.31699 0.22899 0.00000 283.75287 389.43954
0.34349 0.22899 0.00000 293.58896 389.81955
0.43149 0.22899 0.00000 326.52295 391.30621
0.45799 0.22899 0.00000 336.41867 391.62759
0.54599 0.22899 0.00000 369.46835 392.97995
0.57248 0.22899 0.00000 379.33093 393.42789
0.66048 0.22899 0.00000 412.58035 394.84854
0.00000 0.31699 0.00000 169.10925 350.93359
0.08800 0.31699 0.00000 201.39290 352.34378
0.11450 0.31699 0.00000 210.96625 352.58066
0.20250 0.31699 0.00000 243.31325 353.81961
0.22899 0.31699 0.00000 253.08511 354.33160
0.31699 0.31699 0.00000 285.42404 355.55362
0.34349 0.31699 0.00000 295.15067 355.94849
0.43149 0.31699 0.00000 327.57761 357.30908
0.45799 0.31699 0.00000 337.45679 357.60126
0.54599 0.31699 0.00000 370.10443 358.92020
0.57248 0.31699 0.00000 379.88214 359.33774
0.66048 0.31699 0.00000 412.67111 360.53531
0.00000 0.34349 0.00000 169.87442 341.06781
0.08800 0.34349 0.00000 202.16107 342.26959
0.11450 0.34349 0.00000 211.61423 342.61600
0.20250 0.34349 0.00000 243.91995 343.90457
0.22899 0.34349 0.00000 253.58615 344.38449
0.31699 0.34349 0.00000 285.79324 345.52982
0.34349 0.34349 0.00000 295.52328 346.01266
0.43149 0.34349 0.00000 327.95700 347.29895
0.45799 0.34349 0.00000 337.64337 347.63416
0.54599 0.34349 0.00000 370.36197 348.87088
0.57248 0.34349 0.00000 380.09485 349.31998
0.66048 0.34349 0.00000 412.69498 350.55289
0.00000 0.43149 0.00000 172.83588 308.44281
0.08800 0.43149 0.00000 204.54471 309.55414
0.11450 0.43149 0.00000 214.10609 309.89532
0.20250 0.43149 0.00000 245.83745 311.17807
0.22899 0.43149 0.00000 255.45728 311.51324
0.31699 0.43149 0.00000 287.32559 312.72525
0.34349 0.43149 0.00000 296.95761 313.21533
0.43149 0.43149 0.00000 328.97522 314.33084
0.45799 0.43149 0.00000 338.62350 314.70419
0.54599 0.43149 0.00000 370.76578 315.87143
0.57248 0.43149 0.00000 380.53311 316.32907
0.66048 0.43149 0.00000 412.84067 317.41592
0.00000 0.45799 0.00000 173.63422 298.79117
0.08800 0.45799 0.00000 205.41562 299.95471
0.11450 0.45799 0.00000 214.74086 300.34146
0.20250 0.45799 0.00000 246.51411 301.46893
0.22899 0.45799 0.00000 256.02014 301.79819
0.31699 0.45799 0.00000 287.73526 303.06769
0.34349 0.45799 0.00000 297.43015 303.39807
0.43149 0.45799 0.00000 329.39453 304.60037
0.45799 0.45799 0.00000 338.98395 304.84079
0.54599 0.45799 0.00000 371.08713 306.18207
0.57248 0.45799 0.00000 380.60825 306.41776
0.66048 0.45799 0.00000 412.87057 307.59357
0.00000 0.54599 0.00000 176.48167 267.12494
0.08800 0.54599 0.00000 207.65573 268.34009
0.11450 0.54599 0.00000 217.08772 268.55078
0.20250 0.54599 0.00000 248.39754 269.64700
0.22899 0.54599 0.00000 257.74106 270.09351
0.31699 0.54599 0.00000 289.32193 271.22534
0.34349 0.54599 0.00000 298.68655 271.50778
0.43149 0.54599 0.00000 330.36465 272.58331
0.45799 0.54599 0.00000 339.86911 273.07880
0.54599 0.54599 0.00000 371.51962 274.13467
0.57248 0.54599 0.00000 381.28278 274.46158
0.66048 0.54599 0.00000 412.98395 275.42615
0.00000 0.57248 0.00000 177.29654 257.73605
0.08800 0.57248 0.00000 208.43930 258.78784
0.11450 0.57248 0.00000 217.72298 259.28076
0.20250 0.57248 0.00000 248.92793 260.35068
0.22899 0.57248 0.00000 258.40598 260.55930
0.31699 0.57248 0.00000 289.58258 261.67599
0.34349 0.57248 0.00000 299.22891 261.96869
0.43149 0.57248 0.00000 330.64099 263.21954
0.45799 0.57248 0.00000 340.29388 263.44318
0.54599 0.57248 0.00000 371.71036 264.58698
0.57248 0.57248 0.00000 381.36215 264.73654
0.66048 0.57248 0.00000 413.12811 266.08948
0.00000 0.66048 0.00000 179.77144 226.95151
0.08800 0.66048 0.00000 210.64946 228.04050
0.11450 0.66048 0.00000 219.92462 228.36002
0.20250 0.66048 0.00000 250.74011 229.40979
0.22899 0.66048 0.00000 260.19592 229.60191
0.31699 0.66048 0.00000 291.17517 230.58481
0.34349 0.66048 0.00000 300.51376 231.09273
0.43149 0.66048 0.00000 331.60025 232.07722
0.45799 0.66048 0.00000 341.16553 232.42384
0.54599 0.66048 0.00000 372.34348 233.38884
0.57248 0.66048 0.00000 381.69461 233.68396
0.66048 0.66048 0.00000 413.14258 234.56413

gimbalangles:
0.349065850399 0.0 -0.436332312999 

end: