T_CW:
0.9988032642 0.0414201256 -0.0260079326 -0.5247446764
0.0365205839 -0.9853303894 -0.1667041414 0.6411273279
-0.0325313128 0.1655548157 -0.9856638964 1.2037831066
0.0000000000 0.0000000000 0.0000000000 1.0000000000

T_CW_cov:

target_points_pix:
0.08800 0.11450 0.00000 148.31975 441.44543
0.11450 0.11450 0.00000 158.18500 442.09595
0.20250 0.11450 0.00000 191.77850 443.46606
0.22899 0.11450 0.00000 201.69206 444.07150
0.31699 0.11450 0.00000 235.43153 445.55106
0.34349 0.11450 0.00000 245.49585 446.21463
0.43149 0.11450 0.00000 279.04913 447.76559
0.45799 0.11450 0.00000 289.14200 448.53342
0.54599 0.11450 0.00000 323.13040 450.32199
0.57248 0.11450 0.00000 332.98276 450.68695
0.66048 0.11450 0.00000 367.26141 452.68835
0.00000 0.20250 0.00000 118.77750 404.81744
0.08800 0.20250 0.00000 151.80821 406.45432
0.11450 0.20250 0.00000 161.64294 406.49329
0.20250 0.20250 0.00000 194.62923 408.22250
0.31699 0.20250 0.00000 237.78285 410.16119
0.34349 0.20250 0.00000 247.71942 410.58270
0.43149 0.20250 0.00000 280.90015 412.39029
0.45799 0.20250 0.00000 290.79037 412.73657
0.54599 0.20250 0.00000 324.24747 414.46613
0.57248 0.20250 0.00000 334.31613 414.84692
0.66048 0.20250 0.00000 367.66449 416.57959
0.00000 0.22899 0.00000 119.82579 394.51480
0.08800 0.22899 0.00000 152.77135 395.80771
0.11450 0.22899 0.00000 162.64046 396.48267
0.20250 0.22899 0.00000 195.62512 397.62799
0.22899 0.22899 0.00000 205.55885 398.20688
0.31699 0.22899 0.00000 238.43782 399.61734
0.34349 0.22899 0.00000 248.38441 400.02164
0.43149 0.22899 0.00000 281.45169 401.56952
0.45799 0.22899 0.00000 291.40891 402.38593
0.54599 0.22899 0.00000 324.54611 403.82654
0.57248 0.22899 0.00000 334.54202 404.38235
0.66048 0.22899 0.00000 368.02515 406.02808
0.00000 0.31699 0.00000 123.58816 360.41937
0.08800 0.31699 0.00000 156.26028 361.73080
0.11450 0.31699 0.00000 165.89136 362.13843
0.20250 0.31699 0.00000 198.45882 363.50958
0.22899 0.31699 0.00000 208.10480 363.74652
0.31699 0.31699 0.00000 240.63896 365.49353
0.34349 0.31699 0.00000 250.41379 365.92734
0.43149 0.31699 0.00000 283.06378 367.51138
0.45799 0.31699 0.00000 292.85034 367.85977
0.54599 0.31699 0.00000 325.69012 369.39447
0.57248 0.31699 0.00000 335.54816 369.83755
0.66048 0.31699 0.00000 368.66913 371.36465
0.00000 0.34349 0.00000 124.65829 350.39511
0.08800 0.34349 0.00000 157.07295 351.59467
0.11450 0.34349 0.00000 166.83376 352.22827
0.20250 0.34349 0.00000 199.22426 353.34482
0.22899 0.34349 0.00000 208.82724 353.76773
0.31699 0.34349 0.00000 241.26321 355.31787
0.34349 0.34349 0.00000 250.91385 355.73984
0.43149 0.34349 0.00000 283.47992 357.30356
0.45799 0.34349 0.00000 293.38214 357.76019
0.54599 0.34349 0.00000 326.11877 359.33484
0.57248 0.34349 0.00000 335.95090 359.62720
0.66048 0.34349 0.00000 368.90979 361.25293
0.00000 0.43149 0.00000 128.30440 317.30997
0.08800 0.43149 0.00000 160.35295 318.48038
0.11450 0.43149 0.00000 169.89337 318.93582
0.20250 0.43149 0.00000 201.77374 320.41510
0.22899 0.43149 0.00000 211.41629 320.66525
0.31699 0.43149 0.00000 243.39122 322.18909
0.34349 0.43149 0.00000 252.92192 322.53076
0.43149 0.43149 0.00000 285.12701 323.82321
0.45799 0.43149 0.00000 294.89771 324.31317
0.54599 0.43149 0.00000 327.21698 325.67459
0.57248 0.43149 0.00000 337.24258 326.01022
0.66048 0.43149 0.00000 369.52768 327.44733
0.00000 0.45799 0.00000 129.38828 307.52429
0.08800 0.45799 0.00000 161.37411 308.79343
0.11450 0.45799 0.00000 170.81912 309.28741
0.20250 0.45799 0.00000 202.61646 310.35883
0.22899 0.45799 0.00000 212.17964 310.84851
0.31699 0.45799 0.00000 244.01938 312.33023
0.34349 0.45799 0.00000 253.53471 312.68628
0.43149 0.45799 0.00000 285.69189 313.97562
0.45799 0.45799 0.00000 295.29498 314.49228
0.54599 0.45799 0.00000 327.71951 315.68893
0.57248 0.45799 0.00000 337.29401 316.26675
0.66048 0.45799 0.00000 369.89160 317.53375
0.00000 0.54599 0.00000 132.85846 275.53641
0.08800 0.54599 0.00000 164.56073 276.91150
0.11450 0.54599 0.00000 173.72978 277.29483
0.20250 0.54599 0.00000 205.31142 278.53873
0.22899 0.54599 0.00000 214.71019 278.75369
0.31699 0.54599 0.00000 246.09871 280.16132
0.34349 0.54599 0.00000 255.64539 280.42834
0.43149 0.54599 0.00000 287.17990 281.67749
0.45799 0.54599 0.00000 297.06955 282.06210
0.54599 0.54599 0.00000 328.66144 283.30374
0.57248 0.54599 0.00000 338.55942 283.69925
0.66048 0.54599 0.00000 370.34634 284.97617
0.00000 0.57248 0.00000 133.89119 266.36343
0.08800 0.57248 0.00000 165.30099 267.43909
0.11450 0.57248 0.00000 174.75604 267.81723
0.20250 0.57248 0.00000 205.97794 268.97400
0.22899 0.57248 0.00000 215.35292 269.49301
0.31699 0.57248 0.00000 246.72151 270.47174
0.34349 0.57248 0.00000 256.19980 270.85785
0.43149 0.57248 0.00000 287.82800 272.20322
0.45799 0.57248 0.00000 297.34219 272.47473
0.54599 0.57248 0.00000 329.29736 273.62491
0.57248 0.57248 0.00000 338.61566 274.12726
0.66048 0.57248 0.00000 370.76117 275.33463
0.00000 0.66048 0.00000 137.32294 235.14711
0.08800 0.66048 0.00000 168.34877 236.52567
0.11450 0.66048 0.00000 177.61223 236.65916
0.20250 0.66048 0.00000 208.50685 237.84772
0.22899 0.66048 0.00000 217.74910 238.16782
0.31699 0.66048 0.00000 248.75917 239.31168
0.34349 0.66048 0.00000 258.29874 239.57628
0.43149 0.66048 0.00000 289.29382 240.73407
0.45799 0.66048 0.00000 298.95477 241.23016
0.54599 0.66048 0.00000 330.23282 242.34015
0.57248 0.66048 0.00000 339.83133 242.59409
0.66048 0.66048 0.00000 371.34634 243.71457

gimbalangles:
0.349065850399 0.0 -0.436332312999 

end: