T_CW:
0.9991092807 0.0369748933 -0.0203347593 -0.4116891020
0.0332090818 -0.9862810073 -0.1617001286 0.6367918382
-0.0260346319 0.1608808005 -0.9866304100 1.2041327957
0.0000000000 0.0000000000 0.0000000000 1.0000000000

T_CW_cov:

target_points_pix:
0.00000 0.11450 0.00000 162.29356 429.60541
0.08800 0.11450 0.00000 195.35994 431.01501
0.11450 0.11450 0.00000 205.18127 431.41888
0.20250 0.11450 0.00000 238.46101 432.89093
0.22899 0.11450 0.00000 248.40440 433.44244
0.31699 0.11450 0.00000 281.63712 434.74573
0.34349 0.11450 0.00000 291.59247 435.25534
0.43149 0.11450 0.00000 325.11069 436.64441
0.45799 0.11450 0.00000 335.01999 437.21460
0.54599 0.11450 0.00000 368.71167 438.64185
0.57248 0.11450 0.00000 378.70001 439.13589
0.66048 0.11450 0.00000 412.53354 440.67523
0.00000 0.20250 0.00000 165.33986 394.91559
0.08800 0.20250 0.00000 197.95125 396.34518
0.11450 0.20250 0.00000 207.69646 396.59695
0.20250 0.20250 0.00000 240.53470 397.86200
0.22899 0.20250 0.00000 250.48485 398.37845
0.31699 0.20250 0.00000 283.32990 399.71960
0.34349 0.20250 0.00000 293.32986 400.19385
0.43149 0.20250 0.00000 326.16479 401.53470
0.45799 0.20250 0.00000 336.24908 401.99881
0.54599 0.20250 0.00000 369.28903 403.32599
0.57248 0.20250 0.00000 379.35062 403.72113
0.66048 0.20250 0.00000 412.52734 405.24255
0.00000 0.22899 0.00000 166.10861 384.75830
0.08800 0.22899 0.00000 198.67163 385.94794
0.11450 0.22899 0.00000 208.54161 386.37897
0.20250 0.22899 0.00000 241.28354 387.62823
0.22899 0.22899 0.00000 251.09218 388.13873
0.31699 0.22899 0.00000 283.74765 389.45645
0.34349 0.22899 0.00000 293.62003 389.84683
0.43149 0.22899 0.00000 326.56903 391.23392
0.45799 0.22899 0.00000 336.36877 391.61200
0.54599 0.22899 0.00000 369.41910 393.02679
0.57248 0.22899 0.00000 379.37680 393.44495
0.66048 0.22899 0.00000 412.58432 394.80450
0.00000 0.31699 0.00000 169.09108 350.90836
0.08800 0.31699 0.00000 201.38899 352.35242
0.11450 0.31699 0.00000 210.98128 352.59848
0.20250 0.31699 0.00000 243.34705 353.93039
0.22899 0.31699 0.00000 253.00209 354.31555
0.31699 0.31699 0.00000 285.42322 355.57812
0.34349 0.31699 0.00000 295.21271 355.99197
0.43149 0.31699 0.00000 327.59174 357.38699
0.45799 0.31699 0.00000 337.44675 357.63828
0.54599 0.31699 0.00000 370.12384 358.90491
0.57248 0.31699 0.00000 379.90448 359.36234
0.66048 0.31699 0.00000 412.67722 360.62277
0.00000 0.34349 0.00000 169.86768 341.11353
0.08800 0.34349 0.00000 202.09100 342.31384
0.11450 0.34349 0.00000 211.66386 342.63156
0.20250 0.34349 0.00000 243.82765 343.80551
0.22899 0.34349 0.00000 253.57222 344.37283
0.31699 0.34349 0.00000 285.76886 345.57373
0.34349 0.34349 0.00000 295.48370 346.04825
0.43149 0.34349 0.00000 327.94363 347.34143
0.45799 0.34349 0.00000 337.67511 347.61505
0.54599 0.34349 0.00000 370.36826 348.80908
0.57248 0.34349 0.00000 380.07028 349.27905
0.66048 0.34349 0.00000 412.71133 350.51611
0.00000 0.43149 0.00000 172.77711 308.36731
0.08800 0.43149 0.00000 204.54228 309.55396
0.11450 0.43149 0.00000 214.12955 309.90140
0.20250 0.43149 0.00000 245.88925 311.26379
0.22899 0.43149 0.00000 255.45766 311.51926
0.31699 0.43149 0.00000 287.39075 312.69449
0.34349 0.43149 0.00000 297.00552 313.19379
0.43149 0.43149 0.00000 328.98624 314.39096
0.45799 0.43149 0.00000 338.66196 314.72473
0.54599 0.43149 0.00000 370.79800 315.78638
0.57248 0.43149 0.00000 380.54968 316.31464
0.66048 0.43149 0.00000 412.86127 317.40561
0.00000 0.45799 0.00000 173.65195 298.80301
0.08800 0.45799 0.00000 205.35716 299.87900
0.11450 0.45799 0.00000 214.74440 300.34262
0.20250 0.45799 0.00000 246.48724 301.45630
0.22899 0.45799 0.00000 256.01797 301.82889
0.31699 0.45799 0.00000 287.76828 303.13580
0.34349 0.45799 0.00000 297.43298 303.38364
0.43149 0.45799 0.00000 329.38141 304.55743
0.45799 0.45799 0.00000 338.99728 304.83661
0.54599 0.45799 0.00000 371.10327 306.25925
0.57248 0.45799 0.00000 380.64627 306.47812
0.66048 0.45799 0.00000 412.85550 307.55182
0.00000 0.54599 0.00000 176.46309 267.15536
0.08800 0.54599 0.00000 207.62126 268.35974
0.11450 0.54599 0.00000 217.09091 268.53342
0.20250 0.54599 0.00000 248.42603 269.64310
0.22899 0.54599 0.00000 257.83109 270.12390
0.31699 0.54599 0.00000 289.28906 271.24442
0.34349 0.54599 0.00000 298.73795 271.57037
0.43149 0.54599 0.00000 330.38068 272.58069
0.45799 0.54599 0.00000 339.93884 273.10663
0.54599 0.54599 0.00000 371.51520 274.12723
0.57248 0.54599 0.00000 381.29178 274.50385
0.66048 0.54599 0.00000 412.95456 275.42969
0.00000 0.57248 0.00000 177.30009 257.71912
0.08800 0.57248 0.00000 208.44759 258.81757
0.11450 0.57248 0.00000 217.72188 259.27164
0.20250 0.57248 0.00000 248.90343 260.31061
0.22899 0.57248 0.00000 258.39310 260.60712
0.31699 0.57248 0.00000 289.61758 261.68872
0.34349 0.57248 0.00000 299.20544 262.02417
0.43149 0.57248 0.00000 330.64630 263.25305
0.45799 0.57248 0.00000 340.27194 263.43219
0.54599 0.57248 0.00000 371.69748 264.55359
0.57248 0.57248 0.00000 381.36414 264.75769
0.66048 0.57248 0.00000 413.11957 266.03815
0.00000 0.66048 0.00000 179.81398 226.91888
0.08800 0.66048 0.00000 210.61385 228.09415
0.11450 0.66048 0.00000 220.00163 228.42625
0.20250 0.66048 0.00000 250.74710 229.39825
0.22899 0.66048 0.00000 260.21286 229.62170
0.31699 0.66048 0.00000 291.18164 230.58958
0.34349 0.66048 0.00000 300.49686 231.06610
0.43149 0.66048 0.00000 331.56683 232.10913
0.45799 0.66048 0.00000 341.19809 232.40285
0.54599 0.66048 0.00000 372.31757 233.41518
0.57248 0.66048 0.00000 381.70752 233.67065
0.66048 0.66048 0.00000 413.19196 234.58929

gimbalangles:
0.349065850399 0.0 -0.0872664625997 

end: