T_CW:
0.9991000636 0.0369198662 -0.0208802857 -0.4116533274
0.0330738733 -0.9863276673 -0.1614430287 0.6368404254
-0.0265552585 0.1606071484 -0.9866611182 1.2043700699
0.0000000000 0.0000000000 0.0000000000 1.0000000000

T_CW_cov:

target_points_pix:
0.00000 0.11450 0.00000 162.33159 429.55701
0.08800 0.11450 0.00000 195.42459 431.00470
0.11450 0.11450 0.00000 205.22786 431.48682
0.20250 0.11450 0.00000 238.48457 432.84824
0.22899 0.11450 0.00000 248.31358 433.39230
0.31699 0.11450 0.00000 281.60788 434.77017
0.34349 0.11450 0.00000 291.64819 435.27823
0.54599 0.11450 0.00000 368.70081 438.62827
0.57248 0.11450 0.00000 378.72290 439.12454
0.66048 0.11450 0.00000 412.55231 440.67947
0.00000 0.20250 0.00000 165.33211 394.83264
0.08800 0.20250 0.00000 197.91534 396.32339
0.11450 0.20250 0.00000 207.74313 396.56586
0.20250 0.20250 0.00000 240.55997 397.96289
0.22899 0.20250 0.00000 250.54623 398.36313
0.31699 0.20250 0.00000 283.29825 399.71317
0.34349 0.20250 0.00000 293.32858 400.15216
0.43149 0.20250 0.00000 326.23965 401.57187
0.45799 0.20250 0.00000 336.27661 401.94315
0.54599 0.20250 0.00000 369.24045 403.41891
0.57248 0.20250 0.00000 379.35071 403.69586
0.66048 0.20250 0.00000 412.44824 405.26086
0.00000 0.22899 0.00000 166.16776 384.68021
0.08800 0.22899 0.00000 198.73015 385.95917
0.11450 0.22899 0.00000 208.52518 386.38821
0.20250 0.22899 0.00000 241.20784 387.69031
0.22899 0.22899 0.00000 251.14948 388.08731
0.31699 0.22899 0.00000 283.76340 389.42987
0.34349 0.22899 0.00000 293.60410 389.88007
0.43149 0.22899 0.00000 326.56537 391.26340
0.45799 0.22899 0.00000 336.43521 391.59558
0.54599 0.22899 0.00000 369.48276 393.00845
0.57248 0.22899 0.00000 379.39029 393.38461
0.66048 0.22899 0.00000 412.63098 394.76459
0.00000 0.31699 0.00000 169.24188 350.95081
0.08800 0.31699 0.00000 201.39824 352.37509
0.11450 0.31699 0.00000 210.94640 352.60083
0.20250 0.31699 0.00000 243.29132 353.83304
0.22899 0.31699 0.00000 253.00632 354.34729
0.31699 0.31699 0.00000 285.41238 355.57285
0.34349 0.31699 0.00000 295.25299 356.01022
0.43149 0.31699 0.00000 327.59894 357.33017
0.45799 0.31699 0.00000 337.43973 357.65482
0.54599 0.31699 0.00000 370.07407 358.93750
0.57248 0.31699 0.00000 379.92960 359.30319
0.66048 0.31699 0.00000 412.62000 360.59756
0.00000 0.34349 0.00000 169.88498 341.11594
0.08800 0.34349 0.00000 202.10281 342.26840
0.11450 0.34349 0.00000 211.69038 342.59433
0.20250 0.34349 0.00000 243.88127 343.91422
0.22899 0.34349 0.00000 253.51520 344.35513
0.31699 0.34349 0.00000 285.80887 345.53635
0.34349 0.34349 0.00000 295.50677 346.03998
0.43149 0.34349 0.00000 327.93402 347.33890
0.45799 0.34349 0.00000 337.65207 347.62900
0.54599 0.34349 0.00000 370.29794 348.88263
0.57248 0.34349 0.00000 380.12097 349.30121
0.66048 0.34349 0.00000 412.73721 350.42984
0.00000 0.43149 0.00000 172.78745 308.46133
0.08800 0.43149 0.00000 204.54048 309.58890
0.11450 0.43149 0.00000 214.15120 309.89487
0.20250 0.43149 0.00000 245.83568 311.21405
0.22899 0.43149 0.00000 255.47971 311.52948
0.31699 0.43149 0.00000 287.38205 312.72293
0.34349 0.43149 0.00000 297.01035 313.22269
0.43149 0.43149 0.00000 328.95554 314.36139
0.45799 0.43149 0.00000 338.69461 314.72577
0.54599 0.43149 0.00000 370.75549 315.84097
0.57248 0.43149 0.00000 380.56912 316.29648
0.66048 0.43149 0.00000 412.87750 317.37991
0.00000 0.45799 0.00000 173.65689 298.80032
0.08800 0.45799 0.00000 205.40492 299.90436
0.11450 0.45799 0.00000 214.73483 300.36844
0.20250 0.45799 0.00000 246.49283 301.44876
0.22899 0.45799 0.00000 255.97949 301.75964
0.31699 0.45799 0.00000 287.74554 303.12415
0.34349 0.45799 0.00000 297.43765 303.37625
0.43149 0.45799 0.00000 329.39084 304.58929
0.45799 0.45799 0.00000 338.98776 304.87610
0.54599 0.45799 0.00000 371.09882 306.24551
0.57248 0.45799 0.00000 380.64777 306.41504
0.66048 0.45799 0.00000 412.88397 307.60434
0.00000 0.54599 0.00000 176.46619 267.17328
0.08800 0.54599 0.00000 207.67920 268.34918
0.11450 0.54599 0.00000 217.09285 268.54791
0.20250 0.54599 0.00000 248.42456 269.65289
0.22899 0.54599 0.00000 257.82635 270.13647
0.31699 0.54599 0.00000 289.31393 271.22687
0.34349 0.54599 0.00000 298.68658 271.55762
0.43149 0.54599 0.00000 330.37961 272.61093
0.45799 0.54599 0.00000 339.92450 273.04749
0.54599 0.54599 0.00000 371.56213 274.08228
0.57248 0.54599 0.00000 381.27991 274.47189
0.66048 0.54599 0.00000 412.97244 275.43549
0.00000 0.57248 0.00000 177.28943 257.63956
0.08800 0.57248 0.00000 208.45320 258.81491
0.11450 0.57248 0.00000 217.71497 259.25510
0.20250 0.57248 0.00000 248.94756 260.38492
0.22899 0.57248 0.00000 258.40884 260.57797
0.31699 0.57248 0.00000 289.60898 261.68646
0.34349 0.57248 0.00000 299.22260 262.02097
0.43149 0.57248 0.00000 330.62778 263.20578
0.45799 0.57248 0.00000 340.30078 263.42935
0.54599 0.57248 0.00000 371.70422 264.56671
0.57248 0.57248 0.00000 381.37994 264.72571
0.66048 0.57248 0.00000 413.16663 266.01529
0.00000 0.66048 0.00000 179.85193 226.91287
0.08800 0.66048 0.00000 210.63992 228.04755
0.11450 0.66048 0.00000 219.99377 228.39398
0.20250 0.66048 0.00000 250.73808 229.43748
0.22899 0.66048 0.00000 260.15131 229.59143
0.31699 0.66048 0.00000 291.16293 230.59256
0.34349 0.66048 0.00000 300.53821 231.10596
0.43149 0.66048 0.00000 331.61349 232.06903
0.45799 0.66048 0.00000 341.20178 232.38394
0.54599 0.66048 0.00000 372.36996 233.38358
0.57248 0.66048 0.00000 381.70599 233.68240
0.66048 0.66048 0.00000 413.22583 234.52844

gimbalangles:
0.349065850399 0.0 0.261799387799 

end: