T_CW:
0.9775271637 0.0456693331 0.2058031977 -0.6783607178
0.1178653007 -0.9278074556 -0.3539506974 0.7158540351
0.1747810489 0.3702534772 -0.9123398202 1.0109649366
0.0000000000 0.0000000000 0.0000000000 1.0000000000

T_CW_cov:

target_points_pix:
0.00000 0.45799 0.00000 31.38228 622.80566
0.08800 0.45799 0.00000 118.34573 629.25446
0.11450 0.45799 0.00000 143.70634 630.99768
0.20250 0.45799 0.00000 228.08391 636.83685
0.22899 0.45799 0.00000 253.05106 638.61816
0.31699 0.45799 0.00000 334.48349 644.52753
0.34349 0.45799 0.00000 358.50079 646.34705
0.43149 0.45799 0.00000 437.57126 651.74854
0.45799 0.45799 0.00000 461.10748 653.54547
0.54599 0.45799 0.00000 537.68146 658.88300
0.57248 0.45799 0.00000 560.56555 660.51251
0.00000 0.54599 0.00000 51.16143 541.45251
0.08800 0.54599 0.00000 135.68315 548.45038
0.11450 0.54599 0.00000 160.58246 550.56213
0.20250 0.54599 0.00000 242.32712 557.49780
0.22899 0.54599 0.00000 266.67917 559.48035
0.31699 0.54599 0.00000 345.73083 566.04028
0.34349 0.54599 0.00000 369.38864 568.02649
0.43149 0.54599 0.00000 446.21271 574.43890
0.45799 0.54599 0.00000 469.17093 576.38702
0.54599 0.54599 0.00000 543.84082 582.36871
0.57248 0.54599 0.00000 566.17615 584.22052
0.66048 0.54599 0.00000 638.74390 590.03180
0.00000 0.57248 0.00000 56.83519 517.64209
0.08800 0.57248 0.00000 140.64459 525.26141
0.11450 0.57248 0.00000 165.36862 527.43256
0.20250 0.57248 0.00000 246.49364 534.38843
0.22899 0.57248 0.00000 270.47598 536.47296
0.31699 0.57248 0.00000 349.05377 543.38867
0.34349 0.57248 0.00000 372.38446 545.34076
0.43149 0.57248 0.00000 448.61343 551.75934
0.45799 0.57248 0.00000 471.44116 553.62537
0.54599 0.57248 0.00000 545.60468 560.03320
0.57248 0.57248 0.00000 567.60144 561.95630
0.66048 0.57248 0.00000 639.75385 567.90759
0.08800 0.66048 0.00000 156.84706 449.60379
0.11450 0.66048 0.00000 180.98929 452.07440
0.20250 0.66048 0.00000 259.73279 459.64502
0.22899 0.66048 0.00000 283.33234 462.11310
0.31699 0.66048 0.00000 359.74490 469.51740
0.34349 0.66048 0.00000 382.52313 471.64615
0.43149 0.66048 0.00000 457.02005 478.77200
0.45799 0.66048 0.00000 479.13101 481.02982
0.54599 0.66048 0.00000 551.49799 487.98688
0.57248 0.66048 0.00000 572.99884 490.18039

gimbalangles:
0.349065850399 0.0 0.261799387799 

end: