T_CW:
0.9987970115 0.0413504032 -0.0263566697 -0.5246969510
0.0363761990 -0.9852451933 -0.1672383965 0.6411677785
-0.0328831572 0.1660784552 -0.9855641251 1.2037045624
0.0000000000 0.0000000000 0.0000000000 1.0000000000

T_CW_cov:

target_points_pix:
0.08800 0.11450 0.00000 148.37251 441.37695
0.20250 0.11450 0.00000 191.79929 443.53061
0.22899 0.11450 0.00000 201.80927 444.11163
0.31699 0.11450 0.00000 235.31290 445.61310
0.34349 0.11450 0.00000 245.53464 446.28238
0.43149 0.11450 0.00000 279.03577 448.03735
0.45799 0.11450 0.00000 289.03720 448.55783
0.54599 0.11450 0.00000 323.01245 450.21115
0.57248 0.11450 0.00000 332.96658 450.58487
0.66048 0.11450 0.00000 367.30084 452.59430
0.00000 0.20250 0.00000 118.68290 404.65225
0.08800 0.20250 0.00000 151.88028 406.42831
0.11450 0.20250 0.00000 161.66431 406.70154
0.20250 0.20250 0.00000 194.75388 408.17859
0.22899 0.20250 0.00000 204.69592 408.52264
0.31699 0.20250 0.00000 237.77356 410.21521
0.34349 0.20250 0.00000 247.66142 410.62271
0.43149 0.20250 0.00000 280.76956 412.18820
0.45799 0.20250 0.00000 290.88763 412.83157
0.54599 0.20250 0.00000 324.24042 414.49130
0.57248 0.20250 0.00000 334.29456 414.86246
0.66048 0.20250 0.00000 367.82623 416.55429
0.00000 0.22899 0.00000 119.87513 394.53693
0.08800 0.22899 0.00000 152.82217 395.80627
0.11450 0.22899 0.00000 162.61723 396.39331
0.20250 0.22899 0.00000 195.65041 397.71133
0.22899 0.22899 0.00000 205.47150 398.33405
0.31699 0.22899 0.00000 238.53352 399.62936
0.34349 0.22899 0.00000 248.38496 400.20370
0.43149 0.22899 0.00000 281.40533 401.69699
0.45799 0.22899 0.00000 291.31781 402.27219
0.54599 0.22899 0.00000 324.57455 403.84763
0.57248 0.22899 0.00000 334.49911 404.35211
0.00000 0.31699 0.00000 123.66021 360.36740
0.08800 0.31699 0.00000 156.29149 361.77283
0.11450 0.31699 0.00000 165.92216 362.09320
0.20250 0.31699 0.00000 198.49782 363.62741
0.31699 0.31699 0.00000 240.69353 365.45004
0.34349 0.31699 0.00000 250.46576 365.83090
0.43149 0.31699 0.00000 283.08878 367.50925
0.45799 0.31699 0.00000 292.82547 367.82611
0.54599 0.31699 0.00000 325.67892 369.37537
0.57248 0.31699 0.00000 335.63708 369.81949
0.66048 0.31699 0.00000 368.66473 371.47949
0.00000 0.34349 0.00000 124.68238 350.39957
0.08800 0.34349 0.00000 157.13141 351.46451
0.11450 0.34349 0.00000 166.95584 352.02136
0.20250 0.34349 0.00000 199.22731 353.33347
0.22899 0.34349 0.00000 208.85176 353.72787
0.31699 0.34349 0.00000 241.29448 355.39468
0.34349 0.34349 0.00000 250.93668 355.75229
0.43149 0.34349 0.00000 283.47900 357.27670
0.45799 0.34349 0.00000 293.28278 357.67368
0.54599 0.34349 0.00000 326.14716 359.22845
0.57248 0.34349 0.00000 335.98288 359.62958
0.66048 0.34349 0.00000 368.92859 361.23395
0.00000 0.43149 0.00000 128.44525 317.21085
0.08800 0.43149 0.00000 160.40822 318.58786
0.11450 0.43149 0.00000 169.92868 318.99466
0.20250 0.43149 0.00000 201.76532 320.44522
0.22899 0.43149 0.00000 211.38405 320.75940
0.31699 0.43149 0.00000 243.38684 321.97458
0.34349 0.43149 0.00000 252.97270 322.55563
0.43149 0.43149 0.00000 285.14838 323.87369
0.45799 0.43149 0.00000 294.88965 324.38751
0.54599 0.43149 0.00000 327.23013 325.61945
0.57248 0.43149 0.00000 337.21954 326.10104
0.66048 0.43149 0.00000 369.56741 327.42401
0.00000 0.45799 0.00000 129.44188 307.58411
0.08800 0.45799 0.00000 161.39929 308.88181
0.11450 0.45799 0.00000 170.91185 309.37933
0.20250 0.45799 0.00000 202.67906 310.41440
0.22899 0.45799 0.00000 212.16972 310.98538
0.31699 0.45799 0.00000 243.93156 312.31937
0.34349 0.45799 0.00000 253.61879 312.65527
0.43149 0.45799 0.00000 285.76120 313.93820
0.45799 0.45799 0.00000 295.29431 314.44974
0.54599 0.45799 0.00000 327.69891 315.66333
0.57248 0.45799 0.00000 337.23697 316.23862
0.66048 0.45799 0.00000 369.87100 317.45975
0.00000 0.54599 0.00000 132.97292 275.52222
0.08800 0.54599 0.00000 164.45967 276.93356
0.11450 0.54599 0.00000 173.74467 277.32123
0.20250 0.54599 0.00000 205.22498 278.60452
0.22899 0.54599 0.00000 214.64818 278.76370
0.31699 0.54599 0.00000 246.08682 280.19650
0.34349 0.54599 0.00000 255.64424 280.37711
0.43149 0.54599 0.00000 287.19592 281.65173
0.45799 0.54599 0.00000 297.08450 282.03925
0.54599 0.54599 0.00000 328.66364 283.37189
0.57248 0.54599 0.00000 338.57108 283.69528
0.66048 0.54599 0.00000 370.41913 285.04236
0.00000 0.57248 0.00000 133.87062 266.37900
0.08800 0.57248 0.00000 165.29001 267.40021
0.11450 0.57248 0.00000 174.72911 267.87646
0.20250 0.57248 0.00000 206.04086 268.98102
0.22899 0.57248 0.00000 215.45551 269.47635
0.31699 0.57248 0.00000 246.70384 270.51245
0.34349 0.57248 0.00000 256.21033 270.97754
0.43149 0.57248 0.00000 287.82220 272.12097
0.45799 0.57248 0.00000 297.32639 272.48447
0.54599 0.57248 0.00000 329.31979 273.68127
0.57248 0.57248 0.00000 338.64160 274.09628
0.66048 0.57248 0.00000 370.75015 275.33780
0.00000 0.66048 0.00000 137.25237 235.11278
0.08800 0.66048 0.00000 168.29721 236.55359
0.11450 0.66048 0.00000 177.60481 236.69409
0.20250 0.66048 0.00000 208.62407 237.94667
0.22899 0.66048 0.00000 217.76010 238.25504
0.31699 0.66048 0.00000 248.69954 239.36760
0.34349 0.66048 0.00000 258.30313 239.64342
0.43149 0.66048 0.00000 289.38339 240.71941
0.45799 0.66048 0.00000 298.92297 241.17917
0.54599 0.66048 0.00000 330.26270 242.34915
0.57248 0.66048 0.00000 339.91010 242.58173
0.66048 0.66048 0.00000 371.39212 243.66942

gimbalangles:
0.349065850399 0.0 0.261799387799 

end: