T_CW:
0.9987908299 0.0413394495 -0.0266069154 -0.5247045857
0.0363338201 -0.9852973323 -0.1669401703 0.6412186751
-0.0331169375 0.1657715804 -0.9856079604 1.2040142749
0.0000000000 0.0000000000 0.0000000000 1.0000000000

T_CW_cov:

target_points_pix:
0.08800 0.11450 0.00000 148.28203 441.46631
0.11450 0.11450 0.00000 158.25905 442.08505
0.20250 0.11450 0.00000 191.77689 443.55579
0.22899 0.11450 0.00000 201.84766 444.29102
0.31699 0.11450 0.00000 235.22156 445.71832
0.34349 0.11450 0.00000 245.41011 446.33209
0.43149 0.11450 0.00000 279.16040 447.96149
0.45799 0.11450 0.00000 289.00610 448.48373
0.54599 0.11450 0.00000 323.16891 450.12250
0.57248 0.11450 0.00000 333.01089 450.67831
0.66048 0.11450 0.00000 367.28174 452.49670
0.00000 0.20250 0.00000 118.74260 404.65152
0.08800 0.20250 0.00000 152.00076 406.44968
0.11450 0.20250 0.00000 161.75252 406.57965
0.20250 0.20250 0.00000 194.78578 408.36484
0.31699 0.20250 0.00000 237.75636 410.08807
0.34349 0.20250 0.00000 247.79858 410.53574
0.43149 0.20250 0.00000 280.78506 412.26169
0.45799 0.20250 0.00000 290.89130 412.72864
0.54599 0.20250 0.00000 324.16196 414.33432
0.57248 0.20250 0.00000 334.30969 414.85187
0.66048 0.20250 0.00000 367.75092 416.59833
0.00000 0.22899 0.00000 119.90032 394.52496
0.08800 0.22899 0.00000 152.76598 395.79794
0.11450 0.22899 0.00000 162.70381 396.52103
0.20250 0.22899 0.00000 195.64893 397.62997
0.22899 0.22899 0.00000 205.50711 398.22641
0.31699 0.22899 0.00000 238.43217 399.66479
0.34349 0.22899 0.00000 248.44278 400.05460
0.43149 0.22899 0.00000 281.33301 401.68912
0.45799 0.22899 0.00000 291.27631 402.46240
0.54599 0.22899 0.00000 324.57715 403.91113
0.57248 0.22899 0.00000 334.48907 404.31055
0.66048 0.22899 0.00000 367.95743 406.11411
0.00000 0.31699 0.00000 123.69837 360.40021
0.08800 0.31699 0.00000 156.27007 361.80807
0.11450 0.31699 0.00000 165.93456 362.05322
0.20250 0.31699 0.00000 198.42155 363.51102
0.22899 0.31699 0.00000 208.31552 363.94968
0.31699 0.31699 0.00000 240.69142 365.51001
0.34349 0.31699 0.00000 250.46027 365.83612
0.43149 0.31699 0.00000 282.99957 367.46140
0.45799 0.31699 0.00000 292.76813 367.91034
0.54599 0.31699 0.00000 325.68692 369.34790
0.57248 0.31699 0.00000 335.65482 369.81372
0.66048 0.31699 0.00000 368.71298 371.48126
0.00000 0.34349 0.00000 124.69848 350.44702
0.08800 0.34349 0.00000 157.11964 351.54379
0.11450 0.34349 0.00000 166.76260 352.11615
0.20250 0.34349 0.00000 199.13896 353.41965
0.22899 0.34349 0.00000 208.80066 353.79953
0.31699 0.34349 0.00000 241.30742 355.24982
0.34349 0.34349 0.00000 251.02095 355.78574
0.43149 0.34349 0.00000 283.50259 357.32419
0.45799 0.34349 0.00000 293.38464 357.71832
0.54599 0.34349 0.00000 326.14252 359.26331
0.57248 0.34349 0.00000 335.96170 359.60675
0.66048 0.34349 0.00000 368.96603 361.12082
0.00000 0.43149 0.00000 128.43713 317.25333
0.08800 0.43149 0.00000 160.44962 318.60516
0.11450 0.43149 0.00000 169.98924 318.88235
0.20250 0.43149 0.00000 201.83357 320.42960
0.22899 0.43149 0.00000 211.44058 320.56558
0.31699 0.43149 0.00000 243.51109 322.30670
0.34349 0.43149 0.00000 252.86693 322.49390
0.43149 0.43149 0.00000 285.12155 323.82950
0.45799 0.43149 0.00000 294.90320 324.35760
0.54599 0.43149 0.00000 327.20312 325.62091
0.57248 0.43149 0.00000 337.20938 326.12711
0.66048 0.43149 0.00000 369.56219 327.44916
0.00000 0.45799 0.00000 129.49312 307.64182
0.08800 0.45799 0.00000 161.33318 308.64252
0.11450 0.45799 0.00000 170.84860 309.42932
0.20250 0.45799 0.00000 202.78770 310.39407
0.22899 0.45799 0.00000 212.17918 311.02780
0.31699 0.45799 0.00000 243.88553 312.35770
0.34349 0.45799 0.00000 253.55516 312.63870
0.43149 0.45799 0.00000 285.74719 314.02740
0.45799 0.45799 0.00000 295.29877 314.46112
0.54599 0.45799 0.00000 327.70038 315.65820
0.57248 0.45799 0.00000 337.31253 316.27786
0.66048 0.45799 0.00000 369.89429 317.48083
0.08800 0.54599 0.00000 164.53334 276.91092
0.11450 0.54599 0.00000 173.90536 277.25943
0.20250 0.54599 0.00000 205.32040 278.41974
0.22899 0.54599 0.00000 214.65804 278.80472
0.31699 0.54599 0.00000 246.03459 280.12497
0.34349 0.54599 0.00000 255.64246 280.41638
0.43149 0.54599 0.00000 287.21033 281.65967
0.45799 0.54599 0.00000 296.98056 282.10446
0.54599 0.54599 0.00000 328.66940 283.38278
0.57248 0.54599 0.00000 338.56799 283.67746
0.66048 0.54599 0.00000 370.44885 285.00186
0.00000 0.57248 0.00000 133.93271 266.37576
0.08800 0.57248 0.00000 165.31056 267.38776
0.11450 0.57248 0.00000 174.74673 267.85080
0.20250 0.57248 0.00000 206.00844 269.02188
0.22899 0.57248 0.00000 215.40306 269.48587
0.31699 0.57248 0.00000 246.72017 270.51721
0.34349 0.57248 0.00000 256.23145 270.82874
0.43149 0.57248 0.00000 287.80823 272.12848
0.45799 0.57248 0.00000 297.31995 272.53482
0.54599 0.57248 0.00000 329.34900 273.61404
0.57248 0.57248 0.00000 338.56619 274.20459
0.66048 0.57248 0.00000 370.77054 275.37955
0.00000 0.66048 0.00000 137.27621 235.28302
0.08800 0.66048 0.00000 168.40167 236.62483
0.11450 0.66048 0.00000 177.58177 236.70584
0.20250 0.66048 0.00000 208.53468 238.02765
0.22899 0.66048 0.00000 217.76553 238.26425
0.31699 0.66048 0.00000 248.72844 239.35081
0.34349 0.66048 0.00000 258.31525 239.56906
0.43149 0.66048 0.00000 289.32190 240.72710
0.45799 0.66048 0.00000 298.97382 241.18367
0.54599 0.66048 0.00000 330.22858 242.33398
0.57248 0.66048 0.00000 339.90726 242.55746
0.66048 0.66048 0.00000 371.31885 243.68027

gimbalangles:
0.349065850399 0.0 0.436332312999 

end: