T_CW:
0.9991062305 0.0369626419 -0.0205061761 -0.4117281431
0.0331599664 -0.9862243988 -0.1620550889 0.6366447461
-0.0262136755 0.1612302649 -0.9865686215 1.2041529407
0.0000000000 0.0000000000 0.0000000000 1.0000000000

T_CW_cov:

target_points_pix:
0.00000 0.11450 0.00000 162.15994 429.55295
0.08800 0.11450 0.00000 195.43756 430.93683
0.11450 0.11450 0.00000 205.17336 431.35034
0.20250 0.11450 0.00000 238.37181 432.80173
0.22899 0.11450 0.00000 248.27957 433.31049
0.31699 0.11450 0.00000 281.63431 434.71274
0.34349 0.11450 0.00000 291.55222 435.22693
0.43149 0.11450 0.00000 325.12650 436.60809
0.54599 0.11450 0.00000 368.70477 438.52759
0.57248 0.11450 0.00000 378.71356 439.09024
0.66048 0.11450 0.00000 412.48398 440.53314
0.00000 0.20250 0.00000 165.34656 394.79294
0.08800 0.20250 0.00000 197.90405 396.25702
0.11450 0.20250 0.00000 207.76640 396.61636
0.20250 0.20250 0.00000 240.56421 397.92010
0.22899 0.20250 0.00000 250.46725 398.33038
0.31699 0.20250 0.00000 283.37296 399.61517
0.34349 0.20250 0.00000 293.29410 400.18018
0.43149 0.20250 0.00000 326.22498 401.45828
0.45799 0.20250 0.00000 336.22446 401.95624
0.54599 0.20250 0.00000 369.29810 403.42249
0.57248 0.20250 0.00000 379.23099 403.64325
0.66048 0.20250 0.00000 412.50018 405.24966
0.00000 0.22899 0.00000 166.12120 384.59293
0.08800 0.22899 0.00000 198.74623 385.86032
0.11450 0.22899 0.00000 208.55930 386.44946
0.20250 0.22899 0.00000 241.20940 387.57068
0.22899 0.22899 0.00000 250.95201 388.04819
0.31699 0.22899 0.00000 283.76379 389.39764
0.34349 0.22899 0.00000 293.55478 389.78540
0.43149 0.22899 0.00000 326.56210 391.14926
0.45799 0.22899 0.00000 336.40378 391.52811
0.54599 0.22899 0.00000 369.49475 392.89203
0.57248 0.22899 0.00000 379.32489 393.34897
0.66048 0.22899 0.00000 412.54425 394.73566
0.00000 0.31699 0.00000 169.08118 350.86356
0.08800 0.31699 0.00000 201.38301 352.30896
0.11450 0.31699 0.00000 210.94392 352.56470
0.20250 0.31699 0.00000 243.33313 353.83710
0.22899 0.31699 0.00000 253.03253 354.31519
0.31699 0.31699 0.00000 285.40823 355.54749
0.34349 0.31699 0.00000 295.15604 355.91006
0.43149 0.31699 0.00000 327.55737 357.26077
0.45799 0.31699 0.00000 337.47018 357.53879
0.54599 0.31699 0.00000 370.11395 358.79431
0.57248 0.31699 0.00000 379.95859 359.28448
0.66048 0.31699 0.00000 412.58151 360.57074
0.00000 0.34349 0.00000 170.01361 341.11118
0.08800 0.34349 0.00000 202.06203 342.28479
0.11450 0.34349 0.00000 211.65427 342.59216
0.20250 0.34349 0.00000 243.85663 343.83215
0.22899 0.34349 0.00000 253.58342 344.30197
0.31699 0.34349 0.00000 285.82028 345.50586
0.34349 0.34349 0.00000 295.48553 345.94153
0.43149 0.34349 0.00000 327.94440 347.26001
0.45799 0.34349 0.00000 337.62173 347.55441
0.54599 0.34349 0.00000 370.22437 348.79428
0.57248 0.34349 0.00000 380.02225 349.18839
0.66048 0.34349 0.00000 412.71555 350.45840
0.00000 0.43149 0.00000 172.81052 308.37268
0.08800 0.43149 0.00000 204.51852 309.52902
0.11450 0.43149 0.00000 214.13751 309.83798
0.20250 0.43149 0.00000 245.80727 311.19254
0.22899 0.43149 0.00000 255.48018 311.48499
0.31699 0.43149 0.00000 287.38193 312.65063
0.34349 0.43149 0.00000 296.95300 313.19968
0.43149 0.43149 0.00000 328.94870 314.29889
0.45799 0.43149 0.00000 338.65012 314.66104
0.54599 0.43149 0.00000 370.78201 315.80460
0.57248 0.43149 0.00000 380.53882 316.27191
0.66048 0.43149 0.00000 412.80417 317.36490
0.00000 0.45799 0.00000 173.64352 298.65244
0.08800 0.45799 0.00000 205.38432 299.85071
0.11450 0.45799 0.00000 214.76363 300.33304
0.20250 0.45799 0.00000 246.45084 301.44824
0.22899 0.45799 0.00000 255.98740 301.72238
0.31699 0.45799 0.00000 287.73920 302.96451
0.34349 0.45799 0.00000 297.41028 303.38116
0.43149 0.45799 0.00000 329.31219 304.56238
0.45799 0.45799 0.00000 338.93588 304.75775
0.54599 0.45799 0.00000 371.02600 306.20062
0.57248 0.45799 0.00000 380.65149 306.37244
0.66048 0.45799 0.00000 412.85907 307.55365
0.00000 0.54599 0.00000 176.42030 267.08945
0.08800 0.54599 0.00000 207.63290 268.25916
0.11450 0.54599 0.00000 217.18735 268.44635
0.20250 0.54599 0.00000 248.40556 269.57666
0.22899 0.54599 0.00000 257.80981 270.04950
0.31699 0.54599 0.00000 289.28522 271.14777
0.34349 0.54599 0.00000 298.68106 271.51895
0.43149 0.54599 0.00000 330.40210 272.52783
0.45799 0.54599 0.00000 339.85745 273.00320
0.54599 0.54599 0.00000 371.53119 274.00900
0.57248 0.54599 0.00000 381.27939 274.41931
0.66048 0.54599 0.00000 412.95053 275.41687
0.00000 0.57248 0.00000 177.29730 257.68390
0.08800 0.57248 0.00000 208.44414 258.76074
0.11450 0.57248 0.00000 217.72269 259.26450
0.20250 0.57248 0.00000 248.94786 260.29959
0.22899 0.57248 0.00000 258.39868 260.55109
0.31699 0.57248 0.00000 289.59671 261.64236
0.34349 0.57248 0.00000 299.19086 261.96109
0.43149 0.57248 0.00000 330.60291 263.14548
0.45799 0.57248 0.00000 340.29361 263.37955
0.54599 0.57248 0.00000 371.71112 264.53503
0.57248 0.57248 0.00000 381.35510 264.68533
0.66048 0.57248 0.00000 413.07541 265.94995
0.00000 0.66048 0.00000 179.82668 226.86624
0.08800 0.66048 0.00000 210.65013 227.97473
0.11450 0.66048 0.00000 219.98543 228.41725
0.20250 0.66048 0.00000 250.72650 229.40131
0.22899 0.66048 0.00000 260.14438 229.59706
0.31699 0.66048 0.00000 291.21704 230.55386
0.34349 0.66048 0.00000 300.49863 231.00558
0.43149 0.66048 0.00000 331.61313 232.03725
0.45799 0.66048 0.00000 341.15030 232.35890
0.54599 0.66048 0.00000 372.33646 233.32507
0.57248 0.66048 0.00000 381.64468 233.63074
0.66048 0.66048 0.00000 413.15485 234.53026

gimbalangles:
-0.349065850399 0.0 -0.436332312999 

end: