T_CW:
0.9412195557 -0.1190453921 -0.3161233028 0.0840345511
-0.2170433164 -0.9302289618 -0.2959159972 0.7756258130
-0.2588396159 0.3471343734 -0.9013876969 1.1809046099
0.0000000000 0.0000000000 0.0000000000 1.0000000000

T_CW_cov:

target_points_pix:
0.22899 0.34349 0.00000 876.18292 713.37854
0.31699 0.34349 0.00000 955.74841 702.87048
0.34349 0.34349 0.00000 980.40430 699.64777
0.43149 0.34349 0.00000 1063.99731 688.64734
0.45799 0.34349 0.00000 1089.83240 685.41492
0.54599 0.34349 0.00000 1177.92493 673.66833
0.22899 0.43149 0.00000 861.43372 633.52710
0.31699 0.43149 0.00000 938.82849 621.80927
0.34349 0.43149 0.00000 962.76111 618.36127
0.43149 0.43149 0.00000 1044.03467 605.93176
0.45799 0.43149 0.00000 1069.13306 602.26874
0.54599 0.43149 0.00000 1154.55359 589.33612
0.00000 0.45799 0.00000 669.42346 639.69293
0.08800 0.45799 0.00000 739.55591 628.69427
0.11450 0.45799 0.00000 761.27850 625.46985
0.20250 0.45799 0.00000 834.56860 613.78503
0.22899 0.45799 0.00000 857.24377 610.35370
0.31699 0.45799 0.00000 933.96686 598.30444
0.34349 0.45799 0.00000 957.64563 594.53473
0.43149 0.45799 0.00000 1038.25964 581.76117
0.45799 0.45799 0.00000 1063.02551 577.92761
0.54599 0.45799 0.00000 1147.77747 564.64630
0.57248 0.45799 0.00000 1173.87561 560.59979
0.66048 0.45799 0.00000 1262.93567 546.45703
0.00000 0.54599 0.00000 660.21893 567.31189
0.08800 0.54599 0.00000 728.65314 555.35938
0.11450 0.54599 0.00000 749.71710 551.55786
0.20250 0.54599 0.00000 821.38885 539.19586
0.22899 0.54599 0.00000 843.33783 535.27374
0.31699 0.54599 0.00000 918.26202 522.19543
0.34349 0.54599 0.00000 941.12933 518.07275
0.43149 0.54599 0.00000 1019.54175 504.37775
0.45799 0.54599 0.00000 1043.56104 500.15625
0.54599 0.54599 0.00000 1125.83936 485.58347
0.57248 0.54599 0.00000 1151.07166 481.22797
0.66048 0.54599 0.00000 1237.61865 465.87488
0.00000 0.57248 0.00000 657.47815 546.14618
0.08800 0.57248 0.00000 725.56897 533.78052
0.11450 0.57248 0.00000 746.44952 530.08154
0.20250 0.57248 0.00000 817.57373 517.39075
0.22899 0.57248 0.00000 839.38458 513.37854
0.31699 0.57248 0.00000 913.54327 499.84253
0.34349 0.57248 0.00000 936.51727 495.78632
0.43149 0.57248 0.00000 1014.01038 481.62274
0.45799 0.57248 0.00000 1037.82568 477.44058
0.54599 0.57248 0.00000 1119.51917 462.57816
0.57248 0.57248 0.00000 1144.48657 458.05518
0.66048 0.57248 0.00000 1230.20105 442.40292
0.08800 0.66048 0.00000 715.37579 464.38760
0.11450 0.66048 0.00000 735.59491 460.35913
0.20250 0.66048 0.00000 804.99866 446.59509
0.22899 0.66048 0.00000 826.29425 442.41318
0.31699 0.66048 0.00000 898.63293 428.12137
0.34349 0.66048 0.00000 920.85187 423.65240
0.43149 0.66048 0.00000 996.52527 408.67282
0.45799 0.66048 0.00000 1019.73969 404.10486
0.54599 0.66048 0.00000 1098.89526 388.27658
0.57248 0.66048 0.00000 1123.42603 383.43951

gimbalangles:
0.349065850399 0.174532925199 -0.261799387799 

end: