T_CW:
0.9987893463 0.0413676001 -0.0266188548 -0.5247180783
0.0363667638 -0.9853321565 -0.1667273217 0.6411981185
-0.0331255228 0.1655574310 -0.9856436662 1.2039368548
0.0000000000 0.0000000000 0.0000000000 1.0000000000

T_CW_cov:

target_points_pix:
0.08800 0.11450 0.00000 148.40138 441.51352
0.11450 0.11450 0.00000 158.13931 442.18011
0.20250 0.11450 0.00000 191.86514 443.55499
0.22899 0.11450 0.00000 201.58707 444.14651
0.31699 0.11450 0.00000 235.41978 445.60477
0.34349 0.11450 0.00000 245.33267 446.21936
0.43149 0.11450 0.00000 278.95251 447.81378
0.45799 0.11450 0.00000 289.04385 448.57907
0.54599 0.11450 0.00000 322.92297 450.13367
0.57248 0.11450 0.00000 333.07181 450.82547
0.66048 0.11450 0.00000 367.12497 452.56650
0.00000 0.20250 0.00000 118.72224 404.68524
0.08800 0.20250 0.00000 151.93629 406.40109
0.11450 0.20250 0.00000 161.64467 406.61740
0.20250 0.20250 0.00000 194.81415 408.30179
0.22899 0.20250 0.00000 204.63986 408.58438
0.31699 0.20250 0.00000 237.69348 410.06992
0.34349 0.20250 0.00000 247.76062 410.60190
0.43149 0.20250 0.00000 280.75641 412.40497
0.45799 0.20250 0.00000 290.82980 412.74924
0.54599 0.20250 0.00000 324.23657 414.47961
0.57248 0.20250 0.00000 334.37872 414.81653
0.66048 0.20250 0.00000 367.80261 416.62051
0.08800 0.22899 0.00000 152.86995 395.88788
0.11450 0.22899 0.00000 162.64165 396.46158
0.20250 0.22899 0.00000 195.55115 397.60880
0.22899 0.22899 0.00000 205.58141 398.31189
0.31699 0.22899 0.00000 238.50374 399.67349
0.34349 0.22899 0.00000 248.34665 400.14581
0.43149 0.22899 0.00000 281.41730 401.77844
0.45799 0.22899 0.00000 291.40387 402.27170
0.54599 0.22899 0.00000 324.48871 403.87134
0.57248 0.22899 0.00000 334.51282 404.39639
0.66048 0.22899 0.00000 367.99857 405.98920
0.00000 0.31699 0.00000 123.66869 360.32382
0.08800 0.31699 0.00000 156.25417 361.89972
0.11450 0.31699 0.00000 165.91107 362.18149
0.20250 0.31699 0.00000 198.39386 363.65387
0.31699 0.31699 0.00000 240.68001 365.46164
0.34349 0.31699 0.00000 250.52190 365.86505
0.43149 0.31699 0.00000 283.04892 367.47287
0.45799 0.31699 0.00000 292.87585 367.97076
0.54599 0.31699 0.00000 325.65491 369.35791
0.57248 0.31699 0.00000 335.61969 369.79608
0.66048 0.31699 0.00000 368.74045 371.48019
0.00000 0.34349 0.00000 124.73947 350.39563
0.08800 0.34349 0.00000 157.18030 351.56644
0.11450 0.34349 0.00000 166.91498 352.16229
0.20250 0.34349 0.00000 199.22919 353.33057
0.22899 0.34349 0.00000 208.78917 353.76660
0.31699 0.34349 0.00000 241.34918 355.29697
0.34349 0.34349 0.00000 250.97688 355.80734
0.43149 0.34349 0.00000 283.54767 357.30847
0.45799 0.34349 0.00000 293.34076 357.76996
0.54599 0.34349 0.00000 326.09256 359.26535
0.57248 0.34349 0.00000 335.91367 359.58606
0.66048 0.34349 0.00000 368.96924 361.12448
0.00000 0.43149 0.00000 128.38414 317.34088
0.08800 0.43149 0.00000 160.41676 318.65295
0.11450 0.43149 0.00000 169.96379 318.92889
0.20250 0.43149 0.00000 201.82356 320.38211
0.22899 0.43149 0.00000 211.43962 320.67798
0.31699 0.43149 0.00000 243.44629 322.06747
0.43149 0.43149 0.00000 285.19211 323.82608
0.45799 0.43149 0.00000 294.81964 324.38745
0.54599 0.43149 0.00000 327.22852 325.64264
0.57248 0.43149 0.00000 337.20959 326.05331
0.66048 0.43149 0.00000 369.65665 327.44827
0.00000 0.45799 0.00000 129.32169 307.55267
0.08800 0.45799 0.00000 161.35342 308.76205
0.11450 0.45799 0.00000 170.97072 309.30106
0.20250 0.45799 0.00000 202.62947 310.46323
0.22899 0.45799 0.00000 212.14806 310.93958
0.31699 0.45799 0.00000 243.96793 312.36322
0.34349 0.45799 0.00000 253.62376 312.62808
0.43149 0.45799 0.00000 285.65817 314.05615
0.45799 0.45799 0.00000 295.26974 314.46271
0.54599 0.45799 0.00000 327.65927 315.75314
0.57248 0.45799 0.00000 337.32605 316.20520
0.66048 0.45799 0.00000 369.90399 317.52386
0.00000 0.54599 0.00000 132.89818 275.46396
0.08800 0.54599 0.00000 164.48604 276.93851
0.11450 0.54599 0.00000 173.75949 277.26831
0.20250 0.54599 0.00000 205.31145 278.52136
0.22899 0.54599 0.00000 214.60921 278.78644
0.31699 0.54599 0.00000 246.19406 280.29813
0.34349 0.54599 0.00000 255.52719 280.47711
0.43149 0.54599 0.00000 287.27884 281.56464
0.45799 0.54599 0.00000 296.99878 282.10123
0.54599 0.54599 0.00000 328.69781 283.32364
0.57248 0.54599 0.00000 338.55112 283.67398
0.66048 0.54599 0.00000 370.47824 284.93332
0.00000 0.57248 0.00000 133.92628 266.41071
0.08800 0.57248 0.00000 165.37440 267.37112
0.11450 0.57248 0.00000 174.73706 267.74667
0.20250 0.57248 0.00000 206.00215 269.10568
0.22899 0.57248 0.00000 215.38628 269.42252
0.31699 0.57248 0.00000 246.64114 270.49518
0.34349 0.57248 0.00000 256.17813 270.88797
0.43149 0.57248 0.00000 287.73682 272.10483
0.45799 0.57248 0.00000 297.31415 272.48956
0.54599 0.57248 0.00000 329.29755 273.65128
0.57248 0.57248 0.00000 338.60928 274.11002
0.66048 0.57248 0.00000 370.75821 275.34799
0.00000 0.66048 0.00000 137.18202 235.19562
0.08800 0.66048 0.00000 168.38618 236.44466
0.11450 0.66048 0.00000 177.56889 236.71042
0.20250 0.66048 0.00000 208.58949 237.87038
0.22899 0.66048 0.00000 217.78209 238.32037
0.31699 0.66048 0.00000 248.80309 239.40187
0.34349 0.66048 0.00000 258.27094 239.58983
0.43149 0.66048 0.00000 289.34171 240.69234
0.45799 0.66048 0.00000 298.89194 241.09705
0.54599 0.66048 0.00000 330.28552 242.34695
0.57248 0.66048 0.00000 339.89545 242.58080
0.66048 0.66048 0.00000 371.36176 243.69501

gimbalangles:
0.349065850399 0.174532925199 -0.261799387799 

end: