T_CW:
0.9988096104 0.0413456151 -0.0258824717 -0.5247103338
0.0364510051 -0.9852460554 -0.1672170282 0.6412123748
-0.0324142941 0.1660745327 -0.9855803179 1.2038056724
0.0000000000 0.0000000000 0.0000000000 1.0000000000

T_CW_cov:

target_points_pix:
0.08800 0.11450 0.00000 148.24368 441.41068
0.11450 0.11450 0.00000 158.17848 442.16589
0.20250 0.11450 0.00000 191.72995 443.51758
0.22899 0.11450 0.00000 201.78477 444.25146
0.34349 0.11450 0.00000 245.37741 446.29877
0.43149 0.11450 0.00000 279.12558 447.97018
0.45799 0.11450 0.00000 289.10791 448.50330
0.54599 0.11450 0.00000 322.82825 450.20645
0.57248 0.11450 0.00000 333.01074 450.75519
0.66048 0.11450 0.00000 367.22638 452.56183
0.00000 0.20250 0.00000 118.70888 404.64587
0.08800 0.20250 0.00000 151.86958 406.44446
0.11450 0.20250 0.00000 161.71188 406.57739
0.20250 0.20250 0.00000 194.70512 408.35413
0.22899 0.20250 0.00000 204.72925 408.49225
0.31699 0.20250 0.00000 237.76662 410.33255
0.34349 0.20250 0.00000 247.65094 410.64664
0.43149 0.20250 0.00000 280.90607 412.29294
0.45799 0.20250 0.00000 290.86139 412.67603
0.54599 0.20250 0.00000 324.26111 414.45706
0.57248 0.20250 0.00000 334.22705 414.85855
0.66048 0.20250 0.00000 367.72223 416.46384
0.08800 0.22899 0.00000 152.76291 395.65414
0.11450 0.22899 0.00000 162.73474 396.36331
0.20250 0.22899 0.00000 195.64328 397.55194
0.22899 0.22899 0.00000 205.56311 398.14175
0.31699 0.22899 0.00000 238.51091 399.67184
0.43149 0.22899 0.00000 281.42960 401.67572
0.45799 0.22899 0.00000 291.41647 402.14468
0.54599 0.22899 0.00000 324.52847 403.85190
0.57248 0.22899 0.00000 334.58160 404.25687
0.66048 0.22899 0.00000 368.00421 406.09610
0.00000 0.31699 0.00000 123.65888 360.37967
0.08800 0.31699 0.00000 156.25549 361.78986
0.11450 0.31699 0.00000 165.99875 362.16702
0.20250 0.31699 0.00000 198.42392 363.59253
0.22899 0.31699 0.00000 208.19226 363.92377
0.31699 0.31699 0.00000 240.60425 365.44733
0.34349 0.31699 0.00000 250.38733 365.87796
0.43149 0.31699 0.00000 283.09244 367.46698
0.45799 0.31699 0.00000 292.84897 367.95123
0.54599 0.31699 0.00000 325.65390 369.40897
0.57248 0.31699 0.00000 335.56540 369.76923
0.66048 0.31699 0.00000 368.70251 371.41089
0.00000 0.34349 0.00000 124.69827 350.43637
0.08800 0.34349 0.00000 157.15814 351.60654
0.11450 0.34349 0.00000 166.89510 352.15216
0.20250 0.34349 0.00000 199.17339 353.38644
0.22899 0.34349 0.00000 209.01128 353.85547
0.31699 0.34349 0.00000 241.35986 355.28671
0.34349 0.34349 0.00000 251.01093 355.61737
0.43149 0.34349 0.00000 283.45935 357.37241
0.45799 0.34349 0.00000 293.30127 357.76965
0.57248 0.34349 0.00000 335.94873 359.47363
0.66048 0.34349 0.00000 368.94644 361.06836
0.00000 0.43149 0.00000 128.26295 317.39066
0.08800 0.43149 0.00000 160.41934 318.58533
0.11450 0.43149 0.00000 169.99094 318.85284
0.20250 0.43149 0.00000 201.96619 320.43576
0.22899 0.43149 0.00000 211.39172 320.60117
0.31699 0.43149 0.00000 243.42975 322.23605
0.34349 0.43149 0.00000 252.87747 322.52148
0.43149 0.43149 0.00000 285.28677 323.85742
0.45799 0.43149 0.00000 294.80460 324.39511
0.54599 0.43149 0.00000 327.35074 325.68671
0.57248 0.43149 0.00000 337.09546 326.08823
0.66048 0.43149 0.00000 369.64731 327.46014
0.00000 0.45799 0.00000 129.45024 307.58359
0.08800 0.45799 0.00000 161.42378 308.78403
0.11450 0.45799 0.00000 170.85207 309.36139
0.20250 0.45799 0.00000 202.71753 310.43796
0.22899 0.45799 0.00000 212.22939 310.97339
0.31699 0.45799 0.00000 243.94600 312.38437
0.34349 0.45799 0.00000 253.63882 312.70395
0.43149 0.45799 0.00000 285.68469 314.13934
0.45799 0.45799 0.00000 295.36490 314.45673
0.54599 0.45799 0.00000 327.61041 315.65948
0.57248 0.45799 0.00000 337.36240 316.21115
0.66048 0.45799 0.00000 369.85739 317.57697
0.00000 0.54599 0.00000 132.84612 275.60629
0.08800 0.54599 0.00000 164.56335 277.01190
0.11450 0.54599 0.00000 173.78673 277.28503
0.20250 0.54599 0.00000 205.36534 278.54199
0.22899 0.54599 0.00000 214.66933 278.92633
0.31699 0.54599 0.00000 246.14369 280.27335
0.34349 0.54599 0.00000 255.54085 280.51303
0.43149 0.54599 0.00000 287.31152 281.66437
0.45799 0.54599 0.00000 296.78711 282.14743
0.54599 0.54599 0.00000 328.77066 283.34695
0.57248 0.54599 0.00000 338.47314 283.66876
0.66048 0.54599 0.00000 370.52747 284.89951
0.00000 0.57248 0.00000 133.89482 266.43106
0.08800 0.57248 0.00000 165.37245 267.45636
0.11450 0.57248 0.00000 174.69991 267.96567
0.20250 0.57248 0.00000 206.08859 269.20016
0.22899 0.57248 0.00000 215.40416 269.57275
0.31699 0.57248 0.00000 246.76353 270.47110
0.34349 0.57248 0.00000 256.24716 270.83679
0.43149 0.57248 0.00000 287.72134 272.23026
0.45799 0.57248 0.00000 297.40213 272.48907
0.54599 0.57248 0.00000 329.25284 273.64392
0.57248 0.57248 0.00000 338.67108 274.17621
0.66048 0.57248 0.00000 370.71600 275.36423
0.00000 0.66048 0.00000 137.21709 235.11203
0.08800 0.66048 0.00000 168.41536 236.56815
0.11450 0.66048 0.00000 177.53539 236.70108
0.20250 0.66048 0.00000 208.52936 237.84636
0.22899 0.66048 0.00000 217.91110 238.36925
0.31699 0.66048 0.00000 248.86380 239.51062
0.34349 0.66048 0.00000 258.19952 239.63298
0.43149 0.66048 0.00000 289.46893 240.76329
0.45799 0.66048 0.00000 298.85092 241.14601
0.54599 0.66048 0.00000 330.34900 242.26115
0.57248 0.66048 0.00000 339.74142 242.52158
0.66048 0.66048 0.00000 371.35086 243.69418

gimbalangles:
0.349065850399 0.174532925199 -0.0872664625997 

end: