T_CW:
0.9821800000 -0.1230095940 -0.1420953458 -0.1584214307
-0.1647648944 -0.9272892571 -0.3361356322 0.8093506402
-0.0904155800 0.3535580199 -0.9310326253 1.1486258692
0.0000000000 0.0000000000 0.0000000000 1.0000000000

T_CW_cov:

target_points_pix:
0.57248 0.34349 0.00000 973.93561 711.40833
0.66048 0.34349 0.00000 1055.40125 700.48621
0.66048 0.43149 0.00000 1035.52869 618.95941
0.00000 0.45799 0.00000 463.76300 675.42419
0.08800 0.45799 0.00000 536.22125 665.26917
0.11450 0.45799 0.00000 558.24518 662.05481
0.20250 0.45799 0.00000 631.56750 651.52686
0.22899 0.45799 0.00000 653.70813 648.34534
0.31699 0.45799 0.00000 728.55945 637.87146
0.34349 0.45799 0.00000 751.15503 634.97858
0.43149 0.45799 0.00000 827.15222 624.15497
0.45799 0.45799 0.00000 850.12103 620.67035
0.54599 0.45799 0.00000 927.68488 609.67365
0.57248 0.45799 0.00000 951.13647 606.50275
0.66048 0.45799 0.00000 1029.75891 595.46729
0.00000 0.54599 0.00000 459.28314 600.56464
0.08800 0.54599 0.00000 529.63812 590.76276
0.11450 0.54599 0.00000 551.19446 587.32733
0.20250 0.54599 0.00000 622.95367 576.21997
0.22899 0.54599 0.00000 644.53436 573.36133
0.31699 0.54599 0.00000 717.51648 562.56067
0.34349 0.54599 0.00000 739.50690 559.28900
0.43149 0.54599 0.00000 813.54388 548.26837
0.45799 0.54599 0.00000 836.02313 544.81354
0.54599 0.54599 0.00000 911.49310 533.65204
0.57248 0.54599 0.00000 934.22833 530.18268
0.66048 0.54599 0.00000 1011.35400 518.61688
0.00000 0.57248 0.00000 457.46381 579.21338
0.08800 0.57248 0.00000 527.70221 568.48926
0.11450 0.57248 0.00000 549.16309 565.39185
0.20250 0.57248 0.00000 620.42139 554.51257
0.22899 0.57248 0.00000 641.75720 551.45612
0.31699 0.57248 0.00000 714.11591 540.50854
0.34349 0.57248 0.00000 736.11072 537.15149
0.43149 0.57248 0.00000 809.73425 526.26715
0.45799 0.57248 0.00000 831.84216 522.75946
0.54599 0.57248 0.00000 906.94696 511.53680
0.57248 0.57248 0.00000 929.45709 508.00836
0.66048 0.57248 0.00000 1005.72040 496.45871
0.08800 0.66048 0.00000 521.62988 497.82944
0.11450 0.66048 0.00000 542.51099 494.56973
0.20250 0.66048 0.00000 612.21136 483.56583
0.22899 0.66048 0.00000 633.06537 480.44348
0.31699 0.66048 0.00000 703.58881 469.29837
0.34349 0.66048 0.00000 725.32788 465.91721
0.43149 0.66048 0.00000 796.98096 454.64969
0.45799 0.66048 0.00000 818.87579 451.47772
0.54599 0.66048 0.00000 891.72614 439.62515
0.57248 0.66048 0.00000 913.95331 436.30991

gimbalangles:
0.349065850399 0.174532925199 -0.0872664625997 

end: