T_CW:
0.9991093797 0.0369756293 -0.0203285559 -0.4116778328
0.0331985359 -0.9862050160 -0.1621651122 0.6367337159
-0.0260442809 0.1613458064 -0.9865542186 1.2040290482
0.0000000000 0.0000000000 0.0000000000 1.0000000000

T_CW_cov:

target_points_pix:
0.00000 0.11450 0.00000 162.16701 429.61166
0.08800 0.11450 0.00000 195.35469 430.97156
0.11450 0.11450 0.00000 205.19824 431.44492
0.20250 0.11450 0.00000 238.40175 432.83432
0.22899 0.11450 0.00000 248.39265 433.37543
0.31699 0.11450 0.00000 281.58575 434.76816
0.43149 0.11450 0.00000 325.14450 436.65927
0.45799 0.11450 0.00000 335.13434 437.22812
0.54599 0.11450 0.00000 368.70816 438.50949
0.66048 0.11450 0.00000 412.53070 440.53247
0.00000 0.20250 0.00000 165.34657 394.89099
0.08800 0.20250 0.00000 197.93912 396.29675
0.11450 0.20250 0.00000 207.73344 396.57739
0.20250 0.20250 0.00000 240.57349 397.95251
0.22899 0.20250 0.00000 250.49707 398.40430
0.31699 0.20250 0.00000 283.34619 399.70905
0.34349 0.20250 0.00000 293.36240 400.18655
0.43149 0.20250 0.00000 326.23587 401.52243
0.45799 0.20250 0.00000 336.28189 401.88400
0.54599 0.20250 0.00000 369.24396 403.36737
0.57248 0.20250 0.00000 379.33389 403.72900
0.66048 0.20250 0.00000 412.47989 405.21677
0.00000 0.22899 0.00000 166.17186 384.64246
0.08800 0.22899 0.00000 198.69987 385.93509
0.11450 0.22899 0.00000 208.54797 386.38226
0.20250 0.22899 0.00000 241.24489 387.58008
0.22899 0.22899 0.00000 251.00854 388.16208
0.31699 0.22899 0.00000 283.76987 389.42612
0.34349 0.22899 0.00000 293.58865 389.82001
0.43149 0.22899 0.00000 326.55710 391.25375
0.45799 0.22899 0.00000 336.43756 391.64426
0.54599 0.22899 0.00000 369.53561 392.97705
0.57248 0.22899 0.00000 379.35764 393.39496
0.66048 0.22899 0.00000 412.58246 394.82913
0.00000 0.31699 0.00000 169.12955 350.89792
0.08800 0.31699 0.00000 201.39560 352.34839
0.11450 0.31699 0.00000 210.92218 352.52161
0.20250 0.31699 0.00000 243.30954 353.81750
0.22899 0.31699 0.00000 253.06874 354.30023
0.31699 0.31699 0.00000 285.44278 355.64627
0.34349 0.31699 0.00000 295.18735 355.89560
0.43149 0.31699 0.00000 327.57257 357.37592
0.45799 0.31699 0.00000 337.45056 357.68076
0.54599 0.31699 0.00000 370.11157 358.84473
0.57248 0.31699 0.00000 379.91220 359.29611
0.66048 0.31699 0.00000 412.67203 360.55750
0.00000 0.34349 0.00000 169.89186 341.09845
0.08800 0.34349 0.00000 202.07916 342.26266
0.11450 0.34349 0.00000 211.66631 342.62512
0.20250 0.34349 0.00000 243.88925 343.90472
0.22899 0.34349 0.00000 253.53519 344.36154
0.31699 0.34349 0.00000 285.80997 345.53976
0.34349 0.34349 0.00000 295.52463 345.98331
0.43149 0.34349 0.00000 327.99234 347.30688
0.45799 0.34349 0.00000 337.62924 347.62732
0.54599 0.34349 0.00000 370.31543 348.78433
0.57248 0.34349 0.00000 380.10004 349.33231
0.66048 0.34349 0.00000 412.70169 350.50351
0.00000 0.43149 0.00000 172.79739 308.40454
0.08800 0.43149 0.00000 204.57695 309.57733
0.11450 0.43149 0.00000 214.14508 309.87286
0.20250 0.43149 0.00000 245.85999 311.28717
0.22899 0.43149 0.00000 255.46709 311.51187
0.31699 0.43149 0.00000 287.39932 312.67590
0.34349 0.43149 0.00000 296.99393 313.28809
0.43149 0.43149 0.00000 329.05673 314.36810
0.45799 0.43149 0.00000 338.59177 314.63876
0.54599 0.43149 0.00000 370.76965 315.85184
0.57248 0.43149 0.00000 380.54050 316.26273
0.66048 0.43149 0.00000 412.86456 317.38623
0.00000 0.45799 0.00000 173.67078 298.75876
0.08800 0.45799 0.00000 205.38516 299.88370
0.11450 0.45799 0.00000 214.78307 300.32498
0.20250 0.45799 0.00000 246.55215 301.44870
0.22899 0.45799 0.00000 256.02625 301.74573
0.31699 0.45799 0.00000 287.80170 303.05875
0.34349 0.45799 0.00000 297.42300 303.44943
0.43149 0.45799 0.00000 329.34845 304.60568
0.45799 0.45799 0.00000 338.97733 304.95532
0.54599 0.45799 0.00000 371.08911 306.19894
0.57248 0.45799 0.00000 380.63297 306.46060
0.66048 0.45799 0.00000 412.86642 307.56927
0.00000 0.54599 0.00000 176.47964 267.17865
0.08800 0.54599 0.00000 207.71141 268.37277
0.11450 0.54599 0.00000 217.21413 268.48621
0.20250 0.54599 0.00000 248.42349 269.63629
0.22899 0.54599 0.00000 257.79858 270.01807
0.31699 0.54599 0.00000 289.28055 271.18921
0.34349 0.54599 0.00000 298.68411 271.50702
0.43149 0.54599 0.00000 330.40387 272.58630
0.45799 0.54599 0.00000 339.87213 273.03732
0.54599 0.54599 0.00000 371.59146 274.09598
0.57248 0.54599 0.00000 381.30872 274.47925
0.66048 0.54599 0.00000 413.01068 275.43015
0.00000 0.57248 0.00000 177.27031 257.74237
0.08800 0.57248 0.00000 208.47617 258.77579
0.11450 0.57248 0.00000 217.70480 259.30945
0.20250 0.57248 0.00000 248.97499 260.34543
0.22899 0.57248 0.00000 258.39395 260.60938
0.31699 0.57248 0.00000 289.62222 261.68954
0.34349 0.57248 0.00000 299.18390 262.08853
0.43149 0.57248 0.00000 330.62396 263.24796
0.45799 0.57248 0.00000 340.23587 263.48605
0.54599 0.57248 0.00000 371.69318 264.50330
0.57248 0.57248 0.00000 381.32367 264.80521
0.66048 0.57248 0.00000 413.08810 265.95517
0.00000 0.66048 0.00000 179.87579 226.93513
0.08800 0.66048 0.00000 210.65404 228.06754
0.11450 0.66048 0.00000 219.99049 228.36681
0.20250 0.66048 0.00000 250.79282 229.41458
0.22899 0.66048 0.00000 260.18768 229.62944
0.31699 0.66048 0.00000 291.18030 230.61674
0.34349 0.66048 0.00000 300.51282 230.99362
0.43149 0.66048 0.00000 331.66782 232.02742
0.45799 0.66048 0.00000 341.12296 232.34721
0.54599 0.66048 0.00000 372.33759 233.37582
0.57248 0.66048 0.00000 381.72098 233.65988
0.66048 0.66048 0.00000 413.19742 234.60938

gimbalangles:
0.349065850399 0.174532925199 0.0872664625997 

end: