T_CW:
0.9990957537 0.0369348980 -0.0210591625 -0.4116884192
0.0330478957 -0.9862555289 -0.1618884442 0.6367881203
-0.0267490486 0.1610460962 -0.9865843316 1.2042929031
0.0000000000 0.0000000000 0.0000000000 1.0000000000

T_CW_cov:

target_points_pix:
0.00000 0.11450 0.00000 162.25073 429.56027
0.08800 0.11450 0.00000 195.34111 430.98566
0.11450 0.11450 0.00000 205.20338 431.43845
0.20250 0.11450 0.00000 238.48804 432.84521
0.22899 0.11450 0.00000 248.37581 433.35199
0.31699 0.11450 0.00000 281.63855 434.76950
0.34349 0.11450 0.00000 291.58246 435.32193
0.43149 0.11450 0.00000 325.17300 436.54630
0.54599 0.11450 0.00000 368.67142 438.61777
0.57248 0.11450 0.00000 378.71210 439.09680
0.66048 0.11450 0.00000 412.59433 440.66171
0.00000 0.20250 0.00000 165.37373 394.83701
0.08800 0.20250 0.00000 197.92482 396.28802
0.11450 0.20250 0.00000 207.74010 396.57056
0.20250 0.20250 0.00000 240.53645 397.87656
0.22899 0.20250 0.00000 250.51404 398.31973
0.31699 0.20250 0.00000 283.35828 399.67679
0.34349 0.20250 0.00000 293.30960 400.16367
0.43149 0.20250 0.00000 326.27130 401.54428
0.45799 0.20250 0.00000 336.19641 401.97855
0.54599 0.20250 0.00000 369.24777 403.36746
0.57248 0.20250 0.00000 379.34875 403.74170
0.66048 0.20250 0.00000 412.51212 405.21762
0.00000 0.22899 0.00000 166.17352 384.64465
0.08800 0.22899 0.00000 198.74084 385.96027
0.11450 0.22899 0.00000 208.47113 386.40167
0.20250 0.22899 0.00000 241.22388 387.68594
0.22899 0.22899 0.00000 251.04814 388.13483
0.31699 0.22899 0.00000 283.78763 389.43655
0.34349 0.22899 0.00000 293.52637 389.85147
0.43149 0.22899 0.00000 326.52469 391.24924
0.45799 0.22899 0.00000 336.42188 391.63303
0.54599 0.22899 0.00000 369.44168 393.03589
0.57248 0.22899 0.00000 379.36304 393.37726
0.66048 0.22899 0.00000 412.59015 394.83743
0.00000 0.31699 0.00000 169.10257 350.95764
0.08800 0.31699 0.00000 201.34186 352.34512
0.11450 0.31699 0.00000 210.95078 352.58386
0.20250 0.31699 0.00000 243.29471 353.81824
0.22899 0.31699 0.00000 253.10208 354.27820
0.31699 0.31699 0.00000 285.45474 355.60217
0.34349 0.31699 0.00000 295.17847 355.98111
0.43149 0.31699 0.00000 327.61218 357.35434
0.45799 0.31699 0.00000 337.40396 357.58707
0.54599 0.31699 0.00000 370.13150 358.87479
0.57248 0.31699 0.00000 379.88968 359.30872
0.66048 0.31699 0.00000 412.63614 360.58997
0.00000 0.34349 0.00000 169.89737 341.14215
0.08800 0.34349 0.00000 202.10132 342.29926
0.11450 0.34349 0.00000 211.65216 342.62036
0.20250 0.34349 0.00000 243.87552 343.90359
0.22899 0.34349 0.00000 253.59782 344.32877
0.31699 0.34349 0.00000 285.76965 345.54276
0.34349 0.34349 0.00000 295.46207 346.01917
0.43149 0.34349 0.00000 327.98038 347.27823
0.45799 0.34349 0.00000 337.64740 347.59232
0.54599 0.34349 0.00000 370.27710 348.83344
0.57248 0.34349 0.00000 380.11591 349.28326
0.66048 0.34349 0.00000 412.73608 350.51758
0.00000 0.43149 0.00000 172.80376 308.40726
0.08800 0.43149 0.00000 204.55501 309.58633
0.11450 0.43149 0.00000 214.16843 309.84177
0.20250 0.43149 0.00000 245.89847 311.16302
0.22899 0.43149 0.00000 255.45642 311.48752
0.31699 0.43149 0.00000 287.37637 312.70535
0.34349 0.43149 0.00000 296.95428 313.10995
0.43149 0.43149 0.00000 328.97308 314.36179
0.45799 0.43149 0.00000 338.59940 314.66742
0.54599 0.43149 0.00000 370.78662 315.84506
0.57248 0.43149 0.00000 380.53513 316.30719
0.66048 0.43149 0.00000 412.95831 317.42468
0.00000 0.45799 0.00000 173.65912 298.82468
0.08800 0.45799 0.00000 205.34599 299.93750
0.11450 0.45799 0.00000 214.76314 300.34497
0.20250 0.45799 0.00000 246.49695 301.44199
0.22899 0.45799 0.00000 255.96875 301.79776
0.31699 0.45799 0.00000 287.80511 303.05905
0.34349 0.45799 0.00000 297.41809 303.41837
0.43149 0.45799 0.00000 329.38544 304.59192
0.45799 0.45799 0.00000 338.95847 304.93085
0.54599 0.45799 0.00000 371.09546 306.16327
0.57248 0.45799 0.00000 380.62503 306.44641
0.66048 0.45799 0.00000 412.96671 307.59348
0.00000 0.54599 0.00000 176.54987 267.11105
0.08800 0.54599 0.00000 207.69099 268.31882
0.11450 0.54599 0.00000 217.09389 268.47827
0.20250 0.54599 0.00000 248.40776 269.63934
0.22899 0.54599 0.00000 257.80817 270.04910
0.31699 0.54599 0.00000 289.32144 271.26352
0.34349 0.54599 0.00000 298.68143 271.49609
0.43149 0.54599 0.00000 330.41568 272.56580
0.45799 0.54599 0.00000 339.87845 273.00870
0.54599 0.54599 0.00000 371.54370 274.05246
0.57248 0.54599 0.00000 381.25079 274.39420
0.66048 0.54599 0.00000 413.07068 275.45355
0.00000 0.57248 0.00000 177.28430 257.72241
0.08800 0.57248 0.00000 208.45293 258.78891
0.11450 0.57248 0.00000 217.67729 259.30203
0.20250 0.57248 0.00000 248.97951 260.31882
0.22899 0.57248 0.00000 258.35822 260.62137
0.31699 0.57248 0.00000 289.65292 261.69269
0.34349 0.57248 0.00000 299.16257 262.05383
0.43149 0.57248 0.00000 330.61627 263.25726
0.45799 0.57248 0.00000 340.23151 263.41577
0.54599 0.57248 0.00000 371.72729 264.55472
0.57248 0.57248 0.00000 381.31689 264.77029
0.66048 0.57248 0.00000 413.05215 265.98676
0.00000 0.66048 0.00000 179.82060 226.91437
0.08800 0.66048 0.00000 210.70068 228.08928
0.11450 0.66048 0.00000 219.97752 228.42140
0.20250 0.66048 0.00000 250.76247 229.42375
0.22899 0.66048 0.00000 260.11594 229.60449
0.31699 0.66048 0.00000 291.19839 230.59598
0.34349 0.66048 0.00000 300.47971 231.03535
0.43149 0.66048 0.00000 331.62161 231.99080
0.45799 0.66048 0.00000 341.11636 232.38658
0.54599 0.66048 0.00000 372.32614 233.39185
0.57248 0.66048 0.00000 381.70276 233.67358
0.66048 0.66048 0.00000 413.17059 234.58913

gimbalangles:
0.349065850399 0.174532925199 0.261799387799 

end: