T_CW:
0.9710117035 -0.1279758743 0.2018872143 -0.6136128437
-0.0408083532 -0.9209582165 -0.3875185695 0.8213291467
0.2355227166 0.3680463815 -0.8994836914 0.9704803377
0.0000000000 0.0000000000 0.0000000000 1.0000000000

T_CW_cov:

target_points_pix:
0.22899 0.45799 0.00000 229.12201 712.26758
0.31699 0.45799 0.00000 313.55508 702.83972
0.34349 0.45799 0.00000 338.37570 700.38446
0.43149 0.45799 0.00000 419.43750 691.46643
0.45799 0.45799 0.00000 443.43091 688.68646
0.54599 0.45799 0.00000 521.14459 680.27411
0.57248 0.45799 0.00000 544.05695 677.57550
0.66048 0.45799 0.00000 618.80902 669.30969
0.22899 0.54599 0.00000 229.65617 629.78064
0.31699 0.54599 0.00000 311.99377 622.20276
0.34349 0.54599 0.00000 336.38336 619.77142
0.43149 0.54599 0.00000 415.41415 612.43060
0.45799 0.54599 0.00000 438.57364 610.30969
0.54599 0.54599 0.00000 514.51605 603.20740
0.57248 0.54599 0.00000 537.05774 600.95911
0.66048 0.54599 0.00000 610.25269 593.92706
0.00000 0.57248 0.00000 4.25923 625.84558
0.08800 0.57248 0.00000 93.50014 618.06104
0.11450 0.57248 0.00000 119.57343 615.70020
0.20250 0.57248 0.00000 204.71869 608.27411
0.22899 0.57248 0.00000 230.13834 605.83942
0.31699 0.57248 0.00000 311.55331 598.57599
0.34349 0.57248 0.00000 335.61938 596.48529
0.43149 0.57248 0.00000 414.22012 589.57324
0.45799 0.57248 0.00000 437.32166 587.51123
0.54599 0.57248 0.00000 512.66907 580.63208
0.57248 0.57248 0.00000 535.03058 578.57574
0.66048 0.57248 0.00000 607.55701 572.10034
0.08800 0.66048 0.00000 97.51346 538.56097
0.11450 0.66048 0.00000 123.36954 536.55585
0.20250 0.66048 0.00000 206.26189 530.46887
0.22899 0.66048 0.00000 230.58450 528.68103
0.31699 0.66048 0.00000 310.42639 522.60590
0.34349 0.66048 0.00000 333.75131 521.12341
0.43149 0.66048 0.00000 410.39771 515.39484
0.45799 0.66048 0.00000 432.96097 513.63171
0.54599 0.66048 0.00000 506.60229 508.20715
0.57248 0.66048 0.00000 528.54736 506.46613
0.66048 0.66048 0.00000 599.52441 501.24338

gimbalangles:
0.349065850399 0.174532925199 0.261799387799 

end: