T_CW:
0.9988156674 0.0413494223 -0.0256415263 -0.5246897173
0.0364989312 -0.9852656970 -0.1670907967 0.6411263289
-0.0321728242 0.1659570173 -0.9856080244 1.2037018928
0.0000000000 0.0000000000 0.0000000000 1.0000000000

T_CW_cov:

target_points_pix:
0.08800 0.11450 0.00000 148.34036 441.44769
0.11450 0.11450 0.00000 158.42532 442.14633
0.20250 0.11450 0.00000 191.72990 443.57269
0.22899 0.11450 0.00000 201.92741 444.12076
0.31699 0.11450 0.00000 235.35730 445.56894
0.34349 0.11450 0.00000 245.48344 446.32596
0.43149 0.11450 0.00000 279.09399 447.79239
0.45799 0.11450 0.00000 289.07339 448.41992
0.57248 0.11450 0.00000 333.08667 450.60526
0.66048 0.11450 0.00000 367.18903 452.58224
0.00000 0.20250 0.00000 118.76779 404.71228
0.08800 0.20250 0.00000 151.63741 406.44522
0.11450 0.20250 0.00000 161.67140 406.49310
0.20250 0.20250 0.00000 194.71167 408.21875
0.31699 0.20250 0.00000 237.70297 410.05457
0.34349 0.20250 0.00000 247.71423 410.53940
0.43149 0.20250 0.00000 280.83276 412.33871
0.45799 0.20250 0.00000 290.94141 412.71033
0.54599 0.20250 0.00000 324.20273 414.45575
0.57248 0.20250 0.00000 334.27670 414.78387
0.66048 0.20250 0.00000 367.74243 416.62717
0.00000 0.22899 0.00000 119.85317 394.48505
0.08800 0.22899 0.00000 152.78375 395.70221
0.11450 0.22899 0.00000 162.63130 396.34891
0.20250 0.22899 0.00000 195.69312 397.65106
0.22899 0.22899 0.00000 205.61945 398.31281
0.31699 0.22899 0.00000 238.49301 399.62939
0.34349 0.22899 0.00000 248.44595 400.15530
0.43149 0.22899 0.00000 281.40240 401.67508
0.45799 0.22899 0.00000 291.31985 402.18307
0.54599 0.22899 0.00000 324.60580 403.78488
0.57248 0.22899 0.00000 334.55786 404.38895
0.66048 0.22899 0.00000 367.90485 406.10788
0.00000 0.31699 0.00000 123.57427 360.29651
0.08800 0.31699 0.00000 156.20691 361.80835
0.20250 0.31699 0.00000 198.42868 363.53055
0.22899 0.31699 0.00000 208.17221 363.87170
0.31699 0.31699 0.00000 240.71243 365.45358
0.34349 0.31699 0.00000 250.45549 365.89655
0.43149 0.31699 0.00000 283.08130 367.46280
0.45799 0.31699 0.00000 292.87332 367.93600
0.54599 0.31699 0.00000 325.70636 369.36209
0.57248 0.31699 0.00000 335.55060 369.77698
0.66048 0.31699 0.00000 368.64435 371.31436
0.00000 0.34349 0.00000 124.62245 350.32224
0.08800 0.34349 0.00000 157.24432 351.55994
0.11450 0.34349 0.00000 166.96455 352.07022
0.20250 0.34349 0.00000 199.25372 353.34265
0.22899 0.34349 0.00000 208.83911 353.75723
0.31699 0.34349 0.00000 241.32904 355.24359
0.34349 0.34349 0.00000 250.99417 355.85068
0.43149 0.34349 0.00000 283.52258 357.34695
0.45799 0.34349 0.00000 293.36157 357.69562
0.54599 0.34349 0.00000 326.14667 359.27551
0.57248 0.34349 0.00000 335.94833 359.63391
0.66048 0.34349 0.00000 368.93848 360.92917
0.00000 0.43149 0.00000 128.29285 317.37927
0.08800 0.43149 0.00000 160.35918 318.59171
0.11450 0.43149 0.00000 170.12010 318.92877
0.20250 0.43149 0.00000 201.94333 320.39767
0.22899 0.43149 0.00000 211.48354 320.61639
0.31699 0.43149 0.00000 243.39839 322.26401
0.34349 0.43149 0.00000 253.01888 322.56192
0.43149 0.43149 0.00000 285.13953 323.80301
0.45799 0.43149 0.00000 294.82758 324.44611
0.54599 0.43149 0.00000 327.22440 325.59607
0.57248 0.43149 0.00000 337.12671 326.10739
0.66048 0.43149 0.00000 369.58963 327.38913
0.00000 0.45799 0.00000 129.44765 307.54282
0.08800 0.45799 0.00000 161.38486 308.74625
0.11450 0.45799 0.00000 170.93437 309.38272
0.20250 0.45799 0.00000 202.73671 310.37506
0.22899 0.45799 0.00000 212.19084 310.90979
0.31699 0.45799 0.00000 243.98949 312.17664
0.34349 0.45799 0.00000 253.61777 312.66589
0.43149 0.45799 0.00000 285.62851 313.86902
0.45799 0.45799 0.00000 295.34970 314.44073
0.54599 0.45799 0.00000 327.71292 315.70422
0.57248 0.45799 0.00000 337.33051 316.18024
0.66048 0.45799 0.00000 369.87729 317.50797
0.00000 0.54599 0.00000 132.78294 275.51901
0.08800 0.54599 0.00000 164.53616 276.97055
0.11450 0.54599 0.00000 173.70923 277.35806
0.20250 0.54599 0.00000 205.32115 278.52115
0.22899 0.54599 0.00000 214.64665 278.77585
0.31699 0.54599 0.00000 246.12663 280.10123
0.34349 0.54599 0.00000 255.62860 280.43030
0.43149 0.54599 0.00000 287.25153 281.61246
0.45799 0.54599 0.00000 297.05191 282.11905
0.54599 0.54599 0.00000 328.68475 283.33298
0.57248 0.54599 0.00000 338.57166 283.69699
0.66048 0.54599 0.00000 370.44528 284.96036
0.00000 0.57248 0.00000 133.91333 266.37204
0.08800 0.57248 0.00000 165.30792 267.38641
0.11450 0.57248 0.00000 174.72713 267.73746
0.20250 0.57248 0.00000 205.92343 269.03604
0.22899 0.57248 0.00000 215.41353 269.43671
0.31699 0.57248 0.00000 246.69096 270.56293
0.34349 0.57248 0.00000 256.21149 270.84756
0.43149 0.57248 0.00000 287.81488 272.12802
0.45799 0.57248 0.00000 297.31241 272.50369
0.54599 0.57248 0.00000 329.28094 273.69946
0.57248 0.57248 0.00000 338.62100 274.12408
0.66048 0.57248 0.00000 370.75012 275.37994
0.00000 0.66048 0.00000 137.26016 235.19188
0.08800 0.66048 0.00000 168.40146 236.50728
0.11450 0.66048 0.00000 177.57076 236.69659
0.20250 0.66048 0.00000 208.56099 237.85905
0.22899 0.66048 0.00000 217.86723 238.35399
0.31699 0.66048 0.00000 248.76958 239.36594
0.34349 0.66048 0.00000 258.33301 239.56285
0.43149 0.66048 0.00000 289.35046 240.71330
0.45799 0.66048 0.00000 298.96597 241.17538
0.54599 0.66048 0.00000 330.29004 242.26907
0.57248 0.66048 0.00000 339.81573 242.56461
0.66048 0.66048 0.00000 371.35883 243.69328

gimbalangles:
0.349065850399 0.174532925199 0.436332312999 

end: