T_CW:
0.9987815508 0.0415060768 -0.0266956815 -0.5246774982
0.0364711506 -0.9852303033 -0.1673054230 0.6411221950
-0.0332455861 0.1661279476 -0.9855436246 1.2038509306
0.0000000000 0.0000000000 0.0000000000 1.0000000000

T_CW_cov:

target_points_pix:
0.08800 0.11450 0.00000 148.35304 441.42484
0.11450 0.11450 0.00000 158.15970 442.08054
0.20250 0.11450 0.00000 191.81758 443.56372
0.22899 0.11450 0.00000 201.67506 444.29053
0.31699 0.11450 0.00000 235.43256 445.60342
0.43149 0.11450 0.00000 279.12195 447.95151
0.45799 0.11450 0.00000 289.09174 448.46747
0.54599 0.11450 0.00000 322.85291 450.23315
0.57248 0.11450 0.00000 333.00296 450.69214
0.66048 0.11450 0.00000 367.24918 452.58124
0.00000 0.20250 0.00000 118.83229 404.75870
0.08800 0.20250 0.00000 151.83511 406.37402
0.11450 0.20250 0.00000 161.74916 406.59790
0.20250 0.20250 0.00000 194.76662 408.25320
0.22899 0.20250 0.00000 204.77097 408.61954
0.31699 0.20250 0.00000 237.76146 410.30249
0.34349 0.20250 0.00000 247.71881 410.61835
0.43149 0.20250 0.00000 280.85892 412.34186
0.45799 0.20250 0.00000 290.86270 412.70990
0.54599 0.20250 0.00000 324.22949 414.37589
0.57248 0.20250 0.00000 334.22681 414.89514
0.66048 0.20250 0.00000 367.78336 416.56165
0.00000 0.22899 0.00000 120.04473 394.38080
0.08800 0.22899 0.00000 152.81435 395.84991
0.11450 0.22899 0.00000 162.77368 396.36053
0.20250 0.22899 0.00000 195.67174 397.68695
0.22899 0.22899 0.00000 205.49554 398.34872
0.31699 0.22899 0.00000 238.48938 399.62158
0.34349 0.22899 0.00000 248.35278 400.21457
0.43149 0.22899 0.00000 281.41519 401.66693
0.45799 0.22899 0.00000 291.38779 402.33102
0.54599 0.22899 0.00000 324.55655 403.86972
0.57248 0.22899 0.00000 334.55429 404.50110
0.66048 0.22899 0.00000 368.14667 406.02390
0.00000 0.31699 0.00000 123.64825 360.31726
0.08800 0.31699 0.00000 156.36794 361.72327
0.11450 0.31699 0.00000 165.96892 362.12094
0.20250 0.31699 0.00000 198.49495 363.56430
0.22899 0.31699 0.00000 208.23262 363.86523
0.31699 0.31699 0.00000 240.59076 365.45758
0.34349 0.31699 0.00000 250.41180 365.91183
0.43149 0.31699 0.00000 283.04218 367.49194
0.45799 0.31699 0.00000 292.85953 367.93185
0.54599 0.31699 0.00000 325.69916 369.44678
0.57248 0.31699 0.00000 335.55615 369.87082
0.66048 0.31699 0.00000 368.73904 371.38916
0.00000 0.34349 0.00000 124.70127 350.20432
0.08800 0.34349 0.00000 157.20979 351.53342
0.11450 0.34349 0.00000 166.98108 352.12469
0.20250 0.34349 0.00000 199.33507 353.35745
0.22899 0.34349 0.00000 208.88275 353.74658
0.31699 0.34349 0.00000 241.30446 355.29251
0.34349 0.34349 0.00000 251.15196 355.84204
0.43149 0.34349 0.00000 283.49783 357.36252
0.45799 0.34349 0.00000 293.42593 357.73810
0.54599 0.34349 0.00000 326.08490 359.19943
0.57248 0.34349 0.00000 335.90320 359.65295
0.66048 0.34349 0.00000 368.91718 361.27750
0.00000 0.43149 0.00000 128.39958 317.15753
0.08800 0.43149 0.00000 160.52345 318.56934
0.11450 0.43149 0.00000 169.99799 318.85413
0.20250 0.43149 0.00000 201.91269 320.32742
0.22899 0.43149 0.00000 211.54482 320.69485
0.31699 0.43149 0.00000 243.46213 322.22183
0.34349 0.43149 0.00000 253.00294 322.55316
0.43149 0.43149 0.00000 285.22311 323.83047
0.45799 0.43149 0.00000 294.92319 324.31909
0.54599 0.43149 0.00000 327.27667 325.60303
0.57248 0.43149 0.00000 337.19577 326.13052
0.66048 0.43149 0.00000 369.56088 327.45370
0.00000 0.45799 0.00000 129.42058 307.49557
0.08800 0.45799 0.00000 161.37325 308.72726
0.11450 0.45799 0.00000 170.91743 309.32285
0.20250 0.45799 0.00000 202.69444 310.45554
0.22899 0.45799 0.00000 212.25522 310.86987
0.31699 0.45799 0.00000 243.96902 312.26682
0.34349 0.45799 0.00000 253.57419 312.66589
0.43149 0.45799 0.00000 285.71945 314.01801
0.45799 0.45799 0.00000 295.34961 314.44403
0.54599 0.45799 0.00000 327.71490 315.69241
0.57248 0.45799 0.00000 337.33484 316.27209
0.66048 0.45799 0.00000 369.95428 317.46988
0.00000 0.54599 0.00000 132.92094 275.50906
0.08800 0.54599 0.00000 164.59950 276.90634
0.11450 0.54599 0.00000 173.92122 277.30588
0.20250 0.54599 0.00000 205.35995 278.53894
0.22899 0.54599 0.00000 214.72867 278.64197
0.31699 0.54599 0.00000 246.18019 280.07361
0.34349 0.54599 0.00000 255.68227 280.43970
0.43149 0.54599 0.00000 287.25830 281.61768
0.45799 0.54599 0.00000 297.06738 282.04773
0.54599 0.54599 0.00000 328.74557 283.39917
0.57248 0.54599 0.00000 338.57849 283.69681
0.66048 0.54599 0.00000 370.42361 284.97751
0.00000 0.57248 0.00000 133.98592 266.28680
0.08800 0.57248 0.00000 165.40292 267.38889
0.11450 0.57248 0.00000 174.78206 267.78589
0.20250 0.57248 0.00000 206.04573 268.91470
0.22899 0.57248 0.00000 215.46205 269.49030
0.31699 0.57248 0.00000 246.68138 270.54153
0.34349 0.57248 0.00000 256.28204 270.97873
0.43149 0.57248 0.00000 287.91785 272.13977
0.45799 0.57248 0.00000 297.36615 272.51309
0.54599 0.57248 0.00000 329.33270 273.65689
0.57248 0.57248 0.00000 338.60953 274.06161
0.66048 0.57248 0.00000 370.81552 275.37195
0.00000 0.66048 0.00000 137.30511 235.19786
0.08800 0.66048 0.00000 168.41025 236.50862
0.11450 0.66048 0.00000 177.59189 236.84297
0.20250 0.66048 0.00000 208.59750 237.83635
0.22899 0.66048 0.00000 217.81549 238.30565
0.31699 0.66048 0.00000 248.79092 239.36610
0.34349 0.66048 0.00000 258.36819 239.61353
0.43149 0.66048 0.00000 289.34567 240.71291
0.45799 0.66048 0.00000 299.04523 241.14151
0.54599 0.66048 0.00000 330.26450 242.32816
0.57248 0.66048 0.00000 339.99655 242.59544
0.66048 0.66048 0.00000 371.34027 243.66826

gimbalangles:
0.349065850399 0.349065850399 -0.436332312999 

end: