T_CW:
0.9990922825 0.0371971597 -0.0207601165 -0.4117034919
0.0333556866 -0.9862495233 -0.1618619042 0.6366906627
-0.0264954581 0.1610225114 -0.9865950241 1.2042658773
0.0000000000 0.0000000000 0.0000000000 1.0000000000

T_CW_cov:

target_points_pix:
0.00000 0.11450 0.00000 162.32048 429.52707
0.08800 0.11450 0.00000 195.37424 430.90320
0.11450 0.11450 0.00000 205.14098 431.46054
0.20250 0.11450 0.00000 238.47710 432.86963
0.22899 0.11450 0.00000 248.32770 433.34311
0.31699 0.11450 0.00000 281.64249 434.76328
0.34349 0.11450 0.00000 291.60089 435.27905
0.43149 0.11450 0.00000 325.15369 436.63956
0.54599 0.11450 0.00000 368.69897 438.52533
0.57248 0.11450 0.00000 378.68970 439.13049
0.66048 0.11450 0.00000 412.55444 440.57483
0.00000 0.20250 0.00000 165.33969 394.82632
0.08800 0.20250 0.00000 197.97371 396.17648
0.11450 0.20250 0.00000 207.75961 396.57968
0.20250 0.20250 0.00000 240.52025 397.95959
0.22899 0.20250 0.00000 250.49928 398.30231
0.31699 0.20250 0.00000 283.27115 399.63663
0.34349 0.20250 0.00000 293.28693 400.17999
0.43149 0.20250 0.00000 326.18161 401.50461
0.45799 0.20250 0.00000 336.28912 401.99707
0.54599 0.20250 0.00000 369.33749 403.41418
0.57248 0.20250 0.00000 379.39096 403.74738
0.66048 0.20250 0.00000 412.50833 405.25201
0.00000 0.22899 0.00000 166.12030 384.61728
0.08800 0.22899 0.00000 198.71411 385.94226
0.11450 0.22899 0.00000 208.51746 386.37463
0.20250 0.22899 0.00000 241.22890 387.59769
0.22899 0.22899 0.00000 251.06339 388.11710
0.31699 0.22899 0.00000 283.80420 389.40686
0.34349 0.22899 0.00000 293.57144 389.83911
0.43149 0.22899 0.00000 326.57266 391.24020
0.45799 0.22899 0.00000 336.46490 391.63928
0.54599 0.22899 0.00000 369.47897 393.01276
0.57248 0.22899 0.00000 379.33804 393.45050
0.66048 0.22899 0.00000 412.63110 394.84058
0.00000 0.31699 0.00000 169.22487 350.89523
0.08800 0.31699 0.00000 201.42549 352.31448
0.11450 0.31699 0.00000 210.98979 352.56696
0.20250 0.31699 0.00000 243.32532 353.81778
0.22899 0.31699 0.00000 253.09048 354.30698
0.31699 0.31699 0.00000 285.45276 355.56610
0.34349 0.31699 0.00000 295.23428 355.98584
0.43149 0.31699 0.00000 327.57910 357.32745
0.45799 0.31699 0.00000 337.46838 357.61685
0.54599 0.31699 0.00000 370.11902 358.92447
0.57248 0.31699 0.00000 379.94870 359.39032
0.66048 0.31699 0.00000 412.64163 360.58975
0.00000 0.34349 0.00000 169.90230 341.08887
0.08800 0.34349 0.00000 202.12051 342.28693
0.11450 0.34349 0.00000 211.68715 342.59790
0.20250 0.34349 0.00000 243.86137 343.88467
0.22899 0.34349 0.00000 253.59467 344.38364
0.31699 0.34349 0.00000 285.84384 345.53580
0.34349 0.34349 0.00000 295.51813 346.06158
0.43149 0.34349 0.00000 328.00958 347.35089
0.45799 0.34349 0.00000 337.64401 347.56479
0.54599 0.34349 0.00000 370.29843 348.89996
0.57248 0.34349 0.00000 380.00427 349.33023
0.66048 0.34349 0.00000 412.74191 350.53656
0.00000 0.43149 0.00000 172.82121 308.38901
0.08800 0.43149 0.00000 204.56070 309.52325
0.11450 0.43149 0.00000 214.26582 309.86270
0.20250 0.43149 0.00000 245.90103 311.21973
0.22899 0.43149 0.00000 255.48920 311.47418
0.31699 0.43149 0.00000 287.39011 312.72018
0.34349 0.43149 0.00000 296.99484 313.18170
0.43149 0.43149 0.00000 329.07419 314.36356
0.45799 0.43149 0.00000 338.65091 314.70444
0.54599 0.43149 0.00000 370.83136 315.88242
0.57248 0.43149 0.00000 380.53629 316.33261
0.66048 0.43149 0.00000 412.88568 317.40253
0.00000 0.45799 0.00000 173.69810 298.80505
0.08800 0.45799 0.00000 205.40331 299.79837
0.11450 0.45799 0.00000 214.81082 300.32413
0.20250 0.45799 0.00000 246.55038 301.42413
0.22899 0.45799 0.00000 256.00244 301.79510
0.31699 0.45799 0.00000 287.79648 303.07452
0.34349 0.45799 0.00000 297.44083 303.41321
0.43149 0.45799 0.00000 329.38101 304.60632
0.45799 0.45799 0.00000 339.01358 304.88242
0.54599 0.45799 0.00000 371.14111 306.22852
0.57248 0.45799 0.00000 380.69055 306.43976
0.66048 0.45799 0.00000 412.89914 307.58463
0.00000 0.54599 0.00000 176.51009 267.17218
0.08800 0.54599 0.00000 207.69420 268.32736
0.11450 0.54599 0.00000 217.20744 268.47531
0.20250 0.54599 0.00000 248.48819 269.63589
0.22899 0.54599 0.00000 257.87396 270.06012
0.31699 0.54599 0.00000 289.37912 271.22488
0.34349 0.54599 0.00000 298.77847 271.53455
0.43149 0.54599 0.00000 330.42188 272.59323
0.45799 0.54599 0.00000 339.92169 273.08200
0.54599 0.54599 0.00000 371.59280 274.07861
0.57248 0.54599 0.00000 381.26920 274.49191
0.66048 0.54599 0.00000 413.16537 275.44852
0.00000 0.57248 0.00000 177.33853 257.69528
0.08800 0.57248 0.00000 208.50230 258.74106
0.11450 0.57248 0.00000 217.75751 259.25827
0.20250 0.57248 0.00000 248.97914 260.33856
0.22899 0.57248 0.00000 258.41272 260.60706
0.31699 0.57248 0.00000 289.69177 261.66879
0.34349 0.57248 0.00000 299.26889 262.03775
0.43149 0.57248 0.00000 330.68201 263.25040
0.45799 0.57248 0.00000 340.28918 263.42715
0.54599 0.57248 0.00000 371.78165 264.55521
0.57248 0.57248 0.00000 381.37454 264.75732
0.66048 0.57248 0.00000 413.09219 265.93378
0.00000 0.66048 0.00000 179.92000 226.88104
0.08800 0.66048 0.00000 210.73125 228.07039
0.11450 0.66048 0.00000 220.04401 228.32535
0.20250 0.66048 0.00000 250.86066 229.42931
0.22899 0.66048 0.00000 260.20819 229.60840
0.31699 0.66048 0.00000 291.26569 230.55591
0.34349 0.66048 0.00000 300.56049 231.04926
0.43149 0.66048 0.00000 331.62405 232.02713
0.45799 0.66048 0.00000 341.21030 232.39143
0.54599 0.66048 0.00000 372.40652 233.39098
0.57248 0.66048 0.00000 381.72604 233.66077
0.66048 0.66048 0.00000 413.25406 234.60118

gimbalangles:
0.349065850399 0.349065850399 -0.261799387799 

end: