T_CW:
0.9103969792 -0.2925607786 -0.2925500487 0.1205905867
-0.3680586718 -0.8956482485 -0.2496938707 0.7640543165
-0.1889713055 0.3349961280 -0.9230749915 1.1851693341
0.0000000000 0.0000000000 0.0000000000 1.0000000000

T_CW_cov:

target_points_pix:
0.20250 0.34349 0.00000 824.59009 685.78613
0.22899 0.34349 0.00000 846.69489 678.61292
0.31699 0.34349 0.00000 920.87518 654.18713
0.34349 0.34349 0.00000 943.51776 646.72339
0.43149 0.34349 0.00000 1020.45880 621.34229
0.54599 0.34349 0.00000 1123.76880 587.37933
0.57248 0.34349 0.00000 1148.39294 579.33856
0.66048 0.34349 0.00000 1231.22522 552.01630
0.11450 0.43149 0.00000 728.49298 634.84308
0.20250 0.43149 0.00000 798.41467 610.76617
0.22899 0.43149 0.00000 819.71442 603.37842
0.31699 0.43149 0.00000 891.87262 578.49353
0.34349 0.43149 0.00000 914.19250 570.92957
0.43149 0.43149 0.00000 988.76465 545.14142
0.45799 0.43149 0.00000 1011.68024 537.26141
0.54599 0.43149 0.00000 1089.06750 510.54254
0.57248 0.43149 0.00000 1113.03308 502.38831
0.66048 0.43149 0.00000 1193.33691 474.47964
0.00000 0.45799 0.00000 633.81488 643.44263
0.08800 0.45799 0.00000 700.90833 620.13666
0.11450 0.45799 0.00000 721.57416 613.03577
0.20250 0.45799 0.00000 790.74921 588.88843
0.22899 0.45799 0.00000 811.77283 581.53162
0.31699 0.45799 0.00000 883.59845 556.45563
0.34349 0.45799 0.00000 905.61664 548.79572
0.43149 0.45799 0.00000 979.58258 522.87555
0.45799 0.45799 0.00000 1002.47498 514.89203
0.54599 0.45799 0.00000 1078.99011 488.12247
0.57248 0.45799 0.00000 1102.57837 479.85602
0.66048 0.45799 0.00000 1182.29175 451.90155
0.00000 0.54599 0.00000 613.17139 573.59393
0.08800 0.54599 0.00000 678.57507 549.73541
0.11450 0.54599 0.00000 698.61462 542.48071
0.20250 0.54599 0.00000 765.95630 517.97961
0.22899 0.54599 0.00000 786.65179 510.43961
0.31699 0.54599 0.00000 856.36047 485.14847
0.34349 0.54599 0.00000 877.56732 477.41269
0.43149 0.54599 0.00000 949.90387 451.11099
0.45799 0.54599 0.00000 971.83929 443.16888
0.54599 0.54599 0.00000 1046.32214 415.89294
0.57248 0.54599 0.00000 1069.24231 407.59024
0.66048 0.54599 0.00000 1146.54736 379.35129
0.00000 0.57248 0.00000 607.14575 553.05670
0.08800 0.57248 0.00000 672.14716 529.28754
0.11450 0.57248 0.00000 691.93994 521.82965
0.20250 0.57248 0.00000 758.87012 497.35281
0.22899 0.57248 0.00000 779.40216 489.70395
0.31699 0.57248 0.00000 848.52631 464.36542
0.34349 0.57248 0.00000 869.55908 456.53476
0.43149 0.57248 0.00000 941.19373 430.23993
0.45799 0.57248 0.00000 963.08582 422.17218
0.54599 0.57248 0.00000 1036.76184 394.87384
0.57248 0.57248 0.00000 1059.47205 386.51547
0.66048 0.57248 0.00000 1136.22717 358.10593
0.08800 0.66048 0.00000 650.74609 462.49258
0.11450 0.66048 0.00000 670.19989 455.28949
0.20250 0.66048 0.00000 735.49976 430.32825
0.22899 0.66048 0.00000 755.47223 422.64560
0.31699 0.66048 0.00000 822.56342 396.89688
0.34349 0.66048 0.00000 843.37433 389.02921
0.43149 0.66048 0.00000 912.86102 362.31635
0.45799 0.66048 0.00000 934.33478 354.27902
0.54599 0.66048 0.00000 1006.06189 326.84662
0.57248 0.66048 0.00000 1028.21143 318.31644

gimbalangles:
0.349065850399 0.349065850399 -0.261799387799 

end: