T_CW:
0.9987806236 0.0417174222 -0.0263992912 -0.5246560953
0.0367490542 -0.9853220209 -0.1667033959 0.6409508017
-0.0329662389 0.1655299728 -0.9856536183 1.2040935042
0.0000000000 0.0000000000 0.0000000000 1.0000000000

T_CW_cov:

target_points_pix:
0.08800 0.11450 0.00000 148.39505 441.49927
0.11450 0.11450 0.00000 158.28267 441.95474
0.20250 0.11450 0.00000 191.73053 443.51343
0.22899 0.11450 0.00000 201.86719 444.17279
0.31699 0.11450 0.00000 235.44490 445.63458
0.34349 0.11450 0.00000 245.42865 446.21072
0.43149 0.11450 0.00000 279.10025 447.90033
0.45799 0.11450 0.00000 289.08157 448.34256
0.54599 0.11450 0.00000 323.04282 450.09741
0.57248 0.11450 0.00000 333.29489 450.65479
0.66048 0.11450 0.00000 367.12103 452.55975
0.00000 0.20250 0.00000 118.82732 404.60611
0.08800 0.20250 0.00000 151.84792 406.38303
0.11450 0.20250 0.00000 161.75157 406.43124
0.22899 0.20250 0.00000 204.78314 408.43951
0.34349 0.20250 0.00000 247.84451 410.48770
0.43149 0.20250 0.00000 280.75311 412.28873
0.45799 0.20250 0.00000 290.86475 412.56720
0.54599 0.20250 0.00000 324.17252 414.48730
0.57248 0.20250 0.00000 334.21844 414.84521
0.66048 0.20250 0.00000 367.78116 416.50607
0.00000 0.22899 0.00000 120.06567 394.47189
0.08800 0.22899 0.00000 152.73378 395.74554
0.11450 0.22899 0.00000 162.73517 396.36984
0.22899 0.22899 0.00000 205.66776 398.07642
0.31699 0.22899 0.00000 238.54448 399.59811
0.34349 0.22899 0.00000 248.45364 400.27313
0.43149 0.22899 0.00000 281.45087 401.64706
0.45799 0.22899 0.00000 291.38867 402.22119
0.54599 0.22899 0.00000 324.57553 403.86957
0.57248 0.22899 0.00000 334.59506 404.38696
0.66048 0.22899 0.00000 368.12656 406.01141
0.00000 0.31699 0.00000 123.69266 360.33557
0.08800 0.31699 0.00000 156.24666 361.71991
0.11450 0.31699 0.00000 165.90471 361.89990
0.20250 0.31699 0.00000 198.49835 363.56256
0.31699 0.31699 0.00000 240.67265 365.44565
0.34349 0.31699 0.00000 250.47235 365.77713
0.43149 0.31699 0.00000 283.08264 367.50452
0.45799 0.31699 0.00000 292.93839 367.79941
0.54599 0.31699 0.00000 325.69058 369.27640
0.57248 0.31699 0.00000 335.62912 369.74362
0.66048 0.31699 0.00000 368.81696 371.36063
0.00000 0.34349 0.00000 124.78617 350.42459
0.08800 0.34349 0.00000 157.36943 351.44629
0.11450 0.34349 0.00000 167.00867 352.02695
0.20250 0.34349 0.00000 199.44353 353.29263
0.22899 0.34349 0.00000 209.05325 353.74713
0.31699 0.34349 0.00000 241.33113 355.21304
0.34349 0.34349 0.00000 250.94016 355.67426
0.43149 0.34349 0.00000 283.55231 357.35397
0.45799 0.34349 0.00000 293.40576 357.62262
0.54599 0.34349 0.00000 326.22382 359.23926
0.57248 0.34349 0.00000 336.05432 359.56079
0.66048 0.34349 0.00000 369.01291 361.16483
0.00000 0.43149 0.00000 128.52371 317.12479
0.08800 0.43149 0.00000 160.55180 318.54584
0.11450 0.43149 0.00000 169.97931 318.83749
0.20250 0.43149 0.00000 201.90953 320.32471
0.22899 0.43149 0.00000 211.51582 320.50500
0.31699 0.43149 0.00000 243.44237 322.00024
0.34349 0.43149 0.00000 253.08147 322.49850
0.43149 0.43149 0.00000 285.28845 323.86993
0.45799 0.43149 0.00000 294.91919 324.39401
0.54599 0.43149 0.00000 327.41617 325.66626
0.57248 0.43149 0.00000 337.23862 326.12360
0.66048 0.43149 0.00000 369.67386 327.48138
0.00000 0.45799 0.00000 129.39397 307.42691
0.08800 0.45799 0.00000 161.35080 308.59781
0.11450 0.45799 0.00000 170.93250 309.07117
0.20250 0.45799 0.00000 202.79051 310.27905
0.22899 0.45799 0.00000 212.27927 310.78458
0.31699 0.45799 0.00000 244.07208 312.30331
0.34349 0.45799 0.00000 253.61633 312.72354
0.43149 0.45799 0.00000 285.66440 314.06110
0.45799 0.45799 0.00000 295.41544 314.46133
0.54599 0.45799 0.00000 327.68723 315.68140
0.57248 0.45799 0.00000 337.40692 316.31470
0.66048 0.45799 0.00000 369.86652 317.57602
0.00000 0.54599 0.00000 132.99957 275.46201
0.08800 0.54599 0.00000 164.67201 276.90359
0.11450 0.54599 0.00000 173.96887 277.05432
0.20250 0.54599 0.00000 205.32709 278.48779
0.22899 0.54599 0.00000 214.70259 278.70453
0.31699 0.54599 0.00000 246.26297 280.11066
0.34349 0.54599 0.00000 255.65727 280.41241
0.43149 0.54599 0.00000 287.41269 281.60803
0.45799 0.54599 0.00000 297.00378 281.89859
0.54599 0.54599 0.00000 328.80014 283.32568
0.57248 0.54599 0.00000 338.60217 283.62384
0.66048 0.54599 0.00000 370.51276 284.87881
0.00000 0.57248 0.00000 134.02921 266.32300
0.08800 0.57248 0.00000 165.52603 267.40048
0.11450 0.57248 0.00000 174.80217 267.78842
0.20250 0.57248 0.00000 206.09338 268.89047
0.22899 0.57248 0.00000 215.48245 269.42029
0.31699 0.57248 0.00000 246.75665 270.56223
0.34349 0.57248 0.00000 256.28778 270.87360
0.43149 0.57248 0.00000 287.95932 272.18570
0.45799 0.57248 0.00000 297.46359 272.43787
0.54599 0.57248 0.00000 329.35172 273.63748
0.57248 0.57248 0.00000 338.69861 274.12479
0.66048 0.57248 0.00000 370.86856 275.38055
0.00000 0.66048 0.00000 137.35051 235.07175
0.08800 0.66048 0.00000 168.50427 236.47911
0.11450 0.66048 0.00000 177.67363 236.69279
0.20250 0.66048 0.00000 208.60294 237.81821
0.22899 0.66048 0.00000 217.89053 238.24892
0.31699 0.66048 0.00000 248.96881 239.35248
0.34349 0.66048 0.00000 258.39011 239.56010
0.43149 0.66048 0.00000 289.48819 240.66393
0.45799 0.66048 0.00000 299.04230 241.03387
0.54599 0.66048 0.00000 330.35507 242.25627
0.57248 0.66048 0.00000 339.89136 242.48265
0.66048 0.66048 0.00000 371.46552 243.68689

gimbalangles:
0.349065850399 0.349065850399 -0.0872664625997 

end: