T_CW:
0.9991246206 0.0365028226 -0.0204337099 -0.4116623094
0.0327146822 -0.9862200799 -0.1621718337 0.6369509456
-0.0260718646 0.1613613895 -0.9865509413 1.2039897670
0.0000000000 0.0000000000 0.0000000000 1.0000000000

T_CW_cov:

target_points_pix:
0.00000 0.11450 0.00000 162.24304 429.62268
0.08800 0.11450 0.00000 195.29329 431.10501
0.11450 0.11450 0.00000 205.12621 431.49316
0.20250 0.11450 0.00000 238.48477 432.87900
0.22899 0.11450 0.00000 248.33214 433.47345
0.31699 0.11450 0.00000 281.57526 434.77600
0.34349 0.11450 0.00000 291.63031 435.31659
0.43149 0.11450 0.00000 325.12494 436.65094
0.54599 0.11450 0.00000 368.73453 438.55679
0.57248 0.11450 0.00000 378.70935 439.09863
0.66048 0.11450 0.00000 412.57190 440.52695
0.00000 0.20250 0.00000 165.30135 394.96661
0.08800 0.20250 0.00000 197.88892 396.38019
0.11450 0.20250 0.00000 207.71555 396.61148
0.20250 0.20250 0.00000 240.54173 397.99789
0.22899 0.20250 0.00000 250.47589 398.41974
0.31699 0.20250 0.00000 283.29153 399.68359
0.34349 0.20250 0.00000 293.29407 400.30817
0.43149 0.20250 0.00000 326.20978 401.54184
0.45799 0.20250 0.00000 336.22467 402.00073
0.54599 0.20250 0.00000 369.24506 403.33783
0.57248 0.20250 0.00000 379.30713 403.76224
0.66048 0.20250 0.00000 412.46564 405.20312
0.00000 0.22899 0.00000 166.12682 384.70081
0.08800 0.22899 0.00000 198.66147 386.01025
0.11450 0.22899 0.00000 208.50453 386.37369
0.20250 0.22899 0.00000 241.22775 387.59338
0.22899 0.22899 0.00000 251.02641 388.11780
0.31699 0.22899 0.00000 283.73898 389.41922
0.34349 0.22899 0.00000 293.55328 389.83838
0.43149 0.22899 0.00000 326.49353 391.19705
0.45799 0.22899 0.00000 336.41425 391.62363
0.54599 0.22899 0.00000 369.42856 393.02347
0.57248 0.22899 0.00000 379.35257 393.41840
0.66048 0.22899 0.00000 412.58347 394.76074
0.00000 0.31699 0.00000 169.00009 351.01596
0.08800 0.31699 0.00000 201.40132 352.38522
0.11450 0.31699 0.00000 210.90611 352.61002
0.20250 0.31699 0.00000 243.33986 353.92538
0.22899 0.31699 0.00000 252.94829 354.39038
0.31699 0.31699 0.00000 285.38437 355.58649
0.34349 0.31699 0.00000 295.09799 356.04297
0.43149 0.31699 0.00000 327.55371 357.30591
0.45799 0.31699 0.00000 337.38367 357.62766
0.54599 0.31699 0.00000 370.09222 358.86215
0.57248 0.31699 0.00000 379.87112 359.29825
0.66048 0.31699 0.00000 412.58307 360.57776
0.08800 0.34349 0.00000 202.03178 342.34171
0.11450 0.34349 0.00000 211.59621 342.66116
0.20250 0.34349 0.00000 243.84349 343.98480
0.22899 0.34349 0.00000 253.51199 344.36115
0.31699 0.34349 0.00000 285.76382 345.56073
0.34349 0.34349 0.00000 295.52417 346.04114
0.43149 0.34349 0.00000 327.94598 347.35648
0.45799 0.34349 0.00000 337.61456 347.57257
0.54599 0.34349 0.00000 370.26682 348.87369
0.57248 0.34349 0.00000 379.95352 349.26373
0.66048 0.34349 0.00000 412.67810 350.50171
0.00000 0.43149 0.00000 172.69055 308.44293
0.08800 0.43149 0.00000 204.49617 309.59338
0.11450 0.43149 0.00000 214.08948 309.94150
0.20250 0.43149 0.00000 245.77664 311.30118
0.22899 0.43149 0.00000 255.45731 311.54703
0.31699 0.43149 0.00000 287.37375 312.73459
0.34349 0.43149 0.00000 296.90231 313.20496
0.43149 0.43149 0.00000 328.93497 314.34970
0.45799 0.43149 0.00000 338.58066 314.65698
0.54599 0.43149 0.00000 370.70456 315.78778
0.57248 0.43149 0.00000 380.45056 316.23981
0.66048 0.43149 0.00000 412.81189 317.39151
0.00000 0.45799 0.00000 173.59779 298.84808
0.08800 0.45799 0.00000 205.30951 299.93762
0.11450 0.45799 0.00000 214.71269 300.43689
0.20250 0.45799 0.00000 246.47495 301.47614
0.22899 0.45799 0.00000 255.89674 301.85403
0.31699 0.45799 0.00000 287.73016 303.13129
0.34349 0.45799 0.00000 297.35928 303.42270
0.43149 0.45799 0.00000 329.29453 304.58667
0.45799 0.45799 0.00000 338.84518 304.93082
0.54599 0.45799 0.00000 370.93237 306.14182
0.57248 0.45799 0.00000 380.59036 306.41531
0.66048 0.45799 0.00000 412.78107 307.55365
0.00000 0.54599 0.00000 176.41997 267.22745
0.08800 0.54599 0.00000 207.60008 268.40027
0.11450 0.54599 0.00000 216.99155 268.54752
0.20250 0.54599 0.00000 248.39380 269.65384
0.22899 0.54599 0.00000 257.76901 270.08212
0.31699 0.54599 0.00000 289.25946 271.26395
0.34349 0.54599 0.00000 298.64294 271.50592
0.43149 0.54599 0.00000 330.34247 272.56818
0.45799 0.54599 0.00000 339.76831 273.00711
0.54599 0.54599 0.00000 371.50818 274.06909
0.57248 0.54599 0.00000 381.14954 274.37238
0.66048 0.54599 0.00000 412.94385 275.44458
0.00000 0.57248 0.00000 177.12566 257.86240
0.08800 0.57248 0.00000 208.36200 258.85971
0.11450 0.57248 0.00000 217.65724 259.33975
0.20250 0.57248 0.00000 248.91515 260.36331
0.22899 0.57248 0.00000 258.29974 260.64874
0.31699 0.57248 0.00000 289.58627 261.72412
0.34349 0.57248 0.00000 299.08307 262.08688
0.43149 0.57248 0.00000 330.52936 263.22195
0.45799 0.57248 0.00000 340.16782 263.45276
0.54599 0.57248 0.00000 371.67728 264.50363
0.57248 0.57248 0.00000 381.28171 264.74173
0.66048 0.57248 0.00000 412.91092 265.85242
0.00000 0.66048 0.00000 179.70038 227.06941
0.08800 0.66048 0.00000 210.60048 228.14804
0.11450 0.66048 0.00000 219.86742 228.39694
0.20250 0.66048 0.00000 250.71977 229.49896
0.22899 0.66048 0.00000 259.99655 229.66240
0.31699 0.66048 0.00000 291.09497 230.60153
0.34349 0.66048 0.00000 300.41254 231.03816
0.43149 0.66048 0.00000 331.58115 232.02505
0.45799 0.66048 0.00000 340.97675 232.35626
0.54599 0.66048 0.00000 372.26212 233.38951
0.57248 0.66048 0.00000 381.62167 233.62665
0.66048 0.66048 0.00000 413.09625 234.63136

gimbalangles:
0.349065850399 0.349065850399 0.0872664625997 

end: