T_CW:
0.9560413517 -0.2922593931 0.0238617054 -0.3169193868
-0.2630183640 -0.8906666415 -0.3708561365 0.8851423310
0.1296390144 0.3482777353 -0.9283837272 1.0576202387
0.0000000000 0.0000000000 0.0000000000 1.0000000000

T_CW_cov:

target_points_pix:
0.34349 0.45799 0.00000 538.12366 690.05762
0.43149 0.45799 0.00000 611.94940 667.02844
0.45799 0.45799 0.00000 634.06757 660.18115
0.54599 0.45799 0.00000 706.37982 637.64954
0.57248 0.45799 0.00000 727.79834 631.02618
0.66048 0.45799 0.00000 798.78473 608.66949
0.34349 0.54599 0.00000 518.41852 615.16412
0.43149 0.54599 0.00000 590.62866 593.33521
0.45799 0.54599 0.00000 612.37408 586.79272
0.54599 0.54599 0.00000 683.29968 565.26465
0.57248 0.54599 0.00000 704.42102 558.85059
0.66048 0.54599 0.00000 773.90491 537.76923
0.08800 0.57248 0.00000 296.86972 657.84216
0.11450 0.57248 0.00000 319.73499 650.80853
0.20250 0.57248 0.00000 394.78290 628.46155
0.22899 0.57248 0.00000 417.26163 621.84900
0.31699 0.57248 0.00000 490.68695 599.85516
0.34349 0.57248 0.00000 512.66071 593.35004
0.43149 0.57248 0.00000 584.59955 571.66492
0.45799 0.57248 0.00000 606.13763 565.36066
0.54599 0.57248 0.00000 676.57947 544.21503
0.57248 0.57248 0.00000 697.54651 537.75647
0.66048 0.57248 0.00000 766.60022 516.96045
0.08800 0.66048 0.00000 283.12814 583.81885
0.11450 0.66048 0.00000 305.33890 577.48627
0.20250 0.66048 0.00000 378.89343 556.12927
0.22899 0.66048 0.00000 400.71396 549.78986
0.31699 0.66048 0.00000 472.68695 528.86414
0.34349 0.66048 0.00000 494.36505 522.51959
0.43149 0.66048 0.00000 564.79199 501.97897
0.45799 0.66048 0.00000 585.76880 495.92517
0.54599 0.66048 0.00000 654.76752 475.80554
0.57248 0.66048 0.00000 675.53027 469.75571
0.66048 0.66048 0.00000 743.20789 449.99469

gimbalangles:
0.349065850399 0.349065850399 0.0872664625997 

end: