T_CW:
0.9987908416 0.0411178968 -0.0269476029 -0.5247030070
0.0360691433 -0.9853590421 -0.1666330550 0.6414156429
-0.0334046650 0.1654595923 -0.9856506743 1.2040136882
0.0000000000 0.0000000000 0.0000000000 1.0000000000

T_CW_cov:

target_points_pix:
0.08800 0.11450 0.00000 148.44820 441.66287
0.11450 0.11450 0.00000 158.27786 442.23190
0.20250 0.11450 0.00000 191.71063 443.60962
0.22899 0.11450 0.00000 201.65433 444.37601
0.34349 0.11450 0.00000 245.45255 446.32712
0.45799 0.11450 0.00000 289.13358 448.65662
0.54599 0.11450 0.00000 322.97937 450.22144
0.57248 0.11450 0.00000 333.13840 450.75366
0.66048 0.11450 0.00000 367.27859 452.59256
0.00000 0.20250 0.00000 118.78793 404.89972
0.08800 0.20250 0.00000 151.85791 406.50174
0.11450 0.20250 0.00000 161.57664 406.66632
0.20250 0.20250 0.00000 194.70811 408.30063
0.22899 0.20250 0.00000 204.71909 408.58380
0.31699 0.20250 0.00000 237.73946 410.18759
0.43149 0.20250 0.00000 280.74072 412.27789
0.45799 0.20250 0.00000 290.90057 412.63290
0.54599 0.20250 0.00000 324.24258 414.43097
0.57248 0.20250 0.00000 334.16647 414.82724
0.66048 0.20250 0.00000 367.81097 416.65454
0.00000 0.22899 0.00000 120.00596 394.52347
0.08800 0.22899 0.00000 152.79449 395.87296
0.11450 0.22899 0.00000 162.72728 396.36853
0.20250 0.22899 0.00000 195.54861 397.74963
0.22899 0.22899 0.00000 205.49222 398.27332
0.31699 0.22899 0.00000 238.45366 399.64307
0.34349 0.22899 0.00000 248.36162 400.17648
0.43149 0.22899 0.00000 281.37387 401.70569
0.45799 0.22899 0.00000 291.31064 402.41788
0.54599 0.22899 0.00000 324.42303 403.87054
0.57248 0.22899 0.00000 334.50116 404.50427
0.66048 0.22899 0.00000 368.03979 406.01059
0.00000 0.31699 0.00000 123.65771 360.43829
0.08800 0.31699 0.00000 156.23289 361.81375
0.11450 0.31699 0.00000 165.92609 362.15662
0.20250 0.31699 0.00000 198.44458 363.57297
0.22899 0.31699 0.00000 208.04599 363.87033
0.31699 0.31699 0.00000 240.59415 365.48404
0.34349 0.31699 0.00000 250.40990 365.93878
0.43149 0.31699 0.00000 283.07437 367.53043
0.45799 0.31699 0.00000 292.78912 367.92160
0.54599 0.31699 0.00000 325.64835 369.41180
0.57248 0.31699 0.00000 335.56320 369.80450
0.66048 0.31699 0.00000 368.68155 371.49414
0.00000 0.34349 0.00000 124.67595 350.43259
0.08800 0.34349 0.00000 157.09589 351.61368
0.11450 0.34349 0.00000 166.80028 352.15738
0.20250 0.34349 0.00000 199.24742 353.42184
0.22899 0.34349 0.00000 208.92714 353.96530
0.31699 0.34349 0.00000 241.20671 355.37906
0.34349 0.34349 0.00000 250.88753 355.74390
0.43149 0.34349 0.00000 283.54529 357.41473
0.45799 0.34349 0.00000 293.33133 357.68201
0.54599 0.34349 0.00000 326.13525 359.28989
0.57248 0.34349 0.00000 335.83820 359.58035
0.00000 0.43149 0.00000 128.35446 317.36993
0.08800 0.43149 0.00000 160.38010 318.68985
0.11450 0.43149 0.00000 169.92227 319.19370
0.20250 0.43149 0.00000 201.87132 320.49225
0.22899 0.43149 0.00000 211.45905 320.62888
0.31699 0.43149 0.00000 243.33333 322.16113
0.34349 0.43149 0.00000 252.81671 322.57385
0.43149 0.43149 0.00000 285.17804 323.98257
0.45799 0.43149 0.00000 294.80096 324.47223
0.54599 0.43149 0.00000 327.26379 325.69748
0.57248 0.43149 0.00000 336.99255 326.13840
0.66048 0.43149 0.00000 369.60806 327.51807
0.00000 0.45799 0.00000 129.41924 307.66376
0.08800 0.45799 0.00000 161.27263 308.81287
0.11450 0.45799 0.00000 170.72552 309.35764
0.20250 0.45799 0.00000 202.61247 310.51022
0.22899 0.45799 0.00000 212.16190 310.88229
0.31699 0.45799 0.00000 243.94221 312.30890
0.34349 0.45799 0.00000 253.56664 312.70737
0.43149 0.45799 0.00000 285.60275 314.09967
0.45799 0.45799 0.00000 295.35321 314.56479
0.54599 0.45799 0.00000 327.56247 315.69818
0.57248 0.45799 0.00000 337.36279 316.27567
0.66048 0.45799 0.00000 369.77664 317.60461
0.08800 0.54599 0.00000 164.41147 277.04251
0.11450 0.54599 0.00000 173.83810 277.28732
0.20250 0.54599 0.00000 205.21442 278.54001
0.22899 0.54599 0.00000 214.62926 278.83133
0.31699 0.54599 0.00000 246.08897 280.14713
0.34349 0.54599 0.00000 255.47144 280.52408
0.43149 0.54599 0.00000 287.30161 281.64813
0.45799 0.54599 0.00000 296.82941 282.07370
0.54599 0.54599 0.00000 328.68814 283.29251
0.57248 0.54599 0.00000 338.47342 283.64874
0.66048 0.54599 0.00000 370.45276 284.94144
0.00000 0.57248 0.00000 133.84273 266.45325
0.08800 0.57248 0.00000 165.25146 267.41077
0.11450 0.57248 0.00000 174.69719 268.02676
0.20250 0.57248 0.00000 205.95308 269.01291
0.22899 0.57248 0.00000 215.38683 269.48306
0.31699 0.57248 0.00000 246.58534 270.58923
0.34349 0.57248 0.00000 256.20996 271.00351
0.43149 0.57248 0.00000 287.69235 272.25864
0.45799 0.57248 0.00000 297.32251 272.49625
0.54599 0.57248 0.00000 329.17456 273.68536
0.57248 0.57248 0.00000 338.62851 274.14728
0.66048 0.57248 0.00000 370.70477 275.38974
0.00000 0.66048 0.00000 137.17320 235.18484
0.08800 0.66048 0.00000 168.30122 236.49564
0.11450 0.66048 0.00000 177.47981 236.78201
0.20250 0.66048 0.00000 208.43329 237.93478
0.22899 0.66048 0.00000 217.67332 238.36769
0.31699 0.66048 0.00000 248.78882 239.50276
0.34349 0.66048 0.00000 258.12466 239.63919
0.43149 0.66048 0.00000 289.37582 240.74968
0.45799 0.66048 0.00000 298.74014 241.13107
0.54599 0.66048 0.00000 330.24466 242.33942
0.57248 0.66048 0.00000 339.78339 242.59268
0.66048 0.66048 0.00000 371.36667 243.70802

gimbalangles:
0.349065850399 0.349065850399 0.0872664625997 

end: