T_CW:
0.9375801349 -0.2953616754 0.1835891373 -0.5285617985
-0.1955671848 -0.8843168375 -0.4239542513 0.9202273148
0.2875708032 0.3615870734 -0.8868809511 0.9337871215
0.0000000000 0.0000000000 0.0000000000 1.0000000000

T_CW_cov:

target_points_pix:
0.57248 0.45799 0.00000 533.90002 703.81354
0.66048 0.45799 0.00000 606.84418 682.20331
0.57248 0.54599 0.00000 514.43628 628.99121
0.66048 0.54599 0.00000 586.11176 609.17804
0.22899 0.57248 0.00000 203.54454 688.95282
0.31699 0.57248 0.00000 286.22815 666.79834
0.34349 0.57248 0.00000 310.51468 660.30280
0.43149 0.57248 0.00000 388.95074 639.31244
0.45799 0.57248 0.00000 412.20224 632.97382
0.54599 0.57248 0.00000 486.96448 612.89624
0.57248 0.57248 0.00000 508.82922 607.00769
0.66048 0.57248 0.00000 579.99237 587.77466
0.22899 0.66048 0.00000 191.49182 611.02875
0.34349 0.66048 0.00000 296.10547 584.81763
0.43149 0.66048 0.00000 373.01297 565.66895
0.45799 0.66048 0.00000 395.66412 559.93634
0.54599 0.66048 0.00000 468.93350 541.70319
0.57248 0.66048 0.00000 490.62164 536.48138
0.66048 0.66048 0.00000 560.47833 519.02094

gimbalangles:
0.349065850399 0.349065850399 0.261799387799 

end: