T_CW:
0.9990698566 0.0376219187 -0.0210716135 -0.4116348876
0.0337301595 -0.9862690390 -0.1616652683 0.6364236084
-0.0268644375 0.1608041476 -0.9866206607 1.2044894277
0.0000000000 0.0000000000 0.0000000000 1.0000000000

T_CW_cov:

target_points_pix:
0.00000 0.11450 0.00000 162.33032 429.39206
0.08800 0.11450 0.00000 195.36934 430.72375
0.11450 0.11450 0.00000 205.30598 431.37079
0.20250 0.11450 0.00000 238.55946 432.77295
0.22899 0.11450 0.00000 248.34259 433.25412
0.31699 0.11450 0.00000 281.65662 434.70358
0.43149 0.11450 0.00000 325.12762 436.56683
0.45799 0.11450 0.00000 335.07202 437.14334
0.54599 0.11450 0.00000 368.81744 438.55658
0.66048 0.11450 0.00000 412.57190 440.64502
0.00000 0.20250 0.00000 165.43585 394.74359
0.08800 0.20250 0.00000 197.96858 396.17441
0.11450 0.20250 0.00000 207.89777 396.45084
0.20250 0.20250 0.00000 240.62547 397.81635
0.22899 0.20250 0.00000 250.56212 398.31818
0.31699 0.20250 0.00000 283.35724 399.61212
0.34349 0.20250 0.00000 293.33755 400.15799
0.43149 0.20250 0.00000 326.28360 401.45828
0.45799 0.20250 0.00000 336.33627 401.87204
0.54599 0.20250 0.00000 369.30511 403.32391
0.57248 0.20250 0.00000 379.36572 403.77704
0.66048 0.20250 0.00000 412.60391 405.28568
0.00000 0.22899 0.00000 166.17941 384.50848
0.08800 0.22899 0.00000 198.79279 385.81299
0.11450 0.22899 0.00000 208.60828 386.26025
0.20250 0.22899 0.00000 241.38487 387.54962
0.22899 0.22899 0.00000 251.17244 387.96716
0.31699 0.22899 0.00000 283.86795 389.36554
0.34349 0.22899 0.00000 293.65836 389.79819
0.43149 0.22899 0.00000 326.61728 391.16501
0.45799 0.22899 0.00000 336.43668 391.57092
0.54599 0.22899 0.00000 369.59579 392.98630
0.57248 0.22899 0.00000 379.36841 393.38550
0.66048 0.22899 0.00000 412.66388 394.81726
0.00000 0.31699 0.00000 169.17050 350.79044
0.08800 0.31699 0.00000 201.43799 352.18326
0.11450 0.31699 0.00000 211.14166 352.45651
0.22899 0.31699 0.00000 253.22414 354.23572
0.31699 0.31699 0.00000 285.50989 355.52072
0.34349 0.31699 0.00000 295.29214 355.87918
0.43149 0.31699 0.00000 327.71954 357.29016
0.45799 0.31699 0.00000 337.56531 357.59937
0.54599 0.31699 0.00000 370.19763 358.90717
0.57248 0.31699 0.00000 380.03311 359.29025
0.66048 0.31699 0.00000 412.73679 360.64874
0.00000 0.34349 0.00000 170.14000 340.95309
0.08800 0.34349 0.00000 202.22099 342.20740
0.11450 0.34349 0.00000 211.74132 342.52792
0.20250 0.34349 0.00000 244.04364 343.71356
0.22899 0.34349 0.00000 253.64532 344.29883
0.31699 0.34349 0.00000 285.90860 345.47836
0.34349 0.34349 0.00000 295.62524 345.92532
0.43149 0.34349 0.00000 328.12595 347.31412
0.45799 0.34349 0.00000 337.74951 347.56973
0.54599 0.34349 0.00000 370.37250 348.86539
0.57248 0.34349 0.00000 380.21344 349.36023
0.66048 0.34349 0.00000 412.84464 350.46274
0.00000 0.43149 0.00000 172.99144 308.31314
0.08800 0.43149 0.00000 204.69260 309.49826
0.11450 0.43149 0.00000 214.27695 309.73337
0.20250 0.43149 0.00000 246.06906 311.06992
0.22899 0.43149 0.00000 255.57945 311.47272
0.31699 0.43149 0.00000 287.45309 312.67169
0.34349 0.43149 0.00000 297.11325 313.14392
0.43149 0.43149 0.00000 329.05423 314.33704
0.45799 0.43149 0.00000 338.71930 314.67328
0.54599 0.43149 0.00000 370.93964 315.84503
0.57248 0.43149 0.00000 380.65689 316.28839
0.66048 0.43149 0.00000 413.06683 317.43829
0.00000 0.45799 0.00000 173.78458 298.61459
0.08800 0.45799 0.00000 205.45801 299.78607
0.11450 0.45799 0.00000 214.90157 300.23337
0.20250 0.45799 0.00000 246.62669 301.41348
0.22899 0.45799 0.00000 256.18243 301.66779
0.31699 0.45799 0.00000 287.88858 302.96872
0.34349 0.45799 0.00000 297.47803 303.37692
0.43149 0.45799 0.00000 329.44360 304.58426
0.45799 0.45799 0.00000 339.11618 304.80841
0.54599 0.45799 0.00000 371.22278 306.18021
0.57248 0.45799 0.00000 380.79410 306.41110
0.66048 0.45799 0.00000 413.05099 307.58841
0.00000 0.54599 0.00000 176.62126 266.91895
0.08800 0.54599 0.00000 207.85255 268.24030
0.11450 0.54599 0.00000 217.30363 268.46747
0.20250 0.54599 0.00000 248.52182 269.59680
0.22899 0.54599 0.00000 258.02188 269.96634
0.31699 0.54599 0.00000 289.43710 271.15927
0.34349 0.54599 0.00000 298.87482 271.51498
0.43149 0.54599 0.00000 330.48947 272.57062
0.45799 0.54599 0.00000 340.10184 273.05765
0.54599 0.54599 0.00000 371.67630 274.12418
0.57248 0.54599 0.00000 381.36316 274.46130
0.66048 0.54599 0.00000 413.24561 275.45026
0.00000 0.57248 0.00000 177.45573 257.62158
0.08800 0.57248 0.00000 208.55998 258.71793
0.11450 0.57248 0.00000 217.89630 259.16425
0.20250 0.57248 0.00000 249.09659 260.21405
0.22899 0.57248 0.00000 258.50916 260.54297
0.31699 0.57248 0.00000 289.75970 261.61380
0.34349 0.57248 0.00000 299.33603 261.95657
0.43149 0.57248 0.00000 330.76135 263.19974
0.45799 0.57248 0.00000 340.41162 263.43268
0.54599 0.57248 0.00000 371.91492 264.58771
0.57248 0.57248 0.00000 381.42978 264.77194
0.66048 0.57248 0.00000 413.23511 265.87161
0.00000 0.66048 0.00000 179.98520 226.73915
0.08800 0.66048 0.00000 210.87593 227.92961
0.11450 0.66048 0.00000 220.26144 228.27191
0.20250 0.66048 0.00000 250.95941 229.41902
0.22899 0.66048 0.00000 260.30331 229.54520
0.31699 0.66048 0.00000 291.37350 230.58293
0.34349 0.66048 0.00000 300.57291 230.95723
0.43149 0.66048 0.00000 331.80432 231.94479
0.45799 0.66048 0.00000 341.32480 232.34694
0.54599 0.66048 0.00000 372.45609 233.39601
0.57248 0.66048 0.00000 381.88327 233.68399
0.66048 0.66048 0.00000 413.40515 234.58476

gimbalangles:
0.349065850399 0.349065850399 0.261799387799 

end: