T_CW:
0.9474292809 0.0502693046 -0.3159917005 0.0329559191
0.1511631457 -0.9407413206 0.3035711961 -0.1835049738
-0.2820061367 -0.3353785395 -0.8988847391 1.4007500223
0.0000000000 0.0000000000 0.0000000000 1.0000000000

T_CW_cov:

target_points_pix:
0.00000 0.00000 0.00000 671.27820 205.62378
0.08800 0.00000 0.00000 738.56207 213.87929
0.11450 0.00000 0.00000 759.51544 216.44559
0.20250 0.00000 0.00000 830.37805 224.90927
0.22899 0.00000 0.00000 852.09479 227.60927
0.31699 0.00000 0.00000 926.44525 236.63675
0.43149 0.00000 0.00000 1027.58154 248.67114
0.45799 0.00000 0.00000 1051.76343 251.55093
0.54599 0.00000 0.00000 1134.17725 261.32581
0.57248 0.00000 0.00000 1159.48865 264.37866
0.66048 0.00000 0.00000 1246.40649 274.67310
0.00000 0.08800 0.00000 675.38452 135.97775
0.08800 0.08800 0.00000 744.48260 142.71896
0.11450 0.08800 0.00000 765.69061 145.10011
0.20250 0.08800 0.00000 838.33221 152.41895
0.22899 0.08800 0.00000 860.58746 154.60812
0.31699 0.08800 0.00000 936.76276 162.41510
0.34349 0.08800 0.00000 960.43665 164.66280
0.43149 0.08800 0.00000 1040.61511 172.68210
0.45799 0.08800 0.00000 1065.37390 175.35185
0.54599 0.08800 0.00000 1149.86011 183.61365
0.57248 0.08800 0.00000 1176.29272 186.29575
0.66048 0.08800 0.00000 1265.35413 195.42950
0.00000 0.11450 0.00000 676.51672 114.32160
0.08800 0.11450 0.00000 746.22314 120.79150
0.11450 0.11450 0.00000 767.59210 122.88409
0.20250 0.11450 0.00000 840.63245 129.85431
0.22899 0.11450 0.00000 863.41345 131.95418
0.31699 0.11450 0.00000 940.19159 139.43062
0.34349 0.11450 0.00000 963.83075 141.57265
0.43149 0.11450 0.00000 1044.53394 149.33815
0.45799 0.11450 0.00000 1069.67346 151.59030
0.54599 0.11450 0.00000 1154.91040 159.58243
0.08800 0.20250 0.00000 752.03046 45.66088
0.11450 0.20250 0.00000 774.15668 47.44519
0.20250 0.20250 0.00000 849.03320 53.05835
0.22899 0.20250 0.00000 872.28278 54.61473
0.31699 0.20250 0.00000 951.03210 60.65950
0.34349 0.20250 0.00000 975.48450 62.51423
0.43149 0.20250 0.00000 1058.59045 68.65594
0.45799 0.20250 0.00000 1084.28357 70.61626
0.54599 0.20250 0.00000 1171.94861 77.32886

gimbalangles:
-0.349065850399 0.0 -0.261799387799 

end: