T_CW:
0.9990962741 0.0372757256 -0.0204243837 -0.4117050881
0.0334860478 -0.9862371487 -0.1619103800 0.6365653689
-0.0261786129 0.1610801255 -0.9865940773 1.2041641486
0.0000000000 0.0000000000 0.0000000000 1.0000000000

T_CW_cov:

target_points_pix:
0.00000 0.11450 0.00000 162.17998 429.47913
0.11450 0.11450 0.00000 205.22466 431.32126
0.20250 0.11450 0.00000 238.37714 432.90405
0.22899 0.11450 0.00000 248.37396 433.32733
0.31699 0.11450 0.00000 281.67633 434.76093
0.43149 0.11450 0.00000 325.23407 436.59573
0.54599 0.11450 0.00000 368.71698 438.59558
0.57248 0.11450 0.00000 378.75037 439.09451
0.66048 0.11450 0.00000 412.56781 440.60266
0.00000 0.20250 0.00000 165.27621 394.79877
0.08800 0.20250 0.00000 197.93979 396.10272
0.11450 0.20250 0.00000 207.70320 396.54929
0.20250 0.20250 0.00000 240.56758 397.83224
0.22899 0.20250 0.00000 250.48267 398.31662
0.31699 0.20250 0.00000 283.33002 399.64224
0.34349 0.20250 0.00000 293.32446 400.16153
0.43149 0.20250 0.00000 326.18576 401.49130
0.45799 0.20250 0.00000 336.24194 401.92130
0.54599 0.20250 0.00000 369.28564 403.34091
0.57248 0.20250 0.00000 379.30984 403.72717
0.66048 0.20250 0.00000 412.50656 405.25381
0.00000 0.22899 0.00000 166.21768 384.61649
0.08800 0.22899 0.00000 198.73163 385.90897
0.11450 0.22899 0.00000 208.54134 386.32416
0.20250 0.22899 0.00000 241.34058 387.61151
0.22899 0.22899 0.00000 251.11110 388.06598
0.31699 0.22899 0.00000 283.81644 389.40125
0.34349 0.22899 0.00000 293.58862 389.78061
0.43149 0.22899 0.00000 326.53702 391.22647
0.45799 0.22899 0.00000 336.44919 391.57050
0.54599 0.22899 0.00000 369.52100 393.01453
0.57248 0.22899 0.00000 379.43069 393.40967
0.66048 0.22899 0.00000 412.64890 394.77881
0.00000 0.31699 0.00000 169.13429 350.91248
0.08800 0.31699 0.00000 201.36272 352.16867
0.11450 0.31699 0.00000 211.09319 352.51041
0.20250 0.31699 0.00000 243.35918 353.74594
0.22899 0.31699 0.00000 253.03801 354.29755
0.31699 0.31699 0.00000 285.42615 355.55099
0.34349 0.31699 0.00000 295.21277 355.91879
0.43149 0.31699 0.00000 327.65036 357.26691
0.45799 0.31699 0.00000 337.53140 357.58176
0.54599 0.31699 0.00000 370.15012 358.89499
0.57248 0.31699 0.00000 379.96518 359.31610
0.66048 0.31699 0.00000 412.66663 360.60278
0.00000 0.34349 0.00000 169.95200 341.01727
0.08800 0.34349 0.00000 202.29324 342.22794
0.11450 0.34349 0.00000 211.66779 342.58414
0.20250 0.34349 0.00000 243.88708 343.87769
0.22899 0.34349 0.00000 253.54405 344.32962
0.31699 0.34349 0.00000 285.91547 345.50446
0.34349 0.34349 0.00000 295.50134 345.98282
0.43149 0.34349 0.00000 328.02570 347.29050
0.45799 0.34349 0.00000 337.67874 347.60199
0.54599 0.34349 0.00000 370.32727 348.82861
0.57248 0.34349 0.00000 380.06326 349.27759
0.66048 0.34349 0.00000 412.74432 350.47009
0.00000 0.43149 0.00000 172.82942 308.33942
0.08800 0.43149 0.00000 204.57030 309.52795
0.11450 0.43149 0.00000 214.18300 309.82510
0.20250 0.43149 0.00000 245.91385 311.21216
0.22899 0.43149 0.00000 255.48210 311.49548
0.31699 0.43149 0.00000 287.39581 312.63980
0.34349 0.43149 0.00000 297.04672 313.15845
0.43149 0.43149 0.00000 329.04205 314.34348
0.45799 0.43149 0.00000 338.69766 314.68869
0.54599 0.43149 0.00000 370.74304 315.82257
0.57248 0.43149 0.00000 380.57913 316.33301
0.66048 0.43149 0.00000 412.85019 317.39819
0.00000 0.45799 0.00000 173.65811 298.73047
0.08800 0.45799 0.00000 205.41754 299.79208
0.11450 0.45799 0.00000 214.81189 300.29120
0.20250 0.45799 0.00000 246.56389 301.43784
0.22899 0.45799 0.00000 256.03326 301.72150
0.31699 0.45799 0.00000 287.84537 303.01022
0.34349 0.45799 0.00000 297.44547 303.38376
0.43149 0.45799 0.00000 329.40036 304.57117
0.45799 0.45799 0.00000 339.03159 304.80768
0.54599 0.45799 0.00000 371.15930 306.19110
0.57248 0.45799 0.00000 380.69431 306.44461
0.66048 0.45799 0.00000 412.90936 307.58295
0.00000 0.54599 0.00000 176.48286 267.07434
0.08800 0.54599 0.00000 207.69069 268.24173
0.11450 0.54599 0.00000 217.22382 268.51208
0.20250 0.54599 0.00000 248.43152 269.61197
0.22899 0.54599 0.00000 257.89368 270.07062
0.31699 0.54599 0.00000 289.33627 271.19489
0.34349 0.54599 0.00000 298.73825 271.51556
0.43149 0.54599 0.00000 330.37952 272.58102
0.45799 0.54599 0.00000 340.00427 273.07489
0.54599 0.54599 0.00000 371.57217 274.10208
0.57248 0.54599 0.00000 381.30359 274.44846
0.66048 0.54599 0.00000 413.00620 275.40417
0.00000 0.57248 0.00000 177.35214 257.63550
0.08800 0.57248 0.00000 208.50221 258.77155
0.11450 0.57248 0.00000 217.75693 259.24823
0.20250 0.57248 0.00000 249.02299 260.30829
0.22899 0.57248 0.00000 258.45493 260.53223
0.31699 0.57248 0.00000 289.67084 261.67722
0.34349 0.57248 0.00000 299.26675 261.97171
0.43149 0.57248 0.00000 330.70190 263.20224
0.45799 0.57248 0.00000 340.32297 263.42435
0.54599 0.57248 0.00000 371.77573 264.57312
0.57248 0.57248 0.00000 381.40744 264.71408
0.66048 0.57248 0.00000 413.16724 266.08539
0.00000 0.66048 0.00000 179.94580 226.84557
0.08800 0.66048 0.00000 210.72418 227.96350
0.11450 0.66048 0.00000 220.02274 228.33325
0.20250 0.66048 0.00000 250.82141 229.37823
0.22899 0.66048 0.00000 260.24884 229.59221
0.31699 0.66048 0.00000 291.23672 230.55612
0.34349 0.66048 0.00000 300.53961 231.00414
0.43149 0.66048 0.00000 331.66486 232.00650
0.45799 0.66048 0.00000 341.24988 232.37788
0.54599 0.66048 0.00000 372.37451 233.40343
0.57248 0.66048 0.00000 381.78094 233.69058
0.66048 0.66048 0.00000 413.27478 234.58556

gimbalangles:
0.349065850399 0.349065850399 0.436332312999 

end: