T_CW:
0.9991068233 0.0369600414 -0.0204819664 -0.4116860131
0.0331646377 -0.9862448647 -0.1619295330 0.6367802630
-0.0261851564 0.1611056243 -0.9865897402 1.2041727410
0.0000000000 0.0000000000 0.0000000000 1.0000000000

T_CW_cov:

target_points_pix:
0.00000 0.11450 0.00000 162.25534 429.59863
0.08800 0.11450 0.00000 195.42847 430.94287
0.11450 0.11450 0.00000 205.13202 431.50900
0.20250 0.11450 0.00000 238.44101 432.80795
0.22899 0.11450 0.00000 248.34846 433.29211
0.31699 0.11450 0.00000 281.64703 434.77774
0.34349 0.11450 0.00000 291.57935 435.28540
0.43149 0.11450 0.00000 325.07834 436.66293
0.45799 0.11450 0.00000 335.02045 437.20483
0.54599 0.11450 0.00000 368.71268 438.55182
0.57248 0.11450 0.00000 378.79437 439.15207
0.66048 0.11450 0.00000 412.56540 440.61200
0.00000 0.20250 0.00000 165.29543 394.87943
0.08800 0.20250 0.00000 197.94316 396.31900
0.11450 0.20250 0.00000 207.73663 396.54654
0.20250 0.20250 0.00000 240.55217 398.07230
0.22899 0.20250 0.00000 250.47676 398.37964
0.31699 0.20250 0.00000 283.30417 399.68674
0.34349 0.20250 0.00000 293.27106 400.25970
0.43149 0.20250 0.00000 326.12463 401.55920
0.45799 0.20250 0.00000 336.28506 401.92352
0.54599 0.20250 0.00000 369.27173 403.44699
0.57248 0.20250 0.00000 379.35120 403.67764
0.66048 0.20250 0.00000 412.51553 405.20428
0.00000 0.22899 0.00000 166.21460 384.66238
0.08800 0.22899 0.00000 198.69659 385.96509
0.11450 0.22899 0.00000 208.49844 386.37109
0.20250 0.22899 0.00000 241.31084 387.59665
0.22899 0.22899 0.00000 251.07988 388.20285
0.31699 0.22899 0.00000 283.81186 389.38052
0.34349 0.22899 0.00000 293.61646 389.79077
0.43149 0.22899 0.00000 326.54868 391.29672
0.45799 0.22899 0.00000 336.40329 391.60483
0.54599 0.22899 0.00000 369.47748 393.02240
0.57248 0.22899 0.00000 379.33060 393.37894
0.66048 0.22899 0.00000 412.60001 394.74426
0.00000 0.31699 0.00000 169.17509 351.01562
0.08800 0.31699 0.00000 201.40602 352.32950
0.11450 0.31699 0.00000 210.97983 352.56406
0.20250 0.31699 0.00000 243.39111 353.88434
0.22899 0.31699 0.00000 252.98076 354.34769
0.31699 0.31699 0.00000 285.42749 355.57458
0.34349 0.31699 0.00000 295.15280 355.90021
0.43149 0.31699 0.00000 327.58646 357.30499
0.45799 0.31699 0.00000 337.44583 357.64529
0.54599 0.31699 0.00000 370.09619 358.92743
0.57248 0.31699 0.00000 379.93655 359.34012
0.66048 0.31699 0.00000 412.65610 360.63153
0.08800 0.34349 0.00000 202.09534 342.28281
0.11450 0.34349 0.00000 211.69135 342.63211
0.20250 0.34349 0.00000 243.85707 343.92639
0.22899 0.34349 0.00000 253.58382 344.40759
0.31699 0.34349 0.00000 285.80603 345.54846
0.34349 0.34349 0.00000 295.54001 346.04312
0.43149 0.34349 0.00000 327.96054 347.27246
0.45799 0.34349 0.00000 337.64667 347.63800
0.54599 0.34349 0.00000 370.28583 348.83603
0.57248 0.34349 0.00000 380.06396 349.28149
0.66048 0.34349 0.00000 412.66727 350.48013
0.00000 0.43149 0.00000 172.77791 308.39206
0.08800 0.43149 0.00000 204.57219 309.59811
0.11450 0.43149 0.00000 214.13777 309.90765
0.20250 0.43149 0.00000 245.84518 311.19348
0.22899 0.43149 0.00000 255.53540 311.50516
0.31699 0.43149 0.00000 287.38913 312.71295
0.34349 0.43149 0.00000 296.97092 313.15134
0.43149 0.43149 0.00000 328.92383 314.36572
0.45799 0.43149 0.00000 338.64188 314.68234
0.54599 0.43149 0.00000 370.74023 315.84192
0.57248 0.43149 0.00000 380.57468 316.26376
0.66048 0.43149 0.00000 412.83594 317.43542
0.00000 0.45799 0.00000 173.64648 298.81616
0.08800 0.45799 0.00000 205.38269 299.86145
0.11450 0.45799 0.00000 214.75758 300.35175
0.20250 0.45799 0.00000 246.49226 301.47696
0.22899 0.45799 0.00000 255.94838 301.80634
0.31699 0.45799 0.00000 287.79520 303.09259
0.34349 0.45799 0.00000 297.41440 303.43030
0.43149 0.45799 0.00000 329.37869 304.60620
0.45799 0.45799 0.00000 338.95160 304.87534
0.54599 0.45799 0.00000 371.10419 306.19778
0.57248 0.45799 0.00000 380.66043 306.44019
0.66048 0.45799 0.00000 412.85150 307.56171
0.00000 0.54599 0.00000 176.50310 267.12320
0.08800 0.54599 0.00000 207.69099 268.31024
0.11450 0.54599 0.00000 217.10553 268.51868
0.20250 0.54599 0.00000 248.48894 269.62967
0.22899 0.54599 0.00000 257.83594 270.03708
0.31699 0.54599 0.00000 289.29498 271.23563
0.34349 0.54599 0.00000 298.71231 271.53720
0.43149 0.54599 0.00000 330.38895 272.54504
0.45799 0.54599 0.00000 339.87469 273.01282
0.54599 0.54599 0.00000 371.60657 274.09375
0.57248 0.54599 0.00000 381.21744 274.47159
0.66048 0.54599 0.00000 412.96475 275.43585
0.00000 0.57248 0.00000 177.32144 257.70615
0.08800 0.57248 0.00000 208.46371 258.77936
0.11450 0.57248 0.00000 217.71184 259.30081
0.20250 0.57248 0.00000 248.95943 260.37900
0.22899 0.57248 0.00000 258.38870 260.62048
0.31699 0.57248 0.00000 289.63522 261.67688
0.34349 0.57248 0.00000 299.19708 262.05283
0.45799 0.57248 0.00000 340.25345 263.45746
0.54599 0.57248 0.00000 371.71143 264.54538
0.57248 0.57248 0.00000 381.29422 264.78979
0.66048 0.57248 0.00000 413.10980 265.96945
0.00000 0.66048 0.00000 179.85149 226.88934
0.08800 0.66048 0.00000 210.63936 228.04344
0.11450 0.66048 0.00000 220.02301 228.37292
0.20250 0.66048 0.00000 250.77960 229.43874
0.22899 0.66048 0.00000 260.18979 229.59280
0.31699 0.66048 0.00000 291.19705 230.63945
0.34349 0.66048 0.00000 300.51083 231.02504
0.43149 0.66048 0.00000 331.59235 232.04762
0.45799 0.66048 0.00000 341.09833 232.42732
0.54599 0.66048 0.00000 372.37228 233.39320
0.57248 0.66048 0.00000 381.71817 233.69061
0.66048 0.66048 0.00000 413.24826 234.57684

gimbalangles:
-0.349065850399 0.0 -0.0872664625997 

end: