T_CW:
0.9985720409 0.0474766586 0.0244917522 -0.4503489397
0.0369531504 -0.9449509132 0.3251188035 -0.1582744586
0.0385790580 -0.3237494998 -0.9453559740 1.3287743538
0.0000000000 0.0000000000 0.0000000000 1.0000000000

T_CW_cov:

target_points_pix:
0.00000 0.00000 0.00000 271.08093 219.28300
0.08800 0.00000 0.00000 344.66595 222.25693
0.11450 0.00000 0.00000 366.58810 223.14240
0.20250 0.00000 0.00000 439.91364 226.17157
0.22899 0.00000 0.00000 462.02408 227.15570
0.31699 0.00000 0.00000 534.80121 230.23987
0.45799 0.00000 0.00000 650.99274 234.72054
0.54599 0.00000 0.00000 722.85950 237.55960
0.57248 0.00000 0.00000 744.51044 238.47162
0.66048 0.00000 0.00000 816.32739 241.40677
0.00000 0.08800 0.00000 266.47318 145.64105
0.08800 0.08800 0.00000 341.71725 148.88475
0.11450 0.08800 0.00000 364.36758 149.75023
0.20250 0.08800 0.00000 439.05612 153.02200
0.22899 0.08800 0.00000 461.59665 154.04681
0.31699 0.08800 0.00000 535.94806 157.28362
0.34349 0.08800 0.00000 558.43597 158.31017
0.43149 0.08800 0.00000 632.32507 161.46230
0.45799 0.08800 0.00000 654.47668 162.37251
0.54599 0.08800 0.00000 727.84882 165.47133
0.57248 0.08800 0.00000 749.96008 166.47150
0.66048 0.08800 0.00000 823.26984 169.45773
0.00000 0.11450 0.00000 264.94904 122.94457
0.08800 0.11450 0.00000 340.75204 126.33543
0.11450 0.11450 0.00000 363.48068 127.34401
0.20250 0.11450 0.00000 438.70056 130.44322
0.22899 0.11450 0.00000 461.45078 131.47566
0.31699 0.11450 0.00000 536.39777 134.72514
0.34349 0.11450 0.00000 558.72821 135.67996
0.43149 0.11450 0.00000 633.33368 139.21342
0.45799 0.11450 0.00000 655.54279 139.87900
0.54599 0.11450 0.00000 729.56293 143.24144
0.57248 0.11450 0.00000 751.66278 144.22186
0.66048 0.11450 0.00000 825.45020 147.30728
0.08800 0.20250 0.00000 337.47418 48.74336
0.20250 0.20250 0.00000 437.69131 53.47686
0.22899 0.20250 0.00000 460.92728 54.44941
0.31699 0.20250 0.00000 537.51166 57.86145
0.34349 0.20250 0.00000 560.53876 59.14948
0.43149 0.20250 0.00000 636.54053 62.59641
0.45799 0.20250 0.00000 659.40637 63.56896
0.54599 0.20250 0.00000 734.94080 67.16689
0.57248 0.20250 0.00000 757.65521 68.18320
0.66048 0.20250 0.00000 832.84021 71.53831

gimbalangles:
-0.349065850399 0.0 0.0872664625997 

end: