T_CW:
0.9990979135 0.0369535595 -0.0209235221 -0.4117020010
0.0330738371 -0.9861673184 -0.1624196461 0.6367525380
-0.0266360777 0.1615811083 -0.9864999061 1.2041433804
0.0000000000 0.0000000000 0.0000000000 1.0000000000

T_CW_cov:

target_points_pix:
0.00000 0.11450 0.00000 162.17900 429.53043
0.08800 0.11450 0.00000 195.42496 430.99979
0.11450 0.11450 0.00000 205.20111 431.42160
0.20250 0.11450 0.00000 238.44855 432.79279
0.22899 0.11450 0.00000 248.34108 433.37225
0.31699 0.11450 0.00000 281.58014 434.73679
0.45799 0.11450 0.00000 335.15723 437.22684
0.54599 0.11450 0.00000 368.73724 438.52371
0.57248 0.11450 0.00000 378.71881 439.11057
0.66048 0.11450 0.00000 412.60593 440.58197
0.00000 0.20250 0.00000 165.33713 394.83838
0.08800 0.20250 0.00000 197.95039 396.21829
0.11450 0.20250 0.00000 207.72273 396.60257
0.20250 0.20250 0.00000 240.54897 397.95309
0.22899 0.20250 0.00000 250.55261 398.34470
0.31699 0.20250 0.00000 283.33929 399.72702
0.34349 0.20250 0.00000 293.26212 400.17834
0.43149 0.20250 0.00000 326.16849 401.51688
0.45799 0.20250 0.00000 336.29407 402.00601
0.54599 0.20250 0.00000 369.27087 403.34811
0.57248 0.20250 0.00000 379.35278 403.71518
0.66048 0.20250 0.00000 412.49225 405.27838
0.00000 0.22899 0.00000 166.10493 384.67307
0.08800 0.22899 0.00000 198.72375 385.92017
0.11450 0.22899 0.00000 208.48869 386.36920
0.20250 0.22899 0.00000 241.28873 387.59695
0.22899 0.22899 0.00000 250.95956 388.16306
0.31699 0.22899 0.00000 283.76172 389.44928
0.34349 0.22899 0.00000 293.54254 389.87469
0.43149 0.22899 0.00000 326.54877 391.21680
0.45799 0.22899 0.00000 336.42676 391.61639
0.54599 0.22899 0.00000 369.43570 393.01813
0.57248 0.22899 0.00000 379.38553 393.46063
0.66048 0.22899 0.00000 412.57404 394.81708
0.00000 0.31699 0.00000 169.16843 350.95810
0.08800 0.31699 0.00000 201.38283 352.28555
0.11450 0.31699 0.00000 210.93469 352.57294
0.20250 0.31699 0.00000 243.28326 353.81796
0.22899 0.31699 0.00000 253.02002 354.35547
0.31699 0.31699 0.00000 285.43201 355.56470
0.34349 0.31699 0.00000 295.19525 356.01248
0.43149 0.31699 0.00000 327.58322 357.27634
0.45799 0.31699 0.00000 337.39682 357.59076
0.54599 0.31699 0.00000 370.10849 358.89130
0.57248 0.31699 0.00000 379.86856 359.34778
0.66048 0.31699 0.00000 412.63751 360.58420
0.00000 0.34349 0.00000 169.88686 341.08322
0.08800 0.34349 0.00000 202.19344 342.25540
0.11450 0.34349 0.00000 211.66948 342.61224
0.20250 0.34349 0.00000 243.84273 343.89487
0.22899 0.34349 0.00000 253.50172 344.36319
0.31699 0.34349 0.00000 285.82532 345.54199
0.34349 0.34349 0.00000 295.52853 346.07010
0.43149 0.34349 0.00000 327.95215 347.27792
0.45799 0.34349 0.00000 337.61801 347.61032
0.54599 0.34349 0.00000 370.26575 348.87656
0.57248 0.34349 0.00000 380.00946 349.26517
0.66048 0.34349 0.00000 412.73511 350.44168
0.00000 0.43149 0.00000 172.78160 308.38733
0.08800 0.43149 0.00000 204.53508 309.55591
0.20250 0.43149 0.00000 245.83847 311.23273
0.22899 0.43149 0.00000 255.47462 311.49207
0.31699 0.43149 0.00000 287.39432 312.71658
0.34349 0.43149 0.00000 296.98907 313.09256
0.43149 0.43149 0.00000 328.97830 314.35284
0.45799 0.43149 0.00000 338.62784 314.64496
0.54599 0.43149 0.00000 370.86526 315.89203
0.57248 0.43149 0.00000 380.54111 316.29306
0.66048 0.43149 0.00000 412.84891 317.42392
0.00000 0.45799 0.00000 173.61441 298.78592
0.08800 0.45799 0.00000 205.42975 299.92917
0.11450 0.45799 0.00000 214.76036 300.33609
0.20250 0.45799 0.00000 246.51056 301.43875
0.22899 0.45799 0.00000 255.99486 301.80902
0.31699 0.45799 0.00000 287.78046 303.09906
0.34349 0.45799 0.00000 297.44525 303.43365
0.43149 0.45799 0.00000 329.37000 304.60620
0.45799 0.45799 0.00000 338.89526 304.91537
0.54599 0.45799 0.00000 371.01221 306.20096
0.57248 0.45799 0.00000 380.64612 306.42899
0.66048 0.45799 0.00000 412.83405 307.55261
0.00000 0.54599 0.00000 176.45465 267.13477
0.08800 0.54599 0.00000 207.68088 268.30893
0.11450 0.54599 0.00000 217.24245 268.50259
0.20250 0.54599 0.00000 248.42180 269.62668
0.22899 0.54599 0.00000 257.82767 270.03650
0.31699 0.54599 0.00000 289.28268 271.17114
0.34349 0.54599 0.00000 298.66132 271.52594
0.43149 0.54599 0.00000 330.37347 272.55554
0.45799 0.54599 0.00000 339.84656 272.99255
0.54599 0.54599 0.00000 371.53656 274.04291
0.57248 0.54599 0.00000 381.28232 274.40170
0.66048 0.54599 0.00000 413.02219 275.44992
0.00000 0.57248 0.00000 177.30229 257.69855
0.08800 0.57248 0.00000 208.41936 258.83896
0.11450 0.57248 0.00000 217.70036 259.29672
0.20250 0.57248 0.00000 248.98935 260.36844
0.22899 0.57248 0.00000 258.40521 260.59982
0.31699 0.57248 0.00000 289.64111 261.68707
0.34349 0.57248 0.00000 299.15112 262.09528
0.43149 0.57248 0.00000 330.62924 263.22504
0.45799 0.57248 0.00000 340.22101 263.45627
0.54599 0.57248 0.00000 371.69714 264.53870
0.57248 0.57248 0.00000 381.31943 264.82117
0.66048 0.57248 0.00000 413.01279 265.91156
0.00000 0.66048 0.00000 179.86226 226.93347
0.08800 0.66048 0.00000 210.70396 228.16539
0.11450 0.66048 0.00000 220.00529 228.41228
0.20250 0.66048 0.00000 250.78934 229.49115
0.22899 0.66048 0.00000 260.19299 229.56453
0.31699 0.66048 0.00000 291.21313 230.60271
0.34349 0.66048 0.00000 300.47067 231.03453
0.43149 0.66048 0.00000 331.67169 232.01384
0.45799 0.66048 0.00000 341.07181 232.37143
0.54599 0.66048 0.00000 372.36057 233.39143
0.57248 0.66048 0.00000 381.69833 233.64792
0.66048 0.66048 0.00000 413.24655 234.59854

gimbalangles:
-0.349065850399 0.0 0.0872664625997 

end: