T_CW:
0.9790880199 0.0461716447 0.1981283131 -0.6763812744
-0.0209193449 -0.9458919734 0.3238066640 -0.1250168588
0.2023586673 -0.3211799400 -0.9251456188 1.2345155835
0.0000000000 0.0000000000 0.0000000000 1.0000000000

T_CW_cov:

target_points_pix:
0.00000 0.00000 0.00000 41.43088 239.34525
0.08800 0.00000 0.00000 125.57727 239.22560
0.11450 0.00000 0.00000 150.36746 239.21852
0.20250 0.00000 0.00000 231.61319 239.27560
0.22899 0.00000 0.00000 255.46727 239.20001
0.43149 0.00000 0.00000 432.90369 238.89206
0.45799 0.00000 0.00000 455.44168 238.87430
0.54599 0.00000 0.00000 528.60132 238.58360
0.57248 0.00000 0.00000 550.42725 238.58018
0.66048 0.00000 0.00000 621.38739 238.61594
0.00000 0.08800 0.00000 31.24258 160.46164
0.08800 0.08800 0.00000 117.38333 161.48268
0.11450 0.08800 0.00000 142.77797 161.63577
0.20250 0.08800 0.00000 225.83754 162.63565
0.22899 0.08800 0.00000 250.48381 163.10008
0.31699 0.08800 0.00000 330.54782 163.99486
0.34349 0.08800 0.00000 354.27246 164.37680
0.43149 0.08800 0.00000 431.62170 165.27095
0.45799 0.08800 0.00000 454.52603 165.45630
0.54599 0.08800 0.00000 529.33521 166.30772
0.57248 0.08800 0.00000 551.47729 166.54892
0.66048 0.08800 0.00000 623.75665 167.52423
0.00000 0.11450 0.00000 27.78226 136.13562
0.08800 0.11450 0.00000 114.68174 137.45515
0.11450 0.11450 0.00000 140.52467 137.76823
0.20250 0.11450 0.00000 224.23772 139.26318
0.22899 0.11450 0.00000 248.69789 139.48817
0.31699 0.11450 0.00000 329.49326 140.75418
0.34349 0.11450 0.00000 353.42017 141.28772
0.43149 0.11450 0.00000 431.36307 142.48460
0.45799 0.11450 0.00000 454.33334 142.63341
0.54599 0.11450 0.00000 529.54572 143.79643
0.57248 0.11450 0.00000 551.72131 144.28217
0.66048 0.11450 0.00000 624.62848 145.46519
0.08800 0.20250 0.00000 105.64521 55.09227
0.11450 0.20250 0.00000 132.17490 55.73266
0.20250 0.20250 0.00000 217.71941 58.36829
0.22899 0.20250 0.00000 243.34500 59.21720
0.31699 0.20250 0.00000 325.81525 61.57389
0.34349 0.20250 0.00000 350.36050 62.36777
0.43149 0.20250 0.00000 430.05807 64.66182
0.45799 0.20250 0.00000 453.57837 65.40958
0.54599 0.20250 0.00000 530.51996 67.52186
0.57248 0.20250 0.00000 553.36737 68.29533
0.66048 0.20250 0.00000 627.50867 70.46854

gimbalangles:
-0.349065850399 0.0 0.261799387799 

end: