T_CW:
0.9991054841 0.0369467662 -0.0205710517 -0.4116991825
0.0331258853 -0.9861764924 -0.1623533234 0.6367023155
-0.0262851179 0.1615266614 -0.9865182361 1.2040450570
0.0000000000 0.0000000000 0.0000000000 1.0000000000

T_CW_cov:

target_points_pix:
0.00000 0.11450 0.00000 162.08745 429.53375
0.08800 0.11450 0.00000 195.22624 430.99051
0.11450 0.11450 0.00000 205.24017 431.41483
0.20250 0.11450 0.00000 238.47354 432.75836
0.22899 0.11450 0.00000 248.34334 433.33554
0.31699 0.11450 0.00000 281.60883 434.74057
0.34349 0.11450 0.00000 291.60513 435.14551
0.43149 0.11450 0.00000 325.13675 436.65576
0.54599 0.11450 0.00000 368.72610 438.60461
0.57248 0.11450 0.00000 378.71243 439.14337
0.00000 0.20250 0.00000 165.35777 394.83749
0.08800 0.20250 0.00000 197.93771 396.30341
0.11450 0.20250 0.00000 207.72517 396.53329
0.20250 0.20250 0.00000 240.56810 397.97800
0.31699 0.20250 0.00000 283.29468 399.63156
0.34349 0.20250 0.00000 293.30127 400.12946
0.43149 0.20250 0.00000 326.18741 401.53931
0.45799 0.20250 0.00000 336.20425 401.95035
0.54599 0.20250 0.00000 369.29321 403.34039
0.57248 0.20250 0.00000 379.37161 403.72757
0.66048 0.20250 0.00000 412.44537 405.21323
0.00000 0.22899 0.00000 166.05278 384.65054
0.08800 0.22899 0.00000 198.67529 385.93289
0.11450 0.22899 0.00000 208.48975 386.39453
0.20250 0.22899 0.00000 241.25586 387.53699
0.22899 0.22899 0.00000 251.10529 388.11926
0.31699 0.22899 0.00000 283.78030 389.36398
0.34349 0.22899 0.00000 293.58243 389.83990
0.43149 0.22899 0.00000 326.50549 391.27289
0.45799 0.22899 0.00000 336.46948 391.60321
0.54599 0.22899 0.00000 369.52377 392.91333
0.57248 0.22899 0.00000 379.35025 393.37164
0.66048 0.22899 0.00000 412.63004 394.76974
0.00000 0.31699 0.00000 169.11456 350.91684
0.08800 0.31699 0.00000 201.35695 352.30951
0.11450 0.31699 0.00000 211.02652 352.57776
0.20250 0.31699 0.00000 243.31313 353.79807
0.22899 0.31699 0.00000 253.01956 354.27841
0.31699 0.31699 0.00000 285.45956 355.62024
0.34349 0.31699 0.00000 295.10251 355.89365
0.43149 0.31699 0.00000 327.54019 357.30832
0.45799 0.31699 0.00000 337.36661 357.62869
0.54599 0.31699 0.00000 370.05371 358.85651
0.57248 0.31699 0.00000 379.85703 359.30600
0.66048 0.31699 0.00000 412.64276 360.59549
0.00000 0.34349 0.00000 169.96841 341.14795
0.08800 0.34349 0.00000 202.10809 342.30417
0.11450 0.34349 0.00000 211.67497 342.60214
0.20250 0.34349 0.00000 243.88580 343.85217
0.22899 0.34349 0.00000 253.54245 344.31699
0.31699 0.34349 0.00000 285.78152 345.55182
0.34349 0.34349 0.00000 295.50912 345.94986
0.43149 0.34349 0.00000 327.94067 347.29568
0.45799 0.34349 0.00000 337.62897 347.60971
0.54599 0.34349 0.00000 370.30035 348.79190
0.57248 0.34349 0.00000 379.97345 349.26813
0.66048 0.34349 0.00000 412.70947 350.45374
0.00000 0.43149 0.00000 172.80930 308.40009
0.08800 0.43149 0.00000 204.55293 309.54794
0.11450 0.43149 0.00000 214.13643 309.85999
0.20250 0.43149 0.00000 245.90390 311.25040
0.22899 0.43149 0.00000 255.50786 311.50525
0.31699 0.43149 0.00000 287.37784 312.70911
0.34349 0.43149 0.00000 296.91235 313.10306
0.43149 0.43149 0.00000 328.97665 314.35297
0.45799 0.43149 0.00000 338.62558 314.63559
0.54599 0.43149 0.00000 370.75208 315.86264
0.57248 0.43149 0.00000 380.53046 316.25247
0.66048 0.43149 0.00000 412.86230 317.37726
0.00000 0.45799 0.00000 173.64261 298.75833
0.08800 0.45799 0.00000 205.42825 299.88623
0.11450 0.45799 0.00000 214.75948 300.37463
0.20250 0.45799 0.00000 246.51120 301.41721
0.22899 0.45799 0.00000 255.93782 301.80154
0.31699 0.45799 0.00000 287.74161 303.05350
0.34349 0.45799 0.00000 297.41254 303.40295
0.43149 0.45799 0.00000 329.35165 304.57047
0.45799 0.45799 0.00000 338.91690 304.92465
0.54599 0.45799 0.00000 371.01657 306.11523
0.57248 0.45799 0.00000 380.67978 306.45633
0.66048 0.45799 0.00000 412.87039 307.58182
0.00000 0.54599 0.00000 176.46066 267.18771
0.08800 0.54599 0.00000 207.65202 268.33551
0.11450 0.54599 0.00000 217.11961 268.51337
0.20250 0.54599 0.00000 248.43907 269.66180
0.22899 0.54599 0.00000 257.82416 269.98172
0.31699 0.54599 0.00000 289.36472 271.20114
0.34349 0.54599 0.00000 298.69290 271.50168
0.43149 0.54599 0.00000 330.41571 272.58090
0.45799 0.54599 0.00000 339.83505 272.98709
0.54599 0.54599 0.00000 371.58710 274.04840
0.57248 0.54599 0.00000 381.25888 274.36923
0.66048 0.54599 0.00000 412.99908 275.47589
0.00000 0.57248 0.00000 177.27197 257.69986
0.08800 0.57248 0.00000 208.40665 258.81665
0.11450 0.57248 0.00000 217.73022 259.25513
0.20250 0.57248 0.00000 248.95232 260.31949
0.22899 0.57248 0.00000 258.37949 260.59464
0.31699 0.57248 0.00000 289.64261 261.72470
0.34349 0.57248 0.00000 299.24887 262.11737
0.43149 0.57248 0.00000 330.61874 263.21381
0.45799 0.57248 0.00000 340.23904 263.48700
0.54599 0.57248 0.00000 371.72849 264.53268
0.57248 0.57248 0.00000 381.32486 264.76801
0.66048 0.57248 0.00000 413.07687 265.91431
0.00000 0.66048 0.00000 179.83717 226.87155
0.08800 0.66048 0.00000 210.65915 228.11589
0.11450 0.66048 0.00000 219.92804 228.41646
0.20250 0.66048 0.00000 250.78709 229.43233
0.22899 0.66048 0.00000 260.17404 229.61525
0.31699 0.66048 0.00000 291.26846 230.59561
0.34349 0.66048 0.00000 300.46548 230.96214
0.43149 0.66048 0.00000 331.62515 231.98428
0.45799 0.66048 0.00000 341.15732 232.38341
0.54599 0.66048 0.00000 372.36206 233.37062
0.57248 0.66048 0.00000 381.69351 233.61461
0.66048 0.66048 0.00000 413.17526 234.61784

gimbalangles:
-0.349065850399 0.0 0.261799387799 

end: