T_CW:
0.9987958369 0.0415236527 -0.0261278115 -0.5248074243
0.0366055580 -0.9853410498 -0.1666224734 0.6411716378
-0.0326635789 0.1654654097 -0.9856745349 1.2040297861
0.0000000000 0.0000000000 0.0000000000 1.0000000000

T_CW_cov:

target_points_pix:
0.00000 0.11450 0.00000 115.01936 440.11621
0.08800 0.11450 0.00000 148.20541 441.55325
0.11450 0.11450 0.00000 158.09264 442.04999
0.20250 0.11450 0.00000 191.71947 443.49792
0.22899 0.11450 0.00000 201.72694 443.99179
0.31699 0.11450 0.00000 235.40414 445.70605
0.34349 0.11450 0.00000 245.45543 446.37079
0.43149 0.11450 0.00000 279.03076 447.83984
0.45799 0.11450 0.00000 288.93085 448.53763
0.54599 0.11450 0.00000 322.92456 450.07843
0.57248 0.11450 0.00000 333.07224 450.52167
0.66048 0.11450 0.00000 367.22726 452.56613
0.00000 0.20250 0.00000 118.69334 404.62320
0.08800 0.20250 0.00000 151.85440 406.32928
0.11450 0.20250 0.00000 161.64815 406.65036
0.20250 0.20250 0.00000 194.62663 408.34021
0.22899 0.20250 0.00000 204.69283 408.56366
0.31699 0.20250 0.00000 237.78743 410.13101
0.34349 0.20250 0.00000 247.71204 410.58136
0.43149 0.20250 0.00000 281.01035 412.34000
0.45799 0.20250 0.00000 290.87082 412.63135
0.54599 0.20250 0.00000 324.10941 414.45258
0.57248 0.20250 0.00000 334.23553 414.81128
0.66048 0.20250 0.00000 367.74481 416.58157
0.08800 0.22899 0.00000 152.79755 395.84515
0.11450 0.22899 0.00000 162.64397 396.38388
0.20250 0.22899 0.00000 195.62453 397.65115
0.22899 0.22899 0.00000 205.50993 398.10773
0.34349 0.22899 0.00000 248.37033 400.15881
0.43149 0.22899 0.00000 281.40411 401.70599
0.45799 0.22899 0.00000 291.30203 402.39777
0.54599 0.22899 0.00000 324.46072 403.89801
0.57248 0.22899 0.00000 334.55496 404.40076
0.00000 0.31699 0.00000 123.65940 360.29587
0.08800 0.31699 0.00000 156.36787 361.84506
0.11450 0.31699 0.00000 165.73073 361.92117
0.20250 0.31699 0.00000 198.34428 363.62820
0.22899 0.31699 0.00000 208.24226 363.82004
0.31699 0.31699 0.00000 240.68082 365.42285
0.34349 0.31699 0.00000 250.36581 365.97748
0.43149 0.31699 0.00000 283.03931 367.61185
0.45799 0.31699 0.00000 292.89716 367.94614
0.54599 0.31699 0.00000 325.67056 369.34790
0.57248 0.31699 0.00000 335.53308 369.82159
0.66048 0.31699 0.00000 368.65445 371.51401
0.00000 0.34349 0.00000 124.70148 350.43286
0.08800 0.34349 0.00000 157.18730 351.56964
0.11450 0.34349 0.00000 166.77986 352.16061
0.20250 0.34349 0.00000 199.21906 353.31647
0.22899 0.34349 0.00000 208.91243 353.72513
0.31699 0.34349 0.00000 241.37700 355.32645
0.34349 0.34349 0.00000 251.01912 355.78375
0.43149 0.34349 0.00000 283.46240 357.27533
0.45799 0.34349 0.00000 293.32242 357.66812
0.54599 0.34349 0.00000 326.07074 359.29819
0.57248 0.34349 0.00000 335.90964 359.50052
0.66048 0.34349 0.00000 368.89465 361.11398
0.00000 0.43149 0.00000 128.35504 317.29807
0.08800 0.43149 0.00000 160.53949 318.55109
0.11450 0.43149 0.00000 169.90800 318.88736
0.20250 0.43149 0.00000 201.84775 320.51907
0.22899 0.43149 0.00000 211.40958 320.59415
0.31699 0.43149 0.00000 243.37422 322.23859
0.34349 0.43149 0.00000 252.90431 322.62924
0.43149 0.43149 0.00000 285.27744 323.88593
0.54599 0.43149 0.00000 327.37665 325.71252
0.57248 0.43149 0.00000 337.05328 326.18411
0.66048 0.43149 0.00000 369.67642 327.52725
0.00000 0.45799 0.00000 129.43857 307.62292
0.08800 0.45799 0.00000 161.34225 308.72412
0.11450 0.45799 0.00000 170.85173 309.27197
0.20250 0.45799 0.00000 202.69038 310.43869
0.22899 0.45799 0.00000 212.22482 311.02820
0.31699 0.45799 0.00000 244.05833 312.34036
0.34349 0.45799 0.00000 253.64404 312.76596
0.43149 0.45799 0.00000 285.56934 314.12433
0.45799 0.45799 0.00000 295.39294 314.57593
0.54599 0.45799 0.00000 327.65109 315.77170
0.57248 0.45799 0.00000 337.39310 316.21143
0.66048 0.45799 0.00000 369.73685 317.58624
0.00000 0.54599 0.00000 132.85922 275.51770
0.08800 0.54599 0.00000 164.56625 276.87299
0.11450 0.54599 0.00000 173.85567 277.29709
0.20250 0.54599 0.00000 205.34340 278.51663
0.22899 0.54599 0.00000 214.65892 278.78143
0.31699 0.54599 0.00000 246.08998 280.17636
0.34349 0.54599 0.00000 255.53387 280.40692
0.43149 0.54599 0.00000 287.36929 281.59137
0.45799 0.54599 0.00000 296.78372 281.99606
0.54599 0.54599 0.00000 328.74954 283.29376
0.57248 0.54599 0.00000 338.47937 283.63632
0.66048 0.54599 0.00000 370.55490 284.94403
0.00000 0.57248 0.00000 133.80377 266.33295
0.08800 0.57248 0.00000 165.47296 267.32257
0.11450 0.57248 0.00000 174.67796 267.78000
0.20250 0.57248 0.00000 206.11142 268.95862
0.22899 0.57248 0.00000 215.40279 269.45462
0.31699 0.57248 0.00000 246.74770 270.53223
0.34349 0.57248 0.00000 256.17813 270.94006
0.43149 0.57248 0.00000 287.76749 272.22546
0.45799 0.57248 0.00000 297.40329 272.51785
0.54599 0.57248 0.00000 329.25079 273.67221
0.57248 0.57248 0.00000 338.68460 274.19623
0.66048 0.57248 0.00000 370.74063 275.33313
0.00000 0.66048 0.00000 137.20212 235.30002
0.08800 0.66048 0.00000 168.38658 236.53285
0.11450 0.66048 0.00000 177.58502 236.70148
0.20250 0.66048 0.00000 208.51859 237.95184
0.22899 0.66048 0.00000 217.77924 238.33995
0.31699 0.66048 0.00000 248.82246 239.41373
0.34349 0.66048 0.00000 258.26230 239.57016
0.43149 0.66048 0.00000 289.39191 240.72243
0.45799 0.66048 0.00000 298.78687 241.23233
0.54599 0.66048 0.00000 330.28928 242.29016
0.57248 0.66048 0.00000 339.74240 242.53532
0.66048 0.66048 0.00000 371.38556 243.66986

gimbalangles:
-0.349065850399 0.0 0.261799387799 

end: