T_CW:
0.9990980089 0.0370370854 -0.0207707229 -0.4119653482
0.0331904195 -0.9862211965 -0.1620683426 0.6366611981
-0.0264870662 0.1612327694 -0.9865609101 1.2041161711
0.0000000000 0.0000000000 0.0000000000 1.0000000000

T_CW_cov:

target_points_pix:
0.00000 0.11450 0.00000 162.13110 429.47064
0.08800 0.11450 0.00000 195.22557 430.92090
0.11450 0.11450 0.00000 205.00868 431.41556
0.20250 0.11450 0.00000 238.40207 432.80560
0.22899 0.11450 0.00000 248.25531 433.31827
0.31699 0.11450 0.00000 281.55841 434.77924
0.34349 0.11450 0.00000 291.46854 435.22784
0.43149 0.11450 0.00000 325.01816 436.60895
0.54599 0.11450 0.00000 368.69910 438.56491
0.57248 0.11450 0.00000 378.60010 439.10986
0.66048 0.11450 0.00000 412.49100 440.65018
0.00000 0.20250 0.00000 165.31268 394.80313
0.08800 0.20250 0.00000 197.81108 396.29227
0.11450 0.20250 0.00000 207.68152 396.49231
0.20250 0.20250 0.00000 240.48335 397.86157
0.22899 0.20250 0.00000 250.40477 398.30630
0.31699 0.20250 0.00000 283.28421 399.67816
0.34349 0.20250 0.00000 293.16000 400.22461
0.43149 0.20250 0.00000 326.13104 401.52682
0.45799 0.20250 0.00000 336.18228 401.94785
0.54599 0.20250 0.00000 369.21704 403.35910
0.57248 0.20250 0.00000 379.23065 403.76666
0.66048 0.20250 0.00000 412.43179 405.25204
0.00000 0.22899 0.00000 165.96118 384.61844
0.08800 0.22899 0.00000 198.64232 385.90674
0.11450 0.22899 0.00000 208.40230 386.32104
0.20250 0.22899 0.00000 241.10762 387.66211
0.22899 0.22899 0.00000 250.88689 388.04974
0.31699 0.22899 0.00000 283.66666 389.39578
0.34349 0.22899 0.00000 293.49780 389.79453
0.43149 0.22899 0.00000 326.47202 391.27399
0.45799 0.22899 0.00000 336.35239 391.56345
0.54599 0.22899 0.00000 369.40378 393.00076
0.57248 0.22899 0.00000 379.27032 393.34637
0.66048 0.22899 0.00000 412.53726 394.79330
0.00000 0.31699 0.00000 168.92816 350.93668
0.08800 0.31699 0.00000 201.24487 352.33371
0.11450 0.31699 0.00000 210.86690 352.53339
0.20250 0.31699 0.00000 243.23488 353.76715
0.22899 0.31699 0.00000 252.90587 354.25897
0.31699 0.31699 0.00000 285.37064 355.56290
0.34349 0.31699 0.00000 295.03519 355.95340
0.43149 0.31699 0.00000 327.53043 357.25812
0.45799 0.31699 0.00000 337.40442 357.62082
0.54599 0.31699 0.00000 369.97549 358.82065
0.57248 0.31699 0.00000 379.79047 359.33038
0.66048 0.31699 0.00000 412.56616 360.54242
0.00000 0.34349 0.00000 169.75774 341.13290
0.08800 0.34349 0.00000 201.97145 342.26541
0.11450 0.34349 0.00000 211.65254 342.61844
0.20250 0.34349 0.00000 243.77324 343.84784
0.22899 0.34349 0.00000 253.44533 344.27936
0.31699 0.34349 0.00000 285.75430 345.51569
0.34349 0.34349 0.00000 295.43707 345.98386
0.43149 0.34349 0.00000 327.90811 347.30505
0.45799 0.34349 0.00000 337.51514 347.57993
0.54599 0.34349 0.00000 370.15811 348.81790
0.57248 0.34349 0.00000 380.03067 349.32812
0.66048 0.34349 0.00000 412.59488 350.52509
0.00000 0.43149 0.00000 172.70053 308.39621
0.08800 0.43149 0.00000 204.47620 309.51840
0.11450 0.43149 0.00000 214.02139 309.84872
0.20250 0.43149 0.00000 245.75671 311.20648
0.22899 0.43149 0.00000 255.47496 311.46402
0.31699 0.43149 0.00000 287.28488 312.65802
0.34349 0.43149 0.00000 296.82022 313.15811
0.43149 0.43149 0.00000 328.88992 314.35327
0.45799 0.43149 0.00000 338.53958 314.62964
0.54599 0.43149 0.00000 370.71533 315.80923
0.57248 0.43149 0.00000 380.48703 316.26221
0.66048 0.43149 0.00000 412.77255 317.37357
0.00000 0.45799 0.00000 173.62021 298.79691
0.08800 0.45799 0.00000 205.31458 299.78522
0.11450 0.45799 0.00000 214.69336 300.34924
0.20250 0.45799 0.00000 246.44345 301.43774
0.22899 0.45799 0.00000 255.84167 301.81235
0.31699 0.45799 0.00000 287.68146 303.06494
0.34349 0.45799 0.00000 297.37103 303.43704
0.43149 0.45799 0.00000 329.31619 304.58270
0.45799 0.45799 0.00000 338.86060 304.92310
0.54599 0.45799 0.00000 370.94189 306.17752
0.57248 0.45799 0.00000 380.56915 306.41266
0.66048 0.45799 0.00000 412.74857 307.61304
0.00000 0.54599 0.00000 176.35962 267.12436
0.08800 0.54599 0.00000 207.64656 268.32730
0.11450 0.54599 0.00000 216.97728 268.48154
0.20250 0.54599 0.00000 248.37900 269.59161
0.22899 0.54599 0.00000 257.73370 270.01062
0.31699 0.54599 0.00000 289.28180 271.16791
0.34349 0.54599 0.00000 298.61078 271.48431
0.43149 0.54599 0.00000 330.34201 272.56625
0.45799 0.54599 0.00000 339.72064 272.95541
0.54599 0.54599 0.00000 371.51727 274.06345
0.57248 0.54599 0.00000 381.17276 274.42621
0.66048 0.54599 0.00000 412.94290 275.43442
0.00000 0.57248 0.00000 177.11726 257.69263
0.08800 0.57248 0.00000 208.34897 258.76416
0.11450 0.57248 0.00000 217.64499 259.28021
0.20250 0.57248 0.00000 248.86520 260.34500
0.22899 0.57248 0.00000 258.34052 260.58246
0.31699 0.57248 0.00000 289.58209 261.67642
0.34349 0.57248 0.00000 299.08554 262.07712
0.43149 0.57248 0.00000 330.56317 263.20038
0.45799 0.57248 0.00000 340.15280 263.39810
0.54599 0.57248 0.00000 371.62057 264.54001
0.57248 0.57248 0.00000 381.22836 264.79929
0.66048 0.57248 0.00000 413.02686 265.96759
0.00000 0.66048 0.00000 179.79208 226.88914
0.08800 0.66048 0.00000 210.65665 228.06671
0.11450 0.66048 0.00000 219.86377 228.34029
0.20250 0.66048 0.00000 250.69318 229.43898
0.22899 0.66048 0.00000 260.02527 229.56679
0.31699 0.66048 0.00000 291.11639 230.57526
0.34349 0.66048 0.00000 300.38617 230.94051
0.43149 0.66048 0.00000 331.54083 231.96764
0.45799 0.66048 0.00000 341.00192 232.40836
0.54599 0.66048 0.00000 372.31982 233.35478
0.57248 0.66048 0.00000 381.59515 233.61110
0.66048 0.66048 0.00000 413.09985 234.59172

gimbalangles:
-0.349065850399 0.0 0.436332312999 

end: