T_CW:
0.9987696366 0.0415314766 -0.0270988830 -0.5249071412
0.0364473302 -0.9853214198 -0.1667731750 0.6410642764
-0.0336274461 0.1655803015 -0.9856228278 1.2041973577
0.0000000000 0.0000000000 0.0000000000 1.0000000000

T_CW_cov:

target_points_pix:
0.08800 0.11450 0.00000 148.23662 441.40698
0.11450 0.11450 0.00000 158.41743 442.10284
0.20250 0.11450 0.00000 191.68317 443.57895
0.22899 0.11450 0.00000 201.75859 443.97879
0.31699 0.11450 0.00000 235.28972 445.60233
0.34349 0.11450 0.00000 245.39987 446.38699
0.43149 0.11450 0.00000 279.03195 447.76111
0.45799 0.11450 0.00000 288.86716 448.48438
0.54599 0.11450 0.00000 322.97552 450.28375
0.57248 0.11450 0.00000 332.88574 450.60507
0.66048 0.11450 0.00000 367.11383 452.67950
0.00000 0.20250 0.00000 118.69321 404.62244
0.08800 0.20250 0.00000 151.77783 406.22440
0.11450 0.20250 0.00000 161.57684 406.52905
0.20250 0.20250 0.00000 194.68596 408.26834
0.22899 0.20250 0.00000 204.63293 408.51413
0.31699 0.20250 0.00000 237.68626 410.03076
0.43149 0.20250 0.00000 280.70697 412.22961
0.45799 0.20250 0.00000 290.82550 412.72079
0.54599 0.20250 0.00000 324.11240 414.38217
0.57248 0.20250 0.00000 334.15076 414.84943
0.66048 0.20250 0.00000 367.71463 416.54880
0.00000 0.22899 0.00000 119.90217 394.48642
0.08800 0.22899 0.00000 152.70876 395.72147
0.11450 0.22899 0.00000 162.55739 396.52469
0.20250 0.22899 0.00000 195.65923 397.61246
0.22899 0.22899 0.00000 205.43233 398.11395
0.31699 0.22899 0.00000 238.47572 399.54385
0.34349 0.22899 0.00000 248.31500 400.06104
0.43149 0.22899 0.00000 281.32971 401.59589
0.45799 0.22899 0.00000 291.36237 402.37842
0.54599 0.22899 0.00000 324.39017 403.85706
0.57248 0.22899 0.00000 334.43533 404.36536
0.66048 0.22899 0.00000 368.01459 405.98566
0.00000 0.31699 0.00000 123.53084 360.38962
0.08800 0.31699 0.00000 156.26031 361.66000
0.11450 0.31699 0.00000 166.01518 362.00220
0.20250 0.31699 0.00000 198.48193 363.47491
0.22899 0.31699 0.00000 208.18913 363.81613
0.31699 0.31699 0.00000 240.68710 365.37048
0.34349 0.31699 0.00000 250.29683 365.79315
0.43149 0.31699 0.00000 282.96548 367.42044
0.45799 0.31699 0.00000 292.79434 367.76715
0.54599 0.31699 0.00000 325.71222 369.46011
0.57248 0.31699 0.00000 335.51596 369.75406
0.66048 0.31699 0.00000 368.69324 371.39557
0.00000 0.34349 0.00000 124.60840 350.31494
0.08800 0.34349 0.00000 157.16446 351.47726
0.11450 0.34349 0.00000 166.80672 352.09866
0.20250 0.34349 0.00000 199.16254 353.46118
0.22899 0.34349 0.00000 208.78612 353.80649
0.31699 0.34349 0.00000 241.33853 355.24420
0.34349 0.34349 0.00000 250.89577 355.73499
0.43149 0.34349 0.00000 283.41379 357.30841
0.45799 0.34349 0.00000 293.26282 357.64520
0.54599 0.34349 0.00000 326.00543 359.20300
0.57248 0.34349 0.00000 335.87433 359.48886
0.66048 0.34349 0.00000 368.94540 361.15253
0.00000 0.43149 0.00000 128.40201 317.06470
0.08800 0.43149 0.00000 160.39981 318.60001
0.11450 0.43149 0.00000 169.83057 318.83542
0.20250 0.43149 0.00000 201.72148 320.30270
0.22899 0.43149 0.00000 211.37547 320.59555
0.31699 0.43149 0.00000 243.35582 322.23126
0.34349 0.43149 0.00000 252.88983 322.64297
0.43149 0.43149 0.00000 285.23383 323.86395
0.45799 0.43149 0.00000 294.73419 324.36502
0.54599 0.43149 0.00000 327.36963 325.67868
0.57248 0.43149 0.00000 336.95297 326.10980
0.66048 0.43149 0.00000 369.58844 327.49091
0.00000 0.45799 0.00000 129.48578 307.55933
0.08800 0.45799 0.00000 161.33322 308.67075
0.11450 0.45799 0.00000 170.82034 309.34482
0.20250 0.45799 0.00000 202.69861 310.39511
0.22899 0.45799 0.00000 212.09334 310.76846
0.31699 0.45799 0.00000 243.90028 312.27200
0.34349 0.45799 0.00000 253.52887 312.57001
0.43149 0.45799 0.00000 285.63873 314.01370
0.45799 0.45799 0.00000 295.30972 314.44919
0.54599 0.45799 0.00000 327.55536 315.71353
0.57248 0.45799 0.00000 337.33978 316.21271
0.66048 0.45799 0.00000 369.81625 317.48697
0.00000 0.54599 0.00000 132.84956 275.44385
0.08800 0.54599 0.00000 164.45776 276.92181
0.11450 0.54599 0.00000 173.78712 277.29868
0.20250 0.54599 0.00000 205.28329 278.47433
0.22899 0.54599 0.00000 214.59523 278.77588
0.31699 0.54599 0.00000 246.15591 280.15872
0.34349 0.54599 0.00000 255.48285 280.52194
0.43149 0.54599 0.00000 287.31454 281.60291
0.45799 0.54599 0.00000 296.84161 281.97330
0.54599 0.54599 0.00000 328.71249 283.31482
0.57248 0.54599 0.00000 338.41177 283.63113
0.66048 0.54599 0.00000 370.46350 284.88907
0.00000 0.57248 0.00000 133.96875 266.35767
0.08800 0.57248 0.00000 165.30086 267.26956
0.11450 0.57248 0.00000 174.72020 267.86713
0.20250 0.57248 0.00000 205.99490 268.70645
0.22899 0.57248 0.00000 215.31648 269.34732
0.31699 0.57248 0.00000 246.71173 270.48773
0.34349 0.57248 0.00000 256.22015 270.88623
0.43149 0.57248 0.00000 287.69012 272.16769
0.45799 0.57248 0.00000 297.39322 272.48959
0.54599 0.57248 0.00000 329.27841 273.64899
0.57248 0.57248 0.00000 338.63434 274.02075
0.66048 0.57248 0.00000 370.67245 275.30768
0.00000 0.66048 0.00000 137.18835 235.21710
0.11450 0.66048 0.00000 177.55629 236.66072
0.20250 0.66048 0.00000 208.52002 237.79512
0.22899 0.66048 0.00000 217.74954 238.32739
0.31699 0.66048 0.00000 248.77483 239.27512
0.34349 0.66048 0.00000 258.20477 239.56027
0.43149 0.66048 0.00000 289.41550 240.68158
0.45799 0.66048 0.00000 298.79993 241.13336
0.54599 0.66048 0.00000 330.25226 242.23700
0.57248 0.66048 0.00000 339.71375 242.51994
0.66048 0.66048 0.00000 371.40967 243.61362

gimbalangles:
-0.349065850399 0.174532925199 -0.436332312999 

end: