T_CW:
0.8089350657 0.3900522764 -0.4398673450 0.1468467426
0.4880262647 -0.8627148954 0.1324891477 -0.1036411919
-0.3278024169 -0.3218419347 -0.8882360860 1.4034859499
0.0000000000 0.0000000000 0.0000000000 1.0000000000

T_CW_cov:

target_points_pix:
0.00000 0.00000 0.00000 760.68719 269.31204
0.08800 0.00000 0.00000 820.62158 302.08975
0.11450 0.00000 0.00000 839.18658 312.32086
0.20250 0.00000 0.00000 902.24054 347.05234
0.22899 0.00000 0.00000 921.83972 357.78891
0.31699 0.00000 0.00000 988.63275 394.66510
0.34349 0.00000 0.00000 1009.40875 406.10477
0.43149 0.00000 0.00000 1080.23999 444.92035
0.45799 0.00000 0.00000 1102.32764 456.95422
0.54599 0.00000 0.00000 1177.79553 498.29892
0.00000 0.08800 0.00000 791.06805 206.46503
0.08800 0.08800 0.00000 852.71991 238.66943
0.11450 0.08800 0.00000 871.85925 248.57310
0.20250 0.08800 0.00000 937.29498 282.65500
0.22899 0.08800 0.00000 957.46808 293.25281
0.31699 0.08800 0.00000 1026.53870 329.28952
0.34349 0.08800 0.00000 1047.88293 340.43195
0.43149 0.08800 0.00000 1121.38660 378.69864
0.45799 0.08800 0.00000 1144.15796 390.50488
0.00000 0.11450 0.00000 800.35187 186.98070
0.08800 0.11450 0.00000 862.64142 218.95383
0.11450 0.11450 0.00000 881.96570 228.81915
0.20250 0.11450 0.00000 947.95032 262.68692
0.22899 0.11450 0.00000 968.37921 273.23080
0.31699 0.11450 0.00000 1038.03845 309.07327
0.34349 0.11450 0.00000 1059.74084 320.23611
0.43149 0.11450 0.00000 1133.84875 358.27786
0.00000 0.20250 0.00000 831.92035 120.77098
0.08800 0.20250 0.00000 896.36755 152.00337
0.11450 0.20250 0.00000 916.38434 161.64362
0.20250 0.20250 0.00000 984.51917 194.69637
0.22899 0.20250 0.00000 1005.71741 204.99640
0.31699 0.20250 0.00000 1077.79712 240.11496
0.34349 0.20250 0.00000 1100.50061 251.01857
0.43149 0.20250 0.00000 1177.46973 288.22934
0.00000 0.22899 0.00000 841.67383 100.22333
0.08800 0.22899 0.00000 906.69659 131.21443
0.11450 0.22899 0.00000 926.83228 140.83449
0.20250 0.22899 0.00000 995.71082 173.61176
0.22899 0.22899 0.00000 1017.26923 183.76074
0.31699 0.22899 0.00000 1090.36499 218.64206
0.34349 0.22899 0.00000 1113.19666 229.41605
0.43149 0.22899 0.00000 1190.78772 266.47653
0.00000 0.31699 0.00000 875.06451 30.21162
0.08800 0.31699 0.00000 942.34888 60.31166
0.11450 0.31699 0.00000 963.30450 69.50994
0.20250 0.31699 0.00000 1034.58911 101.47452
0.22899 0.31699 0.00000 1056.81506 111.36770
0.31699 0.31699 0.00000 1132.64136 145.30283
0.34349 0.31699 0.00000 1156.39832 155.74036
0.43149 0.31699 0.00000 1237.25256 191.87935
0.22899 0.34349 0.00000 1069.26270 88.77524
0.31699 0.34349 0.00000 1145.90552 122.43819

gimbalangles:
-0.349065850399 -0.349065850399 -0.436332312999 

end: