T_CW:
0.9987789569 0.0414801562 -0.0268326649 -0.5247935033
0.0364366040 -0.9853007074 -0.1668978428 0.6411984586
-0.0333611923 0.1657163622 -0.9856090088 1.2040199812
0.0000000000 0.0000000000 0.0000000000 1.0000000000

T_CW_cov:

target_points_pix:
0.00000 0.11450 0.00000 114.98260 440.12424
0.08800 0.11450 0.00000 148.35344 441.43420
0.11450 0.11450 0.00000 158.19363 442.20703
0.20250 0.11450 0.00000 191.86774 443.44736
0.22899 0.11450 0.00000 201.69579 444.10580
0.31699 0.11450 0.00000 235.41605 445.70380
0.34349 0.11450 0.00000 245.46820 446.35580
0.43149 0.11450 0.00000 279.02756 447.97717
0.45799 0.11450 0.00000 289.06851 448.41147
0.54599 0.11450 0.00000 322.85550 450.38461
0.57248 0.11450 0.00000 333.07101 450.92813
0.66048 0.11450 0.00000 367.25555 452.62509
0.00000 0.20250 0.00000 118.73141 404.73929
0.08800 0.20250 0.00000 151.71922 406.49197
0.11450 0.20250 0.00000 161.69295 406.68076
0.20250 0.20250 0.00000 194.56592 408.14157
0.22899 0.20250 0.00000 204.62276 408.47433
0.31699 0.20250 0.00000 237.80339 410.22681
0.34349 0.20250 0.00000 247.65543 410.62140
0.43149 0.20250 0.00000 280.79965 412.44205
0.45799 0.20250 0.00000 290.87183 412.64545
0.54599 0.20250 0.00000 324.22055 414.56885
0.57248 0.20250 0.00000 334.24164 414.84738
0.66048 0.20250 0.00000 367.74332 416.61823
0.08800 0.22899 0.00000 152.90753 395.82321
0.11450 0.22899 0.00000 162.58730 396.46399
0.20250 0.22899 0.00000 195.62578 397.59644
0.22899 0.22899 0.00000 205.41199 398.25586
0.31699 0.22899 0.00000 238.51161 399.62424
0.34349 0.22899 0.00000 248.44141 400.17410
0.43149 0.22899 0.00000 281.30905 401.81638
0.45799 0.22899 0.00000 291.23907 402.06760
0.54599 0.22899 0.00000 324.52783 403.90112
0.57248 0.22899 0.00000 334.44699 404.38440
0.66048 0.22899 0.00000 367.98380 406.02017
0.00000 0.31699 0.00000 123.59111 360.24527
0.08800 0.31699 0.00000 156.25645 361.69443
0.11450 0.31699 0.00000 165.99872 362.05652
0.20250 0.31699 0.00000 198.44304 363.52063
0.31699 0.31699 0.00000 240.70009 365.51520
0.34349 0.31699 0.00000 250.36568 365.87930
0.43149 0.31699 0.00000 283.11371 367.56833
0.45799 0.31699 0.00000 292.78870 367.94760
0.54599 0.31699 0.00000 325.70593 369.40683
0.57248 0.31699 0.00000 335.56836 369.77264
0.66048 0.31699 0.00000 368.61935 371.48221
0.00000 0.34349 0.00000 124.73296 350.37415
0.08800 0.34349 0.00000 156.98511 351.58337
0.11450 0.34349 0.00000 166.81805 352.09805
0.20250 0.34349 0.00000 199.15350 353.41037
0.22899 0.34349 0.00000 208.95438 353.81216
0.31699 0.34349 0.00000 241.34094 355.39951
0.34349 0.34349 0.00000 250.96526 355.81531
0.43149 0.34349 0.00000 283.50574 357.09662
0.45799 0.34349 0.00000 293.31488 357.76559
0.54599 0.34349 0.00000 326.11746 359.28860
0.57248 0.34349 0.00000 335.85861 359.55530
0.66048 0.34349 0.00000 368.92038 361.23334
0.00000 0.43149 0.00000 128.45013 317.23007
0.08800 0.43149 0.00000 160.34830 318.60284
0.11450 0.43149 0.00000 169.90620 318.87531
0.20250 0.43149 0.00000 201.84506 320.33649
0.22899 0.43149 0.00000 211.47182 320.62256
0.31699 0.43149 0.00000 243.46704 322.27625
0.34349 0.43149 0.00000 252.91240 322.57391
0.43149 0.43149 0.00000 285.17307 323.93954
0.45799 0.43149 0.00000 294.74515 324.43665
0.54599 0.43149 0.00000 327.29407 325.68613
0.57248 0.43149 0.00000 337.04626 326.13440
0.66048 0.43149 0.00000 369.63885 327.51257
0.00000 0.45799 0.00000 129.40250 307.65295
0.08800 0.45799 0.00000 161.29785 308.77325
0.11450 0.45799 0.00000 171.07947 309.36624
0.20250 0.45799 0.00000 202.64787 310.41785
0.22899 0.45799 0.00000 212.16455 310.89709
0.31699 0.45799 0.00000 243.88916 312.42307
0.34349 0.45799 0.00000 253.64018 312.65646
0.43149 0.45799 0.00000 285.57928 314.01160
0.45799 0.45799 0.00000 295.39954 314.43729
0.54599 0.45799 0.00000 327.54379 315.75262
0.57248 0.45799 0.00000 337.40060 316.28583
0.66048 0.45799 0.00000 369.84940 317.61755
0.00000 0.54599 0.00000 132.82573 275.51862
0.08800 0.54599 0.00000 164.47992 276.84772
0.11450 0.54599 0.00000 173.88814 277.02292
0.20250 0.54599 0.00000 205.32056 278.50870
0.22899 0.54599 0.00000 214.63522 278.77225
0.31699 0.54599 0.00000 246.12463 280.10001
0.34349 0.54599 0.00000 255.51996 280.44638
0.43149 0.54599 0.00000 287.34964 281.63669
0.45799 0.54599 0.00000 296.78995 282.17758
0.54599 0.54599 0.00000 328.75674 283.39441
0.57248 0.54599 0.00000 338.46542 283.60834
0.66048 0.54599 0.00000 370.57880 284.98679
0.00000 0.57248 0.00000 133.90062 266.37943
0.08800 0.57248 0.00000 165.36871 267.40018
0.11450 0.57248 0.00000 174.64482 267.90176
0.20250 0.57248 0.00000 206.05502 269.08005
0.22899 0.57248 0.00000 215.43896 269.43854
0.31699 0.57248 0.00000 246.69673 270.57742
0.34349 0.57248 0.00000 256.22357 271.04468
0.43149 0.57248 0.00000 287.74524 272.24338
0.45799 0.57248 0.00000 297.32825 272.48587
0.54599 0.57248 0.00000 329.29987 273.68289
0.57248 0.57248 0.00000 338.69666 274.06067
0.66048 0.57248 0.00000 370.67535 275.45364
0.00000 0.66048 0.00000 137.19754 235.24162
0.08800 0.66048 0.00000 168.36969 236.50484
0.11450 0.66048 0.00000 177.63728 236.69971
0.20250 0.66048 0.00000 208.52437 238.02882
0.22899 0.66048 0.00000 217.80128 238.25616
0.31699 0.66048 0.00000 248.84856 239.38760
0.34349 0.66048 0.00000 258.17731 239.62485
0.43149 0.66048 0.00000 289.45673 240.66093
0.45799 0.66048 0.00000 298.78632 241.18530
0.54599 0.66048 0.00000 330.28348 242.30560
0.57248 0.66048 0.00000 339.71741 242.54086
0.66048 0.66048 0.00000 371.33612 243.69218

gimbalangles:
-0.349065850399 0.174532925199 -0.261799387799 

end: