T_CW:
0.9917915756 -0.1253669632 0.0251514447 -0.3948845767
-0.1267421651 -0.9378642211 0.3230280583 -0.0891855124
-0.0169084066 -0.3235642554 -0.9460551138 1.3528745073
0.0000000000 0.0000000000 0.0000000000 1.0000000000

T_CW_cov:

target_points_pix:
0.00000 0.00000 0.00000 322.56253 277.83963
0.08800 0.00000 0.00000 393.60214 268.63049
0.11450 0.00000 0.00000 415.05334 265.80579
0.20250 0.00000 0.00000 486.05835 256.67206
0.22899 0.00000 0.00000 507.64178 254.01389
0.31699 0.00000 0.00000 579.11603 244.83556
0.45799 0.00000 0.00000 694.09137 229.75212
0.54599 0.00000 0.00000 765.88708 220.43591
0.57248 0.00000 0.00000 787.51111 217.59163
0.66048 0.00000 0.00000 859.81958 208.26517
0.00000 0.08800 0.00000 306.73065 207.59193
0.08800 0.08800 0.00000 379.00027 197.96925
0.11450 0.08800 0.00000 400.89743 195.18576
0.20250 0.08800 0.00000 473.52826 185.48380
0.22899 0.08800 0.00000 495.46429 182.56412
0.31699 0.08800 0.00000 568.45526 173.25882
0.34349 0.08800 0.00000 590.41052 170.30452
0.43149 0.08800 0.00000 663.54755 160.64661
0.45799 0.08800 0.00000 685.63171 157.73366
0.54599 0.08800 0.00000 759.19958 148.06546
0.57248 0.08800 0.00000 781.30811 145.14163
0.66048 0.08800 0.00000 855.16089 135.41000
0.00000 0.11450 0.00000 301.57391 185.68689
0.08800 0.11450 0.00000 374.45844 176.14267
0.11450 0.11450 0.00000 396.47260 173.32083
0.20250 0.11450 0.00000 469.63443 163.57333
0.22899 0.11450 0.00000 491.66956 160.62572
0.31699 0.11450 0.00000 565.21185 150.94446
0.34349 0.11450 0.00000 587.46960 148.10991
0.43149 0.11450 0.00000 660.83771 138.37733
0.45799 0.11450 0.00000 683.16827 135.56627
0.54599 0.11450 0.00000 757.00879 125.60678
0.57248 0.11450 0.00000 779.43579 122.69621
0.66048 0.11450 0.00000 853.56445 112.99882
0.00000 0.20250 0.00000 284.53717 111.52098
0.08800 0.20250 0.00000 358.94098 101.53938
0.11450 0.20250 0.00000 381.54025 98.55161
0.20250 0.20250 0.00000 456.28690 88.46957
0.22899 0.20250 0.00000 478.77365 85.53452
0.31699 0.20250 0.00000 553.72400 75.51336
0.34349 0.20250 0.00000 576.50049 72.52427
0.43149 0.20250 0.00000 651.61804 62.52288
0.45799 0.20250 0.00000 674.43781 59.50207
0.54599 0.20250 0.00000 750.09589 49.36266
0.57248 0.20250 0.00000 772.78253 46.34954
0.66048 0.20250 0.00000 848.66650 36.24996

gimbalangles:
-0.349065850399 0.174532925199 0.0872664625997 

end: