T_CW:
0.9991077321 0.0369378273 -0.0204777073 -0.4117853001
0.0331442132 -0.9862506075 -0.1618987347 0.6366387700
-0.0261763387 0.1610755602 -0.9865948830 1.2042359611
0.0000000000 0.0000000000 0.0000000000 1.0000000000

T_CW_cov:

target_points_pix:
0.00000 0.11450 0.00000 162.22964 429.46078
0.08800 0.11450 0.00000 195.35460 430.88031
0.11450 0.11450 0.00000 205.10625 431.42307
0.20250 0.11450 0.00000 238.37410 432.84058
0.22899 0.11450 0.00000 248.30116 433.25659
0.31699 0.11450 0.00000 281.62421 434.67279
0.34349 0.11450 0.00000 291.53528 435.24448
0.43149 0.11450 0.00000 325.17831 436.49542
0.45799 0.11450 0.00000 334.97778 437.11636
0.54599 0.11450 0.00000 368.60263 438.58682
0.57248 0.11450 0.00000 378.68628 439.04895
0.66048 0.11450 0.00000 412.50998 440.56329
0.00000 0.20250 0.00000 165.33920 394.77856
0.08800 0.20250 0.00000 197.92996 396.26233
0.11450 0.20250 0.00000 207.69479 396.48022
0.20250 0.20250 0.00000 240.56956 397.83157
0.22899 0.20250 0.00000 250.48222 398.30795
0.31699 0.20250 0.00000 283.32947 399.65192
0.34349 0.20250 0.00000 293.23737 400.11026
0.43149 0.20250 0.00000 326.17038 401.51749
0.45799 0.20250 0.00000 336.10574 401.83661
0.54599 0.20250 0.00000 369.33340 403.37222
0.57248 0.20250 0.00000 379.31967 403.66321
0.66048 0.20250 0.00000 412.47382 405.17786
0.00000 0.22899 0.00000 166.03305 384.60818
0.08800 0.22899 0.00000 198.70886 385.94379
0.11450 0.22899 0.00000 208.45921 386.34726
0.20250 0.22899 0.00000 241.17441 387.59650
0.22899 0.22899 0.00000 250.91628 388.05780
0.31699 0.22899 0.00000 283.78232 389.37686
0.34349 0.22899 0.00000 293.52557 389.74231
0.43149 0.22899 0.00000 326.51883 391.18210
0.45799 0.22899 0.00000 336.34998 391.57608
0.54599 0.22899 0.00000 369.41858 392.95773
0.57248 0.22899 0.00000 379.31955 393.34763
0.66048 0.22899 0.00000 412.55386 394.61316
0.00000 0.31699 0.00000 169.06000 350.89362
0.08800 0.31699 0.00000 201.36382 352.30750
0.11450 0.31699 0.00000 210.90208 352.54501
0.20250 0.31699 0.00000 243.28441 353.73636
0.22899 0.31699 0.00000 252.96101 354.24139
0.31699 0.31699 0.00000 285.40887 355.51437
0.34349 0.31699 0.00000 295.13873 355.93918
0.43149 0.31699 0.00000 327.63043 357.30014
0.45799 0.31699 0.00000 337.41214 357.58093
0.54599 0.31699 0.00000 370.01089 358.77530
0.57248 0.31699 0.00000 379.86951 359.30029
0.66048 0.31699 0.00000 412.58603 360.52380
0.00000 0.34349 0.00000 169.87224 341.03024
0.08800 0.34349 0.00000 202.15855 342.27682
0.11450 0.34349 0.00000 211.66582 342.57056
0.20250 0.34349 0.00000 243.87114 343.80142
0.22899 0.34349 0.00000 253.55780 344.31137
0.31699 0.34349 0.00000 285.77753 345.50766
0.34349 0.34349 0.00000 295.47485 345.94485
0.43149 0.34349 0.00000 327.91684 347.23633
0.45799 0.34349 0.00000 337.67535 347.58817
0.54599 0.34349 0.00000 370.24573 348.80142
0.57248 0.34349 0.00000 379.98978 349.22098
0.66048 0.34349 0.00000 412.70923 350.43881
0.00000 0.43149 0.00000 172.78561 308.43466
0.08800 0.43149 0.00000 204.51050 309.49136
0.11450 0.43149 0.00000 214.08195 309.81570
0.20250 0.43149 0.00000 245.82227 311.18439
0.22899 0.43149 0.00000 255.48494 311.47314
0.31699 0.43149 0.00000 287.39359 312.67093
0.34349 0.43149 0.00000 296.92386 313.05743
0.43149 0.43149 0.00000 329.01712 314.36914
0.45799 0.43149 0.00000 338.56741 314.59930
0.54599 0.43149 0.00000 370.74542 315.79935
0.57248 0.43149 0.00000 380.51917 316.25958
0.66048 0.43149 0.00000 412.83008 317.30731
0.00000 0.45799 0.00000 173.62238 298.65341
0.08800 0.45799 0.00000 205.32397 299.84247
0.11450 0.45799 0.00000 214.74948 300.33356
0.20250 0.45799 0.00000 246.48296 301.38779
0.22899 0.45799 0.00000 255.94791 301.75305
0.31699 0.45799 0.00000 287.75461 303.00494
0.34349 0.45799 0.00000 297.41153 303.40186
0.43149 0.45799 0.00000 329.35745 304.52234
0.45799 0.45799 0.00000 338.87939 304.88358
0.54599 0.45799 0.00000 370.98819 306.15625
0.57248 0.45799 0.00000 380.58215 306.42996
0.66048 0.45799 0.00000 412.85837 307.51770
0.00000 0.54599 0.00000 176.39488 267.08981
0.08800 0.54599 0.00000 207.59718 268.31009
0.11450 0.54599 0.00000 217.10410 268.50961
0.20250 0.54599 0.00000 248.37885 269.55511
0.22899 0.54599 0.00000 257.78323 269.95914
0.31699 0.54599 0.00000 289.27890 271.16757
0.34349 0.54599 0.00000 298.63565 271.49271
0.43149 0.54599 0.00000 330.41022 272.53448
0.45799 0.54599 0.00000 339.73456 272.91254
0.54599 0.54599 0.00000 371.51373 274.00323
0.57248 0.54599 0.00000 381.20905 274.38019
0.66048 0.54599 0.00000 412.90515 275.41794
0.00000 0.57248 0.00000 177.25594 257.68423
0.08800 0.57248 0.00000 208.42787 258.76285
0.11450 0.57248 0.00000 217.67752 259.22885
0.20250 0.57248 0.00000 248.91814 260.26440
0.22899 0.57248 0.00000 258.37955 260.57538
0.31699 0.57248 0.00000 289.62274 261.66800
0.34349 0.57248 0.00000 299.17151 262.04282
0.43149 0.57248 0.00000 330.60956 263.15421
0.45799 0.57248 0.00000 340.19583 263.40280
0.54599 0.57248 0.00000 371.67068 264.52234
0.57248 0.57248 0.00000 381.29703 264.76843
0.66048 0.57248 0.00000 412.97424 265.80371
0.00000 0.66048 0.00000 179.76553 226.86467
0.08800 0.66048 0.00000 210.67769 227.96518
0.11450 0.66048 0.00000 219.92787 228.41595
0.20250 0.66048 0.00000 250.80763 229.42555
0.22899 0.66048 0.00000 260.08679 229.59308
0.31699 0.66048 0.00000 291.15662 230.58804
0.34349 0.66048 0.00000 300.49295 230.94449
0.43149 0.66048 0.00000 331.60873 231.89339
0.45799 0.66048 0.00000 341.04282 232.27626
0.54599 0.66048 0.00000 372.35657 233.36272
0.57248 0.66048 0.00000 381.65396 233.62053
0.66048 0.66048 0.00000 413.13498 234.56624

gimbalangles:
-0.349065850399 0.174532925199 0.0872664625997 

end: