T_CW:
0.9987761201 0.0414909718 -0.0269213879 -0.5248441283
0.0364696745 -0.9854842374 -0.1658034401 0.6411391706
-0.0334099492 0.1646187023 -0.9857912853 1.2044486614
0.0000000000 0.0000000000 0.0000000000 1.0000000000

T_CW_cov:

target_points_pix:
0.00000 0.11450 0.00000 115.19465 439.96613
0.08800 0.11450 0.00000 148.22908 441.42953
0.20250 0.11450 0.00000 191.77863 443.44724
0.22899 0.11450 0.00000 201.69435 443.90881
0.34349 0.11450 0.00000 245.45299 446.20374
0.43149 0.11450 0.00000 278.86670 447.96521
0.45799 0.11450 0.00000 289.24051 448.58319
0.54599 0.11450 0.00000 322.80011 450.30539
0.57248 0.11450 0.00000 333.09885 450.70282
0.66048 0.11450 0.00000 367.15091 452.58191
0.00000 0.20250 0.00000 118.69719 404.61984
0.08800 0.20250 0.00000 151.78375 406.26950
0.11450 0.20250 0.00000 161.71402 406.54526
0.20250 0.20250 0.00000 194.63632 408.21561
0.22899 0.20250 0.00000 204.69246 408.54831
0.31699 0.20250 0.00000 237.64960 410.03238
0.34349 0.20250 0.00000 247.74182 410.50531
0.43149 0.20250 0.00000 280.78845 412.30771
0.45799 0.20250 0.00000 290.82153 412.69159
0.54599 0.20250 0.00000 324.12332 414.45233
0.57248 0.20250 0.00000 334.17529 414.81232
0.66048 0.20250 0.00000 367.82388 416.62222
0.08800 0.22899 0.00000 152.75156 395.69867
0.11450 0.22899 0.00000 162.62733 396.45258
0.22899 0.22899 0.00000 205.55009 398.22592
0.34349 0.22899 0.00000 248.31903 400.14090
0.43149 0.22899 0.00000 281.31253 401.72644
0.45799 0.22899 0.00000 291.30225 402.17722
0.54599 0.22899 0.00000 324.53696 403.79831
0.57248 0.22899 0.00000 334.52423 404.43958
0.66048 0.22899 0.00000 367.98447 405.84299
0.00000 0.31699 0.00000 123.59411 360.41977
0.08800 0.31699 0.00000 156.15224 361.73743
0.11450 0.31699 0.00000 166.02362 362.04367
0.20250 0.31699 0.00000 198.45705 363.52649
0.22899 0.31699 0.00000 208.14801 363.83585
0.31699 0.31699 0.00000 240.62932 365.56985
0.34349 0.31699 0.00000 250.39072 365.89130
0.43149 0.31699 0.00000 282.94983 367.55167
0.45799 0.31699 0.00000 292.86176 367.76831
0.54599 0.31699 0.00000 325.59875 369.36539
0.57248 0.31699 0.00000 335.53522 369.81042
0.66048 0.31699 0.00000 368.69241 371.39905
0.00000 0.34349 0.00000 124.69322 350.48584
0.08800 0.34349 0.00000 157.18419 351.50922
0.11450 0.34349 0.00000 166.87024 352.21555
0.20250 0.34349 0.00000 199.13686 353.38431
0.22899 0.34349 0.00000 208.79665 353.67578
0.31699 0.34349 0.00000 241.30748 355.20825
0.34349 0.34349 0.00000 250.91150 355.75812
0.43149 0.34349 0.00000 283.48605 357.28012
0.45799 0.34349 0.00000 293.25204 357.70114
0.54599 0.34349 0.00000 326.05316 359.16867
0.57248 0.34349 0.00000 335.99091 359.63550
0.66048 0.34349 0.00000 368.83746 361.13138
0.00000 0.43149 0.00000 128.28017 317.34006
0.08800 0.43149 0.00000 160.42317 318.65631
0.11450 0.43149 0.00000 170.03262 318.93304
0.20250 0.43149 0.00000 201.82251 320.40811
0.22899 0.43149 0.00000 211.43832 320.55948
0.31699 0.43149 0.00000 243.44026 322.04501
0.34349 0.43149 0.00000 252.97359 322.43228
0.43149 0.43149 0.00000 285.20438 323.95563
0.54599 0.43149 0.00000 327.37231 325.67532
0.57248 0.43149 0.00000 336.96759 326.09460
0.66048 0.43149 0.00000 369.61938 327.48611
0.00000 0.45799 0.00000 129.42184 307.51617
0.08800 0.45799 0.00000 161.28482 308.65814
0.11450 0.45799 0.00000 170.85602 309.23495
0.20250 0.45799 0.00000 202.60732 310.40244
0.22899 0.45799 0.00000 212.14684 310.92670
0.31699 0.45799 0.00000 243.95581 312.32907
0.34349 0.45799 0.00000 253.55284 312.59641
0.43149 0.45799 0.00000 285.54544 313.95300
0.45799 0.45799 0.00000 295.31949 314.50467
0.54599 0.45799 0.00000 327.63794 315.67007
0.57248 0.45799 0.00000 337.36075 316.30496
0.66048 0.45799 0.00000 369.75363 317.50726
0.08800 0.54599 0.00000 164.51331 276.91183
0.11450 0.54599 0.00000 173.79942 277.22501
0.20250 0.54599 0.00000 205.24385 278.43472
0.22899 0.54599 0.00000 214.64903 278.75800
0.31699 0.54599 0.00000 246.08813 280.11725
0.34349 0.54599 0.00000 255.52144 280.43542
0.43149 0.54599 0.00000 287.31525 281.59540
0.45799 0.54599 0.00000 296.81961 282.00720
0.54599 0.54599 0.00000 328.72269 283.33966
0.57248 0.54599 0.00000 338.42233 283.60904
0.66048 0.54599 0.00000 370.47964 284.87115
0.00000 0.57248 0.00000 133.89397 266.22061
0.08800 0.57248 0.00000 165.28517 267.36450
0.11450 0.57248 0.00000 174.74883 267.74393
0.20250 0.57248 0.00000 206.03911 268.87158
0.22899 0.57248 0.00000 215.41792 269.33868
0.31699 0.57248 0.00000 246.71352 270.46387
0.34349 0.57248 0.00000 256.23401 270.81479
0.43149 0.57248 0.00000 287.76620 272.16745
0.45799 0.57248 0.00000 297.30414 272.45404
0.54599 0.57248 0.00000 329.22235 273.62366
0.57248 0.57248 0.00000 338.63745 274.01102
0.66048 0.57248 0.00000 370.66641 275.27286
0.00000 0.66048 0.00000 137.17789 235.01065
0.08800 0.66048 0.00000 168.34230 236.36618
0.11450 0.66048 0.00000 177.52324 236.72502
0.20250 0.66048 0.00000 208.51694 237.82558
0.22899 0.66048 0.00000 217.75180 238.32111
0.31699 0.66048 0.00000 248.74957 239.38689
0.34349 0.66048 0.00000 258.15216 239.62315
0.43149 0.66048 0.00000 289.42474 240.71205
0.45799 0.66048 0.00000 298.77524 241.13995
0.54599 0.66048 0.00000 330.32797 242.30200
0.57248 0.66048 0.00000 339.77835 242.51456
0.66048 0.66048 0.00000 371.31647 243.62370

gimbalangles:
-0.349065850399 0.174532925199 0.0872664625997 

end: