T_CW:
0.9232425663 -0.1326285714 0.3606006458 -0.8210369106
-0.2311971777 -0.9413719650 0.2456963342 0.0595516346
0.3068729847 -0.3102071657 -0.8997780202 1.1520996041
0.0000000000 0.0000000000 0.0000000000 1.0000000000

T_CW_cov:

target_points_pix:
0.22899 0.00000 0.00000 95.43908 356.91681
0.31699 0.00000 0.00000 178.78888 339.06439
0.34349 0.00000 0.00000 203.23445 333.71399
0.43149 0.00000 0.00000 281.89114 316.49692
0.45799 0.00000 0.00000 305.12198 311.44257
0.54599 0.00000 0.00000 379.83566 295.08185
0.57248 0.00000 0.00000 401.66238 290.28452
0.66048 0.00000 0.00000 472.89191 274.80502
0.22899 0.08800 0.00000 72.18851 280.44730
0.31699 0.08800 0.00000 157.76498 263.60257
0.34349 0.08800 0.00000 182.88899 258.68228
0.43149 0.08800 0.00000 263.63388 242.79710
0.45799 0.08800 0.00000 287.55832 238.26666
0.54599 0.08800 0.00000 364.06262 223.08879
0.57248 0.08800 0.00000 386.39328 218.50790
0.66048 0.08800 0.00000 459.36758 204.31860
0.22899 0.11450 0.00000 65.05531 256.73911
0.31699 0.11450 0.00000 151.29242 240.37599
0.34349 0.11450 0.00000 176.58113 235.55867
0.43149 0.11450 0.00000 258.06195 220.13593
0.45799 0.11450 0.00000 282.18304 215.56189
0.54599 0.11450 0.00000 359.33167 200.71663
0.57248 0.11450 0.00000 381.75742 196.51244
0.66048 0.11450 0.00000 455.17511 182.48854
0.22899 0.20250 0.00000 40.11057 175.70392
0.31699 0.20250 0.00000 129.25906 160.75957
0.34349 0.20250 0.00000 155.24066 156.49295
0.43149 0.20250 0.00000 238.94766 142.33841
0.45799 0.20250 0.00000 263.61090 138.35851
0.54599 0.20250 0.00000 342.88925 124.76717
0.57248 0.20250 0.00000 366.25827 120.87034
0.66048 0.20250 0.00000 441.39417 108.28782
0.22899 0.22899 0.00000 32.56504 150.70998
0.31699 0.22899 0.00000 122.33633 136.30733
0.34349 0.22899 0.00000 148.60858 132.00250
0.43149 0.22899 0.00000 233.15295 118.32362
0.45799 0.22899 0.00000 257.95743 114.26418
0.54599 0.22899 0.00000 337.92917 101.35830
0.57248 0.22899 0.00000 361.35117 97.56021
0.66048 0.22899 0.00000 437.08774 85.36162
0.34349 0.31699 0.00000 125.95174 48.11629
0.43149 0.31699 0.00000 213.24445 35.79694
0.45799 0.31699 0.00000 238.51886 32.42253
0.54599 0.31699 0.00000 320.67828 20.82167
0.57248 0.31699 0.00000 344.74216 17.51622
0.66048 0.31699 0.00000 422.51312 6.67043

gimbalangles:
-0.349065850399 0.174532925199 0.436332312999 

end: