T_CW:
0.9991015497 0.0369939294 -0.0206771047 -0.4117017604
0.0331638800 -0.9862279704 -0.1620325505 0.6366986117
-0.0263865598 0.1612012393 -0.9865687558 1.2041581130
0.0000000000 0.0000000000 0.0000000000 1.0000000000

T_CW_cov:

target_points_pix:
0.00000 0.11450 0.00000 162.18202 429.43582
0.08800 0.11450 0.00000 195.30635 430.93625
0.11450 0.11450 0.00000 205.24797 431.44931
0.20250 0.11450 0.00000 238.42760 432.82401
0.22899 0.11450 0.00000 248.37659 433.33566
0.31699 0.11450 0.00000 281.61746 434.72760
0.34349 0.11450 0.00000 291.59583 435.28574
0.45799 0.11450 0.00000 335.12869 437.17606
0.54599 0.11450 0.00000 368.77899 438.56134
0.57248 0.11450 0.00000 378.66965 439.12555
0.66048 0.11450 0.00000 412.59268 440.63455
0.00000 0.20250 0.00000 165.36601 394.85861
0.08800 0.20250 0.00000 197.80952 396.28680
0.11450 0.20250 0.00000 207.75191 396.60107
0.20250 0.20250 0.00000 240.52068 397.97418
0.22899 0.20250 0.00000 250.54677 398.32281
0.31699 0.20250 0.00000 283.33572 399.72629
0.34349 0.20250 0.00000 293.26001 400.14575
0.43149 0.20250 0.00000 326.15390 401.49011
0.45799 0.20250 0.00000 336.24142 401.94684
0.54599 0.20250 0.00000 369.30740 403.39923
0.57248 0.20250 0.00000 379.39673 403.74124
0.66048 0.20250 0.00000 412.47720 405.24979
0.00000 0.22899 0.00000 166.07690 384.68689
0.08800 0.22899 0.00000 198.69449 385.89130
0.11450 0.22899 0.00000 208.52399 386.34421
0.20250 0.22899 0.00000 241.24388 387.55908
0.22899 0.22899 0.00000 250.98186 388.03705
0.31699 0.22899 0.00000 283.79135 389.41351
0.34349 0.22899 0.00000 293.62140 389.84131
0.43149 0.22899 0.00000 326.53662 391.16162
0.45799 0.22899 0.00000 336.43738 391.52585
0.54599 0.22899 0.00000 369.45517 392.98843
0.57248 0.22899 0.00000 379.35663 393.41061
0.66048 0.22899 0.00000 412.59119 394.79153
0.00000 0.31699 0.00000 169.23199 350.89362
0.08800 0.31699 0.00000 201.39626 352.35873
0.11450 0.31699 0.00000 210.92787 352.56534
0.20250 0.31699 0.00000 243.31128 353.79578
0.22899 0.31699 0.00000 253.03711 354.30740
0.31699 0.31699 0.00000 285.43008 355.59500
0.34349 0.31699 0.00000 295.18448 355.94647
0.43149 0.31699 0.00000 327.57007 357.35349
0.45799 0.31699 0.00000 337.47083 357.55164
0.54599 0.31699 0.00000 370.08502 358.88400
0.57248 0.31699 0.00000 379.87982 359.32883
0.66048 0.31699 0.00000 412.59085 360.53629
0.00000 0.34349 0.00000 169.88147 341.05756
0.08800 0.34349 0.00000 202.09064 342.29468
0.11450 0.34349 0.00000 211.67949 342.62460
0.20250 0.34349 0.00000 243.86166 343.84866
0.22899 0.34349 0.00000 253.59692 344.41034
0.31699 0.34349 0.00000 285.78925 345.49237
0.34349 0.34349 0.00000 295.50388 345.90280
0.43149 0.34349 0.00000 327.93466 347.35287
0.45799 0.34349 0.00000 337.63443 347.58997
0.54599 0.34349 0.00000 370.33371 348.79620
0.57248 0.34349 0.00000 380.01273 349.26584
0.66048 0.34349 0.00000 412.72751 350.45233
0.00000 0.43149 0.00000 172.78719 308.37906
0.08800 0.43149 0.00000 204.55724 309.52512
0.11450 0.43149 0.00000 214.16675 309.88171
0.20250 0.43149 0.00000 245.87383 311.22983
0.22899 0.43149 0.00000 255.46741 311.49612
0.31699 0.43149 0.00000 287.38489 312.67130
0.34349 0.43149 0.00000 296.92673 313.11389
0.43149 0.43149 0.00000 329.03333 314.34830
0.45799 0.43149 0.00000 338.63214 314.61118
0.54599 0.43149 0.00000 370.80896 315.83514
0.57248 0.43149 0.00000 380.52728 316.27527
0.66048 0.43149 0.00000 412.86783 317.41385
0.00000 0.45799 0.00000 173.63283 298.68234
0.08800 0.45799 0.00000 205.42096 299.89035
0.11450 0.45799 0.00000 214.77145 300.31943
0.20250 0.45799 0.00000 246.51674 301.45926
0.22899 0.45799 0.00000 255.98495 301.78912
0.31699 0.45799 0.00000 287.75089 303.09332
0.34349 0.45799 0.00000 297.40137 303.43423
0.43149 0.45799 0.00000 329.40494 304.53799
0.45799 0.45799 0.00000 338.92599 304.94916
0.54599 0.45799 0.00000 371.08966 306.14740
0.57248 0.45799 0.00000 380.60379 306.43954
0.66048 0.45799 0.00000 412.93060 307.57535
0.00000 0.54599 0.00000 176.52435 267.08673
0.08800 0.54599 0.00000 207.68756 268.27573
0.11450 0.54599 0.00000 217.08263 268.51685
0.20250 0.54599 0.00000 248.44191 269.63483
0.22899 0.54599 0.00000 257.80377 270.02640
0.31699 0.54599 0.00000 289.32895 271.22824
0.34349 0.54599 0.00000 298.67105 271.52802
0.43149 0.54599 0.00000 330.41605 272.56073
0.45799 0.54599 0.00000 339.83377 272.97806
0.54599 0.54599 0.00000 371.56134 274.05923
0.57248 0.54599 0.00000 381.26523 274.40067
0.66048 0.54599 0.00000 413.08032 275.44241
0.00000 0.57248 0.00000 177.28406 257.68259
0.08800 0.57248 0.00000 208.42065 258.80298
0.11450 0.57248 0.00000 217.73575 259.25739
0.20250 0.57248 0.00000 248.97444 260.30664
0.22899 0.57248 0.00000 258.38702 260.61215
0.31699 0.57248 0.00000 289.69537 261.68686
0.34349 0.57248 0.00000 299.23209 262.12439
0.43149 0.57248 0.00000 330.62045 263.19449
0.45799 0.57248 0.00000 340.23795 263.48770
0.54599 0.57248 0.00000 371.70471 264.54846
0.57248 0.57248 0.00000 381.31696 264.79410
0.66048 0.57248 0.00000 413.10431 265.91541
0.00000 0.66048 0.00000 179.83740 226.84854
0.08800 0.66048 0.00000 210.68333 228.03511
0.11450 0.66048 0.00000 219.98341 228.38626
0.20250 0.66048 0.00000 250.77280 229.44797
0.22899 0.66048 0.00000 260.17490 229.64693
0.31699 0.66048 0.00000 291.20828 230.61577
0.34349 0.66048 0.00000 300.48630 230.95163
0.43149 0.66048 0.00000 331.59201 231.98035
0.45799 0.66048 0.00000 341.11032 232.40140
0.54599 0.66048 0.00000 372.34430 233.35841
0.57248 0.66048 0.00000 381.68912 233.61189
0.66048 0.66048 0.00000 413.22211 234.58704

gimbalangles:
-0.349065850399 0.174532925199 0.436332312999 

end: