T_CW:
0.9988208289 0.0408053705 -0.0263034870 -0.5246884221
0.0358385349 -0.9852195543 -0.1675053108 0.6415495047
-0.0327498260 0.1663651150 -0.9855202166 1.2035861820
0.0000000000 0.0000000000 0.0000000000 1.0000000000

T_CW_cov:

target_points_pix:
0.08800 0.11450 0.00000 148.34573 441.67703
0.11450 0.11450 0.00000 158.15768 442.31592
0.20250 0.11450 0.00000 191.78583 443.55307
0.22899 0.11450 0.00000 201.86722 444.36475
0.34349 0.11450 0.00000 245.45171 446.39224
0.45799 0.11450 0.00000 288.93213 448.58215
0.54599 0.11450 0.00000 323.00360 450.25021
0.57248 0.11450 0.00000 333.07956 450.85715
0.66048 0.11450 0.00000 367.20892 452.59314
0.00000 0.20250 0.00000 118.73698 404.87711
0.08800 0.20250 0.00000 151.62616 406.51120
0.11450 0.20250 0.00000 161.62810 406.75848
0.20250 0.20250 0.00000 194.66049 408.26550
0.22899 0.20250 0.00000 204.66461 408.69861
0.31699 0.20250 0.00000 237.61755 410.36545
0.34349 0.20250 0.00000 247.69815 410.65512
0.43149 0.20250 0.00000 280.82385 412.49481
0.45799 0.20250 0.00000 290.74597 412.65726
0.54599 0.20250 0.00000 324.12009 414.45944
0.57248 0.20250 0.00000 334.15222 414.87634
0.66048 0.20250 0.00000 367.73917 416.57089
0.08800 0.22899 0.00000 152.72838 396.15555
0.11450 0.22899 0.00000 162.57176 396.46579
0.20250 0.22899 0.00000 195.49966 397.66006
0.22899 0.22899 0.00000 205.40884 398.30890
0.31699 0.22899 0.00000 238.44949 399.68427
0.34349 0.22899 0.00000 248.29318 400.35559
0.43149 0.22899 0.00000 281.37512 401.61331
0.45799 0.22899 0.00000 291.22229 402.41104
0.54599 0.22899 0.00000 324.46927 403.90347
0.57248 0.22899 0.00000 334.50134 404.55026
0.66048 0.22899 0.00000 368.05548 406.06287
0.00000 0.31699 0.00000 123.50375 360.63483
0.08800 0.31699 0.00000 156.12225 361.88629
0.11450 0.31699 0.00000 165.83804 362.14523
0.20250 0.31699 0.00000 198.36111 363.62350
0.22899 0.31699 0.00000 208.19435 364.08920
0.31699 0.31699 0.00000 240.60852 365.56729
0.34349 0.31699 0.00000 250.31166 365.99881
0.43149 0.31699 0.00000 283.01443 367.53311
0.45799 0.31699 0.00000 292.76852 367.94962
0.54599 0.31699 0.00000 325.63416 369.39087
0.57248 0.31699 0.00000 335.53799 369.80569
0.66048 0.31699 0.00000 368.60477 371.37335
0.08800 0.34349 0.00000 157.07265 351.66025
0.11450 0.34349 0.00000 166.85472 352.21985
0.20250 0.34349 0.00000 199.20990 353.51910
0.22899 0.34349 0.00000 208.82774 353.94949
0.31699 0.34349 0.00000 241.22029 355.47189
0.34349 0.34349 0.00000 250.83157 355.71613
0.43149 0.34349 0.00000 283.42499 357.41025
0.45799 0.34349 0.00000 293.30099 357.69373
0.54599 0.34349 0.00000 326.06134 359.18839
0.57248 0.34349 0.00000 335.84198 359.60049
0.66048 0.34349 0.00000 368.87888 361.21561
0.00000 0.43149 0.00000 128.41000 317.41901
0.08800 0.43149 0.00000 160.34203 318.67953
0.11450 0.43149 0.00000 169.89433 319.13593
0.20250 0.43149 0.00000 201.84497 320.55414
0.22899 0.43149 0.00000 211.38823 320.79376
0.31699 0.43149 0.00000 243.35852 322.23972
0.34349 0.43149 0.00000 252.83934 322.65024
0.43149 0.43149 0.00000 285.15808 323.82700
0.45799 0.43149 0.00000 294.74615 324.46500
0.54599 0.43149 0.00000 327.27576 325.73660
0.57248 0.43149 0.00000 336.97614 326.23859
0.66048 0.43149 0.00000 369.63385 327.51483
0.00000 0.45799 0.00000 129.36679 307.65921
0.08800 0.45799 0.00000 161.31186 308.96783
0.11450 0.45799 0.00000 170.76831 309.53021
0.20250 0.45799 0.00000 202.69316 310.49475
0.22899 0.45799 0.00000 212.01175 311.10641
0.31699 0.45799 0.00000 243.82660 312.35843
0.34349 0.45799 0.00000 253.49675 312.71188
0.43149 0.45799 0.00000 285.58533 314.19928
0.45799 0.45799 0.00000 295.35080 314.57089
0.54599 0.45799 0.00000 327.53589 315.73196
0.57248 0.45799 0.00000 337.34317 316.30127
0.66048 0.45799 0.00000 369.71674 317.54547
0.00000 0.54599 0.00000 132.70538 275.71631
0.08800 0.54599 0.00000 164.42659 277.10034
0.11450 0.54599 0.00000 173.69740 277.41022
0.20250 0.54599 0.00000 205.31470 278.60635
0.22899 0.54599 0.00000 214.60503 278.85944
0.31699 0.54599 0.00000 246.09904 280.21722
0.34349 0.54599 0.00000 255.45488 280.50406
0.43149 0.54599 0.00000 287.20502 281.67633
0.45799 0.54599 0.00000 296.80539 282.11783
0.54599 0.54599 0.00000 328.66083 283.34360
0.57248 0.54599 0.00000 338.43405 283.68607
0.66048 0.54599 0.00000 370.45059 284.90283
0.00000 0.57248 0.00000 133.77719 266.44254
0.08800 0.57248 0.00000 165.25320 267.53156
0.11450 0.57248 0.00000 174.59491 268.14392
0.20250 0.57248 0.00000 205.94835 269.17093
0.22899 0.57248 0.00000 215.32672 269.47015
0.31699 0.57248 0.00000 246.60690 270.58197
0.34349 0.57248 0.00000 256.10449 270.96494
0.43149 0.57248 0.00000 287.68799 272.15662
0.45799 0.57248 0.00000 297.25568 272.51559
0.54599 0.57248 0.00000 329.09219 273.70224
0.57248 0.57248 0.00000 338.59213 274.14944
0.66048 0.57248 0.00000 370.64594 275.38553
0.00000 0.66048 0.00000 137.12018 235.34953
0.08800 0.66048 0.00000 168.27945 236.63235
0.11450 0.66048 0.00000 177.49808 236.91541
0.20250 0.66048 0.00000 208.51677 238.12454
0.22899 0.66048 0.00000 217.65631 238.38036
0.31699 0.66048 0.00000 248.68709 239.43111
0.34349 0.66048 0.00000 258.13519 239.72005
0.43149 0.66048 0.00000 289.30334 240.78960
0.45799 0.66048 0.00000 298.66748 241.18713
0.54599 0.66048 0.00000 330.16855 242.32071
0.57248 0.66048 0.00000 339.69147 242.54164
0.66048 0.66048 0.00000 371.31909 243.65726

gimbalangles:
-0.349065850399 0.349065850399 -0.436332312999 

end: