T_CW:
0.9035741306 -0.2952041756 -0.3104968359 0.1434427075
-0.1529466712 -0.8992354073 0.4098572898 -0.2083606325
-0.4002013321 -0.3228469868 -0.8576763474 1.3917069921
0.0000000000 0.0000000000 0.0000000000 1.0000000000

T_CW_cov:

target_points_pix:
0.00000 0.00000 0.00000 759.16626 185.05293
0.08800 0.00000 0.00000 826.83875 169.78360
0.11450 0.00000 0.00000 848.32513 165.00903
0.20250 0.00000 0.00000 920.69916 148.80350
0.22899 0.00000 0.00000 943.51111 143.73756
0.31699 0.00000 0.00000 1021.64752 126.30963
0.34349 0.00000 0.00000 1045.85693 120.85426
0.43149 0.00000 0.00000 1129.72388 101.70811
0.00000 0.08800 0.00000 740.49054 117.52045
0.08800 0.08800 0.00000 809.36658 100.06081
0.11450 0.08800 0.00000 830.93250 94.58076
0.20250 0.08800 0.00000 904.58032 76.01631
0.22899 0.08800 0.00000 927.81439 70.18985
0.31699 0.08800 0.00000 1006.87549 50.17788
0.34349 0.08800 0.00000 1031.71155 43.69627
0.43149 0.08800 0.00000 1117.20374 22.26107
0.00000 0.11450 0.00000 734.65308 96.48415
0.08800 0.11450 0.00000 803.85370 78.38148
0.00000 0.20250 0.00000 714.82837 25.31212
0.08800 0.20250 0.00000 784.95526 4.89237

gimbalangles:
-0.349065850399 0.349065850399 -0.261799387799 

end: