T_CW:
0.9988259372 0.0410125564 -0.0257821140 -0.5247754293
0.0361542089 -0.9853349772 -0.1667568764 0.6414431452
-0.0322431445 0.1656289615 -0.9856609086 1.2038003453
0.0000000000 0.0000000000 0.0000000000 1.0000000000

T_CW_cov:

target_points_pix:
0.08800 0.11450 0.00000 148.09349 441.53110
0.20250 0.11450 0.00000 191.90575 443.55066
0.22899 0.11450 0.00000 201.83075 444.28122
0.31699 0.11450 0.00000 235.39198 445.66037
0.34349 0.11450 0.00000 245.33751 446.41489
0.43149 0.11450 0.00000 279.18243 447.80316
0.45799 0.11450 0.00000 288.96780 448.50519
0.54599 0.11450 0.00000 322.92300 450.11932
0.57248 0.11450 0.00000 332.89767 450.71512
0.66048 0.11450 0.00000 367.19205 452.60980
0.00000 0.20250 0.00000 118.67711 404.82449
0.08800 0.20250 0.00000 151.64499 406.50275
0.11450 0.20250 0.00000 161.72945 406.70337
0.20250 0.20250 0.00000 194.66428 408.42679
0.22899 0.20250 0.00000 204.62534 408.53955
0.31699 0.20250 0.00000 237.65657 410.05496
0.34349 0.20250 0.00000 247.70406 410.61224
0.43149 0.20250 0.00000 280.83459 412.45343
0.45799 0.20250 0.00000 290.78845 412.61893
0.54599 0.20250 0.00000 324.12256 414.61142
0.57248 0.20250 0.00000 334.18420 414.84775
0.66048 0.20250 0.00000 367.63043 416.53836
0.00000 0.22899 0.00000 119.78098 394.60828
0.08800 0.22899 0.00000 152.73122 395.83215
0.11450 0.22899 0.00000 162.61794 396.45404
0.22899 0.22899 0.00000 205.55788 398.31195
0.31699 0.22899 0.00000 238.46179 399.65149
0.34349 0.22899 0.00000 248.37617 400.24310
0.43149 0.22899 0.00000 281.32114 401.75317
0.45799 0.22899 0.00000 291.17374 402.24603
0.54599 0.22899 0.00000 324.55142 403.81845
0.57248 0.22899 0.00000 334.41721 404.35330
0.66048 0.22899 0.00000 367.92441 406.17810
0.00000 0.31699 0.00000 123.49693 360.47003
0.08800 0.31699 0.00000 156.10764 361.91690
0.11450 0.31699 0.00000 165.80434 362.37646
0.20250 0.31699 0.00000 198.38222 363.59866
0.22899 0.31699 0.00000 208.02951 363.95117
0.31699 0.31699 0.00000 240.60373 365.61414
0.34349 0.31699 0.00000 250.38263 365.91248
0.43149 0.31699 0.00000 282.98749 367.59070
0.45799 0.31699 0.00000 292.74146 367.85403
0.54599 0.31699 0.00000 325.62180 369.39612
0.57248 0.31699 0.00000 335.54514 369.86215
0.66048 0.31699 0.00000 368.67606 371.39255
0.00000 0.34349 0.00000 124.53177 350.50525
0.08800 0.34349 0.00000 156.98056 351.65604
0.11450 0.34349 0.00000 166.76314 352.31488
0.20250 0.34349 0.00000 199.15785 353.36536
0.22899 0.34349 0.00000 208.84406 353.77170
0.31699 0.34349 0.00000 241.32492 355.14798
0.34349 0.34349 0.00000 250.95169 355.73578
0.43149 0.34349 0.00000 283.47610 357.39197
0.45799 0.34349 0.00000 293.28574 357.79401
0.54599 0.34349 0.00000 325.97409 359.13541
0.57248 0.34349 0.00000 335.82132 359.58191
0.66048 0.34349 0.00000 368.83710 361.30615
0.00000 0.43149 0.00000 128.30418 317.41019
0.08800 0.43149 0.00000 160.35982 318.75000
0.11450 0.43149 0.00000 169.88744 318.98941
0.20250 0.43149 0.00000 201.87663 320.44897
0.22899 0.43149 0.00000 211.40947 320.70541
0.31699 0.43149 0.00000 243.34138 322.36420
0.34349 0.43149 0.00000 252.86969 322.55188
0.43149 0.43149 0.00000 285.15848 323.98471
0.45799 0.43149 0.00000 294.72318 324.44424
0.54599 0.43149 0.00000 327.27600 325.72214
0.57248 0.43149 0.00000 336.96637 326.12140
0.66048 0.43149 0.00000 369.56940 327.56198
0.00000 0.45799 0.00000 129.23631 307.57404
0.08800 0.45799 0.00000 161.17352 308.75516
0.11450 0.45799 0.00000 170.87064 309.44696
0.20250 0.45799 0.00000 202.64134 310.44421
0.22899 0.45799 0.00000 212.06395 310.94681
0.31699 0.45799 0.00000 243.83354 312.40005
0.34349 0.45799 0.00000 253.56108 312.79593
0.43149 0.45799 0.00000 285.53943 314.15396
0.45799 0.45799 0.00000 295.33469 314.55435
0.54599 0.45799 0.00000 327.51434 315.72882
0.57248 0.45799 0.00000 337.38696 316.26395
0.66048 0.45799 0.00000 369.75217 317.51904
0.00000 0.54599 0.00000 132.78596 275.56839
0.08800 0.54599 0.00000 164.42513 277.06720
0.11450 0.54599 0.00000 173.65012 277.26257
0.20250 0.54599 0.00000 205.19460 278.57065
0.22899 0.54599 0.00000 214.46790 278.95837
0.31699 0.54599 0.00000 246.12897 280.20071
0.34349 0.54599 0.00000 255.49585 280.46243
0.43149 0.54599 0.00000 287.29654 281.66479
0.45799 0.54599 0.00000 296.75119 282.03116
0.54599 0.54599 0.00000 328.70148 283.37958
0.57248 0.54599 0.00000 338.41336 283.67099
0.66048 0.54599 0.00000 370.46140 284.92477
0.00000 0.57248 0.00000 133.79135 266.49683
0.08800 0.57248 0.00000 165.35402 267.41812
0.11450 0.57248 0.00000 174.65672 267.92627
0.20250 0.57248 0.00000 205.90340 269.03638
0.22899 0.57248 0.00000 215.30324 269.44131
0.31699 0.57248 0.00000 246.58717 270.56506
0.34349 0.57248 0.00000 256.15915 271.07590
0.43149 0.57248 0.00000 287.64075 272.31155
0.45799 0.57248 0.00000 297.29745 272.59109
0.54599 0.57248 0.00000 329.13989 273.67242
0.57248 0.57248 0.00000 338.61505 274.10098
0.66048 0.57248 0.00000 370.67841 275.31140
0.00000 0.66048 0.00000 137.21782 235.40004
0.08800 0.66048 0.00000 168.31802 236.50197
0.11450 0.66048 0.00000 177.44424 236.94249
0.20250 0.66048 0.00000 208.46039 238.01419
0.22899 0.66048 0.00000 217.73177 238.32985
0.31699 0.66048 0.00000 248.63965 239.38432
0.34349 0.66048 0.00000 258.06583 239.62741
0.43149 0.66048 0.00000 289.38754 240.73691
0.45799 0.66048 0.00000 298.73938 241.17453
0.54599 0.66048 0.00000 330.14560 242.31114
0.57248 0.66048 0.00000 339.65668 242.55093
0.66048 0.66048 0.00000 371.30756 243.67935

gimbalangles:
-0.349065850399 0.349065850399 -0.261799387799 

end: