T_CW:
0.9991268549 0.0364457766 -0.0204262874 -0.4116922783
0.0326572146 -0.9862073077 -0.1622610631 0.6369074148
-0.0260582844 0.1614523200 -0.9865364231 1.2039673073
0.0000000000 0.0000000000 0.0000000000 1.0000000000

T_CW_cov:

target_points_pix:
0.00000 0.11450 0.00000 162.17773 429.59805
0.08800 0.11450 0.00000 195.40317 431.05511
0.11450 0.11450 0.00000 205.09535 431.47754
0.20250 0.11450 0.00000 238.36227 432.89532
0.22899 0.11450 0.00000 248.31024 433.42551
0.31699 0.11450 0.00000 281.59802 434.76083
0.34349 0.11450 0.00000 291.52798 435.27725
0.43149 0.11450 0.00000 325.19110 436.63000
0.54599 0.11450 0.00000 368.77216 438.53793
0.57248 0.11450 0.00000 378.62360 439.03442
0.66048 0.11450 0.00000 412.55923 440.56027
0.00000 0.20250 0.00000 165.27348 394.95798
0.08800 0.20250 0.00000 197.79077 396.37411
0.11450 0.20250 0.00000 207.77602 396.59924
0.20250 0.20250 0.00000 240.48360 397.99377
0.22899 0.20250 0.00000 250.45479 398.39105
0.31699 0.20250 0.00000 283.31985 399.71161
0.34349 0.20250 0.00000 293.30615 400.26184
0.43149 0.20250 0.00000 326.23093 401.49194
0.45799 0.20250 0.00000 336.16248 401.94870
0.54599 0.20250 0.00000 369.19400 403.31311
0.57248 0.20250 0.00000 379.24191 403.69470
0.66048 0.20250 0.00000 412.44171 405.16559
0.00000 0.22899 0.00000 166.11624 384.69769
0.08800 0.22899 0.00000 198.67891 386.02005
0.11450 0.22899 0.00000 208.48531 386.47299
0.20250 0.22899 0.00000 241.20567 387.62289
0.22899 0.22899 0.00000 250.96681 388.17685
0.31699 0.22899 0.00000 283.76657 389.41769
0.34349 0.22899 0.00000 293.55072 389.86142
0.43149 0.22899 0.00000 326.58789 391.19934
0.45799 0.22899 0.00000 336.33395 391.58719
0.54599 0.22899 0.00000 369.45633 392.94843
0.57248 0.22899 0.00000 379.39407 393.39825
0.66048 0.22899 0.00000 412.55612 394.75681
0.00000 0.31699 0.00000 168.98088 350.98288
0.08800 0.31699 0.00000 201.29555 352.40558
0.11450 0.31699 0.00000 210.91261 352.56180
0.20250 0.31699 0.00000 243.24681 353.81772
0.22899 0.31699 0.00000 252.99835 354.31534
0.31699 0.31699 0.00000 285.39044 355.54861
0.34349 0.31699 0.00000 294.99994 355.90820
0.43149 0.31699 0.00000 327.53723 357.28375
0.45799 0.31699 0.00000 337.41516 357.60214
0.54599 0.31699 0.00000 370.04501 358.81104
0.57248 0.31699 0.00000 379.85947 359.31473
0.66048 0.31699 0.00000 412.61383 360.50189
0.00000 0.34349 0.00000 169.80849 341.15210
0.08800 0.34349 0.00000 202.02690 342.34662
0.11450 0.34349 0.00000 211.60812 342.62384
0.20250 0.34349 0.00000 243.81270 343.88394
0.22899 0.34349 0.00000 253.54480 344.37210
0.31699 0.34349 0.00000 285.74103 345.52597
0.34349 0.34349 0.00000 295.49960 346.06421
0.43149 0.34349 0.00000 327.88205 347.34454
0.45799 0.34349 0.00000 337.55823 347.61609
0.54599 0.34349 0.00000 370.17215 348.88843
0.57248 0.34349 0.00000 379.97656 349.20621
0.66048 0.34349 0.00000 412.67044 350.37305
0.00000 0.43149 0.00000 172.70345 308.39917
0.08800 0.43149 0.00000 204.50121 309.57797
0.11450 0.43149 0.00000 214.07335 309.90491
0.20250 0.43149 0.00000 245.73624 311.30215
0.22899 0.43149 0.00000 255.48354 311.49918
0.31699 0.43149 0.00000 287.34439 312.68707
0.34349 0.43149 0.00000 296.84665 313.20297
0.43149 0.43149 0.00000 328.87033 314.41187
0.45799 0.43149 0.00000 338.54816 314.63327
0.54599 0.43149 0.00000 370.69781 315.80005
0.57248 0.43149 0.00000 380.48135 316.22699
0.66048 0.43149 0.00000 412.74313 317.35379
0.00000 0.45799 0.00000 173.57576 298.88086
0.08800 0.45799 0.00000 205.25856 299.96603
0.11450 0.45799 0.00000 214.70352 300.38306
0.20250 0.45799 0.00000 246.47745 301.47339
0.22899 0.45799 0.00000 255.84084 301.86401
0.31699 0.45799 0.00000 287.71417 303.02969
0.34349 0.45799 0.00000 297.40060 303.43015
0.43149 0.45799 0.00000 329.27939 304.57117
0.45799 0.45799 0.00000 338.80963 304.88589
0.54599 0.45799 0.00000 370.96475 306.06427
0.57248 0.45799 0.00000 380.55121 306.43015
0.66048 0.45799 0.00000 412.74075 307.54742
0.00000 0.54599 0.00000 176.38068 267.21246
0.08800 0.54599 0.00000 207.61142 268.38507
0.11450 0.54599 0.00000 216.97653 268.53613
0.20250 0.54599 0.00000 248.35121 269.61374
0.22899 0.54599 0.00000 257.69241 270.04166
0.31699 0.54599 0.00000 289.26193 271.26724
0.34349 0.54599 0.00000 298.59064 271.48779
0.43149 0.54599 0.00000 330.32101 272.58658
0.45799 0.54599 0.00000 339.76215 272.96933
0.54599 0.54599 0.00000 371.50406 273.98553
0.57248 0.54599 0.00000 381.12854 274.39005
0.66048 0.54599 0.00000 412.85019 275.44006
0.00000 0.57248 0.00000 177.16634 257.82370
0.08800 0.57248 0.00000 208.36816 258.84720
0.11450 0.57248 0.00000 217.62073 259.30386
0.20250 0.57248 0.00000 248.82770 260.38287
0.22899 0.57248 0.00000 258.32852 260.59073
0.31699 0.57248 0.00000 289.56134 261.68533
0.34349 0.57248 0.00000 299.07510 262.06528
0.43149 0.57248 0.00000 330.54849 263.23126
0.45799 0.57248 0.00000 340.11435 263.45795
0.54599 0.57248 0.00000 371.63290 264.51773
0.57248 0.57248 0.00000 381.23901 264.77509
0.66048 0.57248 0.00000 412.91733 265.81903
0.00000 0.66048 0.00000 179.70256 227.01459
0.08800 0.66048 0.00000 210.55405 228.13336
0.11450 0.66048 0.00000 219.80124 228.39790
0.20250 0.66048 0.00000 250.70596 229.46857
0.22899 0.66048 0.00000 259.99472 229.65074
0.31699 0.66048 0.00000 291.02786 230.60269
0.34349 0.66048 0.00000 300.38974 230.97595
0.43149 0.66048 0.00000 331.54446 232.03789
0.45799 0.66048 0.00000 340.92020 232.29636
0.54599 0.66048 0.00000 372.26163 233.34209
0.57248 0.66048 0.00000 381.59152 233.58145
0.66048 0.66048 0.00000 413.11414 234.58206

gimbalangles:
-0.349065850399 0.349065850399 -0.261799387799 

end: