T_CW:
0.9442140694 -0.2945068074 -0.1473958327 -0.0903033082
-0.2244343524 -0.9029611988 0.3664564026 -0.1222291400
-0.2410166229 -0.3129326029 -0.9186861126 1.4044014278
0.0000000000 0.0000000000 0.0000000000 1.0000000000

T_CW_cov:

target_points_pix:
0.00000 0.00000 0.00000 573.92340 254.36226
0.08800 0.00000 0.00000 639.25037 237.26997
0.11450 0.00000 0.00000 659.42090 231.82991
0.20250 0.00000 0.00000 727.34564 214.06223
0.22899 0.00000 0.00000 748.32886 208.55647
0.31699 0.00000 0.00000 819.31958 189.84445
0.34349 0.00000 0.00000 841.32782 184.05783
0.43149 0.00000 0.00000 915.19049 164.50639
0.45799 0.00000 0.00000 937.78967 158.58098
0.54599 0.00000 0.00000 1015.29456 137.88057
0.57248 0.00000 0.00000 1038.89697 131.70506
0.66048 0.00000 0.00000 1119.66833 110.35772
0.00000 0.08800 0.00000 551.64215 188.66360
0.08800 0.08800 0.00000 618.00366 170.10757
0.11450 0.08800 0.00000 638.60999 164.39513
0.20250 0.08800 0.00000 707.49371 144.82549
0.22899 0.08800 0.00000 728.95837 138.84009
0.31699 0.08800 0.00000 800.85535 118.63386
0.34349 0.08800 0.00000 823.26611 112.48071
0.43149 0.08800 0.00000 898.47839 91.35399
0.45799 0.08800 0.00000 921.50146 84.78984
0.57248 0.08800 0.00000 1024.55457 55.70577
0.66048 0.08800 0.00000 1106.67334 32.75602
0.00000 0.11450 0.00000 544.82892 168.38847
0.08800 0.11450 0.00000 611.49298 149.28624
0.11450 0.11450 0.00000 632.07269 143.38652
0.20250 0.11450 0.00000 701.49072 123.50735
0.22899 0.11450 0.00000 722.81964 117.41271
0.31699 0.11450 0.00000 795.31152 96.60703
0.00000 0.20250 0.00000 521.45319 99.35455
0.08800 0.20250 0.00000 588.95276 78.66179
0.11450 0.20250 0.00000 609.81903 72.24433
0.20250 0.20250 0.00000 680.37909 51.01089
0.22899 0.20250 0.00000 702.44391 44.28803
0.31699 0.20250 0.00000 775.75433 21.94053

gimbalangles:
-0.349065850399 0.349065850399 -0.0872664625997 

end: