T_CW:
0.9990869943 0.0373079300 -0.0208157693 -0.4116684146
0.0334523087 -0.9862233387 -0.1620014485 0.6365712037
-0.0265729362 0.1611572047 -0.9865709475 1.2043270895
0.0000000000 0.0000000000 0.0000000000 1.0000000000

T_CW_cov:

target_points_pix:
0.00000 0.11450 0.00000 162.29033 429.47830
0.08800 0.11450 0.00000 195.44220 430.89984
0.11450 0.11450 0.00000 205.16827 431.43341
0.20250 0.11450 0.00000 238.55034 432.73102
0.22899 0.11450 0.00000 248.42853 433.30746
0.31699 0.11450 0.00000 281.67767 434.67276
0.34349 0.11450 0.00000 291.52859 435.15820
0.43149 0.11450 0.00000 325.12643 436.72897
0.54599 0.11450 0.00000 368.73172 438.60806
0.57248 0.11450 0.00000 378.76395 439.10965
0.66048 0.11450 0.00000 412.49701 440.61154
0.00000 0.20250 0.00000 165.39897 394.74478
0.08800 0.20250 0.00000 197.96504 396.28851
0.11450 0.20250 0.00000 207.85989 396.54718
0.20250 0.20250 0.00000 240.55380 397.85635
0.22899 0.20250 0.00000 250.56209 398.33093
0.31699 0.20250 0.00000 283.36432 399.69775
0.34349 0.20250 0.00000 293.34030 400.16785
0.43149 0.20250 0.00000 326.22821 401.50513
0.45799 0.20250 0.00000 336.26917 401.88232
0.54599 0.20250 0.00000 369.33170 403.41135
0.57248 0.20250 0.00000 379.32825 403.73654
0.66048 0.20250 0.00000 412.51840 405.24799
0.00000 0.22899 0.00000 166.22295 384.55576
0.08800 0.22899 0.00000 198.74492 385.87271
0.11450 0.22899 0.00000 208.55338 386.37369
0.20250 0.22899 0.00000 241.35864 387.53424
0.22899 0.22899 0.00000 251.06377 388.07974
0.31699 0.22899 0.00000 283.79309 389.35895
0.34349 0.22899 0.00000 293.63300 389.74979
0.43149 0.22899 0.00000 326.57477 391.29276
0.45799 0.22899 0.00000 336.39612 391.56174
0.54599 0.22899 0.00000 369.48901 393.04504
0.57248 0.22899 0.00000 379.36511 393.40485
0.66048 0.22899 0.00000 412.61798 394.81732
0.00000 0.31699 0.00000 169.14552 350.81821
0.08800 0.31699 0.00000 201.46698 352.29889
0.11450 0.31699 0.00000 211.02283 352.52866
0.20250 0.31699 0.00000 243.37656 353.75464
0.22899 0.31699 0.00000 253.07936 354.28561
0.31699 0.31699 0.00000 285.45438 355.54156
0.34349 0.31699 0.00000 295.19354 355.89227
0.43149 0.31699 0.00000 327.62930 357.32541
0.45799 0.31699 0.00000 337.44919 357.57333
0.54599 0.31699 0.00000 370.13950 358.84311
0.57248 0.31699 0.00000 379.94678 359.32657
0.66048 0.31699 0.00000 412.66022 360.54507
0.00000 0.34349 0.00000 169.95390 341.02792
0.08800 0.34349 0.00000 202.28346 342.16885
0.11450 0.34349 0.00000 211.75456 342.54004
0.20250 0.34349 0.00000 243.88402 343.85895
0.22899 0.34349 0.00000 253.57802 344.30392
0.31699 0.34349 0.00000 285.89874 345.49829
0.34349 0.34349 0.00000 295.58804 345.95505
0.43149 0.34349 0.00000 328.04376 347.27112
0.45799 0.34349 0.00000 337.67078 347.58905
0.54599 0.34349 0.00000 370.36401 348.79422
0.57248 0.34349 0.00000 380.11395 349.31552
0.66048 0.34349 0.00000 412.79428 350.45377
0.00000 0.43149 0.00000 172.83337 308.39584
0.08800 0.43149 0.00000 204.59641 309.47006
0.11450 0.43149 0.00000 214.23877 309.81873
0.20250 0.43149 0.00000 245.97224 311.20685
0.22899 0.43149 0.00000 255.54224 311.44971
0.31699 0.43149 0.00000 287.40906 312.68823
0.34349 0.43149 0.00000 297.03741 313.18134
0.43149 0.43149 0.00000 329.01389 314.29510
0.45799 0.43149 0.00000 338.65646 314.64822
0.54599 0.43149 0.00000 370.91785 315.84326
0.57248 0.43149 0.00000 380.57437 316.30713
0.66048 0.43149 0.00000 412.92856 317.35419
0.00000 0.45799 0.00000 173.70677 298.74341
0.11450 0.45799 0.00000 214.86421 300.35822
0.20250 0.45799 0.00000 246.56584 301.43362
0.22899 0.45799 0.00000 256.05457 301.76794
0.31699 0.45799 0.00000 287.85690 303.03891
0.34349 0.45799 0.00000 297.50790 303.45782
0.43149 0.45799 0.00000 329.44403 304.55939
0.45799 0.45799 0.00000 338.98593 304.90833
0.54599 0.45799 0.00000 371.12686 306.15622
0.57248 0.45799 0.00000 380.70212 306.47055
0.66048 0.45799 0.00000 412.97943 307.54755
0.00000 0.54599 0.00000 176.55467 267.10406
0.08800 0.54599 0.00000 207.75273 268.30893
0.11450 0.54599 0.00000 217.26872 268.43085
0.20250 0.54599 0.00000 248.48785 269.58698
0.22899 0.54599 0.00000 257.91672 269.92377
0.31699 0.54599 0.00000 289.35669 271.18283
0.34349 0.54599 0.00000 298.75696 271.44894
0.43149 0.54599 0.00000 330.43356 272.58286
0.45799 0.54599 0.00000 339.91119 272.96454
0.54599 0.54599 0.00000 371.65112 273.99390
0.57248 0.54599 0.00000 381.31772 274.40518
0.66048 0.54599 0.00000 413.12296 275.47421
0.00000 0.57248 0.00000 177.38333 257.62036
0.08800 0.57248 0.00000 208.47807 258.71039
0.11450 0.57248 0.00000 217.80974 259.23996
0.20250 0.57248 0.00000 249.06482 260.29297
0.22899 0.57248 0.00000 258.46442 260.57504
0.31699 0.57248 0.00000 289.75626 261.69177
0.34349 0.57248 0.00000 299.34451 262.11380
0.43149 0.57248 0.00000 330.68274 263.18109
0.45799 0.57248 0.00000 340.28070 263.46204
0.54599 0.57248 0.00000 371.82010 264.53586
0.57248 0.57248 0.00000 381.40894 264.81042
0.66048 0.57248 0.00000 413.14609 265.97958
0.00000 0.66048 0.00000 179.94385 226.83249
0.08800 0.66048 0.00000 210.82297 227.97044
0.11450 0.66048 0.00000 220.14658 228.32779
0.20250 0.66048 0.00000 250.93698 229.37297
0.22899 0.66048 0.00000 260.27481 229.58875
0.31699 0.66048 0.00000 291.28610 230.57594
0.34349 0.66048 0.00000 300.56378 230.95914
0.43149 0.66048 0.00000 331.71570 231.96487
0.45799 0.66048 0.00000 341.18277 232.34477
0.54599 0.66048 0.00000 372.43204 233.36443
0.57248 0.66048 0.00000 381.77853 233.64424
0.66048 0.66048 0.00000 413.25513 234.64462

gimbalangles:
-0.349065850399 0.349065850399 -0.0872664625997 

end: