T_CW:
0.9987641590 0.0416864945 -0.0270627205 -0.5247190347
0.0366017055 -0.9852931180 -0.1669065212 0.6410272647
-0.0336224600 0.1657097096 -0.9856012492 1.2042404958
0.0000000000 0.0000000000 0.0000000000 1.0000000000

T_CW_cov:

target_points_pix:
0.08800 0.11450 0.00000 148.25893 441.38834
0.11450 0.11450 0.00000 158.24057 442.01764
0.20250 0.11450 0.00000 191.66154 443.46786
0.22899 0.11450 0.00000 201.68651 444.00146
0.34349 0.11450 0.00000 245.55675 446.25763
0.45799 0.11450 0.00000 288.98868 448.34042
0.54599 0.11450 0.00000 323.04291 450.19586
0.57248 0.11450 0.00000 333.11017 450.82938
0.66048 0.11450 0.00000 367.19415 452.64297
0.00000 0.20250 0.00000 118.86852 404.60538
0.08800 0.20250 0.00000 151.84036 406.29584
0.11450 0.20250 0.00000 161.74779 406.51697
0.22899 0.20250 0.00000 204.65375 408.44443
0.31699 0.20250 0.00000 237.80133 409.99496
0.34349 0.20250 0.00000 247.75418 410.52426
0.43149 0.20250 0.00000 280.79822 412.26315
0.45799 0.20250 0.00000 290.94556 412.73535
0.54599 0.20250 0.00000 324.23227 414.53970
0.57248 0.20250 0.00000 334.28531 414.81348
0.66048 0.20250 0.00000 367.83215 416.70468
0.08800 0.22899 0.00000 152.73273 395.57861
0.11450 0.22899 0.00000 162.76732 396.36386
0.20250 0.22899 0.00000 195.61186 397.64328
0.22899 0.22899 0.00000 205.49469 398.05615
0.31699 0.22899 0.00000 238.49646 399.64386
0.43149 0.22899 0.00000 281.37549 401.59976
0.45799 0.22899 0.00000 291.21506 402.22650
0.54599 0.22899 0.00000 324.56024 403.96008
0.57248 0.22899 0.00000 334.52536 404.27713
0.66048 0.22899 0.00000 368.03061 405.97110
0.00000 0.31699 0.00000 123.67990 360.31406
0.08800 0.31699 0.00000 156.37027 361.52603
0.11450 0.31699 0.00000 166.10025 361.95218
0.20250 0.31699 0.00000 198.53499 363.53757
0.31699 0.31699 0.00000 240.72148 365.45563
0.34349 0.31699 0.00000 250.46512 365.83786
0.43149 0.31699 0.00000 283.00934 367.44278
0.45799 0.31699 0.00000 292.89703 367.85608
0.54599 0.31699 0.00000 325.74469 369.35831
0.57248 0.31699 0.00000 335.63498 369.76459
0.66048 0.31699 0.00000 368.77271 371.49506
0.00000 0.34349 0.00000 124.80383 350.36179
0.08800 0.34349 0.00000 157.25359 351.42401
0.11450 0.34349 0.00000 167.01700 351.97025
0.20250 0.34349 0.00000 199.29088 353.31833
0.22899 0.34349 0.00000 208.94801 353.76956
0.31699 0.34349 0.00000 241.34662 355.32288
0.34349 0.34349 0.00000 251.02988 355.73663
0.43149 0.34349 0.00000 283.53665 357.26047
0.45799 0.34349 0.00000 293.40622 357.60767
0.54599 0.34349 0.00000 326.15494 359.19885
0.57248 0.34349 0.00000 335.99060 359.57605
0.66048 0.34349 0.00000 368.89325 361.09576
0.00000 0.43149 0.00000 128.46017 317.29425
0.08800 0.43149 0.00000 160.48160 318.51486
0.11450 0.43149 0.00000 170.00684 318.74820
0.20250 0.43149 0.00000 201.97057 320.43246
0.22899 0.43149 0.00000 211.47128 320.63858
0.31699 0.43149 0.00000 243.49631 322.25803
0.34349 0.43149 0.00000 253.01347 322.46271
0.43149 0.43149 0.00000 285.33176 323.91101
0.45799 0.43149 0.00000 294.77762 324.35605
0.54599 0.43149 0.00000 327.41876 325.72293
0.57248 0.43149 0.00000 337.01221 326.17319
0.66048 0.43149 0.00000 369.66739 327.52637
0.00000 0.45799 0.00000 129.57976 307.53732
0.08800 0.45799 0.00000 161.31256 308.67462
0.11450 0.45799 0.00000 171.05879 309.32794
0.20250 0.45799 0.00000 202.73868 310.42572
0.22899 0.45799 0.00000 212.27330 310.98346
0.31699 0.45799 0.00000 244.00929 312.37042
0.34349 0.45799 0.00000 253.63321 312.62512
0.43149 0.45799 0.00000 285.68048 314.07953
0.45799 0.45799 0.00000 295.38519 314.50851
0.54599 0.45799 0.00000 327.67578 315.64700
0.57248 0.45799 0.00000 337.46524 316.19397
0.66048 0.45799 0.00000 369.82684 317.57373
0.00000 0.54599 0.00000 132.99391 275.53754
0.08800 0.54599 0.00000 164.51385 276.90186
0.11450 0.54599 0.00000 173.91367 277.25021
0.20250 0.54599 0.00000 205.37270 278.45929
0.22899 0.54599 0.00000 214.69682 278.76157
0.31699 0.54599 0.00000 246.22116 280.00394
0.34349 0.54599 0.00000 255.64940 280.41406
0.43149 0.54599 0.00000 287.44186 281.62711
0.45799 0.54599 0.00000 296.84695 282.09415
0.54599 0.54599 0.00000 328.82498 283.33533
0.57248 0.54599 0.00000 338.51413 283.68713
0.66048 0.54599 0.00000 370.55670 284.96255
0.00000 0.57248 0.00000 134.07994 266.27417
0.08800 0.57248 0.00000 165.47948 267.38300
0.11450 0.57248 0.00000 174.80168 267.86212
0.20250 0.57248 0.00000 206.10226 268.87790
0.22899 0.57248 0.00000 215.51180 269.38620
0.31699 0.57248 0.00000 246.75856 270.48706
0.34349 0.57248 0.00000 256.31830 270.86456
0.43149 0.57248 0.00000 287.81543 272.12714
0.45799 0.57248 0.00000 297.41519 272.49789
0.54599 0.57248 0.00000 329.35410 273.61380
0.57248 0.57248 0.00000 338.72546 274.05063
0.66048 0.57248 0.00000 370.80618 275.36209
0.00000 0.66048 0.00000 137.33778 235.10632
0.08800 0.66048 0.00000 168.48436 236.47592
0.11450 0.66048 0.00000 177.67049 236.58540
0.20250 0.66048 0.00000 208.56480 237.83916
0.22899 0.66048 0.00000 217.90866 238.22847
0.31699 0.66048 0.00000 248.85767 239.42786
0.34349 0.66048 0.00000 258.25989 239.57086
0.43149 0.66048 0.00000 289.51126 240.60091
0.45799 0.66048 0.00000 298.86649 241.07124
0.54599 0.66048 0.00000 330.36075 242.27817
0.57248 0.66048 0.00000 339.85693 242.52156
0.66048 0.66048 0.00000 371.44244 243.63704

gimbalangles:
-0.349065850399 0.349065850399 -0.0872664625997 

end: