T_CW:
0.9987937613 0.0416373688 -0.0260259860 -0.5247066744
0.0367007791 -0.9851640339 -0.1676450986 0.6409188534
-0.0326201662 0.1664877046 -0.9855038148 1.2037784610
0.0000000000 0.0000000000 0.0000000000 1.0000000000

T_CW_cov:

target_points_pix:
0.08800 0.11450 0.00000 148.34460 441.42914
0.11450 0.11450 0.00000 158.46143 442.08310
0.20250 0.11450 0.00000 191.81886 443.49390
0.22899 0.11450 0.00000 201.84303 444.00677
0.31699 0.11450 0.00000 235.33315 445.58994
0.34349 0.11450 0.00000 245.36940 446.37100
0.43149 0.11450 0.00000 279.00800 447.86423
0.45799 0.11450 0.00000 289.20462 448.40555
0.54599 0.11450 0.00000 322.95874 450.18164
0.57248 0.11450 0.00000 332.96152 450.70044
0.66048 0.11450 0.00000 367.34238 452.51273
0.00000 0.20250 0.00000 118.80931 404.60809
0.08800 0.20250 0.00000 151.85301 406.40179
0.11450 0.20250 0.00000 161.66943 406.48016
0.20250 0.20250 0.00000 194.73674 408.04541
0.22899 0.20250 0.00000 204.67119 408.48569
0.31699 0.20250 0.00000 237.89020 410.09561
0.34349 0.20250 0.00000 247.78375 410.50879
0.43149 0.20250 0.00000 280.82498 412.28336
0.45799 0.20250 0.00000 290.79474 412.67709
0.54599 0.20250 0.00000 324.17056 414.43561
0.57248 0.20250 0.00000 334.30865 414.76450
0.66048 0.20250 0.00000 367.80121 416.57297
0.00000 0.22899 0.00000 119.94627 394.36902
0.08800 0.22899 0.00000 152.79539 395.69046
0.11450 0.22899 0.00000 162.75157 396.31781
0.20250 0.22899 0.00000 195.69872 397.63019
0.22899 0.22899 0.00000 205.59850 398.22034
0.34349 0.22899 0.00000 248.35472 400.07809
0.43149 0.22899 0.00000 281.46774 401.60214
0.45799 0.22899 0.00000 291.38196 402.21335
0.54599 0.22899 0.00000 324.57080 403.83145
0.57248 0.22899 0.00000 334.49338 404.30713
0.66048 0.22899 0.00000 368.04056 405.96231
0.00000 0.31699 0.00000 123.68526 360.37759
0.08800 0.31699 0.00000 156.34827 361.65576
0.11450 0.31699 0.00000 165.89111 361.82068
0.20250 0.31699 0.00000 198.53386 363.46466
0.22899 0.31699 0.00000 208.30728 363.75082
0.31699 0.31699 0.00000 240.70374 365.32541
0.34349 0.31699 0.00000 250.50928 365.77655
0.43149 0.31699 0.00000 283.05432 367.45242
0.45799 0.31699 0.00000 292.83722 367.81091
0.54599 0.31699 0.00000 325.73654 369.38272
0.57248 0.31699 0.00000 335.53006 369.72064
0.66048 0.31699 0.00000 368.65115 371.28085
0.08800 0.34349 0.00000 157.16518 351.47476
0.11450 0.34349 0.00000 167.00488 352.03531
0.20250 0.34349 0.00000 199.21930 353.27090
0.22899 0.34349 0.00000 209.01926 353.77982
0.31699 0.34349 0.00000 241.34195 355.26520
0.34349 0.34349 0.00000 250.91193 355.61331
0.43149 0.34349 0.00000 283.55563 357.24072
0.45799 0.34349 0.00000 293.33792 357.73987
0.54599 0.34349 0.00000 326.09518 359.24823
0.57248 0.34349 0.00000 335.96271 359.58170
0.66048 0.34349 0.00000 368.99280 361.02774
0.00000 0.43149 0.00000 128.33150 317.09863
0.08800 0.43149 0.00000 160.50122 318.52951
0.11450 0.43149 0.00000 170.16167 318.78183
0.20250 0.43149 0.00000 201.97069 320.45508
0.22899 0.43149 0.00000 211.46593 320.45779
0.31699 0.43149 0.00000 243.47720 322.06140
0.34349 0.43149 0.00000 252.99995 322.46082
0.43149 0.43149 0.00000 285.31702 323.91528
0.45799 0.43149 0.00000 294.80093 324.38065
0.54599 0.43149 0.00000 327.35022 325.67722
0.57248 0.43149 0.00000 337.14050 325.97702
0.66048 0.43149 0.00000 369.69687 327.45328
0.00000 0.45799 0.00000 129.52173 307.52124
0.08800 0.45799 0.00000 161.45100 308.58432
0.11450 0.45799 0.00000 170.97902 309.23648
0.20250 0.45799 0.00000 202.70885 310.28568
0.22899 0.45799 0.00000 212.27686 310.81870
0.31699 0.45799 0.00000 244.10820 312.17645
0.34349 0.45799 0.00000 253.66144 312.58301
0.43149 0.45799 0.00000 285.66034 313.96582
0.45799 0.45799 0.00000 295.36078 314.38904
0.54599 0.45799 0.00000 327.68103 315.68079
0.57248 0.45799 0.00000 337.41623 316.26782
0.66048 0.45799 0.00000 369.87775 317.49063
0.00000 0.54599 0.00000 132.91737 275.43277
0.08800 0.54599 0.00000 164.55608 276.74313
0.11450 0.54599 0.00000 173.90945 277.33405
0.20250 0.54599 0.00000 205.42484 278.55255
0.22899 0.54599 0.00000 214.62505 278.83243
0.31699 0.54599 0.00000 246.22316 280.08835
0.34349 0.54599 0.00000 255.63397 280.45334
0.43149 0.54599 0.00000 287.43161 281.62466
0.45799 0.54599 0.00000 296.89246 281.90399
0.54599 0.54599 0.00000 328.81842 283.38284
0.57248 0.54599 0.00000 338.48972 283.65848
0.66048 0.54599 0.00000 370.58096 284.89307
0.00000 0.57248 0.00000 134.06749 266.42410
0.08800 0.57248 0.00000 165.47409 267.42941
0.11450 0.57248 0.00000 174.79300 267.80585
0.20250 0.57248 0.00000 206.09412 268.79550
0.22899 0.57248 0.00000 215.56178 269.48242
0.31699 0.57248 0.00000 246.80103 270.39743
0.34349 0.57248 0.00000 256.34171 270.84735
0.43149 0.57248 0.00000 287.75583 272.24777
0.45799 0.57248 0.00000 297.42905 272.53763
0.54599 0.57248 0.00000 329.32190 273.65823
0.57248 0.57248 0.00000 338.69638 274.13458
0.66048 0.57248 0.00000 370.77112 275.45441
0.00000 0.66048 0.00000 137.33499 235.05228
0.08800 0.66048 0.00000 168.46794 236.41638
0.11450 0.66048 0.00000 177.70364 236.57684
0.20250 0.66048 0.00000 208.67403 237.96735
0.22899 0.66048 0.00000 217.85909 238.18971
0.31699 0.66048 0.00000 248.99092 239.30196
0.34349 0.66048 0.00000 258.29507 239.55167
0.43149 0.66048 0.00000 289.49881 240.70363
0.45799 0.66048 0.00000 298.87912 241.18881
0.54599 0.66048 0.00000 330.42297 242.28210
0.57248 0.66048 0.00000 339.87997 242.48604
0.66048 0.66048 0.00000 371.42447 243.68874

gimbalangles:
-0.349065850399 0.349065850399 0.0872664625997 

end: