T_CW:
0.9988091388 0.0413686841 -0.0258638014 -0.5247838054
0.0364512943 -0.9851137845 -0.1679944483 0.6410229854
-0.0324284966 0.1668516212 -0.9854485928 1.2033330804
0.0000000000 0.0000000000 0.0000000000 1.0000000000

T_CW_cov:

target_points_pix:
0.00000 0.11450 0.00000 114.76131 439.84091
0.08800 0.11450 0.00000 148.13055 441.47961
0.20250 0.11450 0.00000 191.74043 443.56818
0.31699 0.11450 0.00000 235.22115 445.72827
0.34349 0.11450 0.00000 245.40915 446.37524
0.43149 0.11450 0.00000 279.18863 447.87515
0.45799 0.11450 0.00000 289.05411 448.51300
0.54599 0.11450 0.00000 322.91733 450.15344
0.57248 0.11450 0.00000 333.10590 450.68170
0.66048 0.11450 0.00000 367.33469 452.55789
0.08800 0.20250 0.00000 151.85262 406.39291
0.11450 0.20250 0.00000 161.56744 406.60248
0.20250 0.20250 0.00000 194.66699 408.31735
0.22899 0.20250 0.00000 204.68294 408.57071
0.31699 0.20250 0.00000 237.75757 410.10214
0.34349 0.20250 0.00000 247.63483 410.48947
0.43149 0.20250 0.00000 280.82904 412.25931
0.45799 0.20250 0.00000 290.88510 412.68469
0.54599 0.20250 0.00000 324.21188 414.46045
0.57248 0.20250 0.00000 334.22504 414.84958
0.66048 0.20250 0.00000 367.71774 416.67438
0.00000 0.22899 0.00000 119.91369 394.53439
0.08800 0.22899 0.00000 152.74619 395.75174
0.11450 0.22899 0.00000 162.66127 396.40762
0.20250 0.22899 0.00000 195.51213 397.56366
0.22899 0.22899 0.00000 205.55399 398.26102
0.31699 0.22899 0.00000 238.41835 399.60764
0.34349 0.22899 0.00000 248.32762 400.13696
0.43149 0.22899 0.00000 281.39316 401.60571
0.45799 0.22899 0.00000 291.39606 402.21808
0.54599 0.22899 0.00000 324.42731 403.85614
0.57248 0.22899 0.00000 334.44934 404.45529
0.66048 0.22899 0.00000 367.98489 405.96912
0.00000 0.31699 0.00000 123.54834 360.41840
0.08800 0.31699 0.00000 156.22618 361.72968
0.11450 0.31699 0.00000 165.97852 362.04999
0.20250 0.31699 0.00000 198.40034 363.52844
0.22899 0.31699 0.00000 208.17511 363.81131
0.31699 0.31699 0.00000 240.61790 365.52322
0.34349 0.31699 0.00000 250.39264 365.91354
0.45799 0.31699 0.00000 292.80203 367.80249
0.54599 0.31699 0.00000 325.69449 369.33902
0.57248 0.31699 0.00000 335.61285 369.71103
0.66048 0.31699 0.00000 368.58386 371.35248
0.00000 0.34349 0.00000 124.60117 350.28781
0.08800 0.34349 0.00000 157.08252 351.48831
0.11450 0.34349 0.00000 166.86526 352.04916
0.20250 0.34349 0.00000 199.21011 353.35028
0.22899 0.34349 0.00000 208.81058 353.86118
0.31699 0.34349 0.00000 241.28094 355.33072
0.34349 0.34349 0.00000 250.90933 355.75473
0.43149 0.34349 0.00000 283.50647 357.26089
0.45799 0.34349 0.00000 293.23825 357.66736
0.54599 0.34349 0.00000 326.07016 359.12967
0.57248 0.34349 0.00000 335.81906 359.58154
0.66048 0.34349 0.00000 368.89542 361.00269
0.00000 0.43149 0.00000 128.33592 317.31448
0.08800 0.43149 0.00000 160.47842 318.53217
0.11450 0.43149 0.00000 169.93417 318.90356
0.20250 0.43149 0.00000 201.92329 320.37509
0.22899 0.43149 0.00000 211.45316 320.58484
0.31699 0.43149 0.00000 243.28636 322.00497
0.34349 0.43149 0.00000 253.10994 322.45612
0.45799 0.43149 0.00000 295.05612 324.33093
0.54599 0.43149 0.00000 327.12546 325.69293
0.57248 0.43149 0.00000 337.26630 326.06741
0.66048 0.43149 0.00000 369.50983 327.43158
0.00000 0.45799 0.00000 129.40462 307.56540
0.08800 0.45799 0.00000 161.30571 308.72394
0.11450 0.45799 0.00000 170.74622 309.37662
0.20250 0.45799 0.00000 202.65123 310.47372
0.22899 0.45799 0.00000 212.14185 310.77103
0.31699 0.45799 0.00000 243.94019 312.17175
0.34349 0.45799 0.00000 253.49614 312.55557
0.43149 0.45799 0.00000 285.68491 313.85999
0.45799 0.45799 0.00000 295.27179 314.40396
0.54599 0.45799 0.00000 327.67368 315.67209
0.57248 0.45799 0.00000 337.25958 316.16220
0.66048 0.45799 0.00000 369.92471 317.55444
0.00000 0.54599 0.00000 132.84012 275.51553
0.08800 0.54599 0.00000 164.52594 276.94043
0.11450 0.54599 0.00000 173.85922 277.25824
0.20250 0.54599 0.00000 205.21892 278.39719
0.22899 0.54599 0.00000 214.65575 278.72366
0.31699 0.54599 0.00000 245.96030 280.15775
0.34349 0.54599 0.00000 255.67628 280.40060
0.43149 0.54599 0.00000 287.10837 281.71808
0.45799 0.54599 0.00000 297.03833 282.16251
0.54599 0.54599 0.00000 328.58923 283.40878
0.57248 0.54599 0.00000 338.57990 283.66318
0.66048 0.54599 0.00000 370.39081 284.98611
0.00000 0.57248 0.00000 133.91702 266.32822
0.08800 0.57248 0.00000 165.28560 267.37296
0.11450 0.57248 0.00000 174.63307 268.01648
0.20250 0.57248 0.00000 205.93468 268.90283
0.22899 0.57248 0.00000 215.42661 269.46680
0.31699 0.57248 0.00000 246.75323 270.46429
0.34349 0.57248 0.00000 256.09802 270.85736
0.43149 0.57248 0.00000 287.85498 272.17352
0.45799 0.57248 0.00000 297.29233 272.48712
0.54599 0.57248 0.00000 329.26163 273.60535
0.57248 0.57248 0.00000 338.54501 274.19504
0.66048 0.57248 0.00000 370.80029 275.34616
0.00000 0.66048 0.00000 137.21370 235.18732
0.08800 0.66048 0.00000 168.35107 236.55255
0.11450 0.66048 0.00000 177.58218 236.64839
0.20250 0.66048 0.00000 208.48076 237.81694
0.22899 0.66048 0.00000 217.90428 238.26894
0.31699 0.66048 0.00000 248.68268 239.33850
0.34349 0.66048 0.00000 258.38956 239.61266
0.43149 0.66048 0.00000 289.22354 240.75937
0.45799 0.66048 0.00000 299.00656 241.15054
0.54599 0.66048 0.00000 330.17902 242.35713
0.57248 0.66048 0.00000 339.86563 242.63565
0.66048 0.66048 0.00000 371.28400 243.68834

gimbalangles:
-0.349065850399 -0.349065850399 -0.261799387799 

end: