T_CW:
0.9991077396 0.0370332977 -0.0203041759 -0.4117770917
0.0332548300 -0.9861746565 -0.1623381138 0.6366533620
-0.0260353794 0.1615180540 -0.9865262679 1.2038720115
0.0000000000 0.0000000000 0.0000000000 1.0000000000

T_CW_cov:

target_points_pix:
0.00000 0.11450 0.00000 162.13522 429.55035
0.08800 0.11450 0.00000 195.34084 431.02441
0.11450 0.11450 0.00000 205.07750 431.43219
0.20250 0.11450 0.00000 238.45656 432.86414
0.22899 0.11450 0.00000 248.30733 433.31555
0.31699 0.11450 0.00000 281.65640 434.74475
0.34349 0.11450 0.00000 291.54321 435.31058
0.43149 0.11450 0.00000 325.16870 436.62637
0.54599 0.11450 0.00000 368.69446 438.61157
0.57248 0.11450 0.00000 378.67249 439.10275
0.66048 0.11450 0.00000 412.53738 440.62900
0.00000 0.20250 0.00000 165.27943 394.81729
0.08800 0.20250 0.00000 197.81018 396.32724
0.11450 0.20250 0.00000 207.69640 396.55783
0.20250 0.20250 0.00000 240.54272 397.96490
0.22899 0.20250 0.00000 250.47966 398.34766
0.31699 0.20250 0.00000 283.31729 399.66049
0.34349 0.20250 0.00000 293.25452 400.21158
0.43149 0.20250 0.00000 326.19501 401.50775
0.45799 0.20250 0.00000 336.24893 402.02386
0.54599 0.20250 0.00000 369.30634 403.36609
0.57248 0.20250 0.00000 379.28583 403.73535
0.66048 0.20250 0.00000 412.48663 405.20505
0.00000 0.22899 0.00000 166.18359 384.60754
0.08800 0.22899 0.00000 198.65685 385.96741
0.11450 0.22899 0.00000 208.53383 386.35767
0.20250 0.22899 0.00000 241.17836 387.64728
0.22899 0.22899 0.00000 250.96031 388.14151
0.31699 0.22899 0.00000 283.70911 389.39810
0.34349 0.22899 0.00000 293.55603 389.83804
0.43149 0.22899 0.00000 326.54019 391.23227
0.45799 0.22899 0.00000 336.42868 391.60788
0.54599 0.22899 0.00000 369.53183 392.96194
0.57248 0.22899 0.00000 379.31778 393.39688
0.66048 0.22899 0.00000 412.52673 394.74405
0.00000 0.31699 0.00000 169.04196 350.88928
0.08800 0.31699 0.00000 201.32780 352.25693
0.11450 0.31699 0.00000 210.92790 352.53839
0.20250 0.31699 0.00000 243.27249 353.83279
0.22899 0.31699 0.00000 253.01689 354.33099
0.31699 0.31699 0.00000 285.36926 355.56473
0.34349 0.31699 0.00000 295.07968 355.97397
0.43149 0.31699 0.00000 327.52756 357.33264
0.45799 0.31699 0.00000 337.42227 357.64883
0.54599 0.31699 0.00000 370.03726 358.88229
0.57248 0.31699 0.00000 379.84299 359.38412
0.66048 0.31699 0.00000 412.62189 360.57889
0.00000 0.34349 0.00000 169.85088 341.05240
0.08800 0.34349 0.00000 202.08263 342.25812
0.11450 0.34349 0.00000 211.62769 342.56491
0.20250 0.34349 0.00000 243.80920 343.89075
0.22899 0.34349 0.00000 253.52531 344.31042
0.31699 0.34349 0.00000 285.70691 345.52939
0.34349 0.34349 0.00000 295.48267 345.95996
0.43149 0.34349 0.00000 327.91998 347.32425
0.45799 0.34349 0.00000 337.60513 347.56519
0.54599 0.34349 0.00000 370.32919 348.83304
0.57248 0.34349 0.00000 380.02612 349.27075
0.66048 0.34349 0.00000 412.62378 350.47961
0.00000 0.43149 0.00000 172.76520 308.41992
0.08800 0.43149 0.00000 204.54765 309.54285
0.11450 0.43149 0.00000 214.11723 309.85043
0.20250 0.43149 0.00000 245.74841 311.18781
0.22899 0.43149 0.00000 255.46225 311.53387
0.31699 0.43149 0.00000 287.32767 312.67441
0.34349 0.43149 0.00000 297.01541 313.26413
0.43149 0.43149 0.00000 328.95038 314.37619
0.45799 0.43149 0.00000 338.61938 314.72604
0.54599 0.43149 0.00000 370.74567 315.80634
0.57248 0.43149 0.00000 380.55621 316.31470
0.66048 0.43149 0.00000 412.75504 317.40454
0.00000 0.45799 0.00000 173.65002 298.73108
0.08800 0.45799 0.00000 205.41623 299.86356
0.11450 0.45799 0.00000 214.71364 300.32742
0.20250 0.45799 0.00000 246.49771 301.47717
0.22899 0.45799 0.00000 256.00912 301.73584
0.31699 0.45799 0.00000 287.72513 303.07141
0.34349 0.45799 0.00000 297.42673 303.38351
0.43149 0.45799 0.00000 329.35538 304.55698
0.45799 0.45799 0.00000 338.99927 304.79080
0.57248 0.45799 0.00000 380.68933 306.36227
0.66048 0.45799 0.00000 412.77448 307.63370
0.00000 0.54599 0.00000 176.45486 267.15372
0.08800 0.54599 0.00000 207.62332 268.28445
0.11450 0.54599 0.00000 217.07571 268.49991
0.20250 0.54599 0.00000 248.40697 269.61108
0.22899 0.54599 0.00000 257.73450 270.14639
0.31699 0.54599 0.00000 289.30234 271.22110
0.34349 0.54599 0.00000 298.69839 271.56598
0.43149 0.54599 0.00000 330.43527 272.50925
0.54599 0.54599 0.00000 371.51636 274.07355
0.57248 0.54599 0.00000 381.29449 274.45947
0.66048 0.54599 0.00000 412.90854 275.41449
0.00000 0.57248 0.00000 177.29439 257.72153
0.08800 0.57248 0.00000 208.42827 258.78574
0.11450 0.57248 0.00000 217.67152 259.27563
0.20250 0.57248 0.00000 248.91728 260.36581
0.22899 0.57248 0.00000 258.41785 260.54288
0.31699 0.57248 0.00000 289.62256 261.68713
0.34349 0.57248 0.00000 299.21704 261.94809
0.43149 0.57248 0.00000 330.58932 263.20297
0.45799 0.57248 0.00000 340.30624 263.39764
0.54599 0.57248 0.00000 371.65784 264.51730
0.66048 0.57248 0.00000 412.98871 265.90759
0.00000 0.66048 0.00000 179.84688 226.93672
0.08800 0.66048 0.00000 210.59885 228.00725
0.11450 0.66048 0.00000 219.92494 228.37843
0.20250 0.66048 0.00000 250.78003 229.38737
0.22899 0.66048 0.00000 260.17178 229.63251
0.31699 0.66048 0.00000 291.15576 230.56923
0.34349 0.66048 0.00000 300.50320 231.07748
0.43149 0.66048 0.00000 331.56915 232.08084
0.45799 0.66048 0.00000 341.18088 232.46066
0.54599 0.66048 0.00000 372.32794 233.35815
0.57248 0.66048 0.00000 381.68658 233.62126

gimbalangles:
-0.349065850399 -0.349065850399 -0.261799387799 

end: