T_CW:
0.8931188194 -0.3036936536 0.3318266704 -0.7147024726
-0.3802129504 -0.9038676180 0.1961158879 0.1852116226
0.2403682317 -0.3013195876 -0.9227294399 1.2093412239
0.0000000000 0.0000000000 0.0000000000 1.0000000000

T_CW_cov:

target_points_pix:
0.11450 0.00000 0.00000 99.24962 477.63742
0.20250 0.00000 0.00000 177.02866 446.14914
0.22899 0.00000 0.00000 200.17656 436.80292
0.31699 0.00000 0.00000 274.66385 406.77612
0.34349 0.00000 0.00000 296.54263 397.89825
0.43149 0.00000 0.00000 368.17834 368.96942
0.45799 0.00000 0.00000 389.37540 360.35880
0.54599 0.00000 0.00000 457.96515 332.50314
0.57248 0.00000 0.00000 478.29575 324.38171
0.66048 0.00000 0.00000 544.44464 297.70520
0.11450 0.08800 0.00000 63.09039 407.58292
0.20250 0.08800 0.00000 142.93311 376.52924
0.22899 0.08800 0.00000 166.80444 367.39871
0.31699 0.08800 0.00000 243.09364 337.88608
0.34349 0.08800 0.00000 266.09933 329.25052
0.43149 0.08800 0.00000 339.43564 300.75800
0.45799 0.08800 0.00000 360.90289 292.43210
0.54599 0.08800 0.00000 431.34085 265.31659
0.57248 0.08800 0.00000 452.25327 257.20901
0.66048 0.08800 0.00000 519.85382 231.19225
0.11450 0.11450 0.00000 51.77614 385.85529
0.20250 0.11450 0.00000 132.54327 355.15277
0.22899 0.11450 0.00000 156.46947 346.02371
0.31699 0.11450 0.00000 233.64505 316.59448
0.34349 0.11450 0.00000 256.46951 307.86539
0.43149 0.11450 0.00000 330.47437 279.73547
0.45799 0.11450 0.00000 352.29514 271.42105
0.54599 0.11450 0.00000 423.25269 244.36320
0.57248 0.11450 0.00000 444.36963 236.41615
0.66048 0.11450 0.00000 512.56055 210.44539
0.11450 0.20250 0.00000 13.14301 312.15323
0.20250 0.20250 0.00000 96.54721 281.95996
0.22899 0.20250 0.00000 121.17339 273.16180
0.31699 0.20250 0.00000 200.58235 244.31778
0.34349 0.20250 0.00000 224.33203 235.69095
0.43149 0.20250 0.00000 300.47418 208.27811
0.45799 0.20250 0.00000 322.87793 200.05855
0.54599 0.20250 0.00000 395.61102 173.55295
0.57248 0.20250 0.00000 417.23831 165.72202
0.66048 0.20250 0.00000 487.19965 140.43690
0.22899 0.22899 0.00000 110.46329 250.44972
0.31699 0.22899 0.00000 190.65863 221.76807
0.34349 0.22899 0.00000 214.38484 213.44214
0.43149 0.22899 0.00000 290.98459 185.93980
0.45799 0.22899 0.00000 313.86942 177.85292
0.54599 0.22899 0.00000 387.32642 151.61861
0.57248 0.22899 0.00000 409.08459 143.74269
0.66048 0.22899 0.00000 479.49921 118.66343
0.22899 0.31699 0.00000 73.17481 173.14566
0.31699 0.31699 0.00000 156.06665 145.07838
0.34349 0.31699 0.00000 180.22768 136.95264
0.43149 0.31699 0.00000 259.40601 110.33248
0.45799 0.31699 0.00000 282.77185 102.48995
0.54599 0.31699 0.00000 358.25812 76.98234
0.57248 0.31699 0.00000 380.69916 69.44723
0.22899 0.34349 0.00000 61.65816 148.92078
0.31699 0.34349 0.00000 145.28041 121.43808
0.34349 0.34349 0.00000 169.59364 113.33963
0.43149 0.34349 0.00000 249.56683 86.74162
0.34349 0.43149 0.00000 133.90234 32.33154
0.43149 0.43149 0.00000 215.67072 6.68561

gimbalangles:
-0.349065850399 0.349065850399 0.436332312999 

end: