T_CW:
0.9988144070 0.0410702286 -0.0261345869 -0.5249095351
0.0361384773 -0.9852628289 -0.1671860293 0.6414335539
-0.0326158054 0.1660433506 -0.9855789238 1.2037272242
0.0000000000 0.0000000000 0.0000000000 1.0000000000

T_CW_cov:

target_points_pix:
0.00000 0.11450 0.00000 114.81084 440.12854
0.08800 0.11450 0.00000 148.10287 441.62790
0.11450 0.11450 0.00000 158.28609 442.33466
0.20250 0.11450 0.00000 191.75406 443.69107
0.22899 0.11450 0.00000 201.57590 444.23068
0.31699 0.11450 0.00000 235.13896 445.73181
0.34349 0.11450 0.00000 245.23915 446.49219
0.43149 0.11450 0.00000 279.09290 448.04782
0.45799 0.11450 0.00000 289.05356 448.70749
0.54599 0.11450 0.00000 322.96408 450.23895
0.57248 0.11450 0.00000 332.93716 450.68967
0.66048 0.11450 0.00000 367.13339 452.54526
0.00000 0.20250 0.00000 118.70757 404.81757
0.08800 0.20250 0.00000 151.70969 406.46628
0.11450 0.20250 0.00000 161.48242 406.63141
0.20250 0.20250 0.00000 194.71577 408.22861
0.22899 0.20250 0.00000 204.59814 408.58310
0.31699 0.20250 0.00000 237.68370 410.25058
0.34349 0.20250 0.00000 247.58557 410.64169
0.43149 0.20250 0.00000 280.71017 412.38361
0.45799 0.20250 0.00000 290.66681 412.65640
0.54599 0.20250 0.00000 324.11053 414.41150
0.57248 0.20250 0.00000 334.08960 414.94022
0.66048 0.20250 0.00000 367.61514 416.48761
0.08800 0.22899 0.00000 152.71648 395.87860
0.11450 0.22899 0.00000 162.63092 396.57626
0.22899 0.22899 0.00000 205.42271 398.39709
0.34349 0.22899 0.00000 248.37309 400.35834
0.43149 0.22899 0.00000 281.34982 401.72299
0.45799 0.22899 0.00000 291.28943 402.54611
0.54599 0.22899 0.00000 324.47574 403.90298
0.57248 0.22899 0.00000 334.43881 404.40479
0.66048 0.22899 0.00000 367.83560 406.04657
0.00000 0.31699 0.00000 123.55564 360.41522
0.08800 0.31699 0.00000 156.10254 361.87949
0.11450 0.31699 0.00000 165.74194 362.21182
0.20250 0.31699 0.00000 198.40207 363.67596
0.22899 0.31699 0.00000 208.01405 363.83304
0.31699 0.31699 0.00000 240.63322 365.47372
0.34349 0.31699 0.00000 250.29002 366.03928
0.43149 0.31699 0.00000 283.02731 367.54962
0.45799 0.31699 0.00000 292.69000 367.95566
0.54599 0.31699 0.00000 325.61618 369.34744
0.57248 0.31699 0.00000 335.50397 369.81046
0.66048 0.31699 0.00000 368.66187 371.48801
0.00000 0.34349 0.00000 124.59693 350.43253
0.08800 0.34349 0.00000 156.86890 351.59821
0.11450 0.34349 0.00000 166.77350 352.24661
0.20250 0.34349 0.00000 199.06285 353.40720
0.22899 0.34349 0.00000 208.80710 353.87732
0.31699 0.34349 0.00000 241.20833 355.29526
0.34349 0.34349 0.00000 250.82068 355.73672
0.43149 0.34349 0.00000 283.45895 357.30508
0.45799 0.34349 0.00000 293.21939 357.67734
0.54599 0.34349 0.00000 325.90839 359.33484
0.57248 0.34349 0.00000 335.76019 359.61166
0.66048 0.34349 0.00000 368.73904 361.06485
0.00000 0.43149 0.00000 128.26114 317.37302
0.08800 0.43149 0.00000 160.25702 318.66711
0.11450 0.43149 0.00000 169.78030 318.92526
0.20250 0.43149 0.00000 201.80392 320.49008
0.22899 0.43149 0.00000 211.30972 320.66354
0.31699 0.43149 0.00000 243.38614 322.20099
0.34349 0.43149 0.00000 252.71951 322.55338
0.43149 0.43149 0.00000 285.14328 323.92828
0.45799 0.43149 0.00000 294.69583 324.38681
0.54599 0.43149 0.00000 327.20718 325.70532
0.57248 0.43149 0.00000 336.96625 326.15201
0.66048 0.43149 0.00000 369.55603 327.52493
0.00000 0.45799 0.00000 129.42783 307.76050
0.08800 0.45799 0.00000 161.30214 308.76855
0.11450 0.45799 0.00000 170.80458 309.40790
0.20250 0.45799 0.00000 202.60591 310.52319
0.22899 0.45799 0.00000 211.90656 311.00232
0.31699 0.45799 0.00000 243.89967 312.40884
0.34349 0.45799 0.00000 253.51096 312.69629
0.43149 0.45799 0.00000 285.51312 314.22266
0.45799 0.45799 0.00000 295.30267 314.54031
0.54599 0.45799 0.00000 327.47894 315.74716
0.57248 0.45799 0.00000 337.29633 316.33545
0.66048 0.45799 0.00000 369.65103 317.61670
0.08800 0.54599 0.00000 164.38081 277.17490
0.11450 0.54599 0.00000 173.61836 277.41226
0.20250 0.54599 0.00000 205.13753 278.48477
0.22899 0.54599 0.00000 214.52879 278.83228
0.31699 0.54599 0.00000 245.98874 280.23721
0.34349 0.54599 0.00000 255.42232 280.54410
0.43149 0.54599 0.00000 287.21487 281.77206
0.45799 0.54599 0.00000 296.72137 282.04871
0.54599 0.54599 0.00000 328.63107 283.36310
0.57248 0.54599 0.00000 338.37210 283.65689
0.66048 0.54599 0.00000 370.46091 284.93872
0.00000 0.57248 0.00000 133.84041 266.43488
0.08800 0.57248 0.00000 165.27757 267.50339
0.11450 0.57248 0.00000 174.57350 267.87152
0.20250 0.57248 0.00000 205.81540 269.15738
0.22899 0.57248 0.00000 215.43982 269.58929
0.31699 0.57248 0.00000 246.53842 270.54947
0.34349 0.57248 0.00000 256.08917 271.06351
0.43149 0.57248 0.00000 287.58121 272.29462
0.45799 0.57248 0.00000 297.25214 272.59808
0.54599 0.57248 0.00000 329.10922 273.70456
0.57248 0.57248 0.00000 338.56995 274.19800
0.66048 0.57248 0.00000 370.63025 275.37366
0.00000 0.66048 0.00000 136.95958 235.33630
0.08800 0.66048 0.00000 168.28844 236.59660
0.11450 0.66048 0.00000 177.41876 236.79291
0.20250 0.66048 0.00000 208.48166 237.98572
0.22899 0.66048 0.00000 217.57518 238.31822
0.31699 0.66048 0.00000 248.67821 239.47820
0.34349 0.66048 0.00000 258.06262 239.69049
0.43149 0.66048 0.00000 289.33231 240.77780
0.45799 0.66048 0.00000 298.71307 241.21300
0.54599 0.66048 0.00000 330.22540 242.35457
0.57248 0.66048 0.00000 339.61716 242.59750
0.66048 0.66048 0.00000 371.28006 243.69211

gimbalangles:
-0.349065850399 0.349065850399 0.436332312999 

end: