T_CW:
0.9991325340 0.0364963627 -0.0200548009 -0.4118630400
0.0327620673 -0.9861716651 -0.1624564368 0.6369655946
-0.0257065454 0.1616584746 -0.9865118910 1.2038484099
0.0000000000 0.0000000000 0.0000000000 1.0000000000

T_CW_cov:

target_points_pix:
0.00000 0.11450 0.00000 162.10767 429.56165
0.08800 0.11450 0.00000 195.22162 431.17749
0.11450 0.11450 0.00000 205.07809 431.54721
0.20250 0.11450 0.00000 238.41158 432.89676
0.22899 0.11450 0.00000 248.29607 433.39633
0.31699 0.11450 0.00000 281.52838 434.79971
0.34349 0.11450 0.00000 291.44553 435.29358
0.54599 0.11450 0.00000 368.63489 438.46155
0.57248 0.11450 0.00000 378.63013 439.04596
0.00000 0.20250 0.00000 165.11026 394.87900
0.08800 0.20250 0.00000 197.87384 396.35098
0.11450 0.20250 0.00000 207.64600 396.62717
0.20250 0.20250 0.00000 240.44328 397.99521
0.22899 0.20250 0.00000 250.41092 398.41312
0.31699 0.20250 0.00000 283.25766 399.72244
0.34349 0.20250 0.00000 293.14825 400.23740
0.43149 0.20250 0.00000 326.07455 401.57248
0.45799 0.20250 0.00000 336.13095 401.98624
0.54599 0.20250 0.00000 369.15283 403.35065
0.57248 0.20250 0.00000 379.24152 403.68005
0.66048 0.20250 0.00000 412.38699 405.23102
0.08800 0.22899 0.00000 198.68153 386.11856
0.11450 0.22899 0.00000 208.45992 386.45764
0.20250 0.22899 0.00000 241.07819 387.67413
0.22899 0.22899 0.00000 250.90727 388.26099
0.31699 0.22899 0.00000 283.69531 389.49277
0.34349 0.22899 0.00000 293.44131 389.84882
0.43149 0.22899 0.00000 326.50513 391.26245
0.45799 0.22899 0.00000 336.25595 391.62238
0.54599 0.22899 0.00000 369.40030 392.99295
0.57248 0.22899 0.00000 379.28241 393.41208
0.66048 0.22899 0.00000 412.42636 394.80109
0.00000 0.31699 0.00000 168.96172 351.08429
0.08800 0.31699 0.00000 201.23242 352.37814
0.11450 0.31699 0.00000 210.81621 352.67310
0.20250 0.31699 0.00000 243.19481 353.93762
0.22899 0.31699 0.00000 252.83871 354.36649
0.31699 0.31699 0.00000 285.38837 355.60306
0.34349 0.31699 0.00000 294.99872 356.04294
0.43149 0.31699 0.00000 327.46460 357.29547
0.45799 0.31699 0.00000 337.34479 357.59219
0.54599 0.31699 0.00000 369.93533 358.83789
0.57248 0.31699 0.00000 379.75211 359.31369
0.66048 0.31699 0.00000 412.56439 360.54999
0.00000 0.34349 0.00000 169.79578 341.23764
0.08800 0.34349 0.00000 201.96115 342.32507
0.11450 0.34349 0.00000 211.59344 342.65829
0.20250 0.34349 0.00000 243.73839 343.98029
0.22899 0.34349 0.00000 253.49635 344.44418
0.31699 0.34349 0.00000 285.69312 345.60983
0.34349 0.34349 0.00000 295.44992 346.04950
0.43149 0.34349 0.00000 327.85742 347.27451
0.45799 0.34349 0.00000 337.54001 347.65201
0.54599 0.34349 0.00000 370.20328 348.91507
0.57248 0.34349 0.00000 379.87106 349.24579
0.66048 0.34349 0.00000 412.64590 350.44382
0.00000 0.43149 0.00000 172.67499 308.42407
0.08800 0.43149 0.00000 204.44589 309.60547
0.11450 0.43149 0.00000 213.96667 309.98184
0.20250 0.43149 0.00000 245.71945 311.31061
0.22899 0.43149 0.00000 255.37428 311.53705
0.31699 0.43149 0.00000 287.28128 312.72610
0.34349 0.43149 0.00000 296.81311 313.15881
0.43149 0.43149 0.00000 328.85022 314.34067
0.45799 0.43149 0.00000 338.51282 314.64288
0.54599 0.43149 0.00000 370.63840 315.84341
0.57248 0.43149 0.00000 380.45062 316.27075
0.66048 0.43149 0.00000 412.74454 317.45724
0.00000 0.45799 0.00000 173.59149 298.84293
0.08800 0.45799 0.00000 205.29240 300.00903
0.11450 0.45799 0.00000 214.66226 300.40808
0.20250 0.45799 0.00000 246.41547 301.49414
0.22899 0.45799 0.00000 255.82686 301.90195
0.31699 0.45799 0.00000 287.65125 303.15741
0.34349 0.45799 0.00000 297.30710 303.48431
0.43149 0.45799 0.00000 329.29379 304.59903
0.45799 0.45799 0.00000 338.76367 304.99301
0.54599 0.45799 0.00000 370.85712 306.15271
0.57248 0.45799 0.00000 380.50510 306.48181
0.66048 0.45799 0.00000 412.71503 307.59628
0.00000 0.54599 0.00000 176.29430 267.19305
0.08800 0.54599 0.00000 207.54152 268.40994
0.11450 0.54599 0.00000 216.91142 268.59564
0.20250 0.54599 0.00000 248.32240 269.65485
0.22899 0.54599 0.00000 257.66061 270.12860
0.31699 0.54599 0.00000 289.16663 271.20996
0.34349 0.54599 0.00000 298.57098 271.52017
0.43149 0.54599 0.00000 330.26059 272.59341
0.45799 0.54599 0.00000 339.64981 273.02814
0.54599 0.54599 0.00000 371.42422 274.09839
0.57248 0.54599 0.00000 380.98834 274.37958
0.66048 0.54599 0.00000 412.80402 275.45526
0.00000 0.57248 0.00000 177.03377 257.87943
0.08800 0.57248 0.00000 208.28812 258.92630
0.11450 0.57248 0.00000 217.59030 259.32809
0.20250 0.57248 0.00000 248.84000 260.35162
0.22899 0.57248 0.00000 258.30435 260.66714
0.31699 0.57248 0.00000 289.56601 261.71164
0.34349 0.57248 0.00000 298.98715 262.10245
0.43149 0.57248 0.00000 330.56036 263.29599
0.45799 0.57248 0.00000 339.98187 263.51913
0.54599 0.57248 0.00000 371.59857 264.52228
0.57248 0.57248 0.00000 381.15298 264.83899
0.66048 0.57248 0.00000 412.84268 265.88409
0.00000 0.66048 0.00000 179.68074 227.03560
0.08800 0.66048 0.00000 210.52977 228.14467
0.11450 0.66048 0.00000 219.80643 228.41441
0.20250 0.66048 0.00000 250.66234 229.41272
0.22899 0.66048 0.00000 259.91986 229.65855
0.31699 0.66048 0.00000 290.98077 230.64839
0.34349 0.66048 0.00000 300.32083 231.06750
0.43149 0.66048 0.00000 331.50070 232.07480
0.45799 0.66048 0.00000 340.87381 232.40233
0.54599 0.66048 0.00000 372.13928 233.36087
0.57248 0.66048 0.00000 381.51376 233.63222
0.66048 0.66048 0.00000 413.00491 234.60411

gimbalangles:
-0.349065850399 0.349065850399 0.436332312999 

end: