T_CW:
0.8067108424 0.3870570400 -0.4465472703 0.1579173282
0.4258177600 -0.9046862642 -0.0148996179 0.1385107821
-0.4097521838 -0.1781280751 -0.8946359800 1.4001777698
0.0000000000 0.0000000000 0.0000000000 1.0000000000

T_CW_cov:

target_points_pix:
0.00000 0.00000 0.00000 769.72198 460.51114
0.08800 0.00000 0.00000 830.77258 493.76736
0.11450 0.00000 0.00000 849.62494 504.27258
0.20250 0.00000 0.00000 915.09119 540.04376
0.22899 0.00000 0.00000 935.37866 551.17664
0.31699 0.00000 0.00000 1005.65051 589.65131
0.34349 0.00000 0.00000 1027.59827 601.65302
0.43149 0.00000 0.00000 1103.55908 643.01709
0.45799 0.00000 0.00000 1127.30981 655.87958
0.54599 0.00000 0.00000 1209.33008 700.54022
0.00000 0.08800 0.00000 798.73181 398.16870
0.08800 0.08800 0.00000 861.28888 430.09497
0.11450 0.08800 0.00000 880.61127 440.12097
0.20250 0.08800 0.00000 947.67322 474.42206
0.22899 0.08800 0.00000 968.55115 485.24268
0.31699 0.08800 0.00000 1040.67224 522.05139
0.34349 0.08800 0.00000 1063.02686 533.52161
0.43149 0.08800 0.00000 1140.76880 573.46899
0.45799 0.08800 0.00000 1165.17664 585.85107
0.54599 0.08800 0.00000 1249.39307 628.90582
0.00000 0.11450 0.00000 807.34625 379.07346
0.08800 0.11450 0.00000 870.38361 410.69000
0.11450 0.11450 0.00000 890.06573 420.52289
0.20250 0.11450 0.00000 957.57629 454.45425
0.22899 0.11450 0.00000 978.52795 464.98935
0.31699 0.11450 0.00000 1051.11914 501.49493
0.34349 0.11450 0.00000 1073.65710 512.84375
0.43149 0.11450 0.00000 1152.06970 552.26562
0.00000 0.20250 0.00000 837.04980 314.97946
0.08800 0.20250 0.00000 901.41608 345.09219
0.11450 0.20250 0.00000 921.60291 354.44482
0.20250 0.20250 0.00000 990.62524 386.90179
0.22899 0.20250 0.00000 1012.45593 397.11884
0.31699 0.20250 0.00000 1086.82056 431.96063
0.34349 0.20250 0.00000 1110.27368 442.90677
0.43149 0.20250 0.00000 1190.77380 480.62473
0.00000 0.22899 0.00000 845.83276 295.25665
0.08800 0.22899 0.00000 910.88220 324.95905
0.11450 0.22899 0.00000 931.21814 334.27576
0.20250 0.22899 0.00000 1000.77222 366.31366
0.22899 0.22899 0.00000 1022.67291 376.32816
0.31699 0.22899 0.00000 1097.77368 410.68738
0.34349 0.22899 0.00000 1121.34290 421.51709
0.43149 0.22899 0.00000 1202.47681 458.69467
0.00000 0.31699 0.00000 876.33783 229.08746
0.08800 0.31699 0.00000 942.87756 257.28244
0.11450 0.31699 0.00000 963.77008 266.03738
0.20250 0.31699 0.00000 1035.38220 296.55054
0.22899 0.31699 0.00000 1057.60828 306.10123
0.31699 0.31699 0.00000 1134.84741 338.87277
0.34349 0.31699 0.00000 1159.04138 349.17773
0.43149 0.31699 0.00000 1242.65869 384.57315
0.00000 0.34349 0.00000 885.55243 208.62549
0.08800 0.34349 0.00000 952.70142 236.53754
0.11450 0.34349 0.00000 973.55695 245.23096
0.20250 0.34349 0.00000 1045.73120 275.20206
0.22899 0.34349 0.00000 1068.33862 284.58801
0.31699 0.34349 0.00000 1146.15747 316.91034
0.00000 0.43149 0.00000 916.94800 140.28047
0.08800 0.43149 0.00000 985.67719 166.58046
0.11450 0.43149 0.00000 1007.31281 174.76015
0.20250 0.43149 0.00000 1081.37256 203.10840
0.22899 0.43149 0.00000 1104.68188 211.83847
0.31699 0.43149 0.00000 1184.53406 242.33472
0.00000 0.45799 0.00000 926.51666 119.30438
0.08800 0.45799 0.00000 995.80121 145.27589
0.11450 0.45799 0.00000 1017.63892 153.15582
0.20250 0.45799 0.00000 1092.34900 181.00551
0.22899 0.45799 0.00000 1115.57458 189.64867
0.31699 0.45799 0.00000 1196.20337 219.56926
0.00000 0.54599 0.00000 958.99756 48.91002
0.08800 0.54599 0.00000 1030.08667 73.13570
0.11450 0.54599 0.00000 1052.42529 80.52220
0.20250 0.54599 0.00000 1129.15784 106.41916

gimbalangles:
-0.174532925199 -0.349065850399 -0.436332312999 

end: