T_CW:
0.9991052409 0.0368895366 -0.0206852532 -0.4118435699
0.0330468734 -0.9861541084 -0.1625053186 0.6366253625
-0.0263935933 0.1616763325 -0.9864908219 1.2040447656
0.0000000000 0.0000000000 0.0000000000 1.0000000000

T_CW_cov:

target_points_pix:
0.00000 0.11450 0.00000 162.09579 429.47012
0.08800 0.11450 0.00000 195.31149 431.01031
0.11450 0.11450 0.00000 205.12480 431.44623
0.20250 0.11450 0.00000 238.42805 432.81119
0.22899 0.11450 0.00000 248.26773 433.27444
0.31699 0.11450 0.00000 281.52557 434.73709
0.34349 0.11450 0.00000 291.51920 435.17813
0.43149 0.11450 0.00000 325.00879 436.66129
0.54599 0.11450 0.00000 368.62488 438.60477
0.57248 0.11450 0.00000 378.65704 439.05460
0.66048 0.11450 0.00000 412.51944 440.57687
0.00000 0.20250 0.00000 165.34081 394.81522
0.08800 0.20250 0.00000 197.89008 396.27496
0.11450 0.20250 0.00000 207.68230 396.55417
0.20250 0.20250 0.00000 240.44029 397.80362
0.22899 0.20250 0.00000 250.45673 398.28925
0.31699 0.20250 0.00000 283.30280 399.65237
0.34349 0.20250 0.00000 293.26309 400.18274
0.43149 0.20250 0.00000 326.23404 401.51498
0.45799 0.20250 0.00000 336.16437 401.82434
0.54599 0.20250 0.00000 369.21924 403.31366
0.57248 0.20250 0.00000 379.30338 403.64941
0.66048 0.20250 0.00000 412.52557 405.20602
0.00000 0.22899 0.00000 166.10321 384.64386
0.08800 0.22899 0.00000 198.66226 385.90656
0.11450 0.22899 0.00000 208.49486 386.34866
0.22899 0.22899 0.00000 251.00261 387.99377
0.31699 0.22899 0.00000 283.66519 389.38647
0.34349 0.22899 0.00000 293.48892 389.72388
0.43149 0.22899 0.00000 326.46570 391.25867
0.45799 0.22899 0.00000 336.37906 391.58737
0.54599 0.22899 0.00000 369.46680 392.87286
0.57248 0.22899 0.00000 379.26617 393.35678
0.66048 0.22899 0.00000 412.53415 394.65915
0.00000 0.31699 0.00000 169.03308 350.92203
0.08800 0.31699 0.00000 201.31490 352.25867
0.11450 0.31699 0.00000 210.92940 352.53818
0.20250 0.31699 0.00000 243.22523 353.78601
0.22899 0.31699 0.00000 252.93535 354.26178
0.31699 0.31699 0.00000 285.41199 355.53214
0.34349 0.31699 0.00000 295.03024 355.92389
0.43149 0.31699 0.00000 327.54391 357.26208
0.45799 0.31699 0.00000 337.37918 357.54608
0.54599 0.31699 0.00000 370.04248 358.82260
0.57248 0.31699 0.00000 379.87140 359.27402
0.66048 0.31699 0.00000 412.56284 360.50375
0.00000 0.34349 0.00000 169.77986 341.04517
0.08800 0.34349 0.00000 202.02367 342.26782
0.11450 0.34349 0.00000 211.58469 342.56070
0.20250 0.34349 0.00000 243.82558 343.85925
0.22899 0.34349 0.00000 253.54866 344.34006
0.31699 0.34349 0.00000 285.72650 345.52771
0.34349 0.34349 0.00000 295.44965 345.86127
0.43149 0.34349 0.00000 327.90430 347.26959
0.45799 0.34349 0.00000 337.60141 347.53308
0.54599 0.34349 0.00000 370.25262 348.85367
0.57248 0.34349 0.00000 379.94357 349.25287
0.66048 0.34349 0.00000 412.63684 350.48419
0.00000 0.43149 0.00000 172.72319 308.38284
0.08800 0.43149 0.00000 204.53131 309.49969
0.11450 0.43149 0.00000 214.10899 309.80856
0.20250 0.43149 0.00000 245.74294 311.23383
0.22899 0.43149 0.00000 255.46143 311.45221
0.31699 0.43149 0.00000 287.37216 312.63434
0.34349 0.43149 0.00000 296.87543 313.06415
0.43149 0.43149 0.00000 328.97000 314.34741
0.45799 0.43149 0.00000 338.52765 314.61276
0.54599 0.43149 0.00000 370.69882 315.74850
0.57248 0.43149 0.00000 380.49893 316.21054
0.66048 0.43149 0.00000 412.75256 317.39893
0.00000 0.45799 0.00000 173.62047 298.69479
0.08800 0.45799 0.00000 205.34296 299.78445
0.11450 0.45799 0.00000 214.70816 300.31635
0.20250 0.45799 0.00000 246.46574 301.37741
0.22899 0.45799 0.00000 255.86394 301.74289
0.31699 0.45799 0.00000 287.72983 303.05652
0.34349 0.45799 0.00000 297.37054 303.40744
0.43149 0.45799 0.00000 329.27615 304.55212
0.45799 0.45799 0.00000 338.80560 304.88770
0.54599 0.45799 0.00000 370.97223 306.10260
0.57248 0.45799 0.00000 380.54858 306.41470
0.66048 0.45799 0.00000 412.77487 307.55371
0.00000 0.54599 0.00000 176.43729 267.09314
0.08800 0.54599 0.00000 207.62393 268.30093
0.11450 0.54599 0.00000 217.07314 268.49536
0.20250 0.54599 0.00000 248.36295 269.56039
0.22899 0.54599 0.00000 257.75168 269.98114
0.31699 0.54599 0.00000 289.25134 271.10812
0.34349 0.54599 0.00000 298.62653 271.43741
0.43149 0.54599 0.00000 330.35898 272.53806
0.45799 0.54599 0.00000 339.75757 272.91861
0.54599 0.54599 0.00000 371.49280 273.98782
0.57248 0.54599 0.00000 381.17596 274.34076
0.66048 0.54599 0.00000 412.99438 275.40823
0.00000 0.57248 0.00000 177.23853 257.68027
0.08800 0.57248 0.00000 208.38651 258.73755
0.11450 0.57248 0.00000 217.67430 259.25745
0.20250 0.57248 0.00000 248.89003 260.29031
0.22899 0.57248 0.00000 258.36331 260.57846
0.31699 0.57248 0.00000 289.60077 261.65787
0.34349 0.57248 0.00000 299.10815 262.04321
0.43149 0.57248 0.00000 330.55969 263.17792
0.45799 0.57248 0.00000 340.13522 263.43802
0.54599 0.57248 0.00000 371.64035 264.53522
0.57248 0.57248 0.00000 381.23492 264.80066
0.66048 0.57248 0.00000 412.97760 265.84781
0.00000 0.66048 0.00000 179.78021 226.88838
0.08800 0.66048 0.00000 210.60381 227.99081
0.11450 0.66048 0.00000 219.84097 228.39992
0.20250 0.66048 0.00000 250.73027 229.43387
0.22899 0.66048 0.00000 260.14478 229.54048
0.31699 0.66048 0.00000 291.14810 230.58952
0.34349 0.66048 0.00000 300.41470 230.88399
0.43149 0.66048 0.00000 331.52768 231.93628
0.45799 0.66048 0.00000 341.00076 232.39114
0.54599 0.66048 0.00000 372.25995 233.33377
0.57248 0.66048 0.00000 381.62054 233.58174
0.66048 0.66048 0.00000 413.10358 234.60332

gimbalangles:
-0.174532925199 -0.349065850399 -0.261799387799 

end: