T_CW:
0.9129508112 0.3860218169 -0.1323176982 -0.3108934607
0.4012220490 -0.9082846654 0.1184898054 -0.0275617401
-0.0744424862 -0.1612641419 -0.9840996864 1.3780119781
0.0000000000 0.0000000000 0.0000000000 1.0000000000

T_CW_cov:

target_points_pix:
0.08800 0.00000 0.00000 459.09805 356.97937
0.11450 0.00000 0.00000 478.33447 365.59216
0.20250 0.00000 0.00000 542.61694 394.43710
0.22899 0.00000 0.00000 562.09100 403.22897
0.31699 0.00000 0.00000 627.35919 432.51123
0.34349 0.00000 0.00000 647.11627 441.30231
0.43149 0.00000 0.00000 713.28308 470.87091
0.45799 0.00000 0.00000 733.37909 479.71375
0.54599 0.00000 0.00000 800.48621 509.61783
0.57248 0.00000 0.00000 820.80933 518.63477
0.66048 0.00000 0.00000 888.79834 549.05664
0.00000 0.08800 0.00000 420.66388 263.48761
0.08800 0.08800 0.00000 485.01501 291.95132
0.11450 0.08800 0.00000 504.51157 300.50137
0.20250 0.08800 0.00000 569.68707 329.24118
0.22899 0.08800 0.00000 589.47388 338.05725
0.31699 0.08800 0.00000 655.43707 367.13678
0.34349 0.08800 0.00000 675.44788 375.94049
0.43149 0.08800 0.00000 742.31580 405.36493
0.45799 0.08800 0.00000 762.53632 414.29016
0.54599 0.08800 0.00000 830.41083 444.12003
0.57248 0.08800 0.00000 851.09357 453.13342
0.66048 0.08800 0.00000 919.81158 483.49930
0.00000 0.11450 0.00000 428.26794 243.67621
0.08800 0.11450 0.00000 492.84109 272.08954
0.11450 0.11450 0.00000 512.36493 280.69186
0.20250 0.11450 0.00000 577.81848 309.41626
0.22899 0.11450 0.00000 597.66345 318.01669
0.31699 0.11450 0.00000 663.85016 347.23001
0.34349 0.11450 0.00000 684.02069 356.02014
0.43149 0.11450 0.00000 751.04724 385.47928
0.45799 0.11450 0.00000 771.41772 394.38391
0.54599 0.11450 0.00000 839.56927 424.23511
0.57248 0.11450 0.00000 860.19073 433.25925
0.66048 0.11450 0.00000 929.37445 463.52319
0.00000 0.20250 0.00000 453.93088 176.96817
0.08800 0.20250 0.00000 519.32568 205.29947
0.11450 0.20250 0.00000 539.22424 213.83318
0.20250 0.20250 0.00000 605.40125 242.58377
0.22899 0.20250 0.00000 625.46075 251.39348
0.31699 0.20250 0.00000 692.49707 280.35626
0.34349 0.20250 0.00000 712.76385 289.21185
0.43149 0.20250 0.00000 780.85547 318.54471
0.45799 0.20250 0.00000 801.48615 327.44388
0.54599 0.20250 0.00000 870.44037 357.27579
0.57248 0.20250 0.00000 891.43878 366.28302
0.66048 0.20250 0.00000 961.43518 396.45938
0.00000 0.22899 0.00000 461.68661 156.55948
0.08800 0.22899 0.00000 527.40155 184.94923
0.11450 0.22899 0.00000 547.29034 193.47229
0.20250 0.22899 0.00000 613.66437 222.04904
0.22899 0.22899 0.00000 633.91559 230.76146
0.31699 0.22899 0.00000 701.29559 259.90594
0.34349 0.22899 0.00000 721.62299 268.72363
0.43149 0.22899 0.00000 789.91205 298.10886
0.45799 0.22899 0.00000 810.70251 307.01941
0.54599 0.22899 0.00000 879.97546 336.84299
0.57248 0.22899 0.00000 900.97888 345.78427
0.66048 0.22899 0.00000 971.26251 375.96960
0.08800 0.31699 0.00000 554.44775 116.15713
0.11450 0.31699 0.00000 574.60199 124.72560
0.20250 0.31699 0.00000 641.91132 153.37712
0.22899 0.31699 0.00000 662.47058 162.10239
0.34349 0.31699 0.00000 751.42432 199.97929
0.43149 0.31699 0.00000 820.64600 229.28484
0.45799 0.31699 0.00000 841.61835 238.17152
0.54599 0.31699 0.00000 911.95380 267.94125
0.57248 0.31699 0.00000 933.29303 276.98825
0.66048 0.31699 0.00000 1004.47473 307.14630
0.11450 0.34349 0.00000 583.11847 103.65147
0.20250 0.34349 0.00000 650.63049 132.35794
0.22899 0.34349 0.00000 671.20764 140.98776
0.31699 0.34349 0.00000 739.64313 170.00648
0.34349 0.34349 0.00000 760.49896 178.82494
0.43149 0.34349 0.00000 829.91339 208.12190
0.45799 0.34349 0.00000 851.08832 217.04349
0.54599 0.34349 0.00000 921.63666 246.73633
0.57248 0.34349 0.00000 943.16986 255.71638
0.66048 0.34349 0.00000 1014.54449 285.88647
0.11450 0.43149 0.00000 611.33380 33.01139
0.20250 0.43149 0.00000 679.79266 61.58891
0.22899 0.43149 0.00000 700.66907 70.21532
0.31699 0.43149 0.00000 770.02844 99.23715
0.34349 0.43149 0.00000 791.25482 108.02643
0.43149 0.43149 0.00000 861.61603 137.24913
0.45799 0.43149 0.00000 883.11627 146.17119
0.54599 0.43149 0.00000 954.48303 175.77487
0.57248 0.43149 0.00000 976.22729 184.84030
0.66048 0.43149 0.00000 1048.76489 214.93546
0.34349 0.45799 0.00000 800.54352 86.21620
0.43149 0.45799 0.00000 871.36530 115.60497
0.45799 0.45799 0.00000 892.70404 124.41492
0.54599 0.45799 0.00000 964.48242 154.10719
0.57248 0.45799 0.00000 986.15497 163.12881
0.66048 0.45799 0.00000 1059.14917 193.18678
0.34349 0.54599 0.00000 832.12946 13.40236
0.43149 0.54599 0.00000 903.78156 42.59039
0.45799 0.54599 0.00000 925.49640 51.48372
0.54599 0.54599 0.00000 998.21777 81.16953
0.57248 0.54599 0.00000 1020.34827 90.08160

gimbalangles:
-0.174532925199 -0.349065850399 -0.0872664625997 

end: