T_CW:
0.9991036014 0.0369346325 -0.0206839704 -0.4117080289
0.0331130951 -0.9862840352 -0.1617013446 0.6368028809
-0.0263726496 0.1608714855 -0.9866229515 1.2043260132
0.0000000000 0.0000000000 0.0000000000 1.0000000000

T_CW_cov:

target_points_pix:
0.00000 0.11450 0.00000 162.17174 429.46793
0.08800 0.11450 0.00000 195.43997 430.95660
0.11450 0.11450 0.00000 205.22189 431.36426
0.20250 0.11450 0.00000 238.49951 432.79675
0.22899 0.11450 0.00000 248.30724 433.36731
0.31699 0.11450 0.00000 281.63562 434.78879
0.34349 0.11450 0.00000 291.61557 435.25256
0.43149 0.11450 0.00000 325.13406 436.65836
0.54599 0.11450 0.00000 368.65277 438.62616
0.66048 0.11450 0.00000 412.50128 440.54056
0.00000 0.20250 0.00000 165.38284 394.93213
0.08800 0.20250 0.00000 197.90514 396.28818
0.11450 0.20250 0.00000 207.69952 396.61005
0.20250 0.20250 0.00000 240.56090 397.97720
0.22899 0.20250 0.00000 250.52087 398.36707
0.31699 0.20250 0.00000 283.36288 399.69025
0.34349 0.20250 0.00000 293.31613 400.22272
0.43149 0.20250 0.00000 326.27811 401.55713
0.45799 0.20250 0.00000 336.19159 401.92102
0.54599 0.20250 0.00000 369.32892 403.40784
0.57248 0.20250 0.00000 379.32233 403.70212
0.66048 0.20250 0.00000 412.50125 405.28543
0.00000 0.22899 0.00000 166.21318 384.70679
0.08800 0.22899 0.00000 198.71745 385.94785
0.11450 0.22899 0.00000 208.48157 386.37537
0.20250 0.22899 0.00000 241.26936 387.62021
0.22899 0.22899 0.00000 250.94838 388.09210
0.31699 0.22899 0.00000 283.75287 389.40323
0.34349 0.22899 0.00000 293.54672 389.77716
0.43149 0.22899 0.00000 326.54169 391.26321
0.45799 0.22899 0.00000 336.36133 391.64459
0.54599 0.22899 0.00000 369.48254 393.00327
0.57248 0.22899 0.00000 379.38660 393.42020
0.66048 0.22899 0.00000 412.58340 394.76990
0.00000 0.31699 0.00000 169.05157 350.99710
0.08800 0.31699 0.00000 201.42879 352.38885
0.11450 0.31699 0.00000 210.97649 352.55356
0.20250 0.31699 0.00000 243.36392 353.83167
0.22899 0.31699 0.00000 252.92525 354.27859
0.31699 0.31699 0.00000 285.36856 355.56714
0.34349 0.31699 0.00000 295.17520 356.00330
0.43149 0.31699 0.00000 327.55579 357.28955
0.45799 0.31699 0.00000 337.40958 357.62097
0.54599 0.31699 0.00000 370.05807 358.88260
0.57248 0.31699 0.00000 379.89426 359.37061
0.66048 0.31699 0.00000 412.60626 360.58737
0.00000 0.34349 0.00000 169.85823 341.05789
0.08800 0.34349 0.00000 202.10826 342.25659
0.11450 0.34349 0.00000 211.62515 342.61218
0.20250 0.34349 0.00000 243.86768 343.94479
0.22899 0.34349 0.00000 253.57384 344.39795
0.31699 0.34349 0.00000 285.79608 345.51471
0.34349 0.34349 0.00000 295.55432 346.00943
0.43149 0.34349 0.00000 328.03973 347.30478
0.45799 0.34349 0.00000 337.62152 347.63031
0.54599 0.34349 0.00000 370.32571 348.81284
0.57248 0.34349 0.00000 380.01367 349.26379
0.66048 0.34349 0.00000 412.67346 350.49252
0.00000 0.43149 0.00000 172.80649 308.36969
0.08800 0.43149 0.00000 204.55171 309.54150
0.11450 0.43149 0.00000 214.09962 309.87070
0.20250 0.43149 0.00000 245.83949 311.23923
0.22899 0.43149 0.00000 255.48618 311.49258
0.31699 0.43149 0.00000 287.41071 312.70535
0.34349 0.43149 0.00000 296.98065 313.17416
0.43149 0.43149 0.00000 329.01315 314.39505
0.45799 0.43149 0.00000 338.57529 314.65710
0.54599 0.43149 0.00000 370.86435 315.84830
0.57248 0.43149 0.00000 380.50751 316.32233
0.66048 0.43149 0.00000 412.88513 317.37482
0.00000 0.45799 0.00000 173.62311 298.84479
0.08800 0.45799 0.00000 205.39476 299.85092
0.11450 0.45799 0.00000 214.74898 300.37360
0.20250 0.45799 0.00000 246.51350 301.45526
0.22899 0.45799 0.00000 255.97845 301.77908
0.31699 0.45799 0.00000 287.75757 303.08447
0.34349 0.45799 0.00000 297.44943 303.44073
0.43149 0.45799 0.00000 329.32111 304.56705
0.45799 0.45799 0.00000 338.91815 304.96625
0.54599 0.45799 0.00000 371.01514 306.15561
0.57248 0.45799 0.00000 380.64554 306.53995
0.66048 0.45799 0.00000 412.88547 307.61996
0.00000 0.54599 0.00000 176.43520 267.17474
0.08800 0.54599 0.00000 207.64130 268.33487
0.11450 0.54599 0.00000 217.12280 268.52982
0.20250 0.54599 0.00000 248.43115 269.58994
0.22899 0.54599 0.00000 257.81763 270.02417
0.31699 0.54599 0.00000 289.31076 271.18692
0.34349 0.54599 0.00000 298.66000 271.46671
0.43149 0.54599 0.00000 330.36172 272.60574
0.45799 0.54599 0.00000 339.82831 272.97174
0.54599 0.54599 0.00000 371.53348 274.08090
0.57248 0.54599 0.00000 381.21545 274.40375
0.66048 0.54599 0.00000 413.01779 275.49365
0.00000 0.57248 0.00000 177.31709 257.74768
0.08800 0.57248 0.00000 208.39473 258.81036
0.11450 0.57248 0.00000 217.72565 259.31699
0.20250 0.57248 0.00000 248.96696 260.35059
0.22899 0.57248 0.00000 258.39587 260.60229
0.31699 0.57248 0.00000 289.65845 261.66574
0.34349 0.57248 0.00000 299.17120 262.06808
0.43149 0.57248 0.00000 330.60858 263.21359
0.45799 0.57248 0.00000 340.22858 263.48721
0.54599 0.57248 0.00000 371.74741 264.52203
0.57248 0.57248 0.00000 381.28824 264.83249
0.66048 0.57248 0.00000 412.99594 265.93332
0.00000 0.66048 0.00000 179.79797 226.93977
0.08800 0.66048 0.00000 210.66968 228.06276
0.11450 0.66048 0.00000 220.01369 228.38046
0.20250 0.66048 0.00000 250.81526 229.41614
0.22899 0.66048 0.00000 260.20535 229.61066
0.31699 0.66048 0.00000 291.20322 230.61400
0.34349 0.66048 0.00000 300.46429 230.98578
0.43149 0.66048 0.00000 331.59436 231.94865
0.45799 0.66048 0.00000 341.05426 232.37691
0.54599 0.66048 0.00000 372.33823 233.37529
0.57248 0.66048 0.00000 381.68594 233.62512
0.66048 0.66048 0.00000 413.13541 234.59824

gimbalangles:
-0.174532925199 -0.349065850399 -0.0872664625997 

end: