T_CW:
0.9991026879 0.0369900231 -0.0206290388 -0.4117335721
0.0331631180 -0.9861993138 -0.1622070314 0.6367378812
-0.0263443857 0.1613773578 -0.9865410897 1.2041836539
0.0000000000 0.0000000000 0.0000000000 1.0000000000

T_CW_cov:

target_points_pix:
0.00000 0.11450 0.00000 162.20659 429.52786
0.08800 0.11450 0.00000 195.40488 431.01208
0.11450 0.11450 0.00000 205.12715 431.41541
0.20250 0.11450 0.00000 238.46602 432.78601
0.22899 0.11450 0.00000 248.35190 433.28720
0.31699 0.11450 0.00000 281.57419 434.70551
0.43149 0.11450 0.00000 325.10550 436.60168
0.45799 0.11450 0.00000 335.14719 437.19754
0.54599 0.11450 0.00000 368.71017 438.63333
0.57248 0.11450 0.00000 378.70047 439.05701
0.66048 0.11450 0.00000 412.55130 440.61188
0.00000 0.20250 0.00000 165.40063 394.88040
0.08800 0.20250 0.00000 197.82260 396.24377
0.11450 0.20250 0.00000 207.82629 396.54950
0.20250 0.20250 0.00000 240.45630 397.89325
0.22899 0.20250 0.00000 250.47826 398.37012
0.31699 0.20250 0.00000 283.34326 399.70355
0.34349 0.20250 0.00000 293.26205 400.19104
0.43149 0.20250 0.00000 326.26624 401.53177
0.45799 0.20250 0.00000 336.20804 401.95737
0.54599 0.20250 0.00000 369.26157 403.35757
0.57248 0.20250 0.00000 379.25259 403.70889
0.66048 0.20250 0.00000 412.50842 405.23145
0.00000 0.22899 0.00000 166.08597 384.66681
0.08800 0.22899 0.00000 198.67873 385.94650
0.11450 0.22899 0.00000 208.46815 386.36523
0.20250 0.22899 0.00000 241.28386 387.59869
0.22899 0.22899 0.00000 250.91035 388.10983
0.31699 0.22899 0.00000 283.70435 389.40347
0.34349 0.22899 0.00000 293.56213 389.84116
0.43149 0.22899 0.00000 326.53101 391.18387
0.45799 0.22899 0.00000 336.43375 391.72083
0.54599 0.22899 0.00000 369.41748 392.97525
0.57248 0.22899 0.00000 379.31619 393.37329
0.66048 0.22899 0.00000 412.64258 394.77869
0.00000 0.31699 0.00000 169.06281 350.91769
0.08800 0.31699 0.00000 201.36319 352.33554
0.11450 0.31699 0.00000 210.97005 352.54272
0.20250 0.31699 0.00000 243.32619 353.86594
0.22899 0.31699 0.00000 253.04808 354.29416
0.31699 0.31699 0.00000 285.40045 355.53806
0.34349 0.31699 0.00000 295.13083 356.01709
0.43149 0.31699 0.00000 327.57266 357.30023
0.45799 0.31699 0.00000 337.45514 357.60132
0.54599 0.31699 0.00000 370.07513 358.83377
0.57248 0.31699 0.00000 379.88257 359.32858
0.66048 0.31699 0.00000 412.63046 360.60547
0.00000 0.34349 0.00000 169.95226 341.01529
0.08800 0.34349 0.00000 202.15382 342.30795
0.11450 0.34349 0.00000 211.67851 342.61987
0.20250 0.34349 0.00000 243.88573 343.91714
0.22899 0.34349 0.00000 253.57491 344.37006
0.31699 0.34349 0.00000 285.80536 345.50699
0.34349 0.34349 0.00000 295.49628 345.99564
0.43149 0.34349 0.00000 328.03253 347.36496
0.45799 0.34349 0.00000 337.63727 347.59262
0.54599 0.34349 0.00000 370.39590 348.84512
0.57248 0.34349 0.00000 380.02484 349.29645
0.66048 0.34349 0.00000 412.68338 350.48853
0.00000 0.43149 0.00000 172.80771 308.40625
0.08800 0.43149 0.00000 204.56349 309.54446
0.11450 0.43149 0.00000 214.11780 309.87677
0.20250 0.43149 0.00000 245.83730 311.21268
0.22899 0.43149 0.00000 255.48827 311.51254
0.31699 0.43149 0.00000 287.41452 312.73230
0.34349 0.43149 0.00000 297.00165 313.15100
0.43149 0.43149 0.00000 328.95782 314.33456
0.45799 0.43149 0.00000 338.59464 314.61691
0.54599 0.43149 0.00000 370.75824 315.81863
0.57248 0.43149 0.00000 380.48596 316.32590
0.66048 0.43149 0.00000 412.86182 317.37378
0.00000 0.45799 0.00000 173.67783 298.82288
0.08800 0.45799 0.00000 205.40862 299.93210
0.11450 0.45799 0.00000 214.76579 300.37332
0.20250 0.45799 0.00000 246.51945 301.44824
0.22899 0.45799 0.00000 255.95470 301.80777
0.31699 0.45799 0.00000 287.76926 303.09680
0.34349 0.45799 0.00000 297.41028 303.44327
0.43149 0.45799 0.00000 329.37656 304.53345
0.45799 0.45799 0.00000 338.91354 304.93036
0.54599 0.45799 0.00000 371.00644 306.16644
0.57248 0.45799 0.00000 380.60934 306.48737
0.66048 0.45799 0.00000 412.86948 307.56406
0.00000 0.54599 0.00000 176.48618 267.15747
0.08800 0.54599 0.00000 207.67372 268.30054
0.11450 0.54599 0.00000 217.09613 268.49139
0.20250 0.54599 0.00000 248.44408 269.62051
0.22899 0.54599 0.00000 257.81744 270.03525
0.31699 0.54599 0.00000 289.28864 271.16873
0.34349 0.54599 0.00000 298.70190 271.46906
0.43149 0.54599 0.00000 330.44077 272.60794
0.45799 0.54599 0.00000 339.83096 272.95871
0.54599 0.54599 0.00000 371.55722 274.03979
0.57248 0.54599 0.00000 381.23825 274.41345
0.66048 0.54599 0.00000 412.97653 275.48065
0.00000 0.57248 0.00000 177.31464 257.67249
0.08800 0.57248 0.00000 208.42206 258.79733
0.11450 0.57248 0.00000 217.73700 259.28268
0.20250 0.57248 0.00000 248.94476 260.38263
0.22899 0.57248 0.00000 258.41324 260.62610
0.31699 0.57248 0.00000 289.69830 261.64536
0.34349 0.57248 0.00000 299.21854 262.13342
0.43149 0.57248 0.00000 330.63553 263.22031
0.45799 0.57248 0.00000 340.20740 263.48865
0.54599 0.57248 0.00000 371.69907 264.55179
0.57248 0.57248 0.00000 381.28537 264.84299
0.66048 0.57248 0.00000 413.02625 265.95517
0.00000 0.66048 0.00000 179.81622 226.91852
0.08800 0.66048 0.00000 210.68359 228.10707
0.11450 0.66048 0.00000 220.00629 228.36200
0.20250 0.66048 0.00000 250.81586 229.42638
0.22899 0.66048 0.00000 260.12320 229.58202
0.31699 0.66048 0.00000 291.17258 230.60428
0.34349 0.66048 0.00000 300.47604 230.95757
0.43149 0.66048 0.00000 331.59161 231.98749
0.45799 0.66048 0.00000 341.09909 232.38605
0.54599 0.66048 0.00000 372.33838 233.42030
0.57248 0.66048 0.00000 381.67999 233.61642
0.66048 0.66048 0.00000 413.16876 234.62840

gimbalangles:
-0.174532925199 -0.349065850399 0.0872664625997 

end: