T_CW:
0.9033230747 0.3841552917 0.1908720372 -0.7442819071
0.3389603043 -0.9119409625 0.2312349304 -0.1603120832
0.2628941515 -0.1441818044 -0.9539907087 1.1917984696
0.0000000000 0.0000000000 0.0000000000 1.0000000000

T_CW_cov:

target_points_pix:
0.11450 0.00000 0.00000 66.94315 241.12508
0.20250 0.00000 0.00000 147.63580 269.63638
0.22899 0.00000 0.00000 171.53380 278.05252
0.31699 0.00000 0.00000 248.57214 305.37033
0.34349 0.00000 0.00000 271.35117 313.35068
0.43149 0.00000 0.00000 345.13339 339.29425
0.45799 0.00000 0.00000 366.94666 346.74619
0.54599 0.00000 0.00000 437.51794 371.42368
0.57248 0.00000 0.00000 458.32114 378.68631
0.66048 0.00000 0.00000 525.73364 402.41132
0.20250 0.08800 0.00000 172.99278 196.81866
0.22899 0.08800 0.00000 197.06670 205.65663
0.31699 0.08800 0.00000 274.43787 234.36739
0.34349 0.08800 0.00000 297.15643 242.84196
0.43149 0.08800 0.00000 371.03949 270.25290
0.45799 0.08800 0.00000 392.76535 278.26407
0.54599 0.08800 0.00000 463.48834 304.35565
0.57248 0.08800 0.00000 484.42554 312.00229
0.66048 0.08800 0.00000 552.03235 337.22198
0.11450 0.11450 0.00000 99.23837 143.92003
0.20250 0.11450 0.00000 180.70038 174.64059
0.22899 0.11450 0.00000 204.59744 183.57579
0.31699 0.11450 0.00000 282.14185 212.82921
0.34349 0.11450 0.00000 305.04199 221.47575
0.43149 0.11450 0.00000 378.88635 249.29524
0.45799 0.11450 0.00000 400.57166 257.44894
0.54599 0.11450 0.00000 471.51764 283.93283
0.57248 0.11450 0.00000 492.33398 291.73804
0.66048 0.11450 0.00000 560.05231 317.33640
0.20250 0.20250 0.00000 206.28899 99.91938
0.22899 0.20250 0.00000 230.35869 109.46279
0.31699 0.20250 0.00000 308.13263 140.30281
0.34349 0.20250 0.00000 331.34018 149.43175
0.43149 0.20250 0.00000 405.44574 178.74159
0.45799 0.20250 0.00000 427.35016 187.44164
0.54599 0.20250 0.00000 498.36386 215.46054
0.57248 0.20250 0.00000 519.31042 223.69383
0.66048 0.20250 0.00000 587.07550 250.55640
0.22899 0.22899 0.00000 238.18016 86.83948
0.31699 0.22899 0.00000 316.15024 118.22306
0.34349 0.22899 0.00000 339.19147 127.48328
0.43149 0.22899 0.00000 413.45700 157.37422
0.45799 0.22899 0.00000 435.39664 166.05386
0.54599 0.22899 0.00000 506.50885 194.59824
0.57248 0.22899 0.00000 527.41418 203.03972
0.66048 0.22899 0.00000 595.43365 230.37891
0.31699 0.31699 0.00000 343.18777 43.75457
0.34349 0.31699 0.00000 366.14404 53.41179
0.43149 0.31699 0.00000 440.81488 85.08360
0.45799 0.31699 0.00000 462.68649 94.21809
0.54599 0.31699 0.00000 533.97430 124.38460
0.57248 0.31699 0.00000 555.15442 133.13374
0.66048 0.31699 0.00000 623.33734 161.96532
0.57248 0.34349 0.00000 563.54346 111.77167
0.66048 0.34349 0.00000 631.68829 141.06921
0.57248 0.43149 0.00000 592.07849 40.17814
0.66048 0.43149 0.00000 660.53320 70.73688

gimbalangles:
-0.174532925199 -0.349065850399 0.261799387799 

end: