T_CW:
0.9991016372 0.0369625051 -0.0207290078 -0.4117367848
0.0331205074 -0.9862050024 -0.1621811494 0.6368320518
-0.0264376728 0.1613488966 -0.9865432494 1.2041981331
0.0000000000 0.0000000000 0.0000000000 1.0000000000

T_CW_cov:

target_points_pix:
0.00000 0.11450 0.00000 162.19450 429.54224
0.08800 0.11450 0.00000 195.33757 430.93924
0.11450 0.11450 0.00000 205.17891 431.48608
0.20250 0.11450 0.00000 238.42310 432.86108
0.22899 0.11450 0.00000 248.31726 433.35898
0.31699 0.11450 0.00000 281.63184 434.76776
0.34349 0.11450 0.00000 291.55670 435.30188
0.43149 0.11450 0.00000 325.15448 436.67947
0.54599 0.11450 0.00000 368.69861 438.56161
0.57248 0.11450 0.00000 378.67639 439.13092
0.66048 0.11450 0.00000 412.53983 440.51855
0.00000 0.20250 0.00000 165.37408 394.84827
0.08800 0.20250 0.00000 197.85258 396.30545
0.11450 0.20250 0.00000 207.70447 396.55573
0.20250 0.20250 0.00000 240.58792 397.99130
0.22899 0.20250 0.00000 250.48581 398.39468
0.31699 0.20250 0.00000 283.31091 399.78522
0.34349 0.20250 0.00000 293.28217 400.23975
0.43149 0.20250 0.00000 326.25980 401.51028
0.45799 0.20250 0.00000 336.26627 401.95929
0.54599 0.20250 0.00000 369.18976 403.39792
0.57248 0.20250 0.00000 379.35144 403.87000
0.66048 0.20250 0.00000 412.53400 405.31824
0.00000 0.22899 0.00000 166.12952 384.66568
0.08800 0.22899 0.00000 198.66911 385.99161
0.11450 0.22899 0.00000 208.49519 386.39624
0.20250 0.22899 0.00000 241.27985 387.62360
0.22899 0.22899 0.00000 250.94623 388.12878
0.31699 0.22899 0.00000 283.75607 389.44177
0.34349 0.22899 0.00000 293.60721 389.84775
0.43149 0.22899 0.00000 326.55243 391.31961
0.45799 0.22899 0.00000 336.34116 391.60944
0.54599 0.22899 0.00000 369.44357 393.05139
0.57248 0.22899 0.00000 379.34586 393.47290
0.66048 0.22899 0.00000 412.57950 394.71307
0.00000 0.31699 0.00000 169.07156 351.00275
0.08800 0.31699 0.00000 201.38931 352.37024
0.11450 0.31699 0.00000 210.94106 352.58362
0.20250 0.31699 0.00000 243.30829 353.84991
0.22899 0.31699 0.00000 253.00197 354.31165
0.31699 0.31699 0.00000 285.46375 355.65524
0.34349 0.31699 0.00000 295.12537 355.98154
0.43149 0.31699 0.00000 327.55862 357.28906
0.45799 0.31699 0.00000 337.43552 357.63339
0.54599 0.31699 0.00000 370.07523 358.89642
0.57248 0.31699 0.00000 379.88522 359.34631
0.66048 0.31699 0.00000 412.61670 360.63651
0.00000 0.34349 0.00000 169.91747 341.14233
0.08800 0.34349 0.00000 202.06598 342.29169
0.11450 0.34349 0.00000 211.69034 342.60352
0.20250 0.34349 0.00000 243.74803 343.92694
0.22899 0.34349 0.00000 253.52811 344.37064
0.31699 0.34349 0.00000 285.77609 345.53601
0.34349 0.34349 0.00000 295.55750 346.08356
0.43149 0.34349 0.00000 327.94827 347.36420
0.45799 0.34349 0.00000 337.64453 347.63428
0.54599 0.34349 0.00000 370.27768 348.89880
0.57248 0.34349 0.00000 380.09521 349.35794
0.66048 0.34349 0.00000 412.70706 350.52869
0.00000 0.43149 0.00000 172.80333 308.41809
0.08800 0.43149 0.00000 204.54669 309.56830
0.11450 0.43149 0.00000 214.17517 309.95587
0.20250 0.43149 0.00000 245.84604 311.24338
0.22899 0.43149 0.00000 255.47568 311.50107
0.31699 0.43149 0.00000 287.36102 312.68958
0.34349 0.43149 0.00000 297.01794 313.20944
0.43149 0.43149 0.00000 329.00281 314.36917
0.45799 0.43149 0.00000 338.61096 314.65887
0.54599 0.43149 0.00000 370.80179 315.85312
0.57248 0.43149 0.00000 380.52243 316.27240
0.66048 0.43149 0.00000 412.83368 317.42435
0.00000 0.45799 0.00000 173.67229 298.83661
0.08800 0.45799 0.00000 205.41467 299.86182
0.11450 0.45799 0.00000 214.74654 300.35321
0.20250 0.45799 0.00000 246.52568 301.46979
0.22899 0.45799 0.00000 255.93759 301.85294
0.31699 0.45799 0.00000 287.76355 303.14450
0.34349 0.45799 0.00000 297.43768 303.44089
0.43149 0.45799 0.00000 329.31949 304.59491
0.45799 0.45799 0.00000 338.89417 304.98923
0.54599 0.45799 0.00000 371.10638 306.18280
0.57248 0.45799 0.00000 380.60428 306.47220
0.66048 0.45799 0.00000 412.84476 307.60571
0.00000 0.54599 0.00000 176.44197 267.21808
0.08800 0.54599 0.00000 207.66170 268.36029
0.11450 0.54599 0.00000 217.16360 268.53732
0.20250 0.54599 0.00000 248.42346 269.67599
0.22899 0.54599 0.00000 257.82788 270.03226
0.31699 0.54599 0.00000 289.27917 271.20129
0.34349 0.54599 0.00000 298.66022 271.49484
0.43149 0.54599 0.00000 330.35040 272.59552
0.45799 0.54599 0.00000 339.79025 273.03519
0.54599 0.54599 0.00000 371.60147 274.09412
0.57248 0.54599 0.00000 381.23590 274.40118
0.66048 0.54599 0.00000 412.94968 275.46982
0.00000 0.57248 0.00000 177.29247 257.75031
0.08800 0.57248 0.00000 208.39206 258.86816
0.11450 0.57248 0.00000 217.68831 259.31644
0.20250 0.57248 0.00000 248.94560 260.36725
0.22899 0.57248 0.00000 258.37833 260.62280
0.31699 0.57248 0.00000 289.66516 261.71301
0.34349 0.57248 0.00000 299.13351 262.14062
0.43149 0.57248 0.00000 330.65210 263.27051
0.45799 0.57248 0.00000 340.18362 263.48849
0.54599 0.57248 0.00000 371.69022 264.56879
0.57248 0.57248 0.00000 381.29056 264.83365
0.66048 0.57248 0.00000 412.98032 266.00165
0.00000 0.66048 0.00000 179.83937 226.97670
0.08800 0.66048 0.00000 210.66414 228.15727
0.11450 0.66048 0.00000 219.94052 228.43863
0.20250 0.66048 0.00000 250.80469 229.46959
0.22899 0.66048 0.00000 260.19040 229.66220
0.31699 0.66048 0.00000 291.21094 230.61884
0.34349 0.66048 0.00000 300.45581 231.02614
0.43149 0.66048 0.00000 331.61819 232.06616
0.45799 0.66048 0.00000 341.11780 232.40945
0.54599 0.66048 0.00000 372.34390 233.42125
0.57248 0.66048 0.00000 381.69855 233.64517
0.66048 0.66048 0.00000 413.23746 234.66731

gimbalangles:
-0.174532925199 -0.349065850399 0.261799387799 

end: