T_CW:
0.9987894341 0.0413907706 -0.0265795114 -0.5247884313
0.0363939014 -0.9853198622 -0.1667940441 0.6413442689
-0.0330930545 0.1656247968 -0.9856334392 1.2040662243
0.0000000000 0.0000000000 0.0000000000 1.0000000000

T_CW_cov:

target_points_pix:
0.08800 0.11450 0.00000 148.32303 441.48413
0.20250 0.11450 0.00000 191.70181 443.55228
0.22899 0.11450 0.00000 201.73506 444.34232
0.31699 0.11450 0.00000 235.36172 445.53168
0.34349 0.11450 0.00000 245.32541 446.40045
0.43149 0.11450 0.00000 278.91019 448.03275
0.45799 0.11450 0.00000 289.09528 448.45459
0.54599 0.11450 0.00000 322.94528 450.46652
0.57248 0.11450 0.00000 333.03174 450.79285
0.66048 0.11450 0.00000 367.17191 452.58530
0.08800 0.20250 0.00000 151.77249 406.43076
0.11450 0.20250 0.00000 161.61447 406.66956
0.20250 0.20250 0.00000 194.62836 408.43295
0.22899 0.20250 0.00000 204.71242 408.59222
0.31699 0.20250 0.00000 237.78964 410.20584
0.43149 0.20250 0.00000 280.79944 412.37357
0.45799 0.20250 0.00000 290.90359 412.63354
0.54599 0.20250 0.00000 324.19006 414.60779
0.57248 0.20250 0.00000 334.21341 414.93558
0.66048 0.20250 0.00000 367.73654 416.68332
0.00000 0.22899 0.00000 119.82405 394.50977
0.08800 0.22899 0.00000 152.79985 395.82175
0.11450 0.22899 0.00000 162.58656 396.36932
0.20250 0.22899 0.00000 195.64810 397.63031
0.22899 0.22899 0.00000 205.56880 398.25729
0.31699 0.22899 0.00000 238.46945 399.65402
0.34349 0.22899 0.00000 248.36668 400.26932
0.43149 0.22899 0.00000 281.36996 401.75616
0.45799 0.22899 0.00000 291.36237 402.28421
0.54599 0.22899 0.00000 324.52133 403.76489
0.57248 0.22899 0.00000 334.48987 404.34973
0.66048 0.22899 0.00000 367.89377 406.18439
0.00000 0.31699 0.00000 123.61579 360.40945
0.08800 0.31699 0.00000 156.31239 361.84357
0.11450 0.31699 0.00000 165.85426 362.19370
0.20250 0.31699 0.00000 198.51895 363.57639
0.22899 0.31699 0.00000 208.04813 363.79495
0.31699 0.31699 0.00000 240.62520 365.53281
0.34349 0.31699 0.00000 250.49301 365.91476
0.43149 0.31699 0.00000 282.96991 367.50323
0.45799 0.31699 0.00000 292.87851 367.90543
0.54599 0.31699 0.00000 325.70129 369.46924
0.57248 0.31699 0.00000 335.58813 369.84555
0.66048 0.31699 0.00000 368.68164 371.51071
0.00000 0.34349 0.00000 124.63107 350.49689
0.11450 0.34349 0.00000 166.93816 352.21988
0.20250 0.34349 0.00000 199.25896 353.37015
0.22899 0.34349 0.00000 208.95830 353.90015
0.31699 0.34349 0.00000 241.29414 355.24097
0.34349 0.34349 0.00000 251.11118 355.75323
0.43149 0.34349 0.00000 283.41913 357.32993
0.45799 0.34349 0.00000 293.28210 357.72742
0.54599 0.34349 0.00000 326.05478 359.35541
0.57248 0.34349 0.00000 335.95316 359.56949
0.66048 0.34349 0.00000 368.95135 361.16360
0.00000 0.43149 0.00000 128.42398 317.35617
0.08800 0.43149 0.00000 160.41864 318.65216
0.11450 0.43149 0.00000 169.89294 318.95889
0.20250 0.43149 0.00000 201.90201 320.46002
0.22899 0.43149 0.00000 211.42612 320.60010
0.31699 0.43149 0.00000 243.43428 322.23553
0.34349 0.43149 0.00000 252.85663 322.58310
0.43149 0.43149 0.00000 285.24228 323.95789
0.45799 0.43149 0.00000 294.75879 324.42313
0.54599 0.43149 0.00000 327.30515 325.71622
0.57248 0.43149 0.00000 337.00034 326.25488
0.66048 0.43149 0.00000 369.64182 327.54959
0.00000 0.45799 0.00000 129.37376 307.63885
0.08800 0.45799 0.00000 161.38206 308.85217
0.11450 0.45799 0.00000 170.90948 309.35748
0.20250 0.45799 0.00000 202.70879 310.43988
0.22899 0.45799 0.00000 212.28113 311.07465
0.31699 0.45799 0.00000 243.86221 312.31644
0.34349 0.45799 0.00000 253.54955 312.64590
0.43149 0.45799 0.00000 285.58234 314.13916
0.45799 0.45799 0.00000 295.36258 314.54443
0.54599 0.45799 0.00000 327.55774 315.85565
0.57248 0.45799 0.00000 337.32706 316.22897
0.66048 0.45799 0.00000 369.74509 317.65848
0.00000 0.54599 0.00000 132.88948 275.48962
0.08800 0.54599 0.00000 164.44435 277.09402
0.11450 0.54599 0.00000 173.69855 277.29523
0.20250 0.54599 0.00000 205.32086 278.52820
0.22899 0.54599 0.00000 214.62387 278.84097
0.31699 0.54599 0.00000 246.01645 280.06705
0.34349 0.54599 0.00000 255.51595 280.48615
0.43149 0.54599 0.00000 287.42084 281.70996
0.45799 0.54599 0.00000 296.80457 282.19916
0.54599 0.54599 0.00000 328.71939 283.38702
0.57248 0.54599 0.00000 338.43167 283.68622
0.66048 0.54599 0.00000 370.57764 285.10510
0.00000 0.57248 0.00000 133.88272 266.45123
0.08800 0.57248 0.00000 165.22989 267.46762
0.11450 0.57248 0.00000 174.73386 267.89624
0.20250 0.57248 0.00000 205.96098 269.09717
0.22899 0.57248 0.00000 215.37283 269.48666
0.31699 0.57248 0.00000 246.71509 270.57925
0.34349 0.57248 0.00000 256.20523 270.92877
0.43149 0.57248 0.00000 287.70541 272.32275
0.45799 0.57248 0.00000 297.28238 272.49866
0.54599 0.57248 0.00000 329.18747 273.74033
0.57248 0.57248 0.00000 338.66000 274.20667
0.66048 0.57248 0.00000 370.68179 275.47437
0.00000 0.66048 0.00000 137.22957 235.24117
0.08800 0.66048 0.00000 168.41618 236.55815
0.11450 0.66048 0.00000 177.51741 236.82686
0.20250 0.66048 0.00000 208.53178 237.87503
0.22899 0.66048 0.00000 217.76198 238.33525
0.31699 0.66048 0.00000 248.79149 239.47939
0.34349 0.66048 0.00000 258.16077 239.68280
0.43149 0.66048 0.00000 289.43814 240.74120
0.45799 0.66048 0.00000 298.72131 241.28592
0.54599 0.66048 0.00000 330.34787 242.33478
0.57248 0.66048 0.00000 339.76804 242.56213
0.66048 0.66048 0.00000 371.40472 243.63246

gimbalangles:
-0.174532925199 -0.349065850399 0.261799387799 

end: