T_CW:
0.9991067170 0.0369702471 -0.0204687278 -0.4117120061
0.0331632287 -0.9861605311 -0.1624426271 0.6366855120
-0.0261909956 0.1616187107 -0.9865056635 1.2040161321
0.0000000000 0.0000000000 0.0000000000 1.0000000000

T_CW_cov:

target_points_pix:
0.00000 0.11450 0.00000 162.14049 429.51660
0.08800 0.11450 0.00000 195.32491 430.91281
0.11450 0.11450 0.00000 205.10385 431.41522
0.20250 0.11450 0.00000 238.37764 432.86871
0.22899 0.11450 0.00000 248.37640 433.35190
0.31699 0.11450 0.00000 281.62341 434.74350
0.34349 0.11450 0.00000 291.61594 435.28391
0.43149 0.11450 0.00000 325.09317 436.62720
0.45799 0.11450 0.00000 335.16461 437.21652
0.54599 0.11450 0.00000 368.73041 438.55911
0.57248 0.11450 0.00000 378.73962 439.13983
0.66048 0.11450 0.00000 412.55148 440.61142
0.00000 0.20250 0.00000 165.32655 394.88565
0.08800 0.20250 0.00000 197.96227 396.24643
0.11450 0.20250 0.00000 207.81314 396.52969
0.20250 0.20250 0.00000 240.48532 397.90442
0.22899 0.20250 0.00000 250.49213 398.35526
0.31699 0.20250 0.00000 283.30661 399.69455
0.34349 0.20250 0.00000 293.33136 400.19193
0.43149 0.20250 0.00000 326.15982 401.49786
0.45799 0.20250 0.00000 336.29477 401.90756
0.54599 0.20250 0.00000 369.27097 403.35867
0.57248 0.20250 0.00000 379.32684 403.69305
0.66048 0.20250 0.00000 412.43890 405.20221
0.00000 0.22899 0.00000 166.20583 384.63477
0.08800 0.22899 0.00000 198.70752 385.91721
0.11450 0.22899 0.00000 208.53262 386.37845
0.20250 0.22899 0.00000 241.30273 387.57129
0.22899 0.22899 0.00000 250.95767 388.07077
0.31699 0.22899 0.00000 283.74335 389.39764
0.34349 0.22899 0.00000 293.54022 389.83780
0.43149 0.22899 0.00000 326.53070 391.18872
0.45799 0.22899 0.00000 336.37479 391.58313
0.54599 0.22899 0.00000 369.50934 392.96548
0.57248 0.22899 0.00000 379.32587 393.39886
0.66048 0.22899 0.00000 412.55023 394.77628
0.00000 0.31699 0.00000 169.16252 350.96857
0.08800 0.31699 0.00000 201.38467 352.32864
0.11450 0.31699 0.00000 210.91043 352.59171
0.20250 0.31699 0.00000 243.30048 353.82056
0.22899 0.31699 0.00000 253.03331 354.30432
0.31699 0.31699 0.00000 285.47787 355.57574
0.34349 0.31699 0.00000 295.14651 355.94186
0.43149 0.31699 0.00000 327.60120 357.33249
0.45799 0.31699 0.00000 337.46021 357.55597
0.54599 0.31699 0.00000 370.09586 358.90771
0.57248 0.31699 0.00000 379.91003 359.32825
0.66048 0.31699 0.00000 412.61459 360.59265
0.00000 0.34349 0.00000 169.87331 341.13153
0.08800 0.34349 0.00000 202.05835 342.29889
0.11450 0.34349 0.00000 211.62315 342.61935
0.20250 0.34349 0.00000 243.87033 343.87033
0.22899 0.34349 0.00000 253.52074 344.33588
0.31699 0.34349 0.00000 285.79221 345.51288
0.34349 0.34349 0.00000 295.52969 345.97986
0.43149 0.34349 0.00000 327.96323 347.27667
0.45799 0.34349 0.00000 337.62598 347.59390
0.54599 0.34349 0.00000 370.28064 348.84695
0.57248 0.34349 0.00000 380.01205 349.20157
0.66048 0.34349 0.00000 412.70657 350.43890
0.00000 0.43149 0.00000 172.81625 308.39035
0.08800 0.43149 0.00000 204.49997 309.50797
0.11450 0.43149 0.00000 214.10773 309.83887
0.20250 0.43149 0.00000 245.90060 311.22388
0.22899 0.43149 0.00000 255.47282 311.46457
0.31699 0.43149 0.00000 287.39523 312.75229
0.34349 0.43149 0.00000 296.97424 313.08890
0.43149 0.43149 0.00000 329.07367 314.35925
0.45799 0.43149 0.00000 338.64105 314.61649
0.54599 0.43149 0.00000 370.81027 315.79843
0.57248 0.43149 0.00000 380.56409 316.27658
0.66048 0.43149 0.00000 412.85974 317.35220
0.00000 0.45799 0.00000 173.64003 298.70264
0.11450 0.45799 0.00000 214.77858 300.33063
0.20250 0.45799 0.00000 246.54695 301.43616
0.22899 0.45799 0.00000 255.95924 301.81131
0.31699 0.45799 0.00000 287.78064 303.07208
0.34349 0.45799 0.00000 297.44214 303.45023
0.43149 0.45799 0.00000 329.30508 304.58362
0.45799 0.45799 0.00000 338.93405 304.95673
0.54599 0.45799 0.00000 371.09482 306.15997
0.57248 0.45799 0.00000 380.59378 306.44141
0.66048 0.45799 0.00000 412.83847 307.57016
0.00000 0.54599 0.00000 176.53004 267.16592
0.08800 0.54599 0.00000 207.65086 268.27805
0.11450 0.54599 0.00000 217.12033 268.49158
0.20250 0.54599 0.00000 248.41382 269.65369
0.22899 0.54599 0.00000 257.81253 270.01727
0.31699 0.54599 0.00000 289.32355 271.19785
0.34349 0.54599 0.00000 298.68295 271.47644
0.43149 0.54599 0.00000 330.43677 272.54446
0.45799 0.54599 0.00000 339.82047 272.94745
0.54599 0.54599 0.00000 371.56448 274.06604
0.57248 0.54599 0.00000 381.21835 274.39276
0.66048 0.54599 0.00000 413.00586 275.42023
0.00000 0.57248 0.00000 177.27092 257.73193
0.08800 0.57248 0.00000 208.44666 258.80969
0.11450 0.57248 0.00000 217.69006 259.30020
0.20250 0.57248 0.00000 248.96111 260.36188
0.22899 0.57248 0.00000 258.35519 260.61768
0.31699 0.57248 0.00000 289.66757 261.62445
0.34349 0.57248 0.00000 299.23547 262.13388
0.43149 0.57248 0.00000 330.63583 263.21295
0.45799 0.57248 0.00000 340.22998 263.48041
0.54599 0.57248 0.00000 371.68524 264.54712
0.57248 0.57248 0.00000 381.30032 264.82675
0.66048 0.57248 0.00000 413.01736 265.90833
0.00000 0.66048 0.00000 179.82924 226.90988
0.08800 0.66048 0.00000 210.65239 228.11070
0.11450 0.66048 0.00000 219.98642 228.40337
0.20250 0.66048 0.00000 250.81241 229.43230
0.22899 0.66048 0.00000 260.21112 229.58939
0.31699 0.66048 0.00000 291.21756 230.61101
0.34349 0.66048 0.00000 300.48911 230.99080
0.43149 0.66048 0.00000 331.61124 231.97438
0.45799 0.66048 0.00000 341.11670 232.37370
0.54599 0.66048 0.00000 372.35422 233.38359
0.57248 0.66048 0.00000 381.66745 233.64287
0.66048 0.66048 0.00000 413.21243 234.58102

gimbalangles:
-0.174532925199 -0.349065850399 0.436332312999 

end: