T_CW:
0.9987843996 0.0413836891 -0.0267789713 -0.5247455501
0.0363379302 -0.9852420396 -0.1672652930 0.6411895153
-0.0333058231 0.1660888728 -0.9855481766 1.2039126633
0.0000000000 0.0000000000 0.0000000000 1.0000000000

T_CW_cov:

target_points_pix:
0.00000 0.11450 0.00000 114.91074 439.94931
0.08800 0.11450 0.00000 148.26775 441.53622
0.20250 0.11450 0.00000 191.79825 443.48074
0.22899 0.11450 0.00000 201.62962 444.23615
0.31699 0.11450 0.00000 235.27534 445.69766
0.34349 0.11450 0.00000 245.45717 446.26013
0.43149 0.11450 0.00000 279.03079 447.84415
0.45799 0.11450 0.00000 289.07483 448.50189
0.54599 0.11450 0.00000 323.06128 450.17157
0.57248 0.11450 0.00000 333.01035 450.81812
0.66048 0.11450 0.00000 367.31165 452.53958
0.00000 0.20250 0.00000 118.71889 404.70877
0.08800 0.20250 0.00000 151.88611 406.34863
0.11450 0.20250 0.00000 161.65579 406.56070
0.20250 0.20250 0.00000 194.76279 408.31995
0.31699 0.20250 0.00000 237.68359 410.20267
0.34349 0.20250 0.00000 247.74707 410.57657
0.43149 0.20250 0.00000 280.85321 412.35556
0.45799 0.20250 0.00000 290.79141 412.73505
0.54599 0.20250 0.00000 324.22159 414.48074
0.57248 0.20250 0.00000 334.21420 414.90829
0.66048 0.20250 0.00000 367.76218 416.71210
0.00000 0.22899 0.00000 119.89670 394.49127
0.08800 0.22899 0.00000 152.73097 395.77676
0.11450 0.22899 0.00000 162.67065 396.40771
0.22899 0.22899 0.00000 205.55894 398.25854
0.34349 0.22899 0.00000 248.34206 400.27182
0.43149 0.22899 0.00000 281.36987 401.68460
0.45799 0.22899 0.00000 291.40472 402.30444
0.54599 0.22899 0.00000 324.44534 403.97092
0.57248 0.22899 0.00000 334.49249 404.40692
0.66048 0.22899 0.00000 368.06979 406.02652
0.00000 0.31699 0.00000 123.68166 360.33942
0.08800 0.31699 0.00000 156.27347 361.72684
0.11450 0.31699 0.00000 166.05473 362.02682
0.20250 0.31699 0.00000 198.49585 363.55389
0.22899 0.31699 0.00000 208.21951 363.83243
0.31699 0.31699 0.00000 240.68863 365.49304
0.34349 0.31699 0.00000 250.43951 365.88647
0.43149 0.31699 0.00000 282.98486 367.50003
0.45799 0.31699 0.00000 292.73001 367.91449
0.54599 0.31699 0.00000 325.66757 369.34613
0.57248 0.31699 0.00000 335.60458 369.76468
0.66048 0.31699 0.00000 368.63248 371.35455
0.00000 0.34349 0.00000 124.65985 350.40891
0.08800 0.34349 0.00000 157.09061 351.66376
0.11450 0.34349 0.00000 166.93483 352.10956
0.20250 0.34349 0.00000 199.28464 353.42517
0.22899 0.34349 0.00000 208.80518 353.78741
0.31699 0.34349 0.00000 241.21652 355.40082
0.34349 0.34349 0.00000 250.89671 355.70148
0.43149 0.34349 0.00000 283.52475 357.41159
0.45799 0.34349 0.00000 293.30978 357.71130
0.54599 0.34349 0.00000 326.09906 359.23654
0.57248 0.34349 0.00000 335.93332 359.53610
0.66048 0.34349 0.00000 368.91064 361.21597
0.00000 0.43149 0.00000 128.41338 317.21381
0.08800 0.43149 0.00000 160.34885 318.65915
0.11450 0.43149 0.00000 169.95998 318.87363
0.20250 0.43149 0.00000 201.91432 320.35818
0.22899 0.43149 0.00000 211.44612 320.55890
0.31699 0.43149 0.00000 243.27658 322.10513
0.34349 0.43149 0.00000 252.99547 322.58490
0.43149 0.43149 0.00000 285.07782 323.90787
0.45799 0.43149 0.00000 294.95773 324.31992
0.54599 0.43149 0.00000 327.19565 325.66934
0.57248 0.43149 0.00000 337.18869 326.13464
0.66048 0.43149 0.00000 369.54318 327.44061
0.00000 0.45799 0.00000 129.42226 307.63989
0.08800 0.45799 0.00000 161.46162 308.78235
0.11450 0.45799 0.00000 170.89740 309.28973
0.20250 0.45799 0.00000 202.71899 310.43640
0.22899 0.45799 0.00000 212.09540 310.96405
0.31699 0.45799 0.00000 243.91119 312.32449
0.34349 0.45799 0.00000 253.49475 312.69623
0.43149 0.45799 0.00000 285.80655 313.92496
0.45799 0.45799 0.00000 295.27078 314.46411
0.54599 0.45799 0.00000 327.64795 315.67139
0.57248 0.45799 0.00000 337.32028 316.18323
0.66048 0.45799 0.00000 369.91492 317.48914
0.00000 0.54599 0.00000 132.88509 275.52075
0.08800 0.54599 0.00000 164.53964 276.96307
0.11450 0.54599 0.00000 173.86409 277.18445
0.20250 0.54599 0.00000 205.34990 278.60727
0.22899 0.54599 0.00000 214.67163 278.76624
0.31699 0.54599 0.00000 245.95032 280.12808
0.34349 0.54599 0.00000 255.61301 280.37003
0.43149 0.54599 0.00000 287.17166 281.67239
0.45799 0.54599 0.00000 297.06015 282.06534
0.54599 0.54599 0.00000 328.61081 283.41147
0.57248 0.54599 0.00000 338.55328 283.69400
0.66048 0.54599 0.00000 370.38086 285.00104
0.00000 0.57248 0.00000 133.99628 266.34482
0.08800 0.57248 0.00000 165.28191 267.53125
0.11450 0.57248 0.00000 174.72556 267.75259
0.20250 0.57248 0.00000 206.00237 269.06421
0.22899 0.57248 0.00000 215.42245 269.48932
0.31699 0.57248 0.00000 246.72766 270.50391
0.34349 0.57248 0.00000 256.15222 270.88947
0.43149 0.57248 0.00000 287.90823 272.20676
0.45799 0.57248 0.00000 297.31039 272.52380
0.54599 0.57248 0.00000 329.30389 273.64850
0.57248 0.57248 0.00000 338.63049 274.12888
0.66048 0.57248 0.00000 370.76260 275.34610
0.00000 0.66048 0.00000 137.19124 235.12531
0.08800 0.66048 0.00000 168.32419 236.55199
0.11450 0.66048 0.00000 177.56085 236.68233
0.20250 0.66048 0.00000 208.55835 237.84703
0.22899 0.66048 0.00000 217.83873 238.38606
0.31699 0.66048 0.00000 248.72668 239.34599
0.34349 0.66048 0.00000 258.35855 239.63103
0.43149 0.66048 0.00000 289.34409 240.76936
0.45799 0.66048 0.00000 298.98550 241.17880
0.54599 0.66048 0.00000 330.20126 242.35788
0.57248 0.66048 0.00000 339.82291 242.57748
0.66048 0.66048 0.00000 371.31763 243.70016

gimbalangles:
-0.174532925199 -0.174532925199 -0.261799387799 

end: