T_CW:
0.9652543895 0.2210560983 -0.1393490760 -0.2703254170
0.2403735675 -0.9602825297 0.1416968987 0.0254425834
-0.1024915196 -0.1702693880 -0.9800529700 1.3869882186
0.0000000000 0.0000000000 0.0000000000 1.0000000000

T_CW_cov:

target_points_pix:
0.00000 0.00000 0.00000 429.31503 371.03098
0.08800 0.00000 0.00000 496.18539 388.17795
0.11450 0.00000 0.00000 516.30988 393.45856
0.20250 0.00000 0.00000 584.27881 410.93549
0.22899 0.00000 0.00000 604.97845 416.31607
0.34349 0.00000 0.00000 695.08344 439.52164
0.43149 0.00000 0.00000 765.53076 457.66708
0.45799 0.00000 0.00000 787.07959 463.15463
0.54599 0.00000 0.00000 858.58746 481.37024
0.57248 0.00000 0.00000 880.52002 486.97180
0.66048 0.00000 0.00000 953.65686 505.74698
0.00000 0.08800 0.00000 442.75699 303.10571
0.08800 0.08800 0.00000 510.56943 319.85233
0.11450 0.08800 0.00000 531.21082 325.16193
0.20250 0.08800 0.00000 599.74866 342.28970
0.22899 0.08800 0.00000 620.60620 347.44308
0.31699 0.08800 0.00000 690.62305 364.93887
0.34349 0.08800 0.00000 711.70673 370.25238
0.43149 0.08800 0.00000 783.07257 388.12192
0.45799 0.08800 0.00000 804.70032 393.41165
0.54599 0.08800 0.00000 877.36646 411.52951
0.57248 0.08800 0.00000 899.50226 417.02887
0.66048 0.08800 0.00000 973.59094 435.44397
0.00000 0.11450 0.00000 447.07764 282.40286
0.08800 0.11450 0.00000 514.74237 299.15427
0.11450 0.11450 0.00000 535.44250 304.32056
0.20250 0.11450 0.00000 604.46521 321.40247
0.22899 0.11450 0.00000 625.39508 326.51312
0.31699 0.11450 0.00000 695.57520 343.88309
0.34349 0.11450 0.00000 716.92841 349.26614
0.43149 0.11450 0.00000 788.39081 366.86725
0.45799 0.11450 0.00000 810.12982 372.33957
0.54599 0.11450 0.00000 883.12445 390.30634
0.57248 0.11450 0.00000 905.35406 395.67331
0.66048 0.11450 0.00000 979.52917 414.01859
0.00000 0.20250 0.00000 460.72693 212.56102
0.08800 0.20250 0.00000 529.41486 229.11903
0.11450 0.20250 0.00000 550.35956 234.04352
0.20250 0.20250 0.00000 620.08606 251.05432
0.22899 0.20250 0.00000 641.39911 256.13580
0.31699 0.20250 0.00000 712.48651 273.07230
0.34349 0.20250 0.00000 734.18127 278.29526
0.43149 0.20250 0.00000 806.59924 295.56067
0.45799 0.20250 0.00000 828.59796 300.93204
0.54599 0.20250 0.00000 902.57794 318.49933
0.57248 0.20250 0.00000 924.96771 323.87613
0.00000 0.22899 0.00000 464.88766 191.24640
0.08800 0.22899 0.00000 533.77295 207.66174
0.11450 0.22899 0.00000 554.90228 212.67242
0.20250 0.22899 0.00000 624.80377 229.32439
0.22899 0.22899 0.00000 646.22430 234.47803
0.31699 0.22899 0.00000 717.62817 251.43491
0.34349 0.22899 0.00000 739.34326 256.63324
0.43149 0.22899 0.00000 812.15540 273.81857
0.45799 0.22899 0.00000 834.16718 279.20953
0.54599 0.22899 0.00000 908.46667 296.67075
0.57248 0.22899 0.00000 930.95099 301.88153
0.66048 0.22899 0.00000 1006.49109 319.84946
0.00000 0.31699 0.00000 478.98557 119.37177
0.08800 0.31699 0.00000 548.76385 135.48433
0.11450 0.31699 0.00000 570.11383 140.38733
0.20250 0.31699 0.00000 641.04059 156.72391
0.22899 0.31699 0.00000 662.67688 161.70204
0.31699 0.31699 0.00000 735.01825 178.50807
0.34349 0.31699 0.00000 757.17297 183.49092
0.43149 0.31699 0.00000 830.79901 200.49789
0.45799 0.31699 0.00000 853.30804 205.59271
0.54599 0.31699 0.00000 928.50732 222.71861
0.57248 0.31699 0.00000 951.30914 228.10133
0.66048 0.31699 0.00000 1027.87000 245.58289
0.00000 0.34349 0.00000 483.34381 97.50207
0.08800 0.34349 0.00000 553.40814 113.39084
0.11450 0.34349 0.00000 574.66882 118.35816
0.20250 0.34349 0.00000 646.15216 134.58218
0.22899 0.34349 0.00000 667.76337 139.46820
0.31699 0.34349 0.00000 740.43805 156.16270
0.34349 0.34349 0.00000 762.43872 161.28058
0.43149 0.34349 0.00000 836.51892 177.94925
0.45799 0.34349 0.00000 859.14868 183.05356
0.54599 0.34349 0.00000 934.42908 200.25224
0.57248 0.34349 0.00000 957.36023 205.49355
0.66048 0.34349 0.00000 1034.35901 222.84920
0.00000 0.43149 0.00000 497.94171 23.50936
0.08800 0.43149 0.00000 568.92035 39.18257
0.11450 0.43149 0.00000 590.49060 43.89972
0.20250 0.43149 0.00000 662.82172 59.67399
0.22899 0.43149 0.00000 684.83282 64.55725
0.31699 0.43149 0.00000 758.39911 80.86059
0.34349 0.43149 0.00000 780.75586 85.65845
0.43149 0.43149 0.00000 855.83240 102.32394
0.45799 0.43149 0.00000 878.56659 107.31743
0.54599 0.43149 0.00000 955.33826 123.95949
0.57248 0.43149 0.00000 978.39191 129.15062
0.66048 0.43149 0.00000 1056.60901 146.19218
0.45799 0.45799 0.00000 884.65717 83.98129
0.54599 0.45799 0.00000 961.50146 100.71546
0.57248 0.45799 0.00000 984.89282 105.67843
0.45799 0.54599 0.00000 904.85425 5.87645
0.54599 0.54599 0.00000 982.64899 22.28278
0.57248 0.54599 0.00000 1006.50769 27.11097

gimbalangles:
-0.174532925199 -0.174532925199 -0.0872664625997 

end: