T_CW:
0.9987967446 0.0413074557 -0.0264340121 -0.5247218586
0.0363293862 -0.9852895816 -0.1669868737 0.6412673086
-0.0329429596 0.1658256145 -0.9856047012 1.2039946990
0.0000000000 0.0000000000 0.0000000000 1.0000000000

T_CW_cov:

target_points_pix:
0.08800 0.11450 0.00000 148.14127 441.45856
0.11450 0.11450 0.00000 158.29848 442.27182
0.20250 0.11450 0.00000 191.81644 443.51572
0.22899 0.11450 0.00000 201.75775 444.14023
0.43149 0.11450 0.00000 278.98334 447.77744
0.45799 0.11450 0.00000 289.12808 448.51157
0.54599 0.11450 0.00000 322.88199 450.10367
0.57248 0.11450 0.00000 333.01175 450.71628
0.66048 0.11450 0.00000 367.24731 452.54831
0.00000 0.20250 0.00000 118.81678 404.71735
0.08800 0.20250 0.00000 151.86823 406.30624
0.11450 0.20250 0.00000 161.70987 406.69897
0.20250 0.20250 0.00000 194.73415 408.32370
0.31699 0.20250 0.00000 237.76300 410.29044
0.34349 0.20250 0.00000 247.61519 410.61084
0.43149 0.20250 0.00000 280.82111 412.35342
0.45799 0.20250 0.00000 290.91843 412.76999
0.54599 0.20250 0.00000 324.17209 414.38956
0.57248 0.20250 0.00000 334.23859 414.85388
0.66048 0.20250 0.00000 367.70541 416.60837
0.08800 0.22899 0.00000 152.73279 395.74619
0.11450 0.22899 0.00000 162.65291 396.45758
0.20250 0.22899 0.00000 195.63121 397.70612
0.22899 0.22899 0.00000 205.51950 398.18762
0.31699 0.22899 0.00000 238.51984 399.60794
0.34349 0.22899 0.00000 248.22830 400.21350
0.43149 0.22899 0.00000 281.41870 401.71399
0.45799 0.22899 0.00000 291.34680 402.38095
0.54599 0.22899 0.00000 324.47604 403.87897
0.57248 0.22899 0.00000 334.53094 404.43500
0.66048 0.22899 0.00000 368.07059 406.12137
0.00000 0.31699 0.00000 123.69692 360.40552
0.08800 0.31699 0.00000 156.24228 361.78909
0.11450 0.31699 0.00000 165.95047 362.13168
0.20250 0.31699 0.00000 198.46201 363.54599
0.31699 0.31699 0.00000 240.68468 365.54623
0.34349 0.31699 0.00000 250.38982 365.91342
0.43149 0.31699 0.00000 283.11380 367.57269
0.45799 0.31699 0.00000 292.80942 367.88681
0.54599 0.31699 0.00000 325.70206 369.41422
0.57248 0.31699 0.00000 335.56805 369.74500
0.66048 0.31699 0.00000 368.71042 371.47830
0.00000 0.34349 0.00000 124.74249 350.37698
0.08800 0.34349 0.00000 157.19582 351.41208
0.11450 0.34349 0.00000 166.77919 352.11819
0.20250 0.34349 0.00000 199.24080 353.33899
0.22899 0.34349 0.00000 208.91901 353.93436
0.31699 0.34349 0.00000 241.34880 355.34604
0.34349 0.34349 0.00000 250.98341 355.77945
0.43149 0.34349 0.00000 283.47726 357.29205
0.45799 0.34349 0.00000 293.31079 357.63477
0.54599 0.34349 0.00000 326.10901 359.26901
0.57248 0.34349 0.00000 335.90167 359.61478
0.66048 0.34349 0.00000 368.83496 361.18008
0.00000 0.43149 0.00000 128.37825 317.28302
0.08800 0.43149 0.00000 160.52031 318.65784
0.11450 0.43149 0.00000 169.92694 318.85492
0.20250 0.43149 0.00000 201.78011 320.33939
0.22899 0.43149 0.00000 211.43626 320.65628
0.31699 0.43149 0.00000 243.39560 322.12131
0.34349 0.43149 0.00000 252.86810 322.53986
0.43149 0.43149 0.00000 285.20569 323.83029
0.45799 0.43149 0.00000 294.75995 324.44797
0.54599 0.43149 0.00000 327.34576 325.68048
0.57248 0.43149 0.00000 336.96069 326.13492
0.66048 0.43149 0.00000 369.69998 327.57684
0.00000 0.45799 0.00000 129.36627 307.52179
0.08800 0.45799 0.00000 161.38995 308.77155
0.11450 0.45799 0.00000 170.95068 309.39044
0.20250 0.45799 0.00000 202.66910 310.43677
0.22899 0.45799 0.00000 212.21289 310.69388
0.31699 0.45799 0.00000 243.97844 312.36053
0.34349 0.45799 0.00000 253.63179 312.69522
0.43149 0.45799 0.00000 285.60782 314.16083
0.45799 0.45799 0.00000 295.35870 314.50531
0.54599 0.45799 0.00000 327.59842 315.72678
0.57248 0.45799 0.00000 337.34286 316.24777
0.66048 0.45799 0.00000 369.80212 317.56519
0.00000 0.54599 0.00000 132.86690 275.55740
0.11450 0.54599 0.00000 173.77505 277.39957
0.20250 0.54599 0.00000 205.30408 278.43939
0.22899 0.54599 0.00000 214.62238 278.82605
0.31699 0.54599 0.00000 246.18164 280.28720
0.34349 0.54599 0.00000 255.50793 280.39868
0.43149 0.54599 0.00000 287.32074 281.63345
0.45799 0.54599 0.00000 296.93091 282.02313
0.54599 0.54599 0.00000 328.66458 283.38379
0.57248 0.54599 0.00000 338.50092 283.58463
0.66048 0.54599 0.00000 370.45251 284.85608
0.00000 0.57248 0.00000 133.85127 266.39166
0.08800 0.57248 0.00000 165.28731 267.46558
0.11450 0.57248 0.00000 174.76672 267.78897
0.20250 0.57248 0.00000 206.01558 268.97906
0.22899 0.57248 0.00000 215.44579 269.46185
0.31699 0.57248 0.00000 246.71008 270.48474
0.34349 0.57248 0.00000 256.17477 270.99225
0.43149 0.57248 0.00000 287.76617 272.30435
0.45799 0.57248 0.00000 297.30713 272.51337
0.54599 0.57248 0.00000 329.28793 273.65363
0.57248 0.57248 0.00000 338.63257 274.10635
0.66048 0.57248 0.00000 370.71133 275.41180
0.00000 0.66048 0.00000 137.23203 235.28920
0.08800 0.66048 0.00000 168.44801 236.55675
0.11450 0.66048 0.00000 177.53670 236.64609
0.20250 0.66048 0.00000 208.62958 238.00650
0.22899 0.66048 0.00000 217.72972 238.32187
0.31699 0.66048 0.00000 248.83969 239.36443
0.34349 0.66048 0.00000 258.21338 239.61923
0.43149 0.66048 0.00000 289.44339 240.70100
0.45799 0.66048 0.00000 298.83987 241.15718
0.54599 0.66048 0.00000 330.26862 242.29329
0.57248 0.66048 0.00000 339.73657 242.56071
0.66048 0.66048 0.00000 371.37674 243.68805

gimbalangles:
-0.174532925199 -0.174532925199 -0.0872664625997 

end: