T_CW:
0.9991064541 0.0369497097 -0.0205185838 -0.4117177592
0.0331496822 -0.9862524447 -0.1618864226 0.6367765482
-0.0262181598 0.1610615851 -0.9865960541 1.2043207073
0.0000000000 0.0000000000 0.0000000000 1.0000000000

T_CW_cov:

target_points_pix:
0.00000 0.11450 0.00000 162.33969 429.59003
0.08800 0.11450 0.00000 195.44203 431.01401
0.11450 0.11450 0.00000 205.08414 431.48376
0.20250 0.11450 0.00000 238.44403 432.78671
0.22899 0.11450 0.00000 248.32718 433.31998
0.31699 0.11450 0.00000 281.65140 434.76202
0.34349 0.11450 0.00000 291.54788 435.19333
0.43149 0.11450 0.00000 325.19962 436.55539
0.45799 0.11450 0.00000 335.12601 437.08371
0.54599 0.11450 0.00000 368.70636 438.56064
0.57248 0.11450 0.00000 378.70023 439.08698
0.66048 0.11450 0.00000 412.52652 440.56262
0.00000 0.20250 0.00000 165.34462 394.85165
0.08800 0.20250 0.00000 197.87508 396.17612
0.11450 0.20250 0.00000 207.75226 396.55334
0.20250 0.20250 0.00000 240.51671 397.85321
0.22899 0.20250 0.00000 250.51431 398.29370
0.31699 0.20250 0.00000 283.30118 399.75140
0.34349 0.20250 0.00000 293.28577 400.21762
0.43149 0.20250 0.00000 326.19003 401.54306
0.45799 0.20250 0.00000 336.26434 401.98267
0.54599 0.20250 0.00000 369.30502 403.36905
0.57248 0.20250 0.00000 379.38174 403.68295
0.66048 0.20250 0.00000 412.49493 405.25574
0.00000 0.22899 0.00000 166.05415 384.69308
0.08800 0.22899 0.00000 198.69772 385.97141
0.11450 0.22899 0.00000 208.58925 386.35880
0.20250 0.22899 0.00000 241.20203 387.62460
0.22899 0.22899 0.00000 251.04701 388.10190
0.31699 0.22899 0.00000 283.73267 389.41876
0.34349 0.22899 0.00000 293.58032 389.79791
0.43149 0.22899 0.00000 326.52652 391.29364
0.45799 0.22899 0.00000 336.45764 391.56805
0.54599 0.22899 0.00000 369.49033 393.00891
0.57248 0.22899 0.00000 379.32385 393.41058
0.66048 0.22899 0.00000 412.57574 394.77856
0.00000 0.31699 0.00000 169.15237 350.99899
0.08800 0.31699 0.00000 201.38219 352.29782
0.11450 0.31699 0.00000 211.01079 352.56763
0.20250 0.31699 0.00000 243.28195 353.83102
0.22899 0.31699 0.00000 253.00453 354.28720
0.31699 0.31699 0.00000 285.41776 355.57126
0.34349 0.31699 0.00000 295.20673 355.99124
0.43149 0.31699 0.00000 327.55865 357.26947
0.45799 0.31699 0.00000 337.44119 357.65155
0.54599 0.31699 0.00000 370.09940 358.89230
0.57248 0.31699 0.00000 379.88852 359.33603
0.66048 0.31699 0.00000 412.62106 360.57678
0.00000 0.34349 0.00000 169.95630 341.10361
0.08800 0.34349 0.00000 202.08183 342.26636
0.11450 0.34349 0.00000 211.61754 342.59555
0.20250 0.34349 0.00000 243.86137 343.87842
0.22899 0.34349 0.00000 253.57857 344.40182
0.31699 0.34349 0.00000 285.80927 345.52557
0.34349 0.34349 0.00000 295.44623 345.99936
0.43149 0.34349 0.00000 327.91360 347.31247
0.45799 0.34349 0.00000 337.61798 347.60052
0.54599 0.34349 0.00000 370.22769 348.84750
0.57248 0.34349 0.00000 380.06079 349.28888
0.66048 0.34349 0.00000 412.66010 350.49011
0.00000 0.43149 0.00000 172.83186 308.39709
0.08800 0.43149 0.00000 204.59021 309.56915
0.20250 0.43149 0.00000 245.83968 311.22964
0.22899 0.43149 0.00000 255.47638 311.48483
0.31699 0.43149 0.00000 287.37473 312.70056
0.34349 0.43149 0.00000 296.94821 313.18991
0.43149 0.43149 0.00000 328.96265 314.36414
0.45799 0.43149 0.00000 338.60895 314.68958
0.54599 0.43149 0.00000 370.75629 315.84482
0.57248 0.43149 0.00000 380.51025 316.34692
0.66048 0.43149 0.00000 412.87155 317.36301
0.00000 0.45799 0.00000 173.61972 298.71365
0.08800 0.45799 0.00000 205.40282 299.81537
0.11450 0.45799 0.00000 214.72691 300.36191
0.20250 0.45799 0.00000 246.51797 301.44690
0.22899 0.45799 0.00000 255.93163 301.80450
0.31699 0.45799 0.00000 287.77704 303.05884
0.34349 0.45799 0.00000 297.41550 303.41278
0.43149 0.45799 0.00000 329.34787 304.59302
0.45799 0.45799 0.00000 338.93222 304.91965
0.54599 0.45799 0.00000 371.06354 306.16217
0.57248 0.45799 0.00000 380.60275 306.45676
0.66048 0.45799 0.00000 412.79391 307.55853
0.00000 0.54599 0.00000 176.47533 267.13684
0.08800 0.54599 0.00000 207.69882 268.31305
0.11450 0.54599 0.00000 217.08534 268.50638
0.20250 0.54599 0.00000 248.45888 269.64590
0.22899 0.54599 0.00000 257.82489 270.02628
0.31699 0.54599 0.00000 289.30170 271.20917
0.34349 0.54599 0.00000 298.66946 271.52161
0.43149 0.54599 0.00000 330.40189 272.58032
0.45799 0.54599 0.00000 339.85028 272.98529
0.54599 0.54599 0.00000 371.56866 274.11655
0.57248 0.54599 0.00000 381.18918 274.41629
0.66048 0.54599 0.00000 412.93112 275.47217
0.00000 0.57248 0.00000 177.32761 257.67929
0.08800 0.57248 0.00000 208.40276 258.80746
0.11450 0.57248 0.00000 217.71761 259.26758
0.20250 0.57248 0.00000 248.97935 260.32361
0.22899 0.57248 0.00000 258.39432 260.59082
0.31699 0.57248 0.00000 289.66141 261.69675
0.34349 0.57248 0.00000 299.20270 262.06448
0.43149 0.57248 0.00000 330.61920 263.22443
0.45799 0.57248 0.00000 340.23779 263.46890
0.54599 0.57248 0.00000 371.70261 264.53720
0.57248 0.57248 0.00000 381.28879 264.78073
0.66048 0.57248 0.00000 412.97467 265.90289
0.00000 0.66048 0.00000 179.82742 226.89053
0.08800 0.66048 0.00000 210.67252 228.12592
0.11450 0.66048 0.00000 219.97050 228.37941
0.20250 0.66048 0.00000 250.77084 229.44009
0.22899 0.66048 0.00000 260.20694 229.61693
0.31699 0.66048 0.00000 291.15265 230.61250
0.34349 0.66048 0.00000 300.48196 230.97752
0.43149 0.66048 0.00000 331.55447 232.03123
0.45799 0.66048 0.00000 341.08951 232.33134
0.54599 0.66048 0.00000 372.36606 233.39729
0.57248 0.66048 0.00000 381.70593 233.64723
0.66048 0.66048 0.00000 413.20523 234.62358

gimbalangles:
-0.174532925199 -0.174532925199 -0.0872664625997 

end: