T_CW:
0.9988028519 0.0414020146 -0.0260525681 -0.5247672890
0.0364879209 -0.9852936918 -0.1669280461 0.6410060917
-0.0325805884 0.1657776045 -0.9856248227 1.2038930964
0.0000000000 0.0000000000 0.0000000000 1.0000000000

T_CW_cov:

target_points_pix:
0.08800 0.11450 0.00000 148.26707 441.42572
0.11450 0.11450 0.00000 158.14577 442.05859
0.20250 0.11450 0.00000 191.77908 443.43210
0.22899 0.11450 0.00000 201.81578 444.17783
0.31699 0.11450 0.00000 235.35844 445.64005
0.43149 0.11450 0.00000 279.06781 447.93369
0.45799 0.11450 0.00000 288.94305 448.40201
0.54599 0.11450 0.00000 323.01669 450.11935
0.57248 0.11450 0.00000 333.08105 450.57748
0.66048 0.11450 0.00000 367.23218 452.42450
0.00000 0.20250 0.00000 118.74441 404.69516
0.08800 0.20250 0.00000 151.93353 406.38492
0.11450 0.20250 0.00000 161.74367 406.55008
0.20250 0.20250 0.00000 194.66939 408.14145
0.31699 0.20250 0.00000 237.73933 410.16904
0.34349 0.20250 0.00000 247.78549 410.53473
0.43149 0.20250 0.00000 280.82016 412.10706
0.45799 0.20250 0.00000 290.89801 412.63153
0.54599 0.20250 0.00000 324.19513 414.40909
0.57248 0.20250 0.00000 334.15802 414.84103
0.66048 0.20250 0.00000 367.68036 416.55325
0.00000 0.22899 0.00000 119.88910 394.36078
0.08800 0.22899 0.00000 152.76253 395.77844
0.11450 0.22899 0.00000 162.71484 396.31793
0.20250 0.22899 0.00000 195.60080 397.59927
0.22899 0.22899 0.00000 205.52582 398.25403
0.31699 0.22899 0.00000 238.38803 399.57458
0.34349 0.22899 0.00000 248.36237 400.19675
0.43149 0.22899 0.00000 281.42322 401.56024
0.45799 0.22899 0.00000 291.30722 402.18375
0.54599 0.22899 0.00000 324.49951 403.79486
0.57248 0.22899 0.00000 334.49582 404.22653
0.66048 0.22899 0.00000 367.90527 406.06274
0.00000 0.31699 0.00000 123.69337 360.39392
0.08800 0.31699 0.00000 156.17238 361.64709
0.11450 0.31699 0.00000 165.98109 362.00943
0.20250 0.31699 0.00000 198.39819 363.49896
0.22899 0.31699 0.00000 208.20064 363.74371
0.31699 0.31699 0.00000 240.66098 365.38770
0.34349 0.31699 0.00000 250.34419 365.79706
0.43149 0.31699 0.00000 282.96338 367.42233
0.45799 0.31699 0.00000 292.77692 367.82220
0.54599 0.31699 0.00000 325.64075 369.36636
0.57248 0.31699 0.00000 335.62253 369.71063
0.66048 0.31699 0.00000 368.66235 371.33292
0.00000 0.34349 0.00000 124.69158 350.38873
0.08800 0.34349 0.00000 157.02211 351.45868
0.11450 0.34349 0.00000 166.87648 352.07465
0.20250 0.34349 0.00000 199.24844 353.28888
0.22899 0.34349 0.00000 208.86014 353.76599
0.31699 0.34349 0.00000 241.36113 355.21136
0.34349 0.34349 0.00000 250.96419 355.76233
0.43149 0.34349 0.00000 283.53885 357.15338
0.45799 0.34349 0.00000 293.30502 357.66290
0.54599 0.34349 0.00000 326.15753 359.16806
0.57248 0.34349 0.00000 335.83569 359.52887
0.66048 0.34349 0.00000 369.00827 360.97974
0.00000 0.43149 0.00000 128.43137 317.22540
0.08800 0.43149 0.00000 160.43742 318.57303
0.11450 0.43149 0.00000 169.96104 318.82205
0.20250 0.43149 0.00000 201.83980 320.27820
0.22899 0.43149 0.00000 211.46773 320.61081
0.31699 0.43149 0.00000 243.38089 322.14310
0.34349 0.43149 0.00000 253.14548 322.35767
0.43149 0.43149 0.00000 285.03299 323.76086
0.45799 0.43149 0.00000 294.94254 324.28290
0.54599 0.43149 0.00000 327.17160 325.59473
0.57248 0.43149 0.00000 337.26831 326.00375
0.66048 0.43149 0.00000 369.51224 327.40213
0.00000 0.45799 0.00000 129.46677 307.53580
0.08800 0.45799 0.00000 161.36938 308.69183
0.11450 0.45799 0.00000 170.82115 309.37823
0.20250 0.45799 0.00000 202.61386 310.41772
0.22899 0.45799 0.00000 212.06343 310.78625
0.31699 0.45799 0.00000 243.96284 312.31421
0.34349 0.45799 0.00000 253.52394 312.60486
0.43149 0.45799 0.00000 285.75638 313.85321
0.45799 0.45799 0.00000 295.22366 314.42737
0.54599 0.45799 0.00000 327.65836 315.62494
0.57248 0.45799 0.00000 337.26443 316.18991
0.66048 0.45799 0.00000 369.91965 317.49103
0.00000 0.54599 0.00000 132.86249 275.44809
0.08800 0.54599 0.00000 164.46368 276.78329
0.11450 0.54599 0.00000 173.76169 277.24030
0.20250 0.54599 0.00000 205.27242 278.39172
0.22899 0.54599 0.00000 214.75893 278.66464
0.31699 0.54599 0.00000 245.97104 280.03024
0.34349 0.54599 0.00000 255.71245 280.34833
0.43149 0.54599 0.00000 287.14661 281.59656
0.45799 0.54599 0.00000 297.09775 282.04810
0.54599 0.54599 0.00000 328.58966 283.36148
0.57248 0.54599 0.00000 338.58572 283.66498
0.66048 0.54599 0.00000 370.32742 284.95724
0.00000 0.57248 0.00000 133.92598 266.31860
0.08800 0.57248 0.00000 165.33409 267.32803
0.11450 0.57248 0.00000 174.78465 267.90576
0.20250 0.57248 0.00000 206.03563 268.91968
0.22899 0.57248 0.00000 215.37984 269.39532
0.31699 0.57248 0.00000 246.77484 270.43521
0.34349 0.57248 0.00000 256.17719 270.81946
0.43149 0.57248 0.00000 287.88354 272.10919
0.45799 0.57248 0.00000 297.24805 272.49005
0.54599 0.57248 0.00000 329.25092 273.62466
0.57248 0.57248 0.00000 338.55560 274.13300
0.66048 0.57248 0.00000 370.78223 275.32101
0.00000 0.66048 0.00000 137.35864 235.02515
0.08800 0.66048 0.00000 168.28888 236.49252
0.11450 0.66048 0.00000 177.51645 236.61772
0.20250 0.66048 0.00000 208.46886 237.76361
0.22899 0.66048 0.00000 217.73245 238.14270
0.31699 0.66048 0.00000 248.69011 239.30998
0.34349 0.66048 0.00000 258.29248 239.54730
0.43149 0.66048 0.00000 289.30994 240.68225
0.45799 0.66048 0.00000 299.04239 241.16634
0.54599 0.66048 0.00000 330.18924 242.29564
0.57248 0.66048 0.00000 339.92093 242.55144
0.66048 0.66048 0.00000 371.33502 243.68954

gimbalangles:
-0.349065850399 -0.349065850399 -0.0872664625997 

end: