T_CW:
0.9747399123 0.2212940520 0.0301835371 -0.5024263724
0.2130831485 -0.9619214015 0.1711805745 -0.0056869706
0.0669154333 -0.1604249350 -0.9847772159 1.3203450557
0.0000000000 0.0000000000 0.0000000000 1.0000000000

T_CW_cov:

target_points_pix:
0.00000 0.00000 0.00000 224.80453 345.97775
0.08800 0.00000 0.00000 297.94031 361.61993
0.11450 0.00000 0.00000 319.82907 366.40280
0.20250 0.00000 0.00000 392.16302 381.84543
0.22899 0.00000 0.00000 413.80566 386.56793
0.31699 0.00000 0.00000 485.55652 402.04523
0.34349 0.00000 0.00000 507.17416 406.67447
0.45799 0.00000 0.00000 599.34521 426.35013
0.54599 0.00000 0.00000 669.52765 441.16635
0.57248 0.00000 0.00000 690.58887 445.63071
0.00000 0.08800 0.00000 236.79808 274.31461
0.08800 0.08800 0.00000 310.77399 290.37671
0.11450 0.08800 0.00000 333.13113 295.31705
0.20250 0.08800 0.00000 405.94836 311.23608
0.34349 0.08800 0.00000 522.03723 336.55484
0.43149 0.08800 0.00000 593.52527 352.19400
0.45799 0.08800 0.00000 614.79309 356.74808
0.54599 0.08800 0.00000 685.70459 372.19907
0.57248 0.08800 0.00000 706.76300 376.78815
0.66048 0.08800 0.00000 776.98358 392.12695
0.00000 0.11450 0.00000 240.62741 252.41997
0.08800 0.11450 0.00000 314.60269 268.75592
0.11450 0.11450 0.00000 336.96661 273.55099
0.20250 0.11450 0.00000 410.20584 289.62912
0.22899 0.11450 0.00000 432.15170 294.49594
0.31699 0.11450 0.00000 504.66614 310.45074
0.34349 0.11450 0.00000 526.37732 315.28854
0.43149 0.11450 0.00000 598.28296 331.01340
0.45799 0.11450 0.00000 619.65765 335.57971
0.54599 0.11450 0.00000 690.59833 351.26205
0.57248 0.11450 0.00000 711.81885 355.73367
0.66048 0.11450 0.00000 782.22003 371.24890
0.00000 0.20250 0.00000 252.87329 178.76025
0.08800 0.20250 0.00000 327.71585 195.55096
0.11450 0.20250 0.00000 350.15463 200.59511
0.20250 0.20250 0.00000 424.08905 217.19910
0.22899 0.20250 0.00000 446.31592 222.15010
0.31699 0.20250 0.00000 519.60980 238.49855
0.34349 0.20250 0.00000 541.51715 243.48773
0.43149 0.20250 0.00000 613.93756 259.73984
0.45799 0.20250 0.00000 635.56842 264.59845
0.54599 0.20250 0.00000 707.21313 280.62387
0.57248 0.20250 0.00000 728.65454 285.32123
0.66048 0.20250 0.00000 799.65753 301.20609
0.00000 0.22899 0.00000 256.64056 156.40411
0.08800 0.22899 0.00000 331.59189 173.36287
0.11450 0.22899 0.00000 353.96014 178.39391
0.20250 0.22899 0.00000 428.40323 195.09756
0.22899 0.22899 0.00000 450.53137 199.95667
0.31699 0.22899 0.00000 524.18237 216.66463
0.34349 0.22899 0.00000 546.15503 221.58665
0.43149 0.22899 0.00000 618.63818 237.89856
0.45799 0.22899 0.00000 640.50500 242.86948
0.54599 0.22899 0.00000 712.43152 258.94568
0.57248 0.22899 0.00000 733.94623 263.75583
0.66048 0.22899 0.00000 805.08521 279.72717
0.00000 0.31699 0.00000 269.17102 80.57269
0.08800 0.31699 0.00000 344.93851 98.13313
0.11450 0.31699 0.00000 367.69681 103.41381
0.20250 0.31699 0.00000 442.68546 120.49926
0.22899 0.31699 0.00000 465.33743 125.63668
0.31699 0.31699 0.00000 539.45660 142.62860
0.34349 0.31699 0.00000 561.56891 147.70590
0.43149 0.31699 0.00000 635.03912 164.71852
0.45799 0.31699 0.00000 657.13550 169.64056
0.54599 0.31699 0.00000 729.59137 186.36507
0.57248 0.31699 0.00000 751.45807 191.32980
0.66048 0.31699 0.00000 823.41522 207.60281
0.22899 0.34349 0.00000 469.70935 102.83539
0.31699 0.34349 0.00000 544.20526 120.15457
0.34349 0.34349 0.00000 566.35657 125.36860
0.43149 0.34349 0.00000 639.96552 142.26134
0.45799 0.34349 0.00000 662.11670 147.37294
0.54599 0.34349 0.00000 734.81537 163.93071
0.57248 0.34349 0.00000 756.71661 169.24217
0.66048 0.34349 0.00000 828.75568 185.72952
0.22899 0.43149 0.00000 484.71402 26.29201
0.31699 0.43149 0.00000 559.87329 43.86508
0.34349 0.43149 0.00000 582.46320 49.32368
0.43149 0.43149 0.00000 656.80231 66.62344
0.45799 0.43149 0.00000 679.19275 71.98313
0.54599 0.43149 0.00000 752.75183 89.21888
0.57248 0.43149 0.00000 774.65277 94.39793
0.66048 0.43149 0.00000 847.65662 111.49416

gimbalangles:
-0.174532925199 -0.174532925199 0.0872664625997 

end: