T_CW:
0.9991118157 0.0370058533 -0.0201530787 -0.4117244323
0.0332686957 -0.9862777885 -0.1617075071 0.6367522728
-0.0258606582 0.1608934144 -0.9866329285 1.2041155786
0.0000000000 0.0000000000 0.0000000000 1.0000000000

T_CW_cov:

target_points_pix:
0.00000 0.11450 0.00000 162.23735 429.56506
0.08800 0.11450 0.00000 195.30315 431.03647
0.11450 0.11450 0.00000 205.22246 431.49115
0.20250 0.11450 0.00000 238.46025 432.87546
0.22899 0.11450 0.00000 248.36577 433.32584
0.31699 0.11450 0.00000 281.62439 434.77161
0.34349 0.11450 0.00000 291.59561 435.26581
0.54599 0.11450 0.00000 368.68869 438.62579
0.57248 0.11450 0.00000 378.68179 439.13446
0.66048 0.11450 0.00000 412.52881 440.60898
0.00000 0.20250 0.00000 165.27370 394.95096
0.08800 0.20250 0.00000 197.95100 396.26382
0.11450 0.20250 0.00000 207.77808 396.57791
0.20250 0.20250 0.00000 240.54797 398.00861
0.22899 0.20250 0.00000 250.48682 398.33783
0.31699 0.20250 0.00000 283.36789 399.70135
0.34349 0.20250 0.00000 293.29733 400.20938
0.43149 0.20250 0.00000 326.21362 401.55676
0.45799 0.20250 0.00000 336.22525 401.97864
0.54599 0.20250 0.00000 369.26752 403.38818
0.57248 0.20250 0.00000 379.28766 403.72821
0.66048 0.20250 0.00000 412.46832 405.18945
0.00000 0.22899 0.00000 166.18056 384.64087
0.08800 0.22899 0.00000 198.66679 385.91925
0.11450 0.22899 0.00000 208.48949 386.37112
0.20250 0.22899 0.00000 241.27931 387.58783
0.22899 0.22899 0.00000 250.98174 388.07251
0.31699 0.22899 0.00000 283.76486 389.42383
0.34349 0.22899 0.00000 293.51285 389.86514
0.43149 0.22899 0.00000 326.55875 391.28787
0.45799 0.22899 0.00000 336.41660 391.62845
0.54599 0.22899 0.00000 369.47195 392.98782
0.57248 0.22899 0.00000 379.35406 393.38260
0.66048 0.22899 0.00000 412.53076 394.79831
0.00000 0.31699 0.00000 169.06410 350.94568
0.08800 0.31699 0.00000 201.41280 352.33530
0.11450 0.31699 0.00000 210.93858 352.55658
0.20250 0.31699 0.00000 243.28175 353.79770
0.22899 0.31699 0.00000 253.01323 354.29425
0.31699 0.31699 0.00000 285.39584 355.56097
0.34349 0.31699 0.00000 295.16599 356.02335
0.43149 0.31699 0.00000 327.57825 357.32220
0.45799 0.31699 0.00000 337.43671 357.65784
0.54599 0.31699 0.00000 370.05643 358.92346
0.57248 0.31699 0.00000 379.86734 359.33798
0.66048 0.31699 0.00000 412.66339 360.61343
0.00000 0.34349 0.00000 169.84291 341.12463
0.08800 0.34349 0.00000 202.07364 342.27328
0.11450 0.34349 0.00000 211.71661 342.59518
0.20250 0.34349 0.00000 243.84703 343.87570
0.22899 0.34349 0.00000 253.52985 344.35770
0.31699 0.34349 0.00000 285.77570 345.54504
0.34349 0.34349 0.00000 295.50797 345.98526
0.43149 0.34349 0.00000 327.89816 347.33054
0.45799 0.34349 0.00000 337.63043 347.54135
0.54599 0.34349 0.00000 370.25558 348.85431
0.57248 0.34349 0.00000 380.05496 349.27414
0.66048 0.34349 0.00000 412.63782 350.50311
0.00000 0.43149 0.00000 172.80138 308.41144
0.08800 0.43149 0.00000 204.53850 309.52664
0.11450 0.43149 0.00000 214.15184 309.87372
0.20250 0.43149 0.00000 245.83336 311.27847
0.22899 0.43149 0.00000 255.49374 311.54794
0.31699 0.43149 0.00000 287.34750 312.67355
0.34349 0.43149 0.00000 297.02737 313.25082
0.43149 0.43149 0.00000 328.93640 314.36029
0.45799 0.43149 0.00000 338.68729 314.71854
0.54599 0.43149 0.00000 370.73209 315.82245
0.57248 0.43149 0.00000 380.57123 316.33417
0.66048 0.43149 0.00000 412.85336 317.37256
0.00000 0.45799 0.00000 173.62495 298.78165
0.08800 0.45799 0.00000 205.34460 299.91138
0.11450 0.45799 0.00000 214.74298 300.34552
0.20250 0.45799 0.00000 246.50409 301.48456
0.22899 0.45799 0.00000 256.00867 301.75458
0.31699 0.45799 0.00000 287.76218 303.09482
0.34349 0.45799 0.00000 297.40314 303.44440
0.43149 0.45799 0.00000 329.37723 304.55957
0.45799 0.45799 0.00000 339.03134 304.81412
0.54599 0.45799 0.00000 371.07922 306.26971
0.57248 0.45799 0.00000 380.62711 306.39142
0.66048 0.45799 0.00000 412.79510 307.57846
0.00000 0.54599 0.00000 176.50507 267.13654
0.08800 0.54599 0.00000 207.64249 268.29865
0.11450 0.54599 0.00000 217.10132 268.51193
0.20250 0.54599 0.00000 248.41386 269.64114
0.22899 0.54599 0.00000 257.85538 270.14581
0.31699 0.54599 0.00000 289.29117 271.17450
0.34349 0.54599 0.00000 298.70197 271.55032
0.43149 0.54599 0.00000 330.39771 272.52832
0.45799 0.54599 0.00000 339.86746 273.06210
0.54599 0.54599 0.00000 371.56921 274.13034
0.57248 0.54599 0.00000 381.28357 274.48306
0.66048 0.54599 0.00000 412.91107 275.41553
0.00000 0.57248 0.00000 177.27742 257.69125
0.08800 0.57248 0.00000 208.41655 258.83554
0.11450 0.57248 0.00000 217.70007 259.25821
0.20250 0.57248 0.00000 248.90753 260.36502
0.22899 0.57248 0.00000 258.36902 260.56329
0.31699 0.57248 0.00000 289.56018 261.70224
0.34349 0.57248 0.00000 299.29111 261.98102
0.43149 0.57248 0.00000 330.61826 263.21173
0.45799 0.57248 0.00000 340.27747 263.41171
0.54599 0.57248 0.00000 371.66034 264.54553
0.57248 0.57248 0.00000 381.39490 264.72543
0.00000 0.66048 0.00000 179.80083 226.94084
0.08800 0.66048 0.00000 210.63528 227.98753
0.11450 0.66048 0.00000 219.98177 228.43219
0.20250 0.66048 0.00000 250.72247 229.42078
0.22899 0.66048 0.00000 260.17087 229.62666
0.31699 0.66048 0.00000 291.15985 230.55923
0.34349 0.66048 0.00000 300.51480 231.05173
0.43149 0.66048 0.00000 331.61246 232.09235
0.45799 0.66048 0.00000 341.16156 232.42892
0.54599 0.66048 0.00000 372.38623 233.39308
0.57248 0.66048 0.00000 381.68729 233.66879
0.66048 0.66048 0.00000 413.17139 234.57901

gimbalangles:
-0.174532925199 -0.174532925199 0.0872664625997 

end: