T_CW:
0.9987996673 0.0414355831 -0.0261212000 -0.5247773277
0.0364954723 -0.9852208447 -0.1673558117 0.6411266760
-0.0326696364 0.1662016235 -0.9855504630 1.2036850821
0.0000000000 0.0000000000 0.0000000000 1.0000000000

T_CW_cov:

target_points_pix:
0.00000 0.11450 0.00000 114.88113 440.00558
0.08800 0.11450 0.00000 148.31726 441.49225
0.11450 0.11450 0.00000 158.18326 442.23288
0.20250 0.11450 0.00000 191.69279 443.60599
0.22899 0.11450 0.00000 201.68010 444.26349
0.31699 0.11450 0.00000 235.36281 445.54053
0.34349 0.11450 0.00000 245.42111 446.31497
0.45799 0.11450 0.00000 288.96875 448.57159
0.54599 0.11450 0.00000 323.12469 450.15915
0.57248 0.11450 0.00000 333.03650 450.74994
0.66048 0.11450 0.00000 367.14392 452.50116
0.00000 0.20250 0.00000 118.69691 404.70505
0.08800 0.20250 0.00000 151.86337 406.46054
0.11450 0.20250 0.00000 161.69081 406.62115
0.20250 0.20250 0.00000 194.69545 408.26660
0.22899 0.20250 0.00000 204.73125 408.58429
0.31699 0.20250 0.00000 237.77715 410.22717
0.34349 0.20250 0.00000 247.73567 410.60666
0.43149 0.20250 0.00000 280.76666 412.37933
0.45799 0.20250 0.00000 290.84818 412.67242
0.54599 0.20250 0.00000 324.07428 414.49374
0.57248 0.20250 0.00000 334.18295 414.92865
0.66048 0.20250 0.00000 367.77087 416.50708
0.08800 0.22899 0.00000 152.74274 395.76392
0.11450 0.22899 0.00000 162.64748 396.43692
0.20250 0.22899 0.00000 195.61165 397.60367
0.34349 0.22899 0.00000 248.40472 400.19769
0.43149 0.22899 0.00000 281.39722 401.71863
0.45799 0.22899 0.00000 291.26666 402.39557
0.54599 0.22899 0.00000 324.47336 403.80704
0.57248 0.22899 0.00000 334.52032 404.30872
0.66048 0.22899 0.00000 368.00818 405.98914
0.00000 0.31699 0.00000 123.57912 360.46350
0.08800 0.31699 0.00000 156.27553 361.81955
0.11450 0.31699 0.00000 165.90358 361.94220
0.20250 0.31699 0.00000 198.49330 363.51456
0.31699 0.31699 0.00000 240.67548 365.41827
0.34349 0.31699 0.00000 250.38596 365.96777
0.43149 0.31699 0.00000 283.05289 367.52640
0.45799 0.31699 0.00000 292.70605 367.85950
0.54599 0.31699 0.00000 325.70859 369.47461
0.57248 0.31699 0.00000 335.58624 369.80548
0.66048 0.31699 0.00000 368.63501 371.37238
0.00000 0.34349 0.00000 124.73452 350.41113
0.08800 0.34349 0.00000 157.15063 351.45142
0.11450 0.34349 0.00000 166.87444 352.08377
0.20250 0.34349 0.00000 199.17589 353.35605
0.22899 0.34349 0.00000 208.87152 353.81277
0.31699 0.34349 0.00000 241.30211 355.37143
0.34349 0.34349 0.00000 250.90718 355.64960
0.43149 0.34349 0.00000 283.53140 357.36151
0.45799 0.34349 0.00000 293.25537 357.71320
0.54599 0.34349 0.00000 326.07321 359.21707
0.57248 0.34349 0.00000 335.92538 359.63596
0.66048 0.34349 0.00000 368.87076 361.09387
0.00000 0.43149 0.00000 128.37949 317.20844
0.08800 0.43149 0.00000 160.40100 318.47748
0.11450 0.43149 0.00000 169.95067 318.91678
0.20250 0.43149 0.00000 201.81940 320.36615
0.22899 0.43149 0.00000 211.50597 320.59128
0.31699 0.43149 0.00000 243.43910 322.16238
0.34349 0.43149 0.00000 252.99182 322.57721
0.43149 0.43149 0.00000 285.06186 323.81122
0.45799 0.43149 0.00000 294.94693 324.36520
0.54599 0.43149 0.00000 327.17648 325.68204
0.57248 0.43149 0.00000 337.22879 326.09576
0.66048 0.43149 0.00000 369.53366 327.48117
0.00000 0.45799 0.00000 129.40242 307.60437
0.08800 0.45799 0.00000 161.35530 308.76703
0.11450 0.45799 0.00000 170.88718 309.41840
0.20250 0.45799 0.00000 202.67609 310.41629
0.22899 0.45799 0.00000 212.21024 311.05380
0.31699 0.45799 0.00000 243.99089 312.38916
0.34349 0.45799 0.00000 253.54024 312.68246
0.43149 0.45799 0.00000 285.63348 313.93918
0.45799 0.45799 0.00000 295.30804 314.48019
0.54599 0.45799 0.00000 327.67728 315.67764
0.57248 0.45799 0.00000 337.28461 316.21646
0.66048 0.45799 0.00000 369.89142 317.53412
0.00000 0.54599 0.00000 132.86702 275.57565
0.08800 0.54599 0.00000 164.44492 276.89624
0.11450 0.54599 0.00000 173.78297 277.25467
0.20250 0.54599 0.00000 205.32184 278.53638
0.22899 0.54599 0.00000 214.66266 278.75659
0.31699 0.54599 0.00000 245.98543 280.09143
0.34349 0.54599 0.00000 255.65361 280.45496
0.43149 0.54599 0.00000 287.16272 281.74838
0.45799 0.54599 0.00000 297.09723 282.07019
0.54599 0.54599 0.00000 328.66846 283.39355
0.57248 0.54599 0.00000 338.54648 283.69250
0.66048 0.54599 0.00000 370.41452 284.95554
0.00000 0.57248 0.00000 133.87529 266.34433
0.08800 0.57248 0.00000 165.37614 267.33920
0.11450 0.57248 0.00000 174.73276 267.85486
0.20250 0.57248 0.00000 206.09024 268.95154
0.22899 0.57248 0.00000 215.50447 269.42648
0.31699 0.57248 0.00000 246.66985 270.56143
0.34349 0.57248 0.00000 256.16394 270.91302
0.43149 0.57248 0.00000 287.87857 272.18030
0.45799 0.57248 0.00000 297.29764 272.49637
0.54599 0.57248 0.00000 329.24890 273.61520
0.57248 0.57248 0.00000 338.56879 274.16003
0.66048 0.57248 0.00000 370.76404 275.40564
0.00000 0.66048 0.00000 137.16638 235.14757
0.08800 0.66048 0.00000 168.37517 236.49158
0.11450 0.66048 0.00000 177.57690 236.70815
0.20250 0.66048 0.00000 208.51976 237.87782
0.22899 0.66048 0.00000 217.82307 238.32513
0.31699 0.66048 0.00000 248.72632 239.33829
0.34349 0.66048 0.00000 258.30466 239.55841
0.43149 0.66048 0.00000 289.34207 240.71370
0.45799 0.66048 0.00000 299.05844 241.18282
0.54599 0.66048 0.00000 330.22766 242.28596
0.57248 0.66048 0.00000 339.80249 242.60982
0.66048 0.66048 0.00000 371.31049 243.69276

gimbalangles:
-0.174532925199 -0.174532925199 0.261799387799 

end: