T_CW:
0.9991053595 0.0369850143 -0.0205082768 -0.4117223282
0.0331835610 -0.9862350386 -0.1619854929 0.6367417758
-0.0262170169 0.1611600364 -0.9865800072 1.2041445479
0.0000000000 0.0000000000 0.0000000000 1.0000000000

T_CW_cov:

target_points_pix:
0.00000 0.11450 0.00000 162.23764 429.65579
0.08800 0.11450 0.00000 195.37152 430.98242
0.11450 0.11450 0.00000 205.17743 431.44348
0.20250 0.11450 0.00000 238.44698 432.78149
0.22899 0.11450 0.00000 248.41641 433.41394
0.31699 0.11450 0.00000 281.61978 434.73981
0.34349 0.11450 0.00000 291.56940 435.26169
0.43149 0.11450 0.00000 325.05325 436.70538
0.45799 0.11450 0.00000 335.15201 437.19724
0.54599 0.11450 0.00000 368.62039 438.55078
0.57248 0.11450 0.00000 378.77545 439.15536
0.66048 0.11450 0.00000 412.53351 440.61328
0.00000 0.20250 0.00000 165.36171 394.83887
0.08800 0.20250 0.00000 197.84766 396.31543
0.11450 0.20250 0.00000 207.72516 396.55911
0.20250 0.20250 0.00000 240.52579 397.88519
0.22899 0.20250 0.00000 250.47911 398.34668
0.31699 0.20250 0.00000 283.36679 399.69220
0.34349 0.20250 0.00000 293.28146 400.21365
0.43149 0.20250 0.00000 326.18744 401.51593
0.45799 0.20250 0.00000 336.21671 401.96228
0.54599 0.20250 0.00000 369.27704 403.36612
0.57248 0.20250 0.00000 379.31274 403.69397
0.66048 0.20250 0.00000 412.49432 405.26123
0.00000 0.22899 0.00000 166.18243 384.66483
0.08800 0.22899 0.00000 198.68364 385.96854
0.11450 0.22899 0.00000 208.49023 386.36783
0.20250 0.22899 0.00000 241.28110 387.62317
0.22899 0.22899 0.00000 251.07217 388.12772
0.31699 0.22899 0.00000 283.71655 389.41971
0.34349 0.22899 0.00000 293.58163 389.76724
0.43149 0.22899 0.00000 326.51825 391.28046
0.45799 0.22899 0.00000 336.38803 391.62500
0.54599 0.22899 0.00000 369.42282 392.98611
0.57248 0.22899 0.00000 379.37604 393.44724
0.66048 0.22899 0.00000 412.58707 394.73706
0.00000 0.31699 0.00000 169.11057 351.04163
0.08800 0.31699 0.00000 201.37085 352.36823
0.11450 0.31699 0.00000 211.01599 352.53134
0.20250 0.31699 0.00000 243.35352 353.87714
0.22899 0.31699 0.00000 252.97827 354.27722
0.31699 0.31699 0.00000 285.43430 355.58810
0.34349 0.31699 0.00000 295.08823 355.99915
0.43149 0.31699 0.00000 327.58289 357.31982
0.45799 0.31699 0.00000 337.38440 357.64941
0.54599 0.31699 0.00000 370.08035 358.91870
0.57248 0.31699 0.00000 379.86462 359.34378
0.66048 0.31699 0.00000 412.62598 360.58496
0.00000 0.34349 0.00000 169.87000 341.06628
0.08800 0.34349 0.00000 202.11063 342.28970
0.11450 0.34349 0.00000 211.61487 342.56882
0.20250 0.34349 0.00000 243.86487 343.89059
0.22899 0.34349 0.00000 253.52469 344.35977
0.31699 0.34349 0.00000 285.76270 345.55862
0.34349 0.34349 0.00000 295.49179 345.94949
0.43149 0.34349 0.00000 327.92975 347.32800
0.45799 0.34349 0.00000 337.69672 347.58273
0.54599 0.34349 0.00000 370.27777 348.84247
0.57248 0.34349 0.00000 380.09766 349.27347
0.66048 0.34349 0.00000 412.72821 350.44974
0.00000 0.43149 0.00000 172.79495 308.37265
0.08800 0.43149 0.00000 204.55453 309.53818
0.20250 0.43149 0.00000 245.82610 311.19769
0.22899 0.43149 0.00000 255.47255 311.53708
0.31699 0.43149 0.00000 287.37628 312.70331
0.34349 0.43149 0.00000 296.92358 313.26672
0.43149 0.43149 0.00000 328.95068 314.37250
0.45799 0.43149 0.00000 338.64182 314.70206
0.54599 0.43149 0.00000 370.72556 315.87384
0.57248 0.43149 0.00000 380.52747 316.28964
0.66048 0.43149 0.00000 412.80545 317.37692
0.00000 0.45799 0.00000 173.65207 298.80884
0.08800 0.45799 0.00000 205.41260 299.88342
0.11450 0.45799 0.00000 214.77977 300.37579
0.20250 0.45799 0.00000 246.44931 301.45941
0.22899 0.45799 0.00000 256.01114 301.74301
0.31699 0.45799 0.00000 287.73489 303.07785
0.34349 0.45799 0.00000 297.41733 303.41232
0.43149 0.45799 0.00000 329.37009 304.57895
0.45799 0.45799 0.00000 339.00793 304.82803
0.54599 0.45799 0.00000 371.09796 306.22668
0.57248 0.45799 0.00000 380.65524 306.38232
0.66048 0.45799 0.00000 412.82898 307.57086
0.00000 0.54599 0.00000 176.45114 267.09460
0.08800 0.54599 0.00000 207.69037 268.30920
0.11450 0.54599 0.00000 217.07600 268.53619
0.20250 0.54599 0.00000 248.39981 269.60745
0.22899 0.54599 0.00000 257.86084 270.14575
0.31699 0.54599 0.00000 289.26605 271.22647
0.34349 0.54599 0.00000 298.70004 271.54068
0.43149 0.54599 0.00000 330.37006 272.55618
0.45799 0.54599 0.00000 339.86993 273.03491
0.54599 0.54599 0.00000 371.49081 274.14334
0.57248 0.54599 0.00000 381.29694 274.43478
0.66048 0.54599 0.00000 413.02371 275.40860
0.00000 0.57248 0.00000 177.29192 257.67557
0.08800 0.57248 0.00000 208.44385 258.80020
0.11450 0.57248 0.00000 217.72855 259.26511
0.20250 0.57248 0.00000 248.89737 260.35751
0.22899 0.57248 0.00000 258.41083 260.54724
0.31699 0.57248 0.00000 289.57339 261.64636
0.34349 0.57248 0.00000 299.30389 261.97415
0.43149 0.57248 0.00000 330.58585 263.21567
0.45799 0.57248 0.00000 340.27573 263.41031
0.54599 0.57248 0.00000 371.67044 264.50949
0.57248 0.57248 0.00000 381.41742 264.71399
0.66048 0.57248 0.00000 413.01797 266.01993
0.00000 0.66048 0.00000 179.82680 226.90886
0.08800 0.66048 0.00000 210.65549 228.03691
0.11450 0.66048 0.00000 219.97650 228.35530
0.20250 0.66048 0.00000 250.77325 229.40073
0.22899 0.66048 0.00000 260.18491 229.62245
0.31699 0.66048 0.00000 291.19998 230.58238
0.34349 0.66048 0.00000 300.53656 231.09109
0.43149 0.66048 0.00000 331.60034 232.07652
0.45799 0.66048 0.00000 341.16528 232.43851
0.54599 0.66048 0.00000 372.36115 233.35434
0.57248 0.66048 0.00000 381.67380 233.67795
0.66048 0.66048 0.00000 413.17343 234.57365

gimbalangles:
-0.174532925199 -0.174532925199 0.436332312999 

end: