T_CW:
0.8785087515 0.0495959360 -0.4751448376 0.2772528060
0.1289906076 -0.9822807197 0.1359632701 0.0763153409
-0.4599823874 -0.1807341440 -0.8693396186 1.3860926332
0.0000000000 0.0000000000 0.0000000000 1.0000000000

T_CW_cov:

target_points_pix:
0.00000 0.00000 0.00000 866.55963 411.77661
0.08800 0.00000 0.00000 936.83881 423.04529
0.11450 0.00000 0.00000 959.01440 426.53421
0.20250 0.00000 0.00000 1035.02979 438.75989
0.22899 0.00000 0.00000 1058.72070 442.51648
0.31699 0.00000 0.00000 1141.43518 455.77744
0.34349 0.00000 0.00000 1167.53906 460.14609
0.43149 0.00000 0.00000 1257.75452 474.33679
0.00000 0.08800 0.00000 872.79443 342.72556
0.08800 0.08800 0.00000 944.29272 351.82950
0.11450 0.08800 0.00000 966.54761 354.70267
0.20250 0.08800 0.00000 1043.82788 364.67340
0.22899 0.08800 0.00000 1068.14856 367.72705
0.31699 0.08800 0.00000 1151.99084 378.65375
0.34349 0.08800 0.00000 1178.48938 382.17245
0.43149 0.08800 0.00000 1270.18640 393.78714
0.00000 0.11450 0.00000 874.67139 321.58307
0.08800 0.11450 0.00000 946.39514 330.31149
0.11450 0.11450 0.00000 968.72748 332.90775
0.20250 0.11450 0.00000 1046.44421 342.17877
0.22899 0.11450 0.00000 1070.80713 345.20096
0.31699 0.11450 0.00000 1155.43042 355.32825
0.00000 0.20250 0.00000 880.86554 250.50237
0.08800 0.20250 0.00000 953.71259 256.91583
0.11450 0.20250 0.00000 976.51562 258.95981
0.20250 0.20250 0.00000 1055.39258 265.91684
0.22899 0.20250 0.00000 1080.20459 268.24741
0.31699 0.20250 0.00000 1166.11902 275.61374
0.00000 0.22899 0.00000 882.76038 228.65862
0.08800 0.22899 0.00000 955.80878 234.49309
0.11450 0.22899 0.00000 978.61163 236.46405
0.20250 0.22899 0.00000 1057.98645 242.52348
0.22899 0.22899 0.00000 1083.07996 244.57298
0.31699 0.22899 0.00000 1169.45764 251.45171
0.00000 0.31699 0.00000 889.35443 155.38063
0.08800 0.31699 0.00000 963.42700 158.74144
0.11450 0.31699 0.00000 986.61761 160.08101
0.20250 0.31699 0.00000 1067.43066 163.65518
0.22899 0.31699 0.00000 1092.58411 165.00932
0.31699 0.31699 0.00000 1180.61072 169.20325
0.00000 0.34349 0.00000 891.19537 132.65472
0.08800 0.34349 0.00000 965.64294 135.61258
0.11450 0.34349 0.00000 989.07904 136.59645
0.20250 0.34349 0.00000 1070.29944 139.58208
0.22899 0.34349 0.00000 1095.68506 140.49098
0.31699 0.34349 0.00000 1184.01172 143.78210
0.00000 0.43149 0.00000 897.63666 56.87688
0.08800 0.43149 0.00000 973.53595 57.42552
0.11450 0.43149 0.00000 997.38147 57.51287
0.20250 0.43149 0.00000 1079.67029 58.01341
0.22899 0.43149 0.00000 1105.60205 58.11908

gimbalangles:
-0.174532925199 0.0 -0.436332312999 

end: