T_CW:
0.9484618537 0.0487677006 -0.3131163097 0.0296876674
0.1004103941 -0.9834231102 0.1509858904 0.0718111026
-0.3005625804 -0.1746444895 -0.9376360901 1.4116687433
0.0000000000 0.0000000000 0.0000000000 1.0000000000

T_CW_cov:

target_points_pix:
0.00000 0.00000 0.00000 668.16101 407.06265
0.08800 0.00000 0.00000 735.43304 415.24167
0.11450 0.00000 0.00000 756.10101 417.44070
0.20250 0.00000 0.00000 826.49469 426.50955
0.22899 0.00000 0.00000 848.57941 428.91208
0.43149 0.00000 0.00000 1024.43188 450.67529
0.45799 0.00000 0.00000 1048.52222 453.61362
0.54599 0.00000 0.00000 1131.49207 463.56186
0.57248 0.00000 0.00000 1157.10046 466.62366
0.66048 0.00000 0.00000 1245.25659 477.46674
0.00000 0.08800 0.00000 671.97717 339.19775
0.08800 0.08800 0.00000 739.92157 345.64005
0.11450 0.08800 0.00000 760.63531 348.00320
0.20250 0.08800 0.00000 832.45129 355.50558
0.22899 0.08800 0.00000 854.93237 357.68021
0.31699 0.08800 0.00000 930.07123 365.49515
0.34349 0.08800 0.00000 953.08258 367.82248
0.43149 0.08800 0.00000 1032.63049 375.75256
0.45799 0.08800 0.00000 1057.20093 378.55453
0.54599 0.08800 0.00000 1141.08472 387.18103
0.57248 0.08800 0.00000 1167.43567 389.42325
0.66048 0.08800 0.00000 1256.41479 398.60590
0.00000 0.11450 0.00000 673.18597 318.67807
0.08800 0.11450 0.00000 741.34155 324.55490
0.11450 0.11450 0.00000 762.32104 327.26846
0.20250 0.11450 0.00000 834.51440 334.01807
0.22899 0.11450 0.00000 856.45300 335.69662
0.31699 0.11450 0.00000 932.18762 343.29822
0.34349 0.11450 0.00000 955.56976 345.49103
0.43149 0.11450 0.00000 1035.48462 353.05862
0.45799 0.11450 0.00000 1059.99036 355.49796
0.54599 0.11450 0.00000 1144.27332 363.53165
0.57248 0.11450 0.00000 1170.54321 366.21268
0.66048 0.11450 0.00000 1259.93835 374.33411
0.00000 0.20250 0.00000 676.82971 248.43729
0.08800 0.20250 0.00000 745.80988 253.78174
0.11450 0.20250 0.00000 767.44635 255.38470
0.20250 0.20250 0.00000 840.05396 260.62939
0.22899 0.20250 0.00000 862.52124 262.49197
0.31699 0.20250 0.00000 939.44427 268.39499
0.34349 0.20250 0.00000 963.25165 270.27692
0.43149 0.20250 0.00000 1043.90076 276.37158
0.45799 0.20250 0.00000 1068.81934 278.31595
0.54599 0.20250 0.00000 1154.51794 284.65097
0.57248 0.20250 0.00000 1181.29443 286.55634
0.66048 0.20250 0.00000 1271.85486 293.37152
0.00000 0.22899 0.00000 678.08875 227.36693
0.08800 0.22899 0.00000 747.41498 231.98900
0.11450 0.22899 0.00000 768.83716 233.47289
0.20250 0.22899 0.00000 841.64532 238.54329
0.22899 0.22899 0.00000 864.34412 240.19440
0.31699 0.22899 0.00000 941.47528 245.48448
0.34349 0.22899 0.00000 965.28235 247.39330
0.43149 0.22899 0.00000 1046.53149 252.68150
0.45799 0.22899 0.00000 1071.70020 254.53012
0.54599 0.22899 0.00000 1157.71033 260.57065
0.00000 0.31699 0.00000 681.86731 155.42606
0.08800 0.31699 0.00000 751.98541 158.57539
0.11450 0.31699 0.00000 773.76044 159.61974
0.20250 0.31699 0.00000 847.84467 163.41185
0.22899 0.31699 0.00000 870.72144 164.45413
0.31699 0.31699 0.00000 948.75836 168.39076
0.34349 0.31699 0.00000 973.01190 169.47591
0.43149 0.31699 0.00000 1055.56714 173.47612
0.45799 0.31699 0.00000 1081.14673 174.83176
0.54599 0.31699 0.00000 1168.53931 178.97507
0.00000 0.34349 0.00000 683.04742 133.30408
0.08800 0.34349 0.00000 753.57776 136.21552
0.11450 0.34349 0.00000 775.48242 137.10529
0.20250 0.34349 0.00000 849.71460 140.41859
0.22899 0.34349 0.00000 872.70874 141.35721
0.31699 0.34349 0.00000 951.39703 144.58797
0.34349 0.34349 0.00000 975.44275 145.61894
0.43149 0.34349 0.00000 1058.41943 149.17932
0.45799 0.34349 0.00000 1084.05457 150.33469
0.54599 0.34349 0.00000 1171.76965 153.66089
0.00000 0.43149 0.00000 687.20801 59.12758
0.08800 0.43149 0.00000 758.50562 60.55763
0.11450 0.43149 0.00000 780.58270 60.80426
0.20250 0.43149 0.00000 855.81995 62.58264
0.22899 0.43149 0.00000 879.48456 63.22456
0.31699 0.43149 0.00000 958.81616 64.78938
0.34349 0.43149 0.00000 983.52692 65.34410
0.43149 0.43149 0.00000 1067.57556 67.19286
0.45799 0.43149 0.00000 1093.62927 67.56456

gimbalangles:
-0.174532925199 0.0 -0.261799387799 

end: