T_CW:
0.9991037946 0.0370015780 -0.0205545834 -0.4117428373
0.0331858994 -0.9861945562 -0.1622312962 0.6367468952
-0.0262736322 0.1614037813 -0.9865386539 1.2041529784
0.0000000000 0.0000000000 0.0000000000 1.0000000000

T_CW_cov:

target_points_pix:
0.00000 0.11450 0.00000 162.24518 429.55408
0.08800 0.11450 0.00000 195.34903 430.87451
0.11450 0.11450 0.00000 205.15570 431.47037
0.20250 0.11450 0.00000 238.38591 432.86609
0.22899 0.11450 0.00000 248.37425 433.33163
0.31699 0.11450 0.00000 281.62909 434.71588
0.34349 0.11450 0.00000 291.57001 435.27710
0.43149 0.11450 0.00000 325.01349 436.73459
0.54599 0.11450 0.00000 368.70715 438.60406
0.57248 0.11450 0.00000 378.69006 439.12421
0.66048 0.11450 0.00000 412.53534 440.63171
0.00000 0.20250 0.00000 165.38356 394.85364
0.08800 0.20250 0.00000 197.87387 396.36008
0.11450 0.20250 0.00000 207.70726 396.55981
0.20250 0.20250 0.00000 240.54828 397.98080
0.22899 0.20250 0.00000 250.46898 398.34808
0.31699 0.20250 0.00000 283.35809 399.66489
0.34349 0.20250 0.00000 293.29053 400.18292
0.43149 0.20250 0.00000 326.20456 401.51117
0.45799 0.20250 0.00000 336.19824 402.00574
0.54599 0.20250 0.00000 369.30640 403.39944
0.57248 0.20250 0.00000 379.29459 403.78729
0.66048 0.20250 0.00000 412.47711 405.22040
0.00000 0.22899 0.00000 166.07530 384.65524
0.08800 0.22899 0.00000 198.76605 385.95975
0.11450 0.22899 0.00000 208.48123 386.37717
0.20250 0.22899 0.00000 241.22162 387.63342
0.22899 0.22899 0.00000 250.96930 388.04733
0.31699 0.22899 0.00000 283.76489 389.40594
0.34349 0.22899 0.00000 293.55353 389.73941
0.43149 0.22899 0.00000 326.53256 391.27982
0.45799 0.22899 0.00000 336.37012 391.58221
0.54599 0.22899 0.00000 369.45367 392.97171
0.57248 0.22899 0.00000 379.26913 393.37149
0.66048 0.22899 0.00000 412.54733 394.74521
0.00000 0.31699 0.00000 169.10025 350.95209
0.08800 0.31699 0.00000 201.35077 352.35648
0.11450 0.31699 0.00000 211.04935 352.58011
0.20250 0.31699 0.00000 243.31345 353.79736
0.22899 0.31699 0.00000 253.03169 354.25833
0.31699 0.31699 0.00000 285.39749 355.56940
0.34349 0.31699 0.00000 295.05289 355.93314
0.43149 0.31699 0.00000 327.58160 357.30252
0.45799 0.31699 0.00000 337.41483 357.63123
0.54599 0.31699 0.00000 370.07520 358.93100
0.57248 0.31699 0.00000 379.81366 359.30884
0.66048 0.31699 0.00000 412.62494 360.58795
0.00000 0.34349 0.00000 169.86334 341.05917
0.08800 0.34349 0.00000 202.09624 342.33527
0.11450 0.34349 0.00000 211.62044 342.63617
0.20250 0.34349 0.00000 243.88069 343.90915
0.22899 0.34349 0.00000 253.55206 344.35977
0.31699 0.34349 0.00000 285.82144 345.53821
0.34349 0.34349 0.00000 295.51077 345.98080
0.43149 0.34349 0.00000 327.97165 347.33551
0.45799 0.34349 0.00000 337.67294 347.50525
0.54599 0.34349 0.00000 370.28662 348.86255
0.57248 0.34349 0.00000 380.07803 349.21191
0.66048 0.34349 0.00000 412.64944 350.51297
0.00000 0.43149 0.00000 172.79106 308.38995
0.08800 0.43149 0.00000 204.53804 309.58090
0.11450 0.43149 0.00000 214.21339 309.87506
0.20250 0.43149 0.00000 245.84508 311.26822
0.22899 0.43149 0.00000 255.47562 311.54956
0.31699 0.43149 0.00000 287.36273 312.66910
0.34349 0.43149 0.00000 297.01965 313.18314
0.43149 0.43149 0.00000 328.95203 314.34119
0.45799 0.43149 0.00000 338.68344 314.73715
0.54599 0.43149 0.00000 370.72275 315.80615
0.57248 0.43149 0.00000 380.56128 316.34821
0.66048 0.43149 0.00000 412.82965 317.41226
0.00000 0.45799 0.00000 173.60995 298.79794
0.08800 0.45799 0.00000 205.42073 299.89825
0.11450 0.45799 0.00000 214.74997 300.35626
0.20250 0.45799 0.00000 246.46942 301.45721
0.22899 0.45799 0.00000 256.01688 301.74570
0.31699 0.45799 0.00000 287.78470 303.09714
0.34349 0.45799 0.00000 297.43622 303.40314
0.43149 0.45799 0.00000 329.36710 304.57440
0.45799 0.45799 0.00000 339.02252 304.81680
0.54599 0.45799 0.00000 371.09225 306.24319
0.57248 0.45799 0.00000 380.66205 306.41763
0.66048 0.45799 0.00000 412.88562 307.58752
0.00000 0.54599 0.00000 176.49706 267.17365
0.08800 0.54599 0.00000 207.68117 268.30554
0.11450 0.54599 0.00000 217.09979 268.52637
0.20250 0.54599 0.00000 248.36926 269.66617
0.22899 0.54599 0.00000 257.83759 270.18225
0.31699 0.54599 0.00000 289.29227 271.22406
0.34349 0.54599 0.00000 298.69516 271.54938
0.43149 0.54599 0.00000 330.38025 272.56812
0.45799 0.54599 0.00000 339.85861 273.02371
0.54599 0.54599 0.00000 371.50482 274.11823
0.57248 0.54599 0.00000 381.28204 274.46198
0.66048 0.54599 0.00000 412.90674 275.43726
0.00000 0.57248 0.00000 177.29854 257.71359
0.08800 0.57248 0.00000 208.44576 258.79895
0.11450 0.57248 0.00000 217.72618 259.28244
0.20250 0.57248 0.00000 248.90741 260.36438
0.22899 0.57248 0.00000 258.40018 260.55801
0.31699 0.57248 0.00000 289.57410 261.65298
0.34349 0.57248 0.00000 299.27884 262.00461
0.43149 0.57248 0.00000 330.60773 263.23743
0.45799 0.57248 0.00000 340.28510 263.41031
0.54599 0.57248 0.00000 371.68637 264.53979
0.57248 0.57248 0.00000 381.36066 264.72614
0.66048 0.57248 0.00000 413.04852 266.04291
0.00000 0.66048 0.00000 179.83083 226.92094
0.08800 0.66048 0.00000 210.67360 228.07376
0.11450 0.66048 0.00000 220.01143 228.42714
0.20250 0.66048 0.00000 250.73135 229.42862
0.22899 0.66048 0.00000 260.19714 229.62762
0.31699 0.66048 0.00000 291.12350 230.57561
0.34349 0.66048 0.00000 300.53064 231.13745
0.43149 0.66048 0.00000 331.57635 232.09312
0.45799 0.66048 0.00000 341.17026 232.42285
0.54599 0.66048 0.00000 372.33109 233.37822
0.57248 0.66048 0.00000 381.69110 233.65405

gimbalangles:
-0.174532925199 0.0 -0.261799387799 

end: