T_CW:
0.9987944417 0.0413187584 -0.0265032736 -0.5247507923
0.0363275081 -0.9852818955 -0.1670326273 0.6412175626
-0.0330147764 0.1658684619 -0.9855950882 1.2039972222
0.0000000000 0.0000000000 0.0000000000 1.0000000000

T_CW_cov:

target_points_pix:
0.00000 0.11450 0.00000 115.18067 440.09296
0.08800 0.11450 0.00000 148.22794 441.54062
0.11450 0.11450 0.00000 158.30188 442.20575
0.20250 0.11450 0.00000 191.68179 443.54813
0.22899 0.11450 0.00000 201.65501 444.09619
0.31699 0.11450 0.00000 235.31140 445.61340
0.43149 0.11450 0.00000 279.06769 447.88281
0.45799 0.11450 0.00000 289.00064 448.33466
0.54599 0.11450 0.00000 323.08701 450.07468
0.57248 0.11450 0.00000 333.06778 450.69370
0.66048 0.11450 0.00000 367.25537 452.53207
0.00000 0.20250 0.00000 118.77731 404.79959
0.08800 0.20250 0.00000 151.77960 406.35233
0.11450 0.20250 0.00000 161.65622 406.69193
0.20250 0.20250 0.00000 194.66470 408.23795
0.22899 0.20250 0.00000 204.65356 408.47025
0.34349 0.20250 0.00000 247.63499 410.57104
0.43149 0.20250 0.00000 280.78265 412.29196
0.45799 0.20250 0.00000 290.77612 412.69284
0.54599 0.20250 0.00000 324.15240 414.41391
0.57248 0.20250 0.00000 334.24170 414.92935
0.66048 0.20250 0.00000 367.77844 416.62778
0.00000 0.22899 0.00000 119.85458 394.41861
0.08800 0.22899 0.00000 152.73781 395.73743
0.11450 0.22899 0.00000 162.74030 396.52094
0.20250 0.22899 0.00000 195.65100 397.59775
0.22899 0.22899 0.00000 205.55984 398.29858
0.31699 0.22899 0.00000 238.37794 399.58365
0.34349 0.22899 0.00000 248.38918 400.19873
0.43149 0.22899 0.00000 281.33374 401.77045
0.45799 0.22899 0.00000 291.32239 402.25870
0.54599 0.22899 0.00000 324.50009 403.86505
0.57248 0.22899 0.00000 334.51135 404.38217
0.66048 0.22899 0.00000 368.05222 406.18143
0.00000 0.31699 0.00000 123.64291 360.28210
0.08800 0.31699 0.00000 156.23456 361.77173
0.11450 0.31699 0.00000 165.90434 362.16736
0.20250 0.31699 0.00000 198.38264 363.57266
0.31699 0.31699 0.00000 240.68697 365.50668
0.34349 0.31699 0.00000 250.41684 365.73932
0.43149 0.31699 0.00000 283.02463 367.52808
0.45799 0.31699 0.00000 292.76309 367.88223
0.54599 0.31699 0.00000 325.72372 369.39624
0.57248 0.31699 0.00000 335.62222 369.67044
0.66048 0.31699 0.00000 368.63669 371.35400
0.00000 0.34349 0.00000 124.81061 350.39127
0.08800 0.34349 0.00000 157.05023 351.51172
0.11450 0.34349 0.00000 166.72536 352.00006
0.20250 0.34349 0.00000 199.32318 353.45157
0.22899 0.34349 0.00000 208.85846 353.77280
0.31699 0.34349 0.00000 241.31728 355.30032
0.34349 0.34349 0.00000 250.88489 355.72464
0.43149 0.34349 0.00000 283.51355 357.34750
0.45799 0.34349 0.00000 293.30768 357.67856
0.54599 0.34349 0.00000 326.11612 359.25320
0.57248 0.34349 0.00000 335.83658 359.57498
0.66048 0.34349 0.00000 368.90283 361.10904
0.00000 0.43149 0.00000 128.45709 317.26230
0.08800 0.43149 0.00000 160.38120 318.61450
0.11450 0.43149 0.00000 170.03171 318.88028
0.20250 0.43149 0.00000 201.83746 320.40646
0.22899 0.43149 0.00000 211.43282 320.70612
0.31699 0.43149 0.00000 243.36819 322.18192
0.34349 0.43149 0.00000 253.01656 322.52414
0.43149 0.43149 0.00000 285.06821 323.89584
0.45799 0.43149 0.00000 294.96286 324.38998
0.54599 0.43149 0.00000 327.17682 325.64685
0.57248 0.43149 0.00000 337.25711 326.02493
0.66048 0.43149 0.00000 369.55200 327.44296
0.00000 0.45799 0.00000 129.40848 307.54648
0.08800 0.45799 0.00000 161.34818 308.77747
0.11450 0.45799 0.00000 170.92531 309.30658
0.20250 0.45799 0.00000 202.63013 310.37607
0.22899 0.45799 0.00000 212.25169 310.97015
0.31699 0.45799 0.00000 243.97095 312.29736
0.34349 0.45799 0.00000 253.52191 312.65045
0.43149 0.45799 0.00000 285.71249 313.91675
0.45799 0.45799 0.00000 295.26151 314.46722
0.54599 0.45799 0.00000 327.64047 315.68134
0.57248 0.45799 0.00000 337.29221 316.30960
0.66048 0.45799 0.00000 369.85318 317.50986
0.00000 0.54599 0.00000 132.82407 275.55142
0.08800 0.54599 0.00000 164.42979 276.98901
0.11450 0.54599 0.00000 173.79858 277.28726
0.20250 0.54599 0.00000 205.36024 278.41559
0.22899 0.54599 0.00000 214.68237 278.73447
0.31699 0.54599 0.00000 245.99951 280.23615
0.34349 0.54599 0.00000 255.66017 280.43802
0.43149 0.54599 0.00000 287.18298 281.67456
0.45799 0.54599 0.00000 297.09814 282.08768
0.54599 0.54599 0.00000 328.64536 283.37323
0.57248 0.54599 0.00000 338.57458 283.68079
0.66048 0.54599 0.00000 370.38065 285.01456
0.00000 0.57248 0.00000 133.90529 266.36279
0.08800 0.57248 0.00000 165.29834 267.43790
0.11450 0.57248 0.00000 174.70595 267.87851
0.20250 0.57248 0.00000 206.03908 268.94971
0.22899 0.57248 0.00000 215.31291 269.39822
0.31699 0.57248 0.00000 246.74693 270.49603
0.34349 0.57248 0.00000 256.09375 270.88626
0.43149 0.57248 0.00000 287.90390 272.19473
0.45799 0.57248 0.00000 297.29776 272.51462
0.54599 0.57248 0.00000 329.27231 273.63959
0.57248 0.57248 0.00000 338.52637 274.13123
0.66048 0.57248 0.00000 370.71011 275.33432
0.00000 0.66048 0.00000 137.20853 235.24408
0.08800 0.66048 0.00000 168.36397 236.59752
0.11450 0.66048 0.00000 177.56876 236.65166
0.20250 0.66048 0.00000 208.55167 237.86467
0.22899 0.66048 0.00000 217.73184 238.32350
0.31699 0.66048 0.00000 248.68584 239.44167
0.34349 0.66048 0.00000 258.37906 239.60939
0.43149 0.66048 0.00000 289.26581 240.77016
0.45799 0.66048 0.00000 299.00266 241.18179
0.54599 0.66048 0.00000 330.17349 242.34669
0.57248 0.66048 0.00000 339.82455 242.61658
0.66048 0.66048 0.00000 371.32108 243.69749

gimbalangles:
-0.174532925199 0.0 -0.261799387799 

end: