T_CW:
0.9987963886 0.0414394348 -0.0262401851 -0.5247568178
0.0364856620 -0.9852527634 -0.1671699396 0.6411244250
-0.0327806427 0.1660113415 -0.9855788472 1.2037513239
0.0000000000 0.0000000000 0.0000000000 1.0000000000

T_CW_cov:

target_points_pix:
0.08800 0.11450 0.00000 148.34406 441.48297
0.11450 0.11450 0.00000 158.24066 442.24420
0.20250 0.11450 0.00000 191.77811 443.57388
0.22899 0.11450 0.00000 201.57219 444.13443
0.31699 0.11450 0.00000 235.32428 445.59866
0.34349 0.11450 0.00000 245.41728 446.35495
0.43149 0.11450 0.00000 278.97974 447.91516
0.45799 0.11450 0.00000 289.07983 448.51691
0.54599 0.11450 0.00000 323.01364 450.33548
0.57248 0.11450 0.00000 333.12204 450.69479
0.66048 0.11450 0.00000 367.30334 452.55209
0.00000 0.20250 0.00000 118.74564 404.72952
0.08800 0.20250 0.00000 151.75087 406.26901
0.11450 0.20250 0.00000 161.70892 406.55649
0.20250 0.20250 0.00000 194.76663 408.38971
0.31699 0.20250 0.00000 237.75806 410.21237
0.34349 0.20250 0.00000 247.69559 410.58252
0.43149 0.20250 0.00000 280.83569 412.33194
0.45799 0.20250 0.00000 290.90656 412.65393
0.54599 0.20250 0.00000 324.17776 414.46149
0.57248 0.20250 0.00000 334.23328 414.76007
0.66048 0.20250 0.00000 367.81464 416.71631
0.08800 0.22899 0.00000 152.71600 395.71948
0.11450 0.22899 0.00000 162.62648 396.45309
0.22899 0.22899 0.00000 205.60924 398.16440
0.31699 0.22899 0.00000 238.45882 399.60208
0.34349 0.22899 0.00000 248.42998 400.30478
0.43149 0.22899 0.00000 281.37292 401.58304
0.45799 0.22899 0.00000 291.31192 402.28244
0.54599 0.22899 0.00000 324.50287 403.88013
0.57248 0.22899 0.00000 334.44620 404.48926
0.66048 0.22899 0.00000 368.00446 405.99899
0.00000 0.31699 0.00000 123.60650 360.33569
0.08800 0.31699 0.00000 156.17480 361.81705
0.11450 0.31699 0.00000 165.95732 362.00488
0.20250 0.31699 0.00000 198.45665 363.60730
0.22899 0.31699 0.00000 208.23523 363.78345
0.31699 0.31699 0.00000 240.70573 365.56046
0.34349 0.31699 0.00000 250.31371 365.98199
0.43149 0.31699 0.00000 283.10593 367.47501
0.45799 0.31699 0.00000 292.81253 367.93881
0.54599 0.31699 0.00000 325.66513 369.43137
0.57248 0.31699 0.00000 335.60034 369.77643
0.66048 0.31699 0.00000 368.61853 371.37662
0.00000 0.34349 0.00000 124.69064 350.46930
0.08800 0.34349 0.00000 157.13194 351.54996
0.11450 0.34349 0.00000 166.86746 352.14523
0.20250 0.34349 0.00000 199.27257 353.30472
0.22899 0.34349 0.00000 208.82559 353.74667
0.31699 0.34349 0.00000 241.31044 355.36038
0.34349 0.34349 0.00000 250.94301 355.69983
0.43149 0.34349 0.00000 283.49454 357.32483
0.45799 0.34349 0.00000 293.25598 357.68805
0.54599 0.34349 0.00000 326.15228 359.19748
0.57248 0.34349 0.00000 335.88968 359.52216
0.66048 0.34349 0.00000 368.95013 361.15463
0.00000 0.43149 0.00000 128.35362 317.27719
0.08800 0.43149 0.00000 160.46561 318.57358
0.11450 0.43149 0.00000 170.09116 318.99316
0.20250 0.43149 0.00000 201.80310 320.44226
0.22899 0.43149 0.00000 211.39575 320.58621
0.31699 0.43149 0.00000 243.34705 322.13406
0.34349 0.43149 0.00000 252.93802 322.54996
0.43149 0.43149 0.00000 285.10913 323.92136
0.45799 0.43149 0.00000 294.99551 324.36856
0.54599 0.43149 0.00000 327.18399 325.63351
0.57248 0.43149 0.00000 337.20740 326.13025
0.66048 0.43149 0.00000 369.53589 327.46201
0.00000 0.45799 0.00000 129.42537 307.59598
0.08800 0.45799 0.00000 161.39919 308.75085
0.11450 0.45799 0.00000 170.87471 309.28561
0.20250 0.45799 0.00000 202.65488 310.38504
0.22899 0.45799 0.00000 212.20227 311.01880
0.31699 0.45799 0.00000 243.95444 312.36664
0.34349 0.45799 0.00000 253.57536 312.63046
0.43149 0.45799 0.00000 285.75980 313.94891
0.45799 0.45799 0.00000 295.27307 314.44623
0.54599 0.45799 0.00000 327.66794 315.66797
0.57248 0.45799 0.00000 337.20425 316.30652
0.66048 0.45799 0.00000 369.88748 317.54349
0.00000 0.54599 0.00000 132.85291 275.52396
0.08800 0.54599 0.00000 164.51564 276.82449
0.11450 0.54599 0.00000 173.88760 277.32672
0.20250 0.54599 0.00000 205.26341 278.52988
0.22899 0.54599 0.00000 214.65724 278.77515
0.31699 0.54599 0.00000 246.00793 280.07227
0.34349 0.54599 0.00000 255.65707 280.46716
0.43149 0.54599 0.00000 287.20999 281.63385
0.45799 0.54599 0.00000 297.00638 282.10468
0.54599 0.54599 0.00000 328.60556 283.37772
0.57248 0.54599 0.00000 338.54352 283.72003
0.66048 0.54599 0.00000 370.35165 285.01019
0.00000 0.57248 0.00000 133.97784 266.40350
0.08800 0.57248 0.00000 165.38490 267.38641
0.11450 0.57248 0.00000 174.73628 267.80505
0.20250 0.57248 0.00000 206.06799 268.88171
0.22899 0.57248 0.00000 215.40527 269.39859
0.31699 0.57248 0.00000 246.72870 270.43988
0.34349 0.57248 0.00000 256.18344 270.90659
0.43149 0.57248 0.00000 287.93939 272.20099
0.45799 0.57248 0.00000 297.29773 272.50180
0.54599 0.57248 0.00000 329.29190 273.64297
0.57248 0.57248 0.00000 338.64667 274.02457
0.66048 0.57248 0.00000 370.79703 275.43442
0.00000 0.66048 0.00000 137.18063 235.23369
0.08800 0.66048 0.00000 168.30016 236.48518
0.11450 0.66048 0.00000 177.53358 236.67749
0.20250 0.66048 0.00000 208.48059 237.84236
0.22899 0.66048 0.00000 217.80611 238.27454
0.31699 0.66048 0.00000 248.73021 239.35049
0.34349 0.66048 0.00000 258.33713 239.57837
0.43149 0.66048 0.00000 289.30142 240.81146
0.45799 0.66048 0.00000 299.01709 241.20097
0.54599 0.66048 0.00000 330.23306 242.31317
0.57248 0.66048 0.00000 339.90149 242.55968
0.66048 0.66048 0.00000 371.31024 243.71344

gimbalangles:
-0.174532925199 0.0 -0.0872664625997 

end: