T_CW:
0.9991016986 0.0370300628 -0.0206051029 -0.4117490245
0.0332166747 -0.9862601302 -0.1618258572 0.6367620080
-0.0263144132 0.1609960558 -0.9866041869 1.2042659331
0.0000000000 0.0000000000 0.0000000000 1.0000000000

T_CW_cov:

target_points_pix:
0.00000 0.11450 0.00000 162.17773 429.49463
0.08800 0.11450 0.00000 195.37042 430.96902
0.11450 0.11450 0.00000 205.15559 431.39313
0.20250 0.11450 0.00000 238.44591 432.82681
0.22899 0.11450 0.00000 248.32214 433.33481
0.31699 0.11450 0.00000 281.56824 434.75879
0.43149 0.11450 0.00000 325.15735 436.64676
0.45799 0.11450 0.00000 334.98969 437.19247
0.54599 0.11450 0.00000 368.66183 438.63379
0.57248 0.11450 0.00000 378.70218 439.15500
0.66048 0.11450 0.00000 412.51700 440.60471
0.00000 0.20250 0.00000 165.38254 394.85571
0.08800 0.20250 0.00000 197.95537 396.32120
0.11450 0.20250 0.00000 207.71838 396.58038
0.20250 0.20250 0.00000 240.51740 397.90659
0.22899 0.20250 0.00000 250.52318 398.33862
0.31699 0.20250 0.00000 283.36761 399.68811
0.34349 0.20250 0.00000 293.30988 400.20660
0.43149 0.20250 0.00000 326.25891 401.54379
0.45799 0.20250 0.00000 336.27090 401.93155
0.54599 0.20250 0.00000 369.28967 403.43771
0.57248 0.20250 0.00000 379.31491 403.73660
0.66048 0.20250 0.00000 412.43033 405.20670
0.00000 0.22899 0.00000 166.12215 384.69086
0.08800 0.22899 0.00000 198.68176 385.94357
0.11450 0.22899 0.00000 208.51822 386.38959
0.20250 0.22899 0.00000 241.28140 387.57758
0.22899 0.22899 0.00000 250.94427 388.10156
0.31699 0.22899 0.00000 283.74768 389.44650
0.34349 0.22899 0.00000 293.61856 389.81287
0.43149 0.22899 0.00000 326.55905 391.27005
0.45799 0.22899 0.00000 336.35440 391.61148
0.54599 0.22899 0.00000 369.47330 393.03830
0.57248 0.22899 0.00000 379.38071 393.40140
0.66048 0.22899 0.00000 412.53229 394.86844
0.00000 0.31699 0.00000 169.05647 350.94922
0.08800 0.31699 0.00000 201.36688 352.34445
0.11450 0.31699 0.00000 210.96864 352.61389
0.20250 0.31699 0.00000 243.37749 353.81064
0.22899 0.31699 0.00000 253.06296 354.34714
0.31699 0.31699 0.00000 285.37518 355.57761
0.34349 0.31699 0.00000 295.18689 355.98135
0.43149 0.31699 0.00000 327.57669 357.29742
0.45799 0.31699 0.00000 337.42877 357.64816
0.54599 0.31699 0.00000 370.04388 358.89673
0.57248 0.31699 0.00000 379.87167 359.33255
0.66048 0.31699 0.00000 412.64041 360.57687
0.00000 0.34349 0.00000 169.87082 341.11276
0.08800 0.34349 0.00000 202.11189 342.26962
0.11450 0.34349 0.00000 211.64653 342.61163
0.20250 0.34349 0.00000 243.85501 343.88675
0.22899 0.34349 0.00000 253.52888 344.34320
0.31699 0.34349 0.00000 285.75299 345.50781
0.34349 0.34349 0.00000 295.50858 345.95352
0.43149 0.34349 0.00000 327.96805 347.31064
0.45799 0.34349 0.00000 337.65710 347.53418
0.54599 0.34349 0.00000 370.25040 348.84268
0.57248 0.34349 0.00000 380.03360 349.27731
0.66048 0.34349 0.00000 412.67407 350.50760
0.00000 0.43149 0.00000 172.78946 308.39847
0.08800 0.43149 0.00000 204.55870 309.53271
0.11450 0.43149 0.00000 214.16341 309.84415
0.20250 0.43149 0.00000 245.80603 311.19577
0.22899 0.43149 0.00000 255.47307 311.50800
0.31699 0.43149 0.00000 287.32083 312.70563
0.34349 0.43149 0.00000 297.02850 313.26334
0.43149 0.43149 0.00000 328.95624 314.39981
0.45799 0.43149 0.00000 338.61908 314.69815
0.54599 0.43149 0.00000 370.75049 315.83047
0.57248 0.43149 0.00000 380.54688 316.35526
0.66048 0.43149 0.00000 412.88339 317.41815
0.00000 0.45799 0.00000 173.67763 298.77020
0.08800 0.45799 0.00000 205.39662 299.85178
0.11450 0.45799 0.00000 214.76566 300.36182
0.20250 0.45799 0.00000 246.48730 301.52621
0.22899 0.45799 0.00000 256.04880 301.74002
0.31699 0.45799 0.00000 287.75232 303.09558
0.34349 0.45799 0.00000 297.43933 303.39859
0.43149 0.45799 0.00000 329.38068 304.59164
0.45799 0.45799 0.00000 338.92090 304.86328
0.54599 0.45799 0.00000 371.10324 306.19000
0.57248 0.45799 0.00000 380.66138 306.40109
0.66048 0.45799 0.00000 412.83020 307.59204
0.00000 0.54599 0.00000 176.50142 267.15872
0.08800 0.54599 0.00000 207.64655 268.34567
0.11450 0.54599 0.00000 217.09435 268.50433
0.20250 0.54599 0.00000 248.39680 269.64276
0.22899 0.54599 0.00000 257.77469 270.15256
0.31699 0.54599 0.00000 289.28513 271.18393
0.34349 0.54599 0.00000 298.69531 271.56500
0.43149 0.54599 0.00000 330.38489 272.56540
0.45799 0.54599 0.00000 339.86526 273.07516
0.54599 0.54599 0.00000 371.53122 274.11578
0.57248 0.54599 0.00000 381.31573 274.44244
0.66048 0.54599 0.00000 413.00064 275.43719
0.00000 0.57248 0.00000 177.28178 257.68158
0.08800 0.57248 0.00000 208.46346 258.81931
0.11450 0.57248 0.00000 217.68692 259.26123
0.20250 0.57248 0.00000 248.90395 260.37207
0.22899 0.57248 0.00000 258.39493 260.54855
0.31699 0.57248 0.00000 289.60229 261.71698
0.34349 0.57248 0.00000 299.24054 261.95871
0.43149 0.57248 0.00000 330.58746 263.23087
0.45799 0.57248 0.00000 340.27264 263.40811
0.54599 0.57248 0.00000 371.68597 264.54532
0.57248 0.57248 0.00000 381.42026 264.71579
0.66048 0.57248 0.00000 413.01825 266.04108
0.00000 0.66048 0.00000 179.81667 226.91953
0.08800 0.66048 0.00000 210.64922 228.03055
0.11450 0.66048 0.00000 219.99240 228.37541
0.20250 0.66048 0.00000 250.71875 229.44228
0.22899 0.66048 0.00000 260.20996 229.68330
0.31699 0.66048 0.00000 291.14731 230.58852
0.34349 0.66048 0.00000 300.48889 231.08853
0.43149 0.66048 0.00000 331.57889 232.11319
0.45799 0.66048 0.00000 341.18063 232.43062
0.54599 0.66048 0.00000 372.34378 233.33453
0.57248 0.66048 0.00000 381.71323 233.67479
0.66048 0.66048 0.00000 413.13623 234.57750

gimbalangles:
-0.174532925199 0.0 0.0872664625997 

end: