T_CW:
0.9779896482 0.0488604628 0.2028519244 -0.6827406922
0.0146148667 -0.9858489262 0.1669979052 0.0945858375
0.2081409468 -0.1603575688 -0.9648641336 1.2351993517
0.0000000000 0.0000000000 0.0000000000 1.0000000000

T_CW_cov:

target_points_pix:
0.00000 0.00000 0.00000 35.69767 435.52356
0.08800 0.00000 0.00000 120.01788 435.47180
0.11450 0.00000 0.00000 145.03401 435.50861
0.20250 0.00000 0.00000 226.15956 435.59143
0.22899 0.00000 0.00000 250.35120 435.53894
0.31699 0.00000 0.00000 328.63705 435.55789
0.34349 0.00000 0.00000 351.85403 435.65970
0.43149 0.00000 0.00000 427.80765 435.40256
0.45799 0.00000 0.00000 450.30759 435.40369
0.54599 0.00000 0.00000 523.58093 435.19803
0.57248 0.00000 0.00000 545.23199 435.13409
0.08800 0.08800 0.00000 118.14202 358.90344
0.11450 0.08800 0.00000 143.44980 359.42264
0.20250 0.08800 0.00000 225.30402 360.36920
0.22899 0.08800 0.00000 249.61487 360.68988
0.31699 0.08800 0.00000 328.61795 361.50781
0.34349 0.08800 0.00000 352.51242 361.47195
0.43149 0.08800 0.00000 428.81393 363.13828
0.45799 0.08800 0.00000 451.62808 363.08148
0.54599 0.08800 0.00000 525.74304 363.63312
0.57248 0.08800 0.00000 547.51740 363.87057
0.66048 0.08800 0.00000 618.66394 365.22263
0.00000 0.11450 0.00000 31.80774 334.20267
0.08800 0.11450 0.00000 117.39323 335.54495
0.11450 0.11450 0.00000 142.58163 336.05136
0.20250 0.11450 0.00000 224.99457 337.31412
0.22899 0.11450 0.00000 249.57031 337.65417
0.31699 0.11450 0.00000 329.05527 339.45938
0.34349 0.11450 0.00000 352.57849 339.51865
0.43149 0.11450 0.00000 429.13983 340.65601
0.45799 0.11450 0.00000 452.20102 340.80469
0.54599 0.11450 0.00000 526.25867 342.19250
0.57248 0.11450 0.00000 548.15833 342.36606
0.66048 0.11450 0.00000 619.54028 343.53528
0.00000 0.20250 0.00000 28.56144 254.44691
0.08800 0.20250 0.00000 115.50231 257.11588
0.11450 0.20250 0.00000 140.67656 257.66269
0.20250 0.20250 0.00000 224.29500 260.25629
0.22899 0.20250 0.00000 248.69441 260.81873
0.31699 0.20250 0.00000 329.25128 263.46008
0.34349 0.20250 0.00000 352.75003 264.15570
0.43149 0.20250 0.00000 430.50720 266.43643
0.45799 0.20250 0.00000 453.50827 267.33893
0.54599 0.20250 0.00000 528.45660 269.29147
0.57248 0.20250 0.00000 550.43103 269.87210
0.66048 0.20250 0.00000 622.61682 272.23782
0.00000 0.22899 0.00000 27.54633 230.18077
0.08800 0.22899 0.00000 114.96054 233.21242
0.11450 0.22899 0.00000 140.37355 233.78859
0.20250 0.22899 0.00000 224.03401 236.64937
0.22899 0.22899 0.00000 248.74889 237.56880
0.31699 0.22899 0.00000 329.29932 240.42845
0.34349 0.22899 0.00000 353.19946 241.19058
0.43149 0.22899 0.00000 430.72333 243.65132
0.45799 0.22899 0.00000 453.92426 244.58406
0.54599 0.22899 0.00000 529.08630 247.34357
0.57248 0.22899 0.00000 551.37769 247.63956
0.66048 0.22899 0.00000 623.57782 250.33789
0.00000 0.31699 0.00000 24.28001 147.79439
0.08800 0.31699 0.00000 112.30771 152.09756
0.11450 0.31699 0.00000 138.47067 153.47852
0.20250 0.31699 0.00000 223.21707 157.47437
0.22899 0.31699 0.00000 247.93362 158.58211
0.31699 0.31699 0.00000 329.54898 162.69955
0.34349 0.31699 0.00000 353.51950 163.59976
0.43149 0.31699 0.00000 432.24362 167.46684
0.45799 0.31699 0.00000 455.58902 168.50423
0.54599 0.31699 0.00000 531.48236 172.05519
0.57248 0.31699 0.00000 553.81097 173.33470
0.66048 0.31699 0.00000 626.95978 176.71759
0.00000 0.34349 0.00000 23.47629 122.70973
0.08800 0.34349 0.00000 111.58547 127.46191
0.11450 0.34349 0.00000 137.69185 128.76904
0.20250 0.34349 0.00000 222.73302 133.26468
0.22899 0.34349 0.00000 247.74556 134.47655
0.31699 0.34349 0.00000 329.65414 138.84264
0.34349 0.34349 0.00000 353.74539 140.11102
0.43149 0.34349 0.00000 432.57355 143.88884
0.45799 0.34349 0.00000 455.77277 145.35602
0.54599 0.34349 0.00000 532.15533 149.05367
0.57248 0.34349 0.00000 554.53198 150.46127
0.66048 0.34349 0.00000 627.88568 153.94167
0.08800 0.43149 0.00000 109.37634 44.09388
0.11450 0.43149 0.00000 135.62724 45.61808
0.20250 0.43149 0.00000 221.66559 51.50715
0.22899 0.43149 0.00000 247.33334 53.23097
0.31699 0.43149 0.00000 329.82602 58.67905
0.34349 0.43149 0.00000 354.36325 60.36663
0.43149 0.43149 0.00000 434.14438 65.51801
0.45799 0.43149 0.00000 457.54709 67.19753
0.54599 0.43149 0.00000 534.49780 72.17690
0.57248 0.43149 0.00000 557.32471 73.49748
0.66048 0.43149 0.00000 631.47644 78.42462

gimbalangles:
-0.174532925199 0.0 0.261799387799 

end: