T_CW:
0.9991038819 0.0370044678 -0.0205451350 -0.4117308293
0.0331927802 -0.9862097833 -0.1621372956 0.6367503094
-0.0262616175 0.1613100513 -0.9865543040 1.2041342997
0.0000000000 0.0000000000 0.0000000000 1.0000000000

T_CW_cov:

target_points_pix:
0.00000 0.11450 0.00000 162.13545 429.57452
0.08800 0.11450 0.00000 195.34380 430.97733
0.11450 0.11450 0.00000 205.17384 431.38196
0.20250 0.11450 0.00000 238.48425 432.84457
0.22899 0.11450 0.00000 248.32478 433.36722
0.31699 0.11450 0.00000 281.59793 434.76791
0.43149 0.11450 0.00000 325.11093 436.72305
0.45799 0.11450 0.00000 335.02148 437.21307
0.54599 0.11450 0.00000 368.71555 438.60803
0.57248 0.11450 0.00000 378.66519 439.08429
0.66048 0.11450 0.00000 412.55701 440.57901
0.00000 0.20250 0.00000 165.29179 394.86151
0.08800 0.20250 0.00000 197.97404 396.25961
0.11450 0.20250 0.00000 207.74216 396.50381
0.20250 0.20250 0.00000 240.52016 397.90027
0.22899 0.20250 0.00000 250.46379 398.34192
0.31699 0.20250 0.00000 283.32300 399.66296
0.34349 0.20250 0.00000 293.33914 400.21225
0.43149 0.20250 0.00000 326.24170 401.55759
0.45799 0.20250 0.00000 336.17697 401.87939
0.54599 0.20250 0.00000 369.26984 403.40045
0.57248 0.20250 0.00000 379.35205 403.73157
0.66048 0.20250 0.00000 412.51920 405.27924
0.00000 0.22899 0.00000 166.18181 384.65948
0.08800 0.22899 0.00000 198.66110 385.93954
0.11450 0.22899 0.00000 208.51303 386.40903
0.20250 0.22899 0.00000 241.24037 387.63159
0.22899 0.22899 0.00000 250.94965 388.11435
0.31699 0.22899 0.00000 283.75961 389.45667
0.34349 0.22899 0.00000 293.56079 389.79886
0.43149 0.22899 0.00000 326.56216 391.27512
0.45799 0.22899 0.00000 336.45685 391.63751
0.54599 0.22899 0.00000 369.44656 393.03720
0.57248 0.22899 0.00000 379.32303 393.38998
0.66048 0.22899 0.00000 412.55411 394.76910
0.00000 0.31699 0.00000 169.16899 350.95663
0.08800 0.31699 0.00000 201.32623 352.26672
0.11450 0.31699 0.00000 210.99762 352.56766
0.20250 0.31699 0.00000 243.32527 353.78018
0.22899 0.31699 0.00000 253.01677 354.31967
0.31699 0.31699 0.00000 285.42709 355.58755
0.34349 0.31699 0.00000 295.19586 356.04169
0.43149 0.31699 0.00000 327.63098 357.34866
0.45799 0.31699 0.00000 337.44357 357.61508
0.54599 0.31699 0.00000 370.06619 358.88098
0.57248 0.31699 0.00000 379.84247 359.35498
0.66048 0.31699 0.00000 412.66394 360.56158
0.00000 0.34349 0.00000 169.94722 341.09192
0.08800 0.34349 0.00000 202.11501 342.29071
0.11450 0.34349 0.00000 211.66220 342.61179
0.20250 0.34349 0.00000 243.86136 343.86749
0.22899 0.34349 0.00000 253.60211 344.38339
0.31699 0.34349 0.00000 285.75446 345.51590
0.34349 0.34349 0.00000 295.50580 345.99759
0.43149 0.34349 0.00000 327.93048 347.34116
0.45799 0.34349 0.00000 337.70370 347.55850
0.54599 0.34349 0.00000 370.36353 348.87027
0.57248 0.34349 0.00000 380.02414 349.31067
0.66048 0.34349 0.00000 412.71033 350.45584
0.00000 0.43149 0.00000 172.79803 308.41516
0.08800 0.43149 0.00000 204.53008 309.56061
0.11450 0.43149 0.00000 214.11667 309.89163
0.20250 0.43149 0.00000 245.81522 311.20294
0.22899 0.43149 0.00000 255.47745 311.53259
0.31699 0.43149 0.00000 287.34619 312.71332
0.34349 0.43149 0.00000 297.01395 313.26599
0.43149 0.43149 0.00000 328.97977 314.35223
0.45799 0.43149 0.00000 338.62000 314.68613
0.54599 0.43149 0.00000 370.70587 315.85400
0.57248 0.43149 0.00000 380.55798 316.32547
0.66048 0.43149 0.00000 412.82358 317.41434
0.00000 0.45799 0.00000 173.64693 298.83118
0.08800 0.45799 0.00000 205.39789 299.92792
0.11450 0.45799 0.00000 214.77458 300.36102
0.20250 0.45799 0.00000 246.50208 301.46683
0.22899 0.45799 0.00000 256.01343 301.76697
0.31699 0.45799 0.00000 287.77115 303.10019
0.34349 0.45799 0.00000 297.40442 303.39151
0.43149 0.45799 0.00000 329.38306 304.60336
0.45799 0.45799 0.00000 339.00668 304.84125
0.54599 0.45799 0.00000 371.05145 306.21329
0.57248 0.45799 0.00000 380.67706 306.38678
0.66048 0.45799 0.00000 412.82541 307.60678
0.00000 0.54599 0.00000 176.46098 267.09189
0.08800 0.54599 0.00000 207.66566 268.29996
0.11450 0.54599 0.00000 217.09302 268.54285
0.20250 0.54599 0.00000 248.41457 269.63544
0.22899 0.54599 0.00000 257.78528 270.14844
0.31699 0.54599 0.00000 289.33258 271.17453
0.34349 0.54599 0.00000 298.70038 271.54941
0.43149 0.54599 0.00000 330.36432 272.57736
0.54599 0.54599 0.00000 371.49673 274.15778
0.57248 0.54599 0.00000 381.28574 274.46841
0.66048 0.54599 0.00000 413.00372 275.42978
0.00000 0.57248 0.00000 177.28249 257.70837
0.08800 0.57248 0.00000 208.48936 258.80280
0.11450 0.57248 0.00000 217.70226 259.27829
0.20250 0.57248 0.00000 248.87617 260.37997
0.22899 0.57248 0.00000 258.39447 260.54617
0.31699 0.57248 0.00000 289.58304 261.67297
0.34349 0.57248 0.00000 299.22110 261.99579
0.43149 0.57248 0.00000 330.61404 263.25201
0.45799 0.57248 0.00000 340.28094 263.42633
0.54599 0.57248 0.00000 371.69656 264.53821
0.57248 0.57248 0.00000 381.38077 264.73386
0.66048 0.57248 0.00000 412.97522 265.99936
0.00000 0.66048 0.00000 179.84804 226.95094
0.08800 0.66048 0.00000 210.66144 228.01627
0.11450 0.66048 0.00000 220.00253 228.38867
0.20250 0.66048 0.00000 250.72792 229.43443
0.22899 0.66048 0.00000 260.18237 229.69098
0.31699 0.66048 0.00000 291.10562 230.58853
0.34349 0.66048 0.00000 300.50055 231.05002
0.43149 0.66048 0.00000 331.59747 232.09290
0.45799 0.66048 0.00000 341.16818 232.43378
0.54599 0.66048 0.00000 372.36801 233.37009
0.57248 0.66048 0.00000 381.71841 233.65575
0.66048 0.66048 0.00000 413.13501 234.57152

gimbalangles:
-0.174532925199 0.0 0.261799387799 

end: