T_CW:
0.9290267381 0.0429026952 0.3675169092 -0.8874171990
-0.0142001612 -0.9883893916 0.1512771163 0.1160804885
0.3697400103 -0.1457592853 -0.9176309473 1.0989201896
0.0000000000 0.0000000000 0.0000000000 1.0000000000

T_CW_cov:

target_points_pix:
0.22899 0.00000 0.00000 16.71747 456.40765
0.31699 0.00000 0.00000 107.53860 452.47556
0.34349 0.00000 0.00000 133.72585 451.50751
0.43149 0.00000 0.00000 218.59212 447.58417
0.45799 0.00000 0.00000 243.25725 446.49838
0.54599 0.00000 0.00000 322.46777 443.03925
0.57248 0.00000 0.00000 345.47400 442.00446
0.66048 0.00000 0.00000 419.97565 438.70770
0.22899 0.08800 0.00000 13.59606 375.12827
0.31699 0.08800 0.00000 105.40903 373.43967
0.34349 0.08800 0.00000 131.83153 372.67453
0.43149 0.08800 0.00000 217.39111 371.39584
0.45799 0.08800 0.00000 242.33803 370.71130
0.54599 0.08800 0.00000 322.28665 369.26263
0.57248 0.08800 0.00000 345.48624 368.65613
0.66048 0.08800 0.00000 420.60928 367.43854
0.22899 0.11450 0.00000 12.62059 350.47104
0.31699 0.11450 0.00000 104.64753 349.42041
0.34349 0.11450 0.00000 131.41913 349.10278
0.43149 0.11450 0.00000 217.02591 348.19049
0.45799 0.11450 0.00000 242.21257 347.66879
0.54599 0.11450 0.00000 322.31992 346.68878
0.57248 0.11450 0.00000 345.56274 346.45670
0.66048 0.11450 0.00000 420.82809 345.48395
0.22899 0.20250 0.00000 9.28923 267.48038
0.31699 0.20250 0.00000 102.27437 268.51221
0.34349 0.20250 0.00000 129.18578 268.81876
0.43149 0.20250 0.00000 216.03537 270.00269
0.45799 0.20250 0.00000 241.18510 270.35007
0.54599 0.20250 0.00000 322.18445 271.22473
0.57248 0.20250 0.00000 345.72635 271.48355
0.66048 0.20250 0.00000 421.79565 272.44135
0.22899 0.22899 0.00000 8.02000 241.98914
0.31699 0.22899 0.00000 101.51328 243.76407
0.34349 0.22899 0.00000 128.61674 244.47060
0.43149 0.22899 0.00000 215.62552 246.16344
0.45799 0.22899 0.00000 241.07768 246.53201
0.54599 0.22899 0.00000 322.37988 248.32506
0.57248 0.22899 0.00000 345.85016 248.60963
0.66048 0.22899 0.00000 422.27158 250.19641
0.31699 0.31699 0.00000 99.09155 160.56291
0.34349 0.31699 0.00000 126.47513 161.86671
0.43149 0.31699 0.00000 214.63448 165.74677
0.45799 0.31699 0.00000 240.17708 167.01419
0.54599 0.31699 0.00000 322.40778 170.57149
0.57248 0.31699 0.00000 346.31009 171.59439
0.66048 0.31699 0.00000 423.34119 175.00595
0.34349 0.34349 0.00000 125.86040 136.63773
0.43149 0.34349 0.00000 214.37801 141.42908
0.45799 0.34349 0.00000 239.70612 142.56186
0.54599 0.34349 0.00000 322.47763 146.81262
0.57248 0.34349 0.00000 346.41660 148.20876
0.66048 0.34349 0.00000 423.56842 152.05020
0.43149 0.43149 0.00000 213.24287 58.50288
0.45799 0.43149 0.00000 239.17667 60.54158
0.54599 0.43149 0.00000 322.60040 67.24026
0.57248 0.43149 0.00000 346.69083 68.95473
0.66048 0.43149 0.00000 424.86261 74.97773

gimbalangles:
-0.174532925199 0.0 0.436332312999 

end: