T_CW:
0.9991088867 0.0370499286 -0.0202172023 -0.4117407297
0.0332876753 -0.9861884021 -0.1622478545 0.6366998957
-0.0259492418 0.1614302896 -0.9865429025 1.2039879592
0.0000000000 0.0000000000 0.0000000000 1.0000000000

T_CW_cov:

target_points_pix:
0.00000 0.11450 0.00000 162.17070 429.55783
0.08800 0.11450 0.00000 195.33330 431.03555
0.11450 0.11450 0.00000 205.21739 431.49420
0.20250 0.11450 0.00000 238.39906 432.86115
0.22899 0.11450 0.00000 248.34398 433.35190
0.31699 0.11450 0.00000 281.66400 434.66379
0.34349 0.11450 0.00000 291.53162 435.26367
0.43149 0.11450 0.00000 325.04269 436.70294
0.54599 0.11450 0.00000 368.72281 438.52390
0.57248 0.11450 0.00000 378.70132 439.15149
0.66048 0.11450 0.00000 412.53815 440.54141
0.00000 0.20250 0.00000 165.31621 394.87231
0.08800 0.20250 0.00000 197.95799 396.27176
0.11450 0.20250 0.00000 207.72812 396.56857
0.20250 0.20250 0.00000 240.55507 397.95413
0.22899 0.20250 0.00000 250.48376 398.37381
0.31699 0.20250 0.00000 283.37390 399.73370
0.34349 0.20250 0.00000 293.31009 400.19897
0.43149 0.20250 0.00000 326.14420 401.51022
0.45799 0.20250 0.00000 336.25500 401.94843
0.54599 0.20250 0.00000 369.30228 403.40063
0.57248 0.20250 0.00000 379.30338 403.79770
0.66048 0.20250 0.00000 412.53696 405.29874
0.00000 0.22899 0.00000 166.10284 384.65753
0.08800 0.22899 0.00000 198.72285 385.94101
0.11450 0.22899 0.00000 208.49915 386.37662
0.20250 0.22899 0.00000 241.22362 387.64716
0.22899 0.22899 0.00000 251.02017 388.10968
0.31699 0.22899 0.00000 283.76123 389.41827
0.34349 0.22899 0.00000 293.55060 389.83603
0.43149 0.22899 0.00000 326.54526 391.27274
0.45799 0.22899 0.00000 336.41721 391.59509
0.54599 0.22899 0.00000 369.46713 393.00305
0.57248 0.22899 0.00000 379.30878 393.42163
0.66048 0.22899 0.00000 412.56207 394.77039
0.00000 0.31699 0.00000 169.07780 350.95990
0.08800 0.31699 0.00000 201.37563 352.29501
0.11450 0.31699 0.00000 210.95822 352.56442
0.20250 0.31699 0.00000 243.32971 353.80289
0.22899 0.31699 0.00000 253.05618 354.29837
0.31699 0.31699 0.00000 285.38129 355.58676
0.34349 0.31699 0.00000 295.12463 355.95636
0.43149 0.31699 0.00000 327.58005 357.33392
0.45799 0.31699 0.00000 337.39203 357.60727
0.54599 0.31699 0.00000 370.07037 358.91138
0.57248 0.31699 0.00000 379.86276 359.36261
0.66048 0.31699 0.00000 412.60880 360.59103
0.00000 0.34349 0.00000 169.89838 341.12961
0.08800 0.34349 0.00000 202.12219 342.20609
0.11450 0.34349 0.00000 211.63777 342.61450
0.20250 0.34349 0.00000 243.87096 343.86279
0.22899 0.34349 0.00000 253.53218 344.36133
0.31699 0.34349 0.00000 285.75766 345.54163
0.34349 0.34349 0.00000 295.51276 346.00027
0.43149 0.34349 0.00000 327.93417 347.33786
0.45799 0.34349 0.00000 337.64352 347.56149
0.54599 0.34349 0.00000 370.31589 348.83600
0.57248 0.34349 0.00000 380.08301 349.18594
0.66048 0.34349 0.00000 412.64456 350.52188
0.00000 0.43149 0.00000 172.79982 308.39282
0.08800 0.43149 0.00000 204.57013 309.53284
0.11450 0.43149 0.00000 214.11081 309.88995
0.20250 0.43149 0.00000 245.84991 311.19681
0.22899 0.43149 0.00000 255.50713 311.52084
0.31699 0.43149 0.00000 287.33136 312.67819
0.34349 0.43149 0.00000 297.04108 313.23654
0.43149 0.43149 0.00000 328.96518 314.35577
0.45799 0.43149 0.00000 338.61282 314.70154
0.54599 0.43149 0.00000 370.80777 315.75513
0.57248 0.43149 0.00000 380.54117 316.33929
0.66048 0.43149 0.00000 412.79681 317.40189
0.00000 0.45799 0.00000 173.61740 298.76562
0.08800 0.45799 0.00000 205.40198 299.87033
0.11450 0.45799 0.00000 214.74901 300.33289
0.20250 0.45799 0.00000 246.43994 301.46503
0.22899 0.45799 0.00000 256.02411 301.76801
0.31699 0.45799 0.00000 287.75400 303.09201
0.34349 0.45799 0.00000 297.43042 303.41840
0.43149 0.45799 0.00000 329.39194 304.58286
0.45799 0.45799 0.00000 338.95694 304.88708
0.54599 0.45799 0.00000 371.07730 306.26419
0.57248 0.45799 0.00000 380.66098 306.39908
0.66048 0.45799 0.00000 412.84247 307.58640
0.00000 0.54599 0.00000 176.49123 267.14508
0.08800 0.54599 0.00000 207.66882 268.32370
0.11450 0.54599 0.00000 217.15244 268.51721
0.20250 0.54599 0.00000 248.42012 269.64740
0.22899 0.54599 0.00000 257.85074 270.14096
0.31699 0.54599 0.00000 289.29605 271.20398
0.34349 0.54599 0.00000 298.71124 271.54120
0.43149 0.54599 0.00000 330.40256 272.56912
0.45799 0.54599 0.00000 339.87515 273.06552
0.54599 0.54599 0.00000 371.51886 274.15240
0.57248 0.54599 0.00000 381.29617 274.46173
0.66048 0.54599 0.00000 412.95786 275.40530
0.00000 0.57248 0.00000 177.29320 257.68921
0.08800 0.57248 0.00000 208.46523 258.82083
0.11450 0.57248 0.00000 217.72353 259.27997
0.20250 0.57248 0.00000 248.90285 260.34543
0.22899 0.57248 0.00000 258.39630 260.53998
0.31699 0.57248 0.00000 289.60327 261.71680
0.34349 0.57248 0.00000 299.24957 261.98465
0.43149 0.57248 0.00000 330.60046 263.25708
0.45799 0.57248 0.00000 340.29773 263.41965
0.54599 0.57248 0.00000 371.71262 264.57721
0.57248 0.57248 0.00000 381.37836 264.71472
0.66048 0.57248 0.00000 413.05994 265.97934
0.00000 0.66048 0.00000 179.86409 226.88434
0.08800 0.66048 0.00000 210.62599 228.04814
0.11450 0.66048 0.00000 219.99857 228.35910
0.20250 0.66048 0.00000 250.73822 229.41606
0.22899 0.66048 0.00000 260.25897 229.64438
0.31699 0.66048 0.00000 291.19662 230.62132
0.34349 0.66048 0.00000 300.48303 231.05174
0.43149 0.66048 0.00000 331.59741 232.06215
0.45799 0.66048 0.00000 341.18762 232.43182
0.54599 0.66048 0.00000 372.34543 233.37708
0.57248 0.66048 0.00000 381.69601 233.66586
0.66048 0.66048 0.00000 413.16330 234.59837

gimbalangles:
-0.174532925199 0.0 0.436332312999 

end: