T_CW:
0.9991086573 0.0369646759 -0.0203839058 -0.4117226149
0.0331806056 -0.9862169117 -0.1620964237 0.6367165730
-0.0260947944 0.1612755899 -0.9865643648 1.2040575074
0.0000000000 0.0000000000 0.0000000000 1.0000000000

T_CW_cov:

target_points_pix:
0.00000 0.11450 0.00000 162.14487 429.54654
0.08800 0.11450 0.00000 195.33748 430.97784
0.11450 0.11450 0.00000 205.19952 431.42563
0.20250 0.11450 0.00000 238.43150 432.85248
0.22899 0.11450 0.00000 248.33875 433.30838
0.31699 0.11450 0.00000 281.59567 434.74835
0.34349 0.11450 0.00000 291.59436 435.30688
0.43149 0.11450 0.00000 325.06906 436.62366
0.54599 0.11450 0.00000 368.71695 438.52771
0.57248 0.11450 0.00000 378.72192 439.10739
0.66048 0.11450 0.00000 412.50699 440.60947
0.00000 0.20250 0.00000 165.32062 394.85007
0.08800 0.20250 0.00000 197.88289 396.19604
0.11450 0.20250 0.00000 207.72713 396.55664
0.20250 0.20250 0.00000 240.51425 397.87592
0.22899 0.20250 0.00000 250.49477 398.34933
0.31699 0.20250 0.00000 283.31479 399.67215
0.34349 0.20250 0.00000 293.33710 400.17914
0.43149 0.20250 0.00000 326.30417 401.53543
0.45799 0.20250 0.00000 336.23734 401.97968
0.54599 0.20250 0.00000 369.28790 403.39175
0.57248 0.20250 0.00000 379.29739 403.68127
0.66048 0.20250 0.00000 412.49097 405.22073
0.00000 0.22899 0.00000 166.07118 384.69202
0.08800 0.22899 0.00000 198.71385 385.89716
0.11450 0.22899 0.00000 208.51582 386.39288
0.22899 0.22899 0.00000 251.12099 388.16522
0.31699 0.22899 0.00000 283.76230 389.43289
0.34349 0.22899 0.00000 293.54379 389.74658
0.43149 0.22899 0.00000 326.52112 391.29379
0.45799 0.22899 0.00000 336.38348 391.56009
0.54599 0.22899 0.00000 369.48517 392.99319
0.57248 0.22899 0.00000 379.37827 393.38617
0.66048 0.22899 0.00000 412.59985 394.77264
0.00000 0.31699 0.00000 169.08311 350.94785
0.08800 0.31699 0.00000 201.31041 352.31854
0.11450 0.31699 0.00000 211.04399 352.51132
0.20250 0.31699 0.00000 243.31047 353.80444
0.22899 0.31699 0.00000 252.99115 354.33820
0.31699 0.31699 0.00000 285.39175 355.58328
0.34349 0.31699 0.00000 295.14584 356.02301
0.43149 0.31699 0.00000 327.56155 357.29962
0.45799 0.31699 0.00000 337.42819 357.59589
0.54599 0.31699 0.00000 370.04645 358.91171
0.57248 0.31699 0.00000 379.91418 359.32556
0.66048 0.31699 0.00000 412.67090 360.56586
0.00000 0.34349 0.00000 169.85770 341.11475
0.08800 0.34349 0.00000 202.07976 342.26740
0.11450 0.34349 0.00000 211.65395 342.60999
0.20250 0.34349 0.00000 243.85036 343.86993
0.22899 0.34349 0.00000 253.53456 344.34561
0.31699 0.34349 0.00000 285.78018 345.51099
0.34349 0.34349 0.00000 295.49536 345.98352
0.43149 0.34349 0.00000 327.99158 347.31693
0.45799 0.34349 0.00000 337.67032 347.56323
0.54599 0.34349 0.00000 370.32010 348.86310
0.57248 0.34349 0.00000 380.03864 349.16367
0.66048 0.34349 0.00000 412.72604 350.48029
0.00000 0.43149 0.00000 172.77505 308.44727
0.08800 0.43149 0.00000 204.53499 309.54156
0.11450 0.43149 0.00000 214.11852 309.85834
0.20250 0.43149 0.00000 245.82927 311.18170
0.22899 0.43149 0.00000 255.46902 311.52219
0.31699 0.43149 0.00000 287.33960 312.67511
0.34349 0.43149 0.00000 296.96683 313.22333
0.43149 0.43149 0.00000 328.98596 314.38977
0.45799 0.43149 0.00000 338.61810 314.71527
0.54599 0.43149 0.00000 370.70425 315.87375
0.57248 0.43149 0.00000 380.53540 316.32913
0.66048 0.43149 0.00000 412.85492 317.37347
0.00000 0.45799 0.00000 173.62961 298.77502
0.08800 0.45799 0.00000 205.40005 299.85269
0.11450 0.45799 0.00000 214.76929 300.35095
0.20250 0.45799 0.00000 246.49275 301.48901
0.22899 0.45799 0.00000 256.03131 301.77283
0.31699 0.45799 0.00000 287.71198 303.07825
0.34349 0.45799 0.00000 297.43076 303.38535
0.43149 0.45799 0.00000 329.36487 304.54739
0.45799 0.45799 0.00000 339.01181 304.79996
0.54599 0.45799 0.00000 371.03815 306.22711
0.57248 0.45799 0.00000 380.62988 306.40338
0.66048 0.45799 0.00000 412.79123 307.58743
0.00000 0.54599 0.00000 176.44838 267.12082
0.08800 0.54599 0.00000 207.68463 268.36386
0.11450 0.54599 0.00000 217.06007 268.53836
0.20250 0.54599 0.00000 248.40871 269.66034
0.22899 0.54599 0.00000 257.82657 270.13882
0.31699 0.54599 0.00000 289.29944 271.20856
0.34349 0.54599 0.00000 298.70538 271.55014
0.43149 0.54599 0.00000 330.38126 272.56683
0.45799 0.54599 0.00000 339.80127 272.94363
0.54599 0.54599 0.00000 371.50403 274.13132
0.66048 0.54599 0.00000 412.99582 275.39658
0.00000 0.57248 0.00000 177.27838 257.68423
0.08800 0.57248 0.00000 208.43852 258.79419
0.11450 0.57248 0.00000 217.69147 259.25848
0.20250 0.57248 0.00000 248.88701 260.35376
0.22899 0.57248 0.00000 258.41718 260.55356
0.31699 0.57248 0.00000 289.57309 261.64886
0.34349 0.57248 0.00000 299.23761 261.99976
0.43149 0.57248 0.00000 330.59824 263.25690
0.45799 0.57248 0.00000 340.25555 263.42633
0.54599 0.57248 0.00000 371.70428 264.51865
0.57248 0.57248 0.00000 381.36734 264.70789
0.66048 0.57248 0.00000 413.06973 265.94925
0.00000 0.66048 0.00000 179.82697 226.92070
0.08800 0.66048 0.00000 210.67429 228.02643
0.11450 0.66048 0.00000 219.97916 228.35977
0.20250 0.66048 0.00000 250.73062 229.42461
0.22899 0.66048 0.00000 260.18945 229.66476
0.31699 0.66048 0.00000 291.14957 230.59160
0.34349 0.66048 0.00000 300.49399 231.01866
0.43149 0.66048 0.00000 331.57556 232.08780
0.45799 0.66048 0.00000 341.15314 232.41675
0.54599 0.66048 0.00000 372.33939 233.38777
0.57248 0.66048 0.00000 381.70346 233.66734
0.66048 0.66048 0.00000 413.14438 234.56871

gimbalangles:
-0.174532925199 0.174532925199 -0.436332312999 

end: