T_CW:
0.9218886154 0.3860380635 0.0331058036 -0.5326835109
0.3545682709 -0.8750038679 0.3296203458 -0.3263852360
0.1562137062 -0.2921349767 -0.9435329530 1.2668207816
0.0000000000 0.0000000000 0.0000000000 1.0000000000

T_CW_cov:

target_points_pix:
0.11450 0.00000 0.00000 278.23553 104.99003
0.20250 0.00000 0.00000 350.73352 134.06013
0.22899 0.00000 0.00000 372.40033 142.81427
0.31699 0.00000 0.00000 443.27869 171.31442
0.34349 0.00000 0.00000 464.32736 179.66077
0.43149 0.00000 0.00000 533.43628 207.29327
0.45799 0.00000 0.00000 554.03168 215.42116
0.54599 0.00000 0.00000 621.28644 242.19205
0.57248 0.00000 0.00000 641.15820 250.15096
0.66048 0.00000 0.00000 706.68994 276.26630
0.11450 0.08800 0.00000 300.49216 32.53527
0.20250 0.08800 0.00000 374.44727 63.01261
0.22899 0.08800 0.00000 396.49414 72.05990
0.31699 0.08800 0.00000 468.41812 101.59932
0.34349 0.08800 0.00000 489.67236 110.35527
0.43149 0.08800 0.00000 559.78302 139.22340
0.45799 0.08800 0.00000 580.69171 147.75677
0.54599 0.08800 0.00000 648.87054 175.81355
0.57248 0.08800 0.00000 669.27454 184.06187
0.66048 0.08800 0.00000 735.66644 211.45366
0.34349 0.11450 0.00000 497.49240 88.90485
0.43149 0.11450 0.00000 567.85706 118.33585
0.45799 0.11450 0.00000 588.89526 126.83182
0.54599 0.11450 0.00000 657.53271 155.37703
0.57248 0.11450 0.00000 677.91089 163.67418
0.66048 0.11450 0.00000 744.69550 191.47716
0.34349 0.20250 0.00000 524.29938 16.36094
0.43149 0.20250 0.00000 595.81470 47.03398
0.45799 0.20250 0.00000 617.18988 56.13425
0.54599 0.20250 0.00000 686.83929 85.63746
0.57248 0.20250 0.00000 707.53870 94.46131
0.66048 0.20250 0.00000 775.48566 123.39583

gimbalangles:
-0.349065850399 -0.349065850399 0.0872664625997 

end: