T_CW:
0.9987966253 0.0413424437 -0.0263837774 -0.5247467454
0.0363514399 -0.9851830062 -0.1676097165 0.6411406542
-0.0329222444 0.1664489309 -0.9855003192 1.2037046995
0.0000000000 0.0000000000 0.0000000000 1.0000000000

T_CW_cov:

target_points_pix:
0.08800 0.11450 0.00000 148.39989 441.48187
0.11450 0.11450 0.00000 158.27850 442.18320
0.20250 0.11450 0.00000 191.65346 443.53058
0.31699 0.11450 0.00000 235.44438 445.65717
0.34349 0.11450 0.00000 245.44881 446.29303
0.45799 0.11450 0.00000 288.94519 448.47675
0.54599 0.11450 0.00000 322.87805 450.32382
0.57248 0.11450 0.00000 332.96249 450.70502
0.66048 0.11450 0.00000 367.15567 452.62744
0.00000 0.20250 0.00000 118.74361 404.61237
0.08800 0.20250 0.00000 151.79662 406.34637
0.11450 0.20250 0.00000 161.70601 406.65500
0.20250 0.20250 0.00000 194.67691 408.21509
0.22899 0.20250 0.00000 204.67171 408.53934
0.31699 0.20250 0.00000 237.73218 410.20148
0.34349 0.20250 0.00000 247.69173 410.62982
0.43149 0.20250 0.00000 280.74548 412.35364
0.45799 0.20250 0.00000 290.91843 412.63696
0.54599 0.20250 0.00000 324.16171 414.44019
0.57248 0.20250 0.00000 334.24136 414.89560
0.66048 0.20250 0.00000 367.77167 416.57401
0.08800 0.22899 0.00000 152.80835 395.76984
0.11450 0.22899 0.00000 162.60806 396.45972
0.20250 0.22899 0.00000 195.59229 397.73325
0.22899 0.22899 0.00000 205.45145 398.27811
0.31699 0.22899 0.00000 238.45229 399.59601
0.34349 0.22899 0.00000 248.45146 400.19046
0.43149 0.22899 0.00000 281.34323 401.67874
0.45799 0.22899 0.00000 291.33978 402.38171
0.54599 0.22899 0.00000 324.46039 403.89835
0.57248 0.22899 0.00000 334.48352 404.24582
0.66048 0.22899 0.00000 367.98624 406.20328
0.00000 0.31699 0.00000 123.55460 360.36719
0.11450 0.31699 0.00000 165.88336 362.12299
0.20250 0.31699 0.00000 198.45844 363.57776
0.31699 0.31699 0.00000 240.70058 365.53857
0.34349 0.31699 0.00000 250.37816 365.84055
0.43149 0.31699 0.00000 283.01865 367.43259
0.45799 0.31699 0.00000 292.85275 367.88547
0.54599 0.31699 0.00000 325.67749 369.37943
0.57248 0.31699 0.00000 335.62961 369.67560
0.66048 0.31699 0.00000 368.61847 371.31104
0.00000 0.34349 0.00000 124.66220 350.30484
0.08800 0.34349 0.00000 157.22064 351.56256
0.11450 0.34349 0.00000 166.90674 352.08603
0.20250 0.34349 0.00000 199.25107 353.36023
0.22899 0.34349 0.00000 208.91579 353.82074
0.31699 0.34349 0.00000 241.28748 355.22037
0.34349 0.34349 0.00000 251.01431 355.72742
0.43149 0.34349 0.00000 283.47382 357.34949
0.45799 0.34349 0.00000 293.33057 357.72363
0.54599 0.34349 0.00000 326.14304 359.19730
0.57248 0.34349 0.00000 335.81479 359.59384
0.66048 0.34349 0.00000 368.93399 361.04135
0.00000 0.43149 0.00000 128.36119 317.22073
0.08800 0.43149 0.00000 160.39372 318.61569
0.11450 0.43149 0.00000 169.93134 318.87616
0.20250 0.43149 0.00000 201.87755 320.42542
0.22899 0.43149 0.00000 211.45435 320.57639
0.31699 0.43149 0.00000 243.37093 322.06747
0.34349 0.43149 0.00000 253.08357 322.45258
0.43149 0.43149 0.00000 285.04416 323.88943
0.45799 0.43149 0.00000 294.95609 324.32343
0.54599 0.43149 0.00000 327.16559 325.69992
0.57248 0.43149 0.00000 337.22934 326.03421
0.66048 0.43149 0.00000 369.51788 327.43442
0.00000 0.45799 0.00000 129.45911 307.60977
0.08800 0.45799 0.00000 161.32481 308.65274
0.11450 0.45799 0.00000 170.83203 309.35016
0.20250 0.45799 0.00000 202.71838 310.44830
0.22899 0.45799 0.00000 212.24742 311.03058
0.31699 0.45799 0.00000 243.93655 312.30191
0.34349 0.45799 0.00000 253.56253 312.62100
0.43149 0.45799 0.00000 285.69800 313.95526
0.45799 0.45799 0.00000 295.27979 314.41934
0.54599 0.45799 0.00000 327.61279 315.69809
0.57248 0.45799 0.00000 337.23965 316.19800
0.66048 0.45799 0.00000 369.88828 317.45020
0.00000 0.54599 0.00000 132.87724 275.55045
0.08800 0.54599 0.00000 164.53625 276.94635
0.11450 0.54599 0.00000 173.83435 277.37692
0.20250 0.54599 0.00000 205.30447 278.52377
0.22899 0.54599 0.00000 214.59595 278.74713
0.31699 0.54599 0.00000 246.03947 280.00693
0.34349 0.54599 0.00000 255.59431 280.40811
0.43149 0.54599 0.00000 287.15228 281.70441
0.45799 0.54599 0.00000 297.10229 282.07068
0.54599 0.54599 0.00000 328.62985 283.37976
0.57248 0.54599 0.00000 338.55176 283.61426
0.66048 0.54599 0.00000 370.31805 284.98181
0.00000 0.57248 0.00000 133.89525 266.40897
0.08800 0.57248 0.00000 165.32326 267.42856
0.11450 0.57248 0.00000 174.79294 267.81482
0.20250 0.57248 0.00000 205.98495 269.01501
0.22899 0.57248 0.00000 215.40965 269.38312
0.31699 0.57248 0.00000 246.77029 270.55792
0.34349 0.57248 0.00000 256.15573 270.82440
0.43149 0.57248 0.00000 287.86835 272.12024
0.45799 0.57248 0.00000 297.29608 272.50381
0.54599 0.57248 0.00000 329.29114 273.63510
0.57248 0.57248 0.00000 338.56558 274.20032
0.66048 0.57248 0.00000 370.77512 275.32700
0.00000 0.66048 0.00000 137.16429 235.22708
0.08800 0.66048 0.00000 168.34195 236.55246
0.11450 0.66048 0.00000 177.59851 236.66304
0.20250 0.66048 0.00000 208.46025 237.87477
0.22899 0.66048 0.00000 217.81142 238.39444
0.31699 0.66048 0.00000 248.71640 239.32738
0.34349 0.66048 0.00000 258.34354 239.64401
0.43149 0.66048 0.00000 289.34109 240.76978
0.45799 0.66048 0.00000 298.99890 241.15468
0.54599 0.66048 0.00000 330.23273 242.30562
0.57248 0.66048 0.00000 339.83997 242.61053
0.66048 0.66048 0.00000 371.32535 243.69751

gimbalangles:
-0.174532925199 0.174532925199 -0.261799387799 

end: