T_CW:
0.9990997120 0.0370247454 -0.0207107129 -0.4117486527
0.0331944386 -0.9862610322 -0.1618249224 0.6367570213
-0.0264176957 0.1609917529 -0.9866021290 1.2043016088
0.0000000000 0.0000000000 0.0000000000 1.0000000000

T_CW_cov:

target_points_pix:
0.00000 0.11450 0.00000 162.21906 429.50720
0.08800 0.11450 0.00000 195.32538 430.93063
0.11450 0.11450 0.00000 205.21822 431.47131
0.20250 0.11450 0.00000 238.45009 432.89020
0.22899 0.11450 0.00000 248.36670 433.38211
0.31699 0.11450 0.00000 281.64603 434.73337
0.34349 0.11450 0.00000 291.56247 435.27765
0.43149 0.11450 0.00000 325.03366 436.66049
0.54599 0.11450 0.00000 368.67560 438.57239
0.57248 0.11450 0.00000 378.68179 439.06577
0.66048 0.11450 0.00000 412.53043 440.64569
0.00000 0.20250 0.00000 165.31380 394.83023
0.08800 0.20250 0.00000 197.88239 396.17834
0.11450 0.20250 0.00000 207.74341 396.60165
0.20250 0.20250 0.00000 240.51949 397.88620
0.22899 0.20250 0.00000 250.45105 398.37378
0.31699 0.20250 0.00000 283.31470 399.65015
0.34349 0.20250 0.00000 293.26718 400.21262
0.43149 0.20250 0.00000 326.22028 401.50232
0.45799 0.20250 0.00000 336.21100 401.97852
0.54599 0.20250 0.00000 369.20175 403.43567
0.57248 0.20250 0.00000 379.33691 403.71973
0.66048 0.20250 0.00000 412.46561 405.24222
0.00000 0.22899 0.00000 166.17659 384.66449
0.08800 0.22899 0.00000 198.67114 385.99347
0.11450 0.22899 0.00000 208.54884 386.34344
0.20250 0.22899 0.00000 241.24820 387.58908
0.22899 0.22899 0.00000 250.97717 388.06992
0.31699 0.22899 0.00000 283.72891 389.39465
0.34349 0.22899 0.00000 293.57977 389.84875
0.43149 0.22899 0.00000 326.51346 391.21924
0.45799 0.22899 0.00000 336.44644 391.63400
0.54599 0.22899 0.00000 369.47205 392.99335
0.57248 0.22899 0.00000 379.29373 393.39090
0.66048 0.22899 0.00000 412.60367 394.80515
0.00000 0.31699 0.00000 169.17496 350.95987
0.08800 0.31699 0.00000 201.36617 352.33075
0.11450 0.31699 0.00000 210.96388 352.56491
0.20250 0.31699 0.00000 243.32889 353.77957
0.22899 0.31699 0.00000 253.01544 354.27121
0.31699 0.31699 0.00000 285.39960 355.60672
0.34349 0.31699 0.00000 295.17825 355.98386
0.43149 0.31699 0.00000 327.54318 357.31870
0.45799 0.31699 0.00000 337.41965 357.63220
0.54599 0.31699 0.00000 370.01346 358.86667
0.57248 0.31699 0.00000 379.92575 359.34409
0.66048 0.31699 0.00000 412.61819 360.57092
0.00000 0.34349 0.00000 169.86032 341.09448
0.08800 0.34349 0.00000 202.08858 342.33191
0.11450 0.34349 0.00000 211.70314 342.63181
0.20250 0.34349 0.00000 243.84152 343.93555
0.22899 0.34349 0.00000 253.53529 344.33295
0.31699 0.34349 0.00000 285.74640 345.53058
0.34349 0.34349 0.00000 295.52328 345.93155
0.43149 0.34349 0.00000 327.96533 347.32983
0.45799 0.34349 0.00000 337.66757 347.60553
0.54599 0.34349 0.00000 370.27878 348.81891
0.57248 0.34349 0.00000 380.03604 349.21634
0.66048 0.34349 0.00000 412.68002 350.49786
0.00000 0.43149 0.00000 172.82846 308.37039
0.08800 0.43149 0.00000 204.56487 309.52588
0.11450 0.43149 0.00000 214.11212 309.86969
0.20250 0.43149 0.00000 245.81297 311.19080
0.22899 0.43149 0.00000 255.47281 311.53857
0.31699 0.43149 0.00000 287.35809 312.70822
0.34349 0.43149 0.00000 297.01425 313.25253
0.43149 0.43149 0.00000 328.95947 314.37088
0.45799 0.43149 0.00000 338.63022 314.64600
0.54599 0.43149 0.00000 370.68246 315.86298
0.57248 0.43149 0.00000 380.53464 316.31738
0.66048 0.43149 0.00000 412.84723 317.42001
0.00000 0.45799 0.00000 173.61494 298.80267
0.08800 0.45799 0.00000 205.39485 299.89935
0.11450 0.45799 0.00000 214.76389 300.33478
0.20250 0.45799 0.00000 246.49060 301.49271
0.22899 0.45799 0.00000 256.02286 301.76852
0.31699 0.45799 0.00000 287.73193 303.07593
0.34349 0.45799 0.00000 297.40237 303.38309
0.43149 0.45799 0.00000 329.38028 304.60513
0.45799 0.45799 0.00000 338.98877 304.81537
0.57248 0.45799 0.00000 380.66788 306.41040
0.66048 0.45799 0.00000 412.82327 307.60065
0.00000 0.54599 0.00000 176.48317 267.14896
0.08800 0.54599 0.00000 207.64182 268.27264
0.11450 0.54599 0.00000 217.09190 268.51044
0.20250 0.54599 0.00000 248.41541 269.62601
0.22899 0.54599 0.00000 257.81274 270.18558
0.31699 0.54599 0.00000 289.30026 271.21295
0.34349 0.54599 0.00000 298.71796 271.58667
0.43149 0.54599 0.00000 330.39670 272.53290
0.45799 0.54599 0.00000 339.86523 273.09998
0.54599 0.54599 0.00000 371.53256 274.13907
0.66048 0.54599 0.00000 413.03134 275.41345
0.00000 0.57248 0.00000 177.28529 257.71768
0.08800 0.57248 0.00000 208.48265 258.80356
0.11450 0.57248 0.00000 217.69217 259.28986
0.20250 0.57248 0.00000 248.90376 260.36090
0.22899 0.57248 0.00000 258.37543 260.58014
0.31699 0.57248 0.00000 289.59866 261.68564
0.34349 0.57248 0.00000 299.25711 261.93787
0.43149 0.57248 0.00000 330.64200 263.27859
0.45799 0.57248 0.00000 340.27219 263.42422
0.54599 0.57248 0.00000 371.70093 264.52802
0.57248 0.57248 0.00000 381.37790 264.69705
0.66048 0.57248 0.00000 413.08752 265.91406
0.00000 0.66048 0.00000 179.84067 226.92021
0.08800 0.66048 0.00000 210.65359 228.02975
0.11450 0.66048 0.00000 219.98814 228.35739
0.20250 0.66048 0.00000 250.73561 229.42709
0.22899 0.66048 0.00000 260.21121 229.63577
0.31699 0.66048 0.00000 291.16299 230.59406
0.34349 0.66048 0.00000 300.51953 231.07599
0.43149 0.66048 0.00000 331.57877 232.07143
0.45799 0.66048 0.00000 341.17792 232.40842
0.54599 0.66048 0.00000 372.36777 233.37474
0.57248 0.66048 0.00000 381.69577 233.64510
0.66048 0.66048 0.00000 413.10526 234.58900

gimbalangles:
-0.174532925199 0.174532925199 -0.261799387799 

end: