T_CW:
0.9987771242 0.0414646543 -0.0269246852 -0.5247821573
0.0363853928 -0.9851993529 -0.1675062336 0.6411325508
-0.0334717705 0.1663217291 -0.9855032841 1.2038209063
0.0000000000 0.0000000000 0.0000000000 1.0000000000

T_CW_cov:

target_points_pix:
0.08800 0.11450 0.00000 148.42035 441.41855
0.11450 0.11450 0.00000 158.04578 441.98093
0.20250 0.11450 0.00000 191.70801 443.52310
0.22899 0.11450 0.00000 201.64459 444.26273
0.34349 0.11450 0.00000 245.37489 446.23993
0.43149 0.11450 0.00000 278.90198 448.06320
0.45799 0.11450 0.00000 289.00250 448.62228
0.54599 0.11450 0.00000 322.95529 450.40634
0.57248 0.11450 0.00000 333.04446 450.80005
0.66048 0.11450 0.00000 367.17798 452.58987
0.00000 0.20250 0.00000 118.72132 404.83115
0.08800 0.20250 0.00000 151.80582 406.34949
0.11450 0.20250 0.00000 161.58391 406.53659
0.20250 0.20250 0.00000 194.66245 408.18378
0.31699 0.20250 0.00000 237.73338 410.19498
0.34349 0.20250 0.00000 247.64368 410.60764
0.43149 0.20250 0.00000 280.89746 412.31116
0.45799 0.20250 0.00000 290.99548 412.67297
0.54599 0.20250 0.00000 324.14624 414.38718
0.57248 0.20250 0.00000 334.29990 414.75278
0.66048 0.20250 0.00000 367.70029 416.56659
0.00000 0.22899 0.00000 119.90086 394.50363
0.08800 0.22899 0.00000 152.80887 395.72815
0.11450 0.22899 0.00000 162.59630 396.40533
0.22899 0.22899 0.00000 205.47070 398.31119
0.34349 0.22899 0.00000 248.36742 400.23248
0.43149 0.22899 0.00000 281.41995 401.60339
0.45799 0.22899 0.00000 291.27863 402.43506
0.54599 0.22899 0.00000 324.52121 403.84451
0.57248 0.22899 0.00000 334.51132 404.40906
0.66048 0.22899 0.00000 368.02048 406.17221
0.00000 0.31699 0.00000 123.63499 360.35666
0.08800 0.31699 0.00000 156.19144 361.77887
0.11450 0.31699 0.00000 165.92526 361.93338
0.20250 0.31699 0.00000 198.42175 363.61856
0.22899 0.31699 0.00000 208.21910 363.91241
0.31699 0.31699 0.00000 240.58739 365.54120
0.34349 0.31699 0.00000 250.42482 365.97601
0.43149 0.31699 0.00000 282.98193 367.52289
0.45799 0.31699 0.00000 292.76300 367.89420
0.54599 0.31699 0.00000 325.66367 369.42407
0.57248 0.31699 0.00000 335.58188 369.67572
0.66048 0.31699 0.00000 368.73315 371.46246
0.00000 0.34349 0.00000 124.76215 350.48297
0.08800 0.34349 0.00000 157.17801 351.55255
0.11450 0.34349 0.00000 166.92729 352.09488
0.20250 0.34349 0.00000 199.23952 353.35425
0.22899 0.34349 0.00000 208.80830 353.85220
0.31699 0.34349 0.00000 241.31337 355.29001
0.34349 0.34349 0.00000 250.92313 355.78464
0.43149 0.34349 0.00000 283.48947 357.42722
0.45799 0.34349 0.00000 293.32019 357.73856
0.54599 0.34349 0.00000 326.11807 359.22565
0.57248 0.34349 0.00000 335.86160 359.60736
0.66048 0.34349 0.00000 368.87561 361.17365
0.00000 0.43149 0.00000 128.45659 317.25610
0.08800 0.43149 0.00000 160.40942 318.64999
0.11450 0.43149 0.00000 170.00020 318.88367
0.20250 0.43149 0.00000 201.92882 320.39017
0.22899 0.43149 0.00000 211.50722 320.63586
0.31699 0.43149 0.00000 243.34727 322.23273
0.34349 0.43149 0.00000 253.06046 322.40469
0.43149 0.43149 0.00000 285.10052 323.84137
0.45799 0.43149 0.00000 294.98499 324.35446
0.54599 0.43149 0.00000 327.18378 325.68002
0.57248 0.43149 0.00000 337.24484 326.00186
0.66048 0.43149 0.00000 369.50800 327.47189
0.00000 0.45799 0.00000 129.41689 307.61594
0.08800 0.45799 0.00000 161.35612 308.73175
0.11450 0.45799 0.00000 170.85583 309.24857
0.20250 0.45799 0.00000 202.59776 310.41449
0.22899 0.45799 0.00000 212.21950 310.98987
0.31699 0.45799 0.00000 243.89375 312.24969
0.34349 0.45799 0.00000 253.56027 312.69650
0.43149 0.45799 0.00000 285.71439 313.91449
0.45799 0.45799 0.00000 295.29266 314.43964
0.54599 0.45799 0.00000 327.64664 315.66107
0.57248 0.45799 0.00000 337.28061 316.31317
0.66048 0.45799 0.00000 369.87762 317.51254
0.08800 0.54599 0.00000 164.44984 276.98322
0.11450 0.54599 0.00000 173.77696 277.33942
0.20250 0.54599 0.00000 205.40823 278.52206
0.22899 0.54599 0.00000 214.65785 278.81744
0.31699 0.54599 0.00000 245.99835 280.04480
0.34349 0.54599 0.00000 255.66129 280.37552
0.43149 0.54599 0.00000 287.19705 281.70459
0.45799 0.54599 0.00000 297.07608 282.06033
0.54599 0.54599 0.00000 328.63959 283.37604
0.57248 0.54599 0.00000 338.57217 283.67731
0.66048 0.54599 0.00000 370.39957 284.97842
0.00000 0.57248 0.00000 133.94608 266.41360
0.08800 0.57248 0.00000 165.32707 267.36703
0.11450 0.57248 0.00000 174.77367 267.83585
0.20250 0.57248 0.00000 206.06519 268.90659
0.22899 0.57248 0.00000 215.41928 269.46979
0.31699 0.57248 0.00000 246.76689 270.49097
0.34349 0.57248 0.00000 256.15155 270.89648
0.43149 0.57248 0.00000 287.86234 272.06305
0.45799 0.57248 0.00000 297.28317 272.46594
0.54599 0.57248 0.00000 329.25519 273.68857
0.57248 0.57248 0.00000 338.59967 274.16815
0.66048 0.57248 0.00000 370.78766 275.39182
0.00000 0.66048 0.00000 137.27223 235.31271
0.08800 0.66048 0.00000 168.38426 236.57100
0.11450 0.66048 0.00000 177.59731 236.62103
0.20250 0.66048 0.00000 208.48114 237.88000
0.22899 0.66048 0.00000 217.83247 238.29195
0.31699 0.66048 0.00000 248.73486 239.31384
0.34349 0.66048 0.00000 258.32376 239.58994
0.43149 0.66048 0.00000 289.31870 240.76057
0.45799 0.66048 0.00000 298.96719 241.22113
0.54599 0.66048 0.00000 330.22168 242.32068
0.57248 0.66048 0.00000 339.85815 242.57747
0.66048 0.66048 0.00000 371.34338 243.71890

gimbalangles:
-0.174532925199 0.174532925199 0.0872664625997 

end: