T_CW:
0.9991037821 0.0370322292 -0.0204999152 -0.4117518631
0.0332407939 -0.9862904083 -0.1616362588 0.6367623723
-0.0262046208 0.1608099641 -0.9866374579 1.2043244108
0.0000000000 0.0000000000 0.0000000000 1.0000000000

T_CW_cov:

target_points_pix:
0.00000 0.11450 0.00000 162.16724 429.46561
0.08800 0.11450 0.00000 195.37497 430.96033
0.11450 0.11450 0.00000 205.22206 431.44861
0.20250 0.11450 0.00000 238.44385 432.81738
0.22899 0.11450 0.00000 248.36407 433.36533
0.31699 0.11450 0.00000 281.60547 434.72278
0.34349 0.11450 0.00000 291.54349 435.27960
0.45799 0.11450 0.00000 335.02420 437.15637
0.54599 0.11450 0.00000 368.71579 438.54990
0.66048 0.11450 0.00000 412.47513 440.58380
0.00000 0.20250 0.00000 165.33255 394.82086
0.08800 0.20250 0.00000 197.93909 396.26120
0.11450 0.20250 0.00000 207.72266 396.59033
0.20250 0.20250 0.00000 240.54765 397.89520
0.22899 0.20250 0.00000 250.49640 398.38095
0.31699 0.20250 0.00000 283.33173 399.65961
0.34349 0.20250 0.00000 293.23438 400.16043
0.43149 0.20250 0.00000 326.16229 401.52866
0.45799 0.20250 0.00000 336.24304 401.96378
0.54599 0.20250 0.00000 369.30588 403.39835
0.57248 0.20250 0.00000 379.31326 403.71735
0.66048 0.20250 0.00000 412.53458 405.24683
0.00000 0.22899 0.00000 166.07053 384.66083
0.08800 0.22899 0.00000 198.70601 385.93875
0.11450 0.22899 0.00000 208.57346 386.36612
0.20250 0.22899 0.00000 241.25134 387.58105
0.22899 0.22899 0.00000 250.99753 388.08405
0.31699 0.22899 0.00000 283.79663 389.44232
0.34349 0.22899 0.00000 293.54059 389.83798
0.43149 0.22899 0.00000 326.54932 391.28638
0.45799 0.22899 0.00000 336.39828 391.60809
0.54599 0.22899 0.00000 369.43463 393.01315
0.57248 0.22899 0.00000 379.33896 393.41705
0.66048 0.22899 0.00000 412.58377 394.82172
0.00000 0.31699 0.00000 169.10498 350.94070
0.08800 0.31699 0.00000 201.40564 352.33945
0.11450 0.31699 0.00000 210.93886 352.57364
0.20250 0.31699 0.00000 243.37865 353.82993
0.22899 0.31699 0.00000 253.06009 354.25937
0.31699 0.31699 0.00000 285.43280 355.58908
0.34349 0.31699 0.00000 295.15170 355.92191
0.43149 0.31699 0.00000 327.55902 357.31995
0.45799 0.31699 0.00000 337.41812 357.61267
0.54599 0.31699 0.00000 370.05533 358.92035
0.57248 0.31699 0.00000 379.85941 359.35974
0.66048 0.31699 0.00000 412.61978 360.58356
0.00000 0.34349 0.00000 169.84804 341.14078
0.08800 0.34349 0.00000 202.11653 342.29352
0.11450 0.34349 0.00000 211.65671 342.58475
0.20250 0.34349 0.00000 243.84607 343.86270
0.22899 0.34349 0.00000 253.52855 344.33795
0.31699 0.34349 0.00000 285.76245 345.53238
0.34349 0.34349 0.00000 295.50543 346.02267
0.43149 0.34349 0.00000 327.92590 347.33145
0.45799 0.34349 0.00000 337.68707 347.56555
0.54599 0.34349 0.00000 370.27936 348.82318
0.57248 0.34349 0.00000 380.08463 349.28915
0.66048 0.34349 0.00000 412.65048 350.49893
0.00000 0.43149 0.00000 172.81142 308.39969
0.08800 0.43149 0.00000 204.56100 309.53992
0.11450 0.43149 0.00000 214.16585 309.87811
0.20250 0.43149 0.00000 245.80740 311.18848
0.22899 0.43149 0.00000 255.46509 311.53790
0.31699 0.43149 0.00000 287.35291 312.68896
0.34349 0.43149 0.00000 296.99069 313.23862
0.43149 0.43149 0.00000 328.94604 314.36450
0.45799 0.43149 0.00000 338.62302 314.68121
0.54599 0.43149 0.00000 370.75201 315.86365
0.57248 0.43149 0.00000 380.53668 316.33667
0.66048 0.43149 0.00000 412.80341 317.42722
0.00000 0.45799 0.00000 173.64131 298.77344
0.08800 0.45799 0.00000 205.42419 299.87778
0.11450 0.45799 0.00000 214.75986 300.35730
0.20250 0.45799 0.00000 246.47928 301.49075
0.22899 0.45799 0.00000 256.00516 301.73795
0.31699 0.45799 0.00000 287.71814 303.08154
0.34349 0.45799 0.00000 297.40387 303.40790
0.43149 0.45799 0.00000 329.36475 304.55927
0.45799 0.45799 0.00000 339.02704 304.81964
0.57248 0.45799 0.00000 380.67776 306.37915
0.66048 0.45799 0.00000 412.82733 307.57138
0.00000 0.54599 0.00000 176.45892 267.13196
0.08800 0.54599 0.00000 207.62201 268.31656
0.11450 0.54599 0.00000 217.09892 268.51724
0.20250 0.54599 0.00000 248.41724 269.63617
0.22899 0.54599 0.00000 257.83505 270.15228
0.31699 0.54599 0.00000 289.28421 271.17859
0.34349 0.54599 0.00000 298.67795 271.56653
0.43149 0.54599 0.00000 330.39032 272.56226
0.45799 0.54599 0.00000 339.86255 273.06387
0.54599 0.54599 0.00000 371.55222 274.13297
0.66048 0.54599 0.00000 413.02969 275.41934
0.00000 0.57248 0.00000 177.20981 257.71240
0.08800 0.57248 0.00000 208.44600 258.79166
0.11450 0.57248 0.00000 217.71240 259.29700
0.20250 0.57248 0.00000 248.90375 260.34552
0.22899 0.57248 0.00000 258.40717 260.54739
0.31699 0.57248 0.00000 289.60825 261.66553
0.34349 0.57248 0.00000 299.25342 261.97897
0.43149 0.57248 0.00000 330.59833 263.20096
0.45799 0.57248 0.00000 340.27023 263.42773
0.54599 0.57248 0.00000 371.67032 264.54541
0.57248 0.57248 0.00000 381.36520 264.70346
0.66048 0.57248 0.00000 412.99750 266.02902
0.00000 0.66048 0.00000 179.86790 226.91414
0.08800 0.66048 0.00000 210.65460 228.03090
0.11450 0.66048 0.00000 219.96123 228.39594
0.20250 0.66048 0.00000 250.72186 229.43361
0.22899 0.66048 0.00000 260.17664 229.63670
0.31699 0.66048 0.00000 291.15063 230.59149
0.34349 0.66048 0.00000 300.51907 231.07228
0.43149 0.66048 0.00000 331.60040 232.09418
0.45799 0.66048 0.00000 341.15698 232.40846
0.54599 0.66048 0.00000 372.30270 233.38124
0.57248 0.66048 0.00000 381.69717 233.65700
0.66048 0.66048 0.00000 413.14807 234.59776

gimbalangles:
-0.174532925199 0.174532925199 0.0872664625997 

end: