T_CW:
0.9990928079 0.0370506749 -0.0209954443 -0.4117494015
0.0331734345 -0.9862572719 -0.1618521448 0.6367831540
-0.0267036408 0.1610088228 -0.9865916453 1.2044202023
0.0000000000 0.0000000000 0.0000000000 1.0000000000

T_CW_cov:

target_points_pix:
0.00000 0.11450 0.00000 162.25386 429.51562
0.08800 0.11450 0.00000 195.40936 430.89877
0.11450 0.11450 0.00000 205.16251 431.41159
0.20250 0.11450 0.00000 238.42590 432.82065
0.22899 0.11450 0.00000 248.30786 433.36328
0.31699 0.11450 0.00000 281.64246 434.75037
0.34349 0.11450 0.00000 291.52338 435.24069
0.43149 0.11450 0.00000 325.07687 436.63617
0.54599 0.11450 0.00000 368.67163 438.62439
0.57248 0.11450 0.00000 378.68195 439.15945
0.66048 0.11450 0.00000 412.54865 440.60526
0.00000 0.20250 0.00000 165.33382 394.83511
0.08800 0.20250 0.00000 197.91882 396.21359
0.11450 0.20250 0.00000 207.69971 396.57697
0.20250 0.20250 0.00000 240.53220 397.97870
0.22899 0.20250 0.00000 250.48405 398.38684
0.31699 0.20250 0.00000 283.30038 399.70676
0.34349 0.20250 0.00000 293.31381 400.22580
0.43149 0.20250 0.00000 326.24136 401.52414
0.45799 0.20250 0.00000 336.20996 401.92325
0.54599 0.20250 0.00000 369.28647 403.36215
0.57248 0.20250 0.00000 379.36426 403.75003
0.66048 0.20250 0.00000 412.48889 405.25366
0.00000 0.22899 0.00000 166.13162 384.60309
0.08800 0.22899 0.00000 198.71014 385.99478
0.11450 0.22899 0.00000 208.51953 386.43018
0.20250 0.22899 0.00000 241.27011 387.56833
0.22899 0.22899 0.00000 250.98932 388.08450
0.31699 0.22899 0.00000 283.78995 389.43704
0.34349 0.22899 0.00000 293.59131 389.75986
0.43149 0.22899 0.00000 326.53122 391.33188
0.45799 0.22899 0.00000 336.35263 391.59518
0.54599 0.22899 0.00000 369.45847 393.01224
0.57248 0.22899 0.00000 379.38016 393.42050
0.66048 0.22899 0.00000 412.53796 394.80795
0.00000 0.31699 0.00000 169.19046 350.96182
0.08800 0.31699 0.00000 201.36078 352.32236
0.11450 0.31699 0.00000 210.99886 352.57272
0.22899 0.31699 0.00000 252.98836 354.27124
0.31699 0.31699 0.00000 285.39188 355.57440
0.34349 0.31699 0.00000 295.17563 355.97778
0.43149 0.31699 0.00000 327.56772 357.31497
0.45799 0.31699 0.00000 337.41104 357.63065
0.54599 0.31699 0.00000 370.07404 358.89478
0.57248 0.31699 0.00000 379.91272 359.38412
0.66048 0.31699 0.00000 412.63715 360.58728
0.00000 0.34349 0.00000 169.88126 341.07465
0.08800 0.34349 0.00000 202.19264 342.25906
0.11450 0.34349 0.00000 211.66121 342.61026
0.20250 0.34349 0.00000 243.88416 343.90027
0.22899 0.34349 0.00000 253.57588 344.32852
0.31699 0.34349 0.00000 285.76376 345.55045
0.34349 0.34349 0.00000 295.53143 346.00964
0.43149 0.34349 0.00000 327.93259 347.36032
0.45799 0.34349 0.00000 337.68054 347.53848
0.54599 0.34349 0.00000 370.33408 348.86957
0.57248 0.34349 0.00000 380.09967 349.27850
0.66048 0.34349 0.00000 412.65961 350.52405
0.00000 0.43149 0.00000 172.81140 308.41299
0.08800 0.43149 0.00000 204.56699 309.53394
0.11450 0.43149 0.00000 214.14592 309.88187
0.20250 0.43149 0.00000 245.83798 311.18665
0.22899 0.43149 0.00000 255.48775 311.55243
0.31699 0.43149 0.00000 287.35980 312.67880
0.34349 0.43149 0.00000 297.00229 313.24530
0.43149 0.43149 0.00000 328.93845 314.37323
0.45799 0.43149 0.00000 338.64804 314.67432
0.54599 0.43149 0.00000 370.64969 315.84756
0.57248 0.43149 0.00000 380.54980 316.30042
0.66048 0.43149 0.00000 412.84119 317.41537
0.00000 0.45799 0.00000 173.67247 298.73901
0.08800 0.45799 0.00000 205.41843 299.86053
0.11450 0.45799 0.00000 214.75114 300.39243
0.20250 0.45799 0.00000 246.49423 301.51288
0.22899 0.45799 0.00000 255.99919 301.76047
0.31699 0.45799 0.00000 287.70221 303.08890
0.34349 0.45799 0.00000 297.40631 303.42456
0.43149 0.45799 0.00000 329.37637 304.59317
0.45799 0.45799 0.00000 339.02985 304.84525
0.54599 0.45799 0.00000 371.10117 306.25513
0.57248 0.45799 0.00000 380.64407 306.41623
0.66048 0.45799 0.00000 412.85025 307.59030
0.00000 0.54599 0.00000 176.47818 267.15814
0.08800 0.54599 0.00000 207.67560 268.30817
0.11450 0.54599 0.00000 217.12473 268.51398
0.20250 0.54599 0.00000 248.39870 269.65305
0.22899 0.54599 0.00000 257.85748 270.16061
0.31699 0.54599 0.00000 289.29861 271.23883
0.34349 0.54599 0.00000 298.71353 271.54807
0.43149 0.54599 0.00000 330.39569 272.56619
0.45799 0.54599 0.00000 339.90259 273.08099
0.54599 0.54599 0.00000 371.53650 274.13370
0.57248 0.54599 0.00000 381.29541 274.46411
0.66048 0.54599 0.00000 412.99323 275.41681
0.00000 0.57248 0.00000 177.35146 257.75540
0.08800 0.57248 0.00000 208.44391 258.80896
0.11450 0.57248 0.00000 217.71634 259.30673
0.20250 0.57248 0.00000 248.89247 260.37430
0.22899 0.57248 0.00000 258.37531 260.58707
0.31699 0.57248 0.00000 289.60098 261.66357
0.34349 0.57248 0.00000 299.24506 262.00064
0.43149 0.57248 0.00000 330.62173 263.24374
0.45799 0.57248 0.00000 340.28854 263.42227
0.54599 0.57248 0.00000 371.68713 264.53632
0.57248 0.57248 0.00000 381.38992 264.72540
0.66048 0.57248 0.00000 413.07385 266.01929
0.00000 0.66048 0.00000 179.86966 226.90730
0.08800 0.66048 0.00000 210.61070 228.04675
0.11450 0.66048 0.00000 220.01923 228.35252
0.20250 0.66048 0.00000 250.72649 229.39670
0.22899 0.66048 0.00000 260.16284 229.62979
0.31699 0.66048 0.00000 291.17337 230.59016
0.34349 0.66048 0.00000 300.51913 231.03848
0.43149 0.66048 0.00000 331.60028 232.11296
0.45799 0.66048 0.00000 341.17389 232.43764
0.54599 0.66048 0.00000 372.31393 233.39468
0.57248 0.66048 0.00000 381.70505 233.69083
0.66048 0.66048 0.00000 413.14340 234.58344

gimbalangles:
-0.174532925199 0.174532925199 0.261799387799 

end: