T_CW:
0.9988005673 0.0413925159 -0.0261550447 -0.5247180822
0.0364665385 -0.9853199742 -0.1667775165 0.6411987846
-0.0326744290 0.1656236942 -0.9856475910 1.2040228287
0.0000000000 0.0000000000 0.0000000000 1.0000000000

T_CW_cov:

target_points_pix:
0.08800 0.11450 0.00000 148.45746 441.48297
0.11450 0.11450 0.00000 158.03337 441.85532
0.20250 0.11450 0.00000 191.79979 443.58896
0.22899 0.11450 0.00000 201.79515 444.08487
0.31699 0.11450 0.00000 235.34052 445.63742
0.34349 0.11450 0.00000 245.43120 446.15622
0.43149 0.11450 0.00000 279.11041 447.91800
0.45799 0.11450 0.00000 289.18042 448.48999
0.54599 0.11450 0.00000 322.97232 450.25568
0.57248 0.11450 0.00000 333.11630 450.69394
0.66048 0.11450 0.00000 367.20364 452.65356
0.00000 0.20250 0.00000 118.77140 404.74744
0.08800 0.20250 0.00000 151.91759 406.27786
0.11450 0.20250 0.00000 161.84772 406.53168
0.20250 0.20250 0.00000 194.71692 408.24841
0.22899 0.20250 0.00000 204.72643 408.56067
0.34349 0.20250 0.00000 247.74940 410.60333
0.43149 0.20250 0.00000 280.82297 412.35739
0.45799 0.20250 0.00000 290.93826 412.72824
0.54599 0.20250 0.00000 324.20276 414.48230
0.57248 0.20250 0.00000 334.26669 414.86154
0.66048 0.20250 0.00000 367.68201 416.55130
0.08800 0.22899 0.00000 152.84843 395.80188
0.11450 0.22899 0.00000 162.59489 396.39957
0.20250 0.22899 0.00000 195.57173 397.65060
0.22899 0.22899 0.00000 205.59402 398.27313
0.34349 0.22899 0.00000 248.37979 400.10999
0.43149 0.22899 0.00000 281.33701 401.73087
0.45799 0.22899 0.00000 291.34387 402.26981
0.54599 0.22899 0.00000 324.51758 403.80963
0.57248 0.22899 0.00000 334.52991 404.37732
0.66048 0.22899 0.00000 368.04968 406.05801
0.00000 0.31699 0.00000 123.68459 360.29086
0.08800 0.31699 0.00000 156.26318 361.77542
0.11450 0.31699 0.00000 165.90956 362.12958
0.20250 0.31699 0.00000 198.52574 363.56818
0.22899 0.31699 0.00000 208.29588 363.94855
0.31699 0.31699 0.00000 240.66431 365.45953
0.34349 0.31699 0.00000 250.40916 365.89102
0.43149 0.31699 0.00000 283.10123 367.56757
0.45799 0.31699 0.00000 292.76511 367.84210
0.54599 0.31699 0.00000 325.74759 369.50092
0.57248 0.31699 0.00000 335.59476 369.80936
0.66048 0.31699 0.00000 368.64554 371.32294
0.00000 0.34349 0.00000 124.71439 350.44775
0.08800 0.34349 0.00000 157.21399 351.50650
0.11450 0.34349 0.00000 166.79379 351.93802
0.20250 0.34349 0.00000 199.23857 353.36343
0.22899 0.34349 0.00000 208.98711 353.87057
0.31699 0.34349 0.00000 241.33672 355.28314
0.34349 0.34349 0.00000 250.94888 355.68430
0.43149 0.34349 0.00000 283.52792 357.33633
0.45799 0.34349 0.00000 293.30222 357.72385
0.54599 0.34349 0.00000 326.09036 359.32684
0.57248 0.34349 0.00000 335.92102 359.59683
0.66048 0.34349 0.00000 368.91443 361.06247
0.00000 0.43149 0.00000 128.34747 317.24799
0.08800 0.43149 0.00000 160.49994 318.56104
0.11450 0.43149 0.00000 170.07031 319.01791
0.20250 0.43149 0.00000 201.91081 320.52655
0.22899 0.43149 0.00000 211.49748 320.56659
0.31699 0.43149 0.00000 243.41391 322.27396
0.34349 0.43149 0.00000 253.07870 322.47308
0.43149 0.43149 0.00000 284.99503 323.90125
0.45799 0.43149 0.00000 294.99722 324.33408
0.54599 0.43149 0.00000 327.17874 325.62244
0.57248 0.43149 0.00000 337.19482 326.02582
0.66048 0.43149 0.00000 369.56406 327.47327
0.00000 0.45799 0.00000 129.38651 307.46573
0.08800 0.45799 0.00000 161.32216 308.73770
0.11450 0.45799 0.00000 170.87297 309.34485
0.20250 0.45799 0.00000 202.69026 310.39917
0.22899 0.45799 0.00000 212.21402 310.87543
0.31699 0.45799 0.00000 244.03969 312.34146
0.34349 0.45799 0.00000 253.52257 312.64026
0.43149 0.45799 0.00000 285.75391 313.94769
0.45799 0.45799 0.00000 295.27881 314.43048
0.54599 0.45799 0.00000 327.71478 315.71420
0.57248 0.45799 0.00000 337.31921 316.21674
0.66048 0.45799 0.00000 369.91467 317.47943
0.00000 0.54599 0.00000 132.88945 275.49542
0.08800 0.54599 0.00000 164.52431 276.82358
0.11450 0.54599 0.00000 173.89569 277.29056
0.20250 0.54599 0.00000 205.29655 278.55197
0.22899 0.54599 0.00000 214.65616 278.74911
0.31699 0.54599 0.00000 246.01689 280.04996
0.34349 0.54599 0.00000 255.65244 280.47058
0.43149 0.54599 0.00000 287.18796 281.70111
0.45799 0.54599 0.00000 296.98654 282.09424
0.54599 0.54599 0.00000 328.66473 283.38120
0.57248 0.54599 0.00000 338.51587 283.69473
0.66048 0.54599 0.00000 370.40152 284.95703
0.00000 0.57248 0.00000 133.88548 266.36472
0.08800 0.57248 0.00000 165.31941 267.45950
0.11450 0.57248 0.00000 174.75078 267.83621
0.20250 0.57248 0.00000 205.92064 269.07907
0.22899 0.57248 0.00000 215.40517 269.38177
0.31699 0.57248 0.00000 246.76764 270.54822
0.34349 0.57248 0.00000 256.13397 270.92691
0.43149 0.57248 0.00000 287.89224 272.18582
0.45799 0.57248 0.00000 297.32285 272.48749
0.54599 0.57248 0.00000 329.31952 273.66391
0.57248 0.57248 0.00000 338.59540 274.14682
0.66048 0.57248 0.00000 370.78094 275.40549
0.00000 0.66048 0.00000 137.23798 235.33160
0.08800 0.66048 0.00000 168.38843 236.48549
0.11450 0.66048 0.00000 177.50897 236.82011
0.20250 0.66048 0.00000 208.50218 237.86211
0.22899 0.66048 0.00000 217.81729 238.29257
0.31699 0.66048 0.00000 248.71413 239.34628
0.34349 0.66048 0.00000 258.42099 239.64757
0.43149 0.66048 0.00000 289.33054 240.75621
0.45799 0.66048 0.00000 298.99573 241.19072
0.54599 0.66048 0.00000 330.21320 242.33948
0.57248 0.66048 0.00000 339.88852 242.59949
0.66048 0.66048 0.00000 371.30103 243.71317

gimbalangles:
-0.174532925199 0.174532925199 0.261799387799 

end: