T_CW:
0.9991103308 0.0370161439 -0.0202077210 -0.4116999406
0.0332684694 -0.9862678787 -0.1617679835 0.6367756553
-0.0259182531 0.1609517835 -0.9866218969 1.2041955076
0.0000000000 0.0000000000 0.0000000000 1.0000000000

T_CW_cov:

target_points_pix:
0.00000 0.11450 0.00000 162.22179 429.52380
0.08800 0.11450 0.00000 195.39459 431.03445
0.11450 0.11450 0.00000 205.09860 431.42932
0.20250 0.11450 0.00000 238.49655 432.85272
0.22899 0.11450 0.00000 248.37204 433.36258
0.31699 0.11450 0.00000 281.61911 434.75064
0.34349 0.11450 0.00000 291.56146 435.19254
0.43149 0.11450 0.00000 325.14767 436.61823
0.54599 0.11450 0.00000 368.76950 438.54211
0.57248 0.11450 0.00000 378.76294 439.10181
0.66048 0.11450 0.00000 412.56323 440.54309
0.00000 0.20250 0.00000 165.37234 394.84061
0.08800 0.20250 0.00000 197.96747 396.28024
0.11450 0.20250 0.00000 207.74237 396.55475
0.20250 0.20250 0.00000 240.54048 397.88211
0.22899 0.20250 0.00000 250.50034 398.39896
0.31699 0.20250 0.00000 283.37689 399.70682
0.34349 0.20250 0.00000 293.29398 400.18060
0.43149 0.20250 0.00000 326.16940 401.56827
0.45799 0.20250 0.00000 336.22272 401.87494
0.54599 0.20250 0.00000 369.23398 403.33588
0.57248 0.20250 0.00000 379.34128 403.73099
0.66048 0.20250 0.00000 412.47235 405.23373
0.00000 0.22899 0.00000 166.18314 384.72049
0.08800 0.22899 0.00000 198.69926 385.93933
0.11450 0.22899 0.00000 208.46606 386.37570
0.20250 0.22899 0.00000 241.18803 387.63895
0.22899 0.22899 0.00000 251.05627 388.17178
0.31699 0.22899 0.00000 283.77493 389.43011
0.34349 0.22899 0.00000 293.56293 389.80740
0.43149 0.22899 0.00000 326.55740 391.27567
0.45799 0.22899 0.00000 336.43378 391.60818
0.54599 0.22899 0.00000 369.50967 393.08231
0.57248 0.22899 0.00000 379.35327 393.42371
0.66048 0.22899 0.00000 412.59537 394.83289
0.00000 0.31699 0.00000 169.09445 350.96347
0.08800 0.31699 0.00000 201.33691 352.32614
0.11450 0.31699 0.00000 211.08000 352.51883
0.20250 0.31699 0.00000 243.33946 353.88773
0.22899 0.31699 0.00000 253.01016 354.29230
0.31699 0.31699 0.00000 285.40155 355.53198
0.34349 0.31699 0.00000 295.15228 356.05746
0.43149 0.31699 0.00000 327.58044 357.32913
0.45799 0.31699 0.00000 337.46805 357.61612
0.54599 0.31699 0.00000 370.12991 358.95242
0.57248 0.31699 0.00000 379.91577 359.36575
0.66048 0.31699 0.00000 412.63599 360.60059
0.00000 0.34349 0.00000 169.86250 341.13641
0.08800 0.34349 0.00000 202.10574 342.29175
0.11450 0.34349 0.00000 211.69357 342.62396
0.20250 0.34349 0.00000 243.84831 343.92245
0.22899 0.34349 0.00000 253.57706 344.37671
0.31699 0.34349 0.00000 285.75354 345.51523
0.34349 0.34349 0.00000 295.50867 346.00632
0.43149 0.34349 0.00000 327.95694 347.34644
0.45799 0.34349 0.00000 337.63425 347.53613
0.54599 0.34349 0.00000 370.31561 348.85690
0.57248 0.34349 0.00000 380.07715 349.23706
0.66048 0.34349 0.00000 412.67841 350.53992
0.00000 0.43149 0.00000 172.78984 308.42258
0.08800 0.43149 0.00000 204.54434 309.56207
0.11450 0.43149 0.00000 214.14117 309.88007
0.20250 0.43149 0.00000 245.82790 311.27139
0.22899 0.43149 0.00000 255.50058 311.53564
0.31699 0.43149 0.00000 287.36401 312.69537
0.34349 0.43149 0.00000 297.02148 313.25037
0.43149 0.43149 0.00000 328.96509 314.37939
0.45799 0.43149 0.00000 338.69446 314.74353
0.54599 0.43149 0.00000 370.75290 315.87570
0.57248 0.43149 0.00000 380.53809 316.28433
0.66048 0.43149 0.00000 412.81589 317.43353
0.00000 0.45799 0.00000 173.63438 298.78885
0.08800 0.45799 0.00000 205.40176 299.91467
0.11450 0.45799 0.00000 214.77592 300.35361
0.20250 0.45799 0.00000 246.50397 301.49393
0.22899 0.45799 0.00000 256.02448 301.79791
0.31699 0.45799 0.00000 287.72412 303.08603
0.34349 0.45799 0.00000 297.44406 303.41504
0.43149 0.45799 0.00000 329.36957 304.59683
0.45799 0.45799 0.00000 339.01709 304.81793
0.54599 0.45799 0.00000 371.07031 306.19897
0.57248 0.45799 0.00000 380.66055 306.42676
0.66048 0.45799 0.00000 412.86569 307.63202
0.00000 0.54599 0.00000 176.46042 267.12543
0.08800 0.54599 0.00000 207.69334 268.29373
0.11450 0.54599 0.00000 217.19878 268.50522
0.20250 0.54599 0.00000 248.40733 269.67477
0.22899 0.54599 0.00000 257.84451 270.14304
0.31699 0.54599 0.00000 289.32343 271.23819
0.34349 0.54599 0.00000 298.71445 271.57471
0.43149 0.54599 0.00000 330.40405 272.56561
0.45799 0.54599 0.00000 339.89999 273.05887
0.54599 0.54599 0.00000 371.48297 274.10791
0.57248 0.54599 0.00000 381.29245 274.49905
0.66048 0.54599 0.00000 412.98624 275.41083
0.00000 0.57248 0.00000 177.28783 257.69189
0.08800 0.57248 0.00000 208.50114 258.82248
0.11450 0.57248 0.00000 217.69603 259.30402
0.20250 0.57248 0.00000 248.93753 260.36066
0.22899 0.57248 0.00000 258.40839 260.54425
0.31699 0.57248 0.00000 289.62152 261.68582
0.34349 0.57248 0.00000 299.25055 262.01730
0.43149 0.57248 0.00000 330.62732 263.23425
0.45799 0.57248 0.00000 340.31314 263.40973
0.54599 0.57248 0.00000 371.67380 264.55841
0.57248 0.57248 0.00000 381.40659 264.73517
0.66048 0.57248 0.00000 413.07748 266.07990
0.00000 0.66048 0.00000 179.85316 226.93483
0.08800 0.66048 0.00000 210.65289 228.04405
0.11450 0.66048 0.00000 219.98785 228.38608
0.20250 0.66048 0.00000 250.73402 229.44220
0.22899 0.66048 0.00000 260.21643 229.68016
0.31699 0.66048 0.00000 291.18549 230.58397
0.34349 0.66048 0.00000 300.52060 231.08737
0.43149 0.66048 0.00000 331.59161 232.11337
0.45799 0.66048 0.00000 341.22763 232.46643
0.54599 0.66048 0.00000 372.35886 233.35556
0.57248 0.66048 0.00000 381.69083 233.72064
0.66048 0.66048 0.00000 413.17267 234.56024

gimbalangles:
-0.174532925199 0.174532925199 0.436332312999 

end: