T_CW:
0.8404472638 -0.2956348733 -0.4541458119 0.3739576882
-0.1706586330 -0.9398266984 0.2959753503 -0.0373430681
-0.5143189942 -0.1712477699 -0.8403274204 1.3653186833
0.0000000000 0.0000000000 0.0000000000 1.0000000000

T_CW_cov:

target_points_pix:
0.00000 0.00000 0.00000 948.37927 320.56018
0.08800 0.00000 0.00000 1020.97919 306.90222
0.11450 0.00000 0.00000 1043.59338 302.65485
0.20250 0.00000 0.00000 1122.98083 287.87393
0.22899 0.00000 0.00000 1148.20728 283.35916
0.31699 0.00000 0.00000 1235.52405 267.14624
0.00000 0.08800 0.00000 930.70868 252.42810
0.08800 0.08800 0.00000 1003.28473 236.27303
0.11450 0.08800 0.00000 1026.25452 231.21715
0.20250 0.08800 0.00000 1105.77856 213.52043
0.22899 0.08800 0.00000 1131.03809 207.82330
0.31699 0.08800 0.00000 1218.67261 188.54202
0.00000 0.11450 0.00000 925.13647 231.56284
0.08800 0.11450 0.00000 997.73187 214.51271
0.11450 0.11450 0.00000 1020.72864 209.38417
0.20250 0.11450 0.00000 1100.49304 190.70526
0.22899 0.11450 0.00000 1125.67297 184.90800
0.31699 0.11450 0.00000 1213.47437 164.43582
0.00000 0.20250 0.00000 906.55286 161.49907
0.08800 0.20250 0.00000 979.30249 142.14244
0.11450 0.20250 0.00000 1002.55615 135.74271
0.20250 0.20250 0.00000 1082.62073 114.26558
0.22899 0.20250 0.00000 1108.12878 107.48611
0.31699 0.20250 0.00000 1196.18738 83.85291
0.00000 0.22899 0.00000 901.10162 139.94096
0.08800 0.22899 0.00000 973.68616 119.58412
0.11450 0.22899 0.00000 996.95013 113.33216
0.20250 0.22899 0.00000 1077.05640 90.68822
0.00000 0.31699 0.00000 881.54871 67.99044
0.11450 0.31699 0.00000 978.23053 37.51434
0.20250 0.31699 0.00000 1058.61694 11.77540

gimbalangles:
-0.174532925199 0.349065850399 -0.436332312999 

end: