T_CW:
0.9988130310 0.0412060108 -0.0259729415 -0.5247352841
0.0362942864 -0.9852313773 -0.1673375569 0.6412110767
-0.0324846701 0.1661962630 -0.9855574810 1.2036454614
0.0000000000 0.0000000000 0.0000000000 1.0000000000

T_CW_cov:

target_points_pix:
0.08800 0.11450 0.00000 148.28252 441.46063
0.11450 0.11450 0.00000 158.11609 441.87418
0.20250 0.11450 0.00000 191.73926 443.59412
0.22899 0.11450 0.00000 201.75908 444.17877
0.34349 0.11450 0.00000 245.53851 446.29175
0.43149 0.11450 0.00000 279.07669 447.89978
0.45799 0.11450 0.00000 289.08356 448.44580
0.54599 0.11450 0.00000 322.89264 450.30804
0.57248 0.11450 0.00000 332.98978 450.63480
0.66048 0.11450 0.00000 367.27637 452.62921
0.00000 0.20250 0.00000 118.69037 404.80142
0.08800 0.20250 0.00000 151.70636 406.40494
0.11450 0.20250 0.00000 161.66948 406.56097
0.20250 0.20250 0.00000 194.71518 408.29633
0.22899 0.20250 0.00000 204.72903 408.58090
0.31699 0.20250 0.00000 237.84322 410.15558
0.43149 0.20250 0.00000 280.77029 412.24826
0.45799 0.20250 0.00000 290.86093 412.55673
0.54599 0.20250 0.00000 324.16580 414.53363
0.57248 0.20250 0.00000 334.27252 414.72733
0.66048 0.20250 0.00000 367.75839 416.60239
0.00000 0.22899 0.00000 119.84180 394.60468
0.08800 0.22899 0.00000 152.75659 395.77078
0.11450 0.22899 0.00000 162.52719 396.55273
0.20250 0.22899 0.00000 195.53369 397.61356
0.22899 0.22899 0.00000 205.52725 398.35583
0.31699 0.22899 0.00000 238.46695 399.58945
0.34349 0.22899 0.00000 248.41020 400.24115
0.43149 0.22899 0.00000 281.39297 401.72751
0.45799 0.22899 0.00000 291.22363 402.06885
0.54599 0.22899 0.00000 324.47696 403.91333
0.57248 0.22899 0.00000 334.49359 404.46878
0.66048 0.22899 0.00000 367.99948 406.18988
0.00000 0.31699 0.00000 123.58961 360.43295
0.08800 0.31699 0.00000 156.28593 361.80768
0.11450 0.31699 0.00000 165.94643 362.19403
0.20250 0.31699 0.00000 198.43965 363.60275
0.22899 0.31699 0.00000 208.03627 363.95212
0.31699 0.31699 0.00000 240.64003 365.52655
0.34349 0.31699 0.00000 250.41862 365.84723
0.43149 0.31699 0.00000 282.98471 367.57047
0.45799 0.31699 0.00000 292.87207 367.86093
0.54599 0.31699 0.00000 325.71045 369.40698
0.57248 0.31699 0.00000 335.60220 369.75372
0.66048 0.31699 0.00000 368.59109 371.33636
0.08800 0.34349 0.00000 157.07744 351.47253
0.11450 0.34349 0.00000 166.89462 352.10925
0.20250 0.34349 0.00000 199.23163 353.40689
0.22899 0.34349 0.00000 208.82422 353.78653
0.31699 0.34349 0.00000 241.31979 355.25601
0.34349 0.34349 0.00000 250.95015 355.86279
0.43149 0.34349 0.00000 283.52832 357.27621
0.45799 0.34349 0.00000 293.38373 357.69427
0.54599 0.34349 0.00000 326.13257 359.30463
0.57248 0.34349 0.00000 335.92212 359.55670
0.66048 0.34349 0.00000 368.94189 361.16394
0.00000 0.43149 0.00000 128.39279 317.31424
0.08800 0.43149 0.00000 160.38885 318.68301
0.11450 0.43149 0.00000 170.00214 318.88049
0.20250 0.43149 0.00000 201.85130 320.50510
0.22899 0.43149 0.00000 211.44363 320.62265
0.31699 0.43149 0.00000 243.37041 322.24173
0.34349 0.43149 0.00000 252.94644 322.53864
0.43149 0.43149 0.00000 284.98663 323.76871
0.45799 0.43149 0.00000 294.91177 324.38348
0.54599 0.43149 0.00000 327.16724 325.65625
0.57248 0.43149 0.00000 337.19330 326.11096
0.66048 0.43149 0.00000 369.47018 327.40045
0.00000 0.45799 0.00000 129.38669 307.61743
0.08800 0.45799 0.00000 161.29880 308.84521
0.11450 0.45799 0.00000 170.85449 309.38281
0.20250 0.45799 0.00000 202.75639 310.41412
0.22899 0.45799 0.00000 212.09409 310.94653
0.31699 0.45799 0.00000 243.89819 312.36133
0.34349 0.45799 0.00000 253.56331 312.66193
0.43149 0.45799 0.00000 285.67435 313.92819
0.45799 0.45799 0.00000 295.26080 314.44940
0.54599 0.45799 0.00000 327.64584 315.67078
0.57248 0.45799 0.00000 337.25250 316.27603
0.66048 0.45799 0.00000 369.82816 317.47037
0.00000 0.54599 0.00000 132.90506 275.59439
0.08800 0.54599 0.00000 164.38739 276.98047
0.11450 0.54599 0.00000 173.81369 277.27805
0.20250 0.54599 0.00000 205.25963 278.52301
0.22899 0.54599 0.00000 214.61732 278.82172
0.31699 0.54599 0.00000 245.89880 280.07385
0.34349 0.54599 0.00000 255.63411 280.40710
0.43149 0.54599 0.00000 287.15253 281.66730
0.45799 0.54599 0.00000 296.97433 282.12643
0.54599 0.54599 0.00000 328.63425 283.35925
0.57248 0.54599 0.00000 338.54205 283.69604
0.66048 0.54599 0.00000 370.36697 284.92542
0.00000 0.57248 0.00000 133.95464 266.25406
0.08800 0.57248 0.00000 165.28094 267.36319
0.11450 0.57248 0.00000 174.77660 267.94861
0.20250 0.57248 0.00000 206.02841 268.84784
0.22899 0.57248 0.00000 215.39200 269.49030
0.31699 0.57248 0.00000 246.68808 270.52029
0.34349 0.57248 0.00000 256.09729 270.82819
0.43149 0.57248 0.00000 287.80374 272.09296
0.45799 0.57248 0.00000 297.22000 272.49380
0.54599 0.57248 0.00000 329.20114 273.63004
0.57248 0.57248 0.00000 338.60287 274.10526
0.66048 0.57248 0.00000 370.73792 275.41605
0.00000 0.66048 0.00000 137.17709 235.27956
0.08800 0.66048 0.00000 168.28564 236.51448
0.11450 0.66048 0.00000 177.57686 236.73184
0.20250 0.66048 0.00000 208.49489 237.85823
0.22899 0.66048 0.00000 217.78169 238.33859
0.31699 0.66048 0.00000 248.68983 239.32591
0.34349 0.66048 0.00000 258.25891 239.63425
0.43149 0.66048 0.00000 289.30545 240.76738
0.45799 0.66048 0.00000 298.89615 241.19333
0.54599 0.66048 0.00000 330.12766 242.32344
0.57248 0.66048 0.00000 339.91617 242.58951
0.66048 0.66048 0.00000 371.25143 243.70984

gimbalangles:
-0.174532925199 0.349065850399 -0.436332312999 

end: