T_CW:
0.9987935503 0.0414984384 -0.0262549710 -0.5247881469
0.0365380709 -0.9852338018 -0.1672702159 0.6410410494
-0.0328087376 0.1661091068 -0.9855614397 1.2037190823
0.0000000000 0.0000000000 0.0000000000 1.0000000000

T_CW_cov:

target_points_pix:
0.08800 0.11450 0.00000 148.20291 441.28851
0.11450 0.11450 0.00000 158.14322 442.02319
0.20250 0.11450 0.00000 191.63585 443.49268
0.22899 0.11450 0.00000 201.68245 444.10858
0.31699 0.11450 0.00000 235.34982 445.62979
0.34349 0.11450 0.00000 245.40498 446.39319
0.43149 0.11450 0.00000 279.10056 447.90506
0.45799 0.11450 0.00000 289.12109 448.46713
0.54599 0.11450 0.00000 323.10318 450.08508
0.57248 0.11450 0.00000 333.06171 450.77701
0.66048 0.11450 0.00000 367.18353 452.65833
0.00000 0.20250 0.00000 118.71779 404.59842
0.08800 0.20250 0.00000 151.78999 406.35461
0.11450 0.20250 0.00000 161.80386 406.58295
0.20250 0.20250 0.00000 194.69495 408.18097
0.31699 0.20250 0.00000 237.75960 410.22974
0.34349 0.20250 0.00000 247.76707 410.49561
0.43149 0.20250 0.00000 280.82706 412.32538
0.45799 0.20250 0.00000 290.84525 412.65445
0.54599 0.20250 0.00000 324.28165 414.39111
0.57248 0.20250 0.00000 334.14746 414.94379
0.66048 0.20250 0.00000 367.69507 416.59018
0.00000 0.22899 0.00000 119.86433 394.44556
0.08800 0.22899 0.00000 152.73215 395.74420
0.11450 0.22899 0.00000 162.61801 396.45441
0.20250 0.22899 0.00000 195.55891 397.57941
0.22899 0.22899 0.00000 205.52040 398.09933
0.34349 0.22899 0.00000 248.38129 400.26221
0.43149 0.22899 0.00000 281.29584 401.62659
0.45799 0.22899 0.00000 291.24036 402.38794
0.54599 0.22899 0.00000 324.52768 403.84372
0.57248 0.22899 0.00000 334.46036 404.43881
0.66048 0.22899 0.00000 367.96356 406.06131
0.00000 0.31699 0.00000 123.50456 360.44019
0.08800 0.31699 0.00000 156.29036 361.72717
0.11450 0.31699 0.00000 165.96735 362.06067
0.20250 0.31699 0.00000 198.43611 363.51862
0.22899 0.31699 0.00000 208.23975 363.83823
0.31699 0.31699 0.00000 240.77188 365.58047
0.34349 0.31699 0.00000 250.37805 365.80984
0.43149 0.31699 0.00000 283.03214 367.60266
0.45799 0.31699 0.00000 292.78061 367.83450
0.54599 0.31699 0.00000 325.66364 369.42233
0.57248 0.31699 0.00000 335.59744 369.75537
0.66048 0.31699 0.00000 368.62323 371.46188
0.00000 0.34349 0.00000 124.66418 350.48544
0.08800 0.34349 0.00000 157.13593 351.54468
0.11450 0.34349 0.00000 166.92903 352.07132
0.22899 0.34349 0.00000 208.87091 353.71512
0.31699 0.34349 0.00000 241.28461 355.33511
0.34349 0.34349 0.00000 250.90939 355.80234
0.43149 0.34349 0.00000 283.54016 357.31937
0.45799 0.34349 0.00000 293.38034 357.71347
0.54599 0.34349 0.00000 326.11667 359.18787
0.57248 0.34349 0.00000 335.88849 359.54929
0.66048 0.34349 0.00000 368.89157 361.11465
0.00000 0.43149 0.00000 128.36835 317.34174
0.08800 0.43149 0.00000 160.45576 318.56033
0.11450 0.43149 0.00000 169.84526 318.79117
0.20250 0.43149 0.00000 201.86183 320.46872
0.22899 0.43149 0.00000 211.47139 320.52158
0.31699 0.43149 0.00000 243.38516 322.03488
0.34349 0.43149 0.00000 253.00070 322.60284
0.43149 0.43149 0.00000 285.01743 323.80591
0.45799 0.43149 0.00000 295.00208 324.34485
0.54599 0.43149 0.00000 327.20026 325.65045
0.57248 0.43149 0.00000 337.22864 326.01471
0.66048 0.43149 0.00000 369.50189 327.45514
0.00000 0.45799 0.00000 129.48711 307.51529
0.08800 0.45799 0.00000 161.36723 308.67108
0.11450 0.45799 0.00000 170.80574 309.20410
0.20250 0.45799 0.00000 202.66879 310.39856
0.22899 0.45799 0.00000 212.21884 310.96283
0.31699 0.45799 0.00000 243.91811 312.25284
0.34349 0.45799 0.00000 253.55788 312.67072
0.43149 0.45799 0.00000 285.69440 313.97476
0.45799 0.45799 0.00000 295.27698 314.42477
0.54599 0.45799 0.00000 327.65417 315.67957
0.57248 0.45799 0.00000 337.36743 316.08356
0.66048 0.45799 0.00000 369.87277 317.46939
0.00000 0.54599 0.00000 132.88135 275.52835
0.08800 0.54599 0.00000 164.48309 276.77301
0.11450 0.54599 0.00000 173.79457 277.22083
0.20250 0.54599 0.00000 205.25728 278.44934
0.22899 0.54599 0.00000 214.62323 278.75284
0.31699 0.54599 0.00000 246.06108 280.13086
0.34349 0.54599 0.00000 255.64212 280.32269
0.43149 0.54599 0.00000 287.18582 281.65271
0.45799 0.54599 0.00000 297.08475 282.04141
0.54599 0.54599 0.00000 328.63266 283.36032
0.57248 0.54599 0.00000 338.54883 283.70639
0.66048 0.54599 0.00000 370.36905 284.97391
0.00000 0.57248 0.00000 133.83702 266.30673
0.08800 0.57248 0.00000 165.31177 267.41147
0.11450 0.57248 0.00000 174.80815 267.76639
0.20250 0.57248 0.00000 206.01958 268.91544
0.22899 0.57248 0.00000 215.42650 269.42700
0.31699 0.57248 0.00000 246.72507 270.43927
0.34349 0.57248 0.00000 256.16260 270.98495
0.43149 0.57248 0.00000 287.88681 272.21637
0.45799 0.57248 0.00000 297.29410 272.47708
0.54599 0.57248 0.00000 329.29102 273.61444
0.57248 0.57248 0.00000 338.62534 274.08484
0.66048 0.57248 0.00000 370.79294 275.36206
0.00000 0.66048 0.00000 137.28737 235.22142
0.08800 0.66048 0.00000 168.39183 236.48549
0.11450 0.66048 0.00000 177.51219 236.66048
0.20250 0.66048 0.00000 208.58434 237.82869
0.22899 0.66048 0.00000 217.85919 238.27217
0.31699 0.66048 0.00000 248.67912 239.36635
0.34349 0.66048 0.00000 258.35052 239.62045
0.43149 0.66048 0.00000 289.34726 240.69481
0.45799 0.66048 0.00000 298.95010 241.20573
0.54599 0.66048 0.00000 330.21051 242.29167
0.57248 0.66048 0.00000 339.89096 242.57780
0.66048 0.66048 0.00000 371.30511 243.66182

gimbalangles:
-0.174532925199 0.349065850399 -0.0872664625997 

end: