T_CW:
0.9990786486 0.0376151241 -0.0206629199 -0.4116900536
0.0337638207 -0.9861123403 -0.1626113671 0.6363894935
-0.0264926070 0.1617638858 -0.9864738147 1.2041032934
0.0000000000 0.0000000000 0.0000000000 1.0000000000

T_CW_cov:

target_points_pix:
0.00000 0.11450 0.00000 162.21736 429.40170
0.11450 0.11450 0.00000 205.19043 431.46063
0.20250 0.11450 0.00000 238.48666 432.71683
0.22899 0.11450 0.00000 248.28673 433.25601
0.31699 0.11450 0.00000 281.67126 434.71777
0.34349 0.11450 0.00000 291.58725 435.17419
0.54599 0.11450 0.00000 368.71500 438.62054
0.57248 0.11450 0.00000 378.79001 439.16330
0.66048 0.11450 0.00000 412.57739 440.63751
0.00000 0.20250 0.00000 165.29982 394.76236
0.08800 0.20250 0.00000 197.96356 396.18042
0.11450 0.20250 0.00000 207.80423 396.44336
0.20250 0.20250 0.00000 240.56369 397.82562
0.22899 0.20250 0.00000 250.55621 398.31476
0.31699 0.20250 0.00000 283.43384 399.63916
0.34349 0.20250 0.00000 293.28510 400.16800
0.43149 0.20250 0.00000 326.33517 401.50949
0.45799 0.20250 0.00000 336.33447 401.95581
0.54599 0.20250 0.00000 369.30597 403.40219
0.57248 0.20250 0.00000 379.29178 403.72476
0.66048 0.20250 0.00000 412.51773 405.23230
0.00000 0.22899 0.00000 166.23558 384.47574
0.08800 0.22899 0.00000 198.77362 385.81537
0.11450 0.22899 0.00000 208.55266 386.28799
0.20250 0.22899 0.00000 241.28741 387.53522
0.22899 0.22899 0.00000 251.02135 388.00235
0.31699 0.22899 0.00000 283.83508 389.38129
0.34349 0.22899 0.00000 293.64178 389.76871
0.43149 0.22899 0.00000 326.62878 391.15924
0.45799 0.22899 0.00000 336.43457 391.55481
0.54599 0.22899 0.00000 369.51666 393.03137
0.57248 0.22899 0.00000 379.40970 393.41385
0.66048 0.22899 0.00000 412.64197 394.81116
0.00000 0.31699 0.00000 169.20726 350.83969
0.08800 0.31699 0.00000 201.44290 352.21454
0.11450 0.31699 0.00000 211.12979 352.53030
0.20250 0.31699 0.00000 243.37888 353.71466
0.22899 0.31699 0.00000 253.13795 354.25378
0.31699 0.31699 0.00000 285.48349 355.58643
0.34349 0.31699 0.00000 295.28488 355.90469
0.43149 0.31699 0.00000 327.66113 357.33890
0.45799 0.31699 0.00000 337.52612 357.55136
0.54599 0.31699 0.00000 370.11905 358.84009
0.57248 0.31699 0.00000 379.99945 359.38647
0.66048 0.31699 0.00000 412.71356 360.60342
0.00000 0.34349 0.00000 169.98196 340.92999
0.08800 0.34349 0.00000 202.28459 342.26758
0.11450 0.34349 0.00000 211.74159 342.53540
0.20250 0.34349 0.00000 243.96268 343.79581
0.22899 0.34349 0.00000 253.62144 344.28543
0.31699 0.34349 0.00000 285.94473 345.47958
0.34349 0.34349 0.00000 295.55807 345.89697
0.43149 0.34349 0.00000 328.08618 347.28424
0.45799 0.34349 0.00000 337.68436 347.59668
0.54599 0.34349 0.00000 370.33252 348.83432
0.57248 0.34349 0.00000 380.13998 349.31644
0.66048 0.34349 0.00000 412.85086 350.45663
0.00000 0.43149 0.00000 172.95316 308.34760
0.08800 0.43149 0.00000 204.64420 309.46429
0.11450 0.43149 0.00000 214.24525 309.80591
0.20250 0.43149 0.00000 245.95906 311.13135
0.22899 0.43149 0.00000 255.55974 311.48511
0.31699 0.43149 0.00000 287.46640 312.69656
0.34349 0.43149 0.00000 297.08679 313.13144
0.43149 0.43149 0.00000 329.16611 314.32523
0.45799 0.43149 0.00000 338.73010 314.66571
0.54599 0.43149 0.00000 370.89502 315.86456
0.57248 0.43149 0.00000 380.62247 316.30435
0.66048 0.43149 0.00000 412.96429 317.40955
0.00000 0.45799 0.00000 173.82895 298.66422
0.08800 0.45799 0.00000 205.47134 299.71933
0.11450 0.45799 0.00000 214.89218 300.27893
0.20250 0.45799 0.00000 246.59930 301.40421
0.22899 0.45799 0.00000 256.15320 301.68576
0.31699 0.45799 0.00000 287.87781 302.98395
0.34349 0.45799 0.00000 297.47998 303.44321
0.43149 0.45799 0.00000 329.43158 304.54297
0.45799 0.45799 0.00000 339.06454 304.83157
0.54599 0.45799 0.00000 371.23401 306.23422
0.57248 0.45799 0.00000 380.68655 306.46964
0.66048 0.45799 0.00000 413.03732 307.56137
0.00000 0.54599 0.00000 176.62700 266.96088
0.08800 0.54599 0.00000 207.76161 268.21796
0.11450 0.54599 0.00000 217.35809 268.41269
0.20250 0.54599 0.00000 248.54115 269.58914
0.22899 0.54599 0.00000 257.98492 269.98578
0.31699 0.54599 0.00000 289.41989 271.19409
0.34349 0.54599 0.00000 298.84918 271.53656
0.43149 0.54599 0.00000 330.47662 272.60452
0.45799 0.54599 0.00000 340.07266 273.02432
0.54599 0.54599 0.00000 371.66333 274.08978
0.57248 0.54599 0.00000 381.33929 274.43604
0.66048 0.54599 0.00000 413.10474 275.46420
0.00000 0.57248 0.00000 177.44923 257.68173
0.08800 0.57248 0.00000 208.53325 258.70010
0.11450 0.57248 0.00000 217.88025 259.19867
0.20250 0.57248 0.00000 249.14055 260.30447
0.22899 0.57248 0.00000 258.50864 260.54428
0.31699 0.57248 0.00000 289.75363 261.66425
0.34349 0.57248 0.00000 299.31940 261.97327
0.43149 0.57248 0.00000 330.73071 263.20761
0.45799 0.57248 0.00000 340.38504 263.42792
0.54599 0.57248 0.00000 371.88968 264.56714
0.57248 0.57248 0.00000 381.45267 264.76978
0.66048 0.57248 0.00000 413.27313 266.04758
0.00000 0.66048 0.00000 180.08241 226.76593
0.08800 0.66048 0.00000 210.89543 227.95361
0.11450 0.66048 0.00000 220.22240 228.32129
0.20250 0.66048 0.00000 250.94469 229.34818
0.22899 0.66048 0.00000 260.32379 229.57857
0.31699 0.66048 0.00000 291.29626 230.53786
0.34349 0.66048 0.00000 300.64627 231.02074
0.43149 0.66048 0.00000 331.70926 231.99811
0.45799 0.66048 0.00000 341.29443 232.40253
0.54599 0.66048 0.00000 372.43692 233.40636
0.57248 0.66048 0.00000 381.86621 233.69788
0.66048 0.66048 0.00000 413.29419 234.59970

gimbalangles:
-0.174532925199 0.349065850399 0.0872664625997 

end: