T_CW:
0.9990765602 0.0376080319 -0.0207764940 -0.4116211076
0.0337429140 -0.9861404122 -0.1624453851 0.6363250886
-0.0265977916 0.1615943171 -0.9864987756 1.2042544395
0.0000000000 0.0000000000 0.0000000000 1.0000000000

T_CW_cov:

target_points_pix:
0.00000 0.11450 0.00000 162.32243 429.39853
0.08800 0.11450 0.00000 195.41145 430.83575
0.11450 0.11450 0.00000 205.25407 431.38510
0.20250 0.11450 0.00000 238.44417 432.73990
0.22899 0.11450 0.00000 248.40808 433.28180
0.31699 0.11450 0.00000 281.66974 434.67856
0.34349 0.11450 0.00000 291.55063 435.14124
0.43149 0.11450 0.00000 325.12769 436.59686
0.45799 0.11450 0.00000 335.16000 437.13605
0.54599 0.11450 0.00000 368.74582 438.56311
0.57248 0.11450 0.00000 378.78473 439.11404
0.00000 0.20250 0.00000 165.40504 394.71817
0.08800 0.20250 0.00000 198.07164 396.15179
0.11450 0.20250 0.00000 207.95801 396.41653
0.20250 0.20250 0.00000 240.58923 397.85760
0.22899 0.20250 0.00000 250.58514 398.24872
0.31699 0.20250 0.00000 283.39859 399.58221
0.34349 0.20250 0.00000 293.35712 400.08701
0.43149 0.20250 0.00000 326.34680 401.51016
0.45799 0.20250 0.00000 336.34711 401.82321
0.54599 0.20250 0.00000 369.28320 403.32480
0.57248 0.20250 0.00000 379.39270 403.69769
0.66048 0.20250 0.00000 412.55173 405.18936
0.00000 0.22899 0.00000 166.25471 384.55075
0.08800 0.22899 0.00000 198.81769 385.77652
0.11450 0.22899 0.00000 208.54816 386.27579
0.20250 0.22899 0.00000 241.35713 387.51721
0.22899 0.22899 0.00000 251.20918 387.94363
0.31699 0.22899 0.00000 283.84982 389.34412
0.34349 0.22899 0.00000 293.65848 389.77374
0.43149 0.22899 0.00000 326.57596 391.17261
0.45799 0.22899 0.00000 336.51053 391.55350
0.54599 0.22899 0.00000 369.47437 392.95813
0.57248 0.22899 0.00000 379.39203 393.40289
0.66048 0.22899 0.00000 412.60822 394.73776
0.00000 0.31699 0.00000 169.27278 350.70987
0.08800 0.31699 0.00000 201.40884 352.04904
0.11450 0.31699 0.00000 211.13773 352.45703
0.20250 0.31699 0.00000 243.42114 353.69681
0.22899 0.31699 0.00000 253.22041 354.17453
0.31699 0.31699 0.00000 285.47647 355.49396
0.34349 0.31699 0.00000 295.31082 355.81122
0.43149 0.31699 0.00000 327.66080 357.23523
0.45799 0.31699 0.00000 337.54080 357.56299
0.54599 0.31699 0.00000 370.17310 358.81894
0.57248 0.31699 0.00000 380.01151 359.31027
0.66048 0.31699 0.00000 412.69772 360.59985
0.00000 0.34349 0.00000 170.13089 340.87506
0.08800 0.34349 0.00000 202.30000 342.16992
0.11450 0.34349 0.00000 211.78088 342.46634
0.20250 0.34349 0.00000 244.03397 343.77542
0.22899 0.34349 0.00000 253.65485 344.27768
0.31699 0.34349 0.00000 285.95078 345.48380
0.34349 0.34349 0.00000 295.62167 345.89450
0.43149 0.34349 0.00000 328.08041 347.23660
0.45799 0.34349 0.00000 337.73471 347.57874
0.54599 0.34349 0.00000 370.38037 348.78796
0.57248 0.34349 0.00000 380.21036 349.23801
0.66048 0.34349 0.00000 412.82068 350.51721
0.00000 0.43149 0.00000 173.00464 308.31970
0.08800 0.43149 0.00000 204.65833 309.43073
0.20250 0.43149 0.00000 246.03134 311.04446
0.22899 0.43149 0.00000 255.58635 311.43076
0.31699 0.43149 0.00000 287.50299 312.62415
0.34349 0.43149 0.00000 297.12366 313.06064
0.43149 0.43149 0.00000 329.22690 314.35727
0.45799 0.43149 0.00000 338.72443 314.65750
0.54599 0.43149 0.00000 370.99747 315.80917
0.57248 0.43149 0.00000 380.64346 316.27817
0.66048 0.43149 0.00000 413.02274 317.34805
0.00000 0.45799 0.00000 173.81903 298.65109
0.08800 0.45799 0.00000 205.46938 299.73410
0.11450 0.45799 0.00000 214.88797 300.20294
0.20250 0.45799 0.00000 246.62309 301.38208
0.22899 0.45799 0.00000 256.20020 301.67105
0.31699 0.45799 0.00000 287.90482 302.94431
0.34349 0.45799 0.00000 297.50784 303.40695
0.43149 0.45799 0.00000 329.44913 304.52011
0.45799 0.45799 0.00000 339.07303 304.82394
0.54599 0.45799 0.00000 371.21179 306.12473
0.57248 0.45799 0.00000 380.73459 306.44336
0.66048 0.45799 0.00000 413.03406 307.60623
0.00000 0.54599 0.00000 176.55322 266.99451
0.08800 0.54599 0.00000 207.82216 268.20105
0.11450 0.54599 0.00000 217.36905 268.43918
0.20250 0.54599 0.00000 248.55592 269.57867
0.22899 0.54599 0.00000 257.99594 269.86057
0.31699 0.54599 0.00000 289.40085 271.09927
0.34349 0.54599 0.00000 298.84326 271.44635
0.43149 0.54599 0.00000 330.50095 272.52597
0.45799 0.54599 0.00000 340.04944 272.93527
0.54599 0.54599 0.00000 371.71518 274.04248
0.57248 0.54599 0.00000 381.36475 274.39142
0.66048 0.54599 0.00000 413.16757 275.46130
0.00000 0.57248 0.00000 177.43675 257.61511
0.08800 0.57248 0.00000 208.57622 258.70874
0.11450 0.57248 0.00000 217.89578 259.12341
0.20250 0.57248 0.00000 249.20631 260.26215
0.22899 0.57248 0.00000 258.52640 260.53632
0.31699 0.57248 0.00000 289.81195 261.66116
0.34349 0.57248 0.00000 299.37918 262.01324
0.43149 0.57248 0.00000 330.71634 263.13666
0.45799 0.57248 0.00000 340.38629 263.42563
0.54599 0.57248 0.00000 371.95694 264.54584
0.57248 0.57248 0.00000 381.41797 264.76767
0.66048 0.57248 0.00000 413.23972 265.97726
0.00000 0.66048 0.00000 180.02615 226.76662
0.08800 0.66048 0.00000 210.95192 227.92679
0.11450 0.66048 0.00000 220.24234 228.30313
0.20250 0.66048 0.00000 251.00514 229.35736
0.22899 0.66048 0.00000 260.33270 229.53816
0.31699 0.66048 0.00000 291.33801 230.58723
0.34349 0.66048 0.00000 300.62317 230.94255
0.43149 0.66048 0.00000 331.78296 231.92488
0.45799 0.66048 0.00000 341.34335 232.36157
0.54599 0.66048 0.00000 372.46695 233.36029
0.57248 0.66048 0.00000 381.87552 233.62358
0.66048 0.66048 0.00000 413.36075 234.62259

gimbalangles:
-0.174532925199 0.349065850399 0.261799387799 

end: