T_CW:
0.9987542169 0.0419349747 -0.0270457408 -0.5246680882
0.0368505952 -0.9852885280 -0.1668788487 0.6408463615
-0.0336459185 0.1656743022 -0.9856064010 1.2044464613
0.0000000000 0.0000000000 0.0000000000 1.0000000000

T_CW_cov:

target_points_pix:
0.00000 0.11450 0.00000 115.01582 439.74759
0.08800 0.11450 0.00000 148.36987 441.30078
0.11450 0.11450 0.00000 158.25514 441.68195
0.20250 0.11450 0.00000 191.85568 443.42087
0.22899 0.11450 0.00000 201.61227 443.83926
0.31699 0.11450 0.00000 235.33385 445.59094
0.34349 0.11450 0.00000 245.46968 446.00421
0.43149 0.11450 0.00000 279.10263 447.89777
0.45799 0.11450 0.00000 289.08383 448.45380
0.54599 0.11450 0.00000 323.12997 450.21008
0.57248 0.11450 0.00000 333.26144 450.63324
0.66048 0.11450 0.00000 367.38535 452.51636
0.11450 0.20250 0.00000 161.84023 406.44989
0.20250 0.20250 0.00000 194.85846 408.14594
0.31699 0.20250 0.00000 237.83189 410.00082
0.34349 0.20250 0.00000 247.84590 410.44339
0.43149 0.20250 0.00000 280.65869 412.10016
0.45799 0.20250 0.00000 290.90143 412.69366
0.54599 0.20250 0.00000 324.21744 414.35132
0.57248 0.20250 0.00000 334.27698 414.89056
0.66048 0.20250 0.00000 367.78104 416.63724
0.08800 0.22899 0.00000 152.88684 395.58191
0.11450 0.22899 0.00000 162.81294 396.17123
0.20250 0.22899 0.00000 195.76404 397.55444
0.22899 0.22899 0.00000 205.67065 398.17261
0.31699 0.22899 0.00000 238.60335 399.56537
0.34349 0.22899 0.00000 248.45753 400.03741
0.43149 0.22899 0.00000 281.46490 401.59360
0.45799 0.22899 0.00000 291.40378 402.30603
0.54599 0.22899 0.00000 324.58215 403.88141
0.57248 0.22899 0.00000 334.56934 404.21368
0.66048 0.22899 0.00000 368.16919 405.93439
0.00000 0.31699 0.00000 123.73501 360.14868
0.08800 0.31699 0.00000 156.50328 361.74112
0.11450 0.31699 0.00000 165.96870 361.92432
0.20250 0.31699 0.00000 198.57542 363.43375
0.22899 0.31699 0.00000 208.34563 363.77332
0.31699 0.31699 0.00000 240.73869 365.46460
0.34349 0.31699 0.00000 250.41946 365.76343
0.43149 0.31699 0.00000 283.11472 367.44528
0.45799 0.31699 0.00000 292.86481 367.78247
0.54599 0.31699 0.00000 325.70663 369.33517
0.57248 0.31699 0.00000 335.65350 369.69147
0.66048 0.31699 0.00000 368.73026 371.37012
0.00000 0.34349 0.00000 124.89645 350.16162
0.08800 0.34349 0.00000 157.18848 351.51337
0.11450 0.34349 0.00000 167.00902 351.89908
0.20250 0.34349 0.00000 199.36163 353.29044
0.22899 0.34349 0.00000 209.10254 353.71527
0.31699 0.34349 0.00000 241.46774 355.13068
0.34349 0.34349 0.00000 251.04587 355.56821
0.43149 0.34349 0.00000 283.57828 357.32935
0.45799 0.34349 0.00000 293.45917 357.68503
0.54599 0.34349 0.00000 326.14914 359.23526
0.57248 0.34349 0.00000 336.07294 359.67487
0.66048 0.34349 0.00000 369.06464 360.87961
0.00000 0.43149 0.00000 128.53278 317.15732
0.08800 0.43149 0.00000 160.47682 318.46567
0.11450 0.43149 0.00000 170.13881 318.74307
0.20250 0.43149 0.00000 202.09019 320.21606
0.22899 0.43149 0.00000 211.54652 320.60544
0.31699 0.43149 0.00000 243.40939 322.02264
0.34349 0.43149 0.00000 253.09543 322.49173
0.43149 0.43149 0.00000 285.41537 323.76605
0.45799 0.43149 0.00000 294.95944 324.43213
0.54599 0.43149 0.00000 327.45514 325.67923
0.57248 0.43149 0.00000 337.15561 326.12814
0.66048 0.43149 0.00000 369.67963 327.52069
0.00000 0.45799 0.00000 129.51785 307.40955
0.08800 0.45799 0.00000 161.39400 308.66040
0.11450 0.45799 0.00000 171.16344 309.17889
0.20250 0.45799 0.00000 202.80998 310.30106
0.22899 0.45799 0.00000 212.29810 310.76682
0.31699 0.45799 0.00000 244.15848 312.30603
0.34349 0.45799 0.00000 253.73505 312.52185
0.43149 0.45799 0.00000 285.75980 313.92358
0.45799 0.45799 0.00000 295.49817 314.45697
0.54599 0.45799 0.00000 327.73550 315.69006
0.57248 0.45799 0.00000 337.43192 316.16486
0.66048 0.45799 0.00000 369.99692 317.54404
0.00000 0.54599 0.00000 133.15471 275.37469
0.08800 0.54599 0.00000 164.62265 276.85483
0.11450 0.54599 0.00000 173.93271 277.15207
0.20250 0.54599 0.00000 205.47957 278.46719
0.22899 0.54599 0.00000 214.77388 278.72958
0.31699 0.54599 0.00000 246.28166 279.91650
0.34349 0.54599 0.00000 255.66505 280.41211
0.43149 0.54599 0.00000 287.42853 281.58276
0.45799 0.54599 0.00000 297.04599 282.01840
0.54599 0.54599 0.00000 328.95743 283.37946
0.57248 0.54599 0.00000 338.60040 283.57065
0.66048 0.54599 0.00000 370.56549 284.91742
0.00000 0.57248 0.00000 134.13181 266.25464
0.08800 0.57248 0.00000 165.47768 267.29953
0.11450 0.57248 0.00000 175.01270 267.71027
0.20250 0.57248 0.00000 206.13779 268.82227
0.22899 0.57248 0.00000 215.57115 269.43787
0.31699 0.57248 0.00000 246.82896 270.53058
0.34349 0.57248 0.00000 256.37750 270.83597
0.43149 0.57248 0.00000 287.96225 272.18759
0.45799 0.57248 0.00000 297.46381 272.47980
0.54599 0.57248 0.00000 329.39163 273.59735
0.57248 0.57248 0.00000 338.80154 274.11194
0.66048 0.57248 0.00000 370.84491 275.34265
0.00000 0.66048 0.00000 137.46365 235.05217
0.08800 0.66048 0.00000 168.56630 236.40828
0.11450 0.66048 0.00000 177.82420 236.59726
0.20250 0.66048 0.00000 208.70464 237.83253
0.22899 0.66048 0.00000 217.97922 238.30722
0.31699 0.66048 0.00000 249.01495 239.29033
0.34349 0.66048 0.00000 258.32208 239.58290
0.43149 0.66048 0.00000 289.52310 240.66347
0.45799 0.66048 0.00000 298.97330 241.05656
0.54599 0.66048 0.00000 330.43835 242.27411
0.57248 0.66048 0.00000 339.99454 242.51346
0.66048 0.66048 0.00000 371.46848 243.67444

gimbalangles:
-0.174532925199 0.349065850399 0.261799387799 

end: