T_CW:
0.9987998851 0.0413442877 -0.0262571791 -0.5247076615
0.0363894641 -0.9852587830 -0.1671554290 0.6411337122
-0.0327810385 0.1659993386 -0.9855808557 1.2038267902
0.0000000000 0.0000000000 0.0000000000 1.0000000000

T_CW_cov:

target_points_pix:
0.00000 0.11450 0.00000 114.91200 439.95953
0.08800 0.11450 0.00000 148.27299 441.51190
0.11450 0.11450 0.00000 158.13521 442.04608
0.20250 0.11450 0.00000 191.76146 443.47330
0.22899 0.11450 0.00000 201.65559 444.21298
0.34349 0.11450 0.00000 245.50899 446.28171
0.45799 0.11450 0.00000 289.01797 448.53690
0.54599 0.11450 0.00000 323.01892 450.13309
0.57248 0.11450 0.00000 333.04630 450.72498
0.66048 0.11450 0.00000 367.27875 452.65405
0.00000 0.20250 0.00000 118.69360 404.67880
0.08800 0.20250 0.00000 151.71301 406.43683
0.11450 0.20250 0.00000 161.69890 406.58868
0.20250 0.20250 0.00000 194.71140 408.15753
0.31699 0.20250 0.00000 237.76498 410.13477
0.43149 0.20250 0.00000 280.84409 412.33414
0.45799 0.20250 0.00000 290.97034 412.65176
0.54599 0.20250 0.00000 324.07483 414.45129
0.57248 0.20250 0.00000 334.24387 414.80362
0.66048 0.20250 0.00000 367.81403 416.60327
0.00000 0.22899 0.00000 119.89015 394.56299
0.08800 0.22899 0.00000 152.74518 395.82764
0.11450 0.22899 0.00000 162.61113 396.37708
0.20250 0.22899 0.00000 195.63951 397.55734
0.22899 0.22899 0.00000 205.49884 398.27991
0.34349 0.22899 0.00000 248.38422 400.18240
0.43149 0.22899 0.00000 281.45810 401.68610
0.45799 0.22899 0.00000 291.37375 402.28860
0.54599 0.22899 0.00000 324.53784 403.92969
0.57248 0.22899 0.00000 334.53333 404.33603
0.66048 0.22899 0.00000 367.97516 406.03494
0.00000 0.31699 0.00000 123.77074 360.37234
0.08800 0.31699 0.00000 156.15683 361.84924
0.11450 0.31699 0.00000 165.96429 362.13342
0.20250 0.31699 0.00000 198.52032 363.45743
0.22899 0.31699 0.00000 208.20525 363.95416
0.31699 0.31699 0.00000 240.67319 365.45932
0.34349 0.31699 0.00000 250.42601 365.83768
0.43149 0.31699 0.00000 283.08514 367.42197
0.45799 0.31699 0.00000 292.84033 367.76242
0.54599 0.31699 0.00000 325.63452 369.36584
0.57248 0.31699 0.00000 335.58923 369.83517
0.66048 0.31699 0.00000 368.65787 371.41681
0.08800 0.34349 0.00000 157.03764 351.48572
0.11450 0.34349 0.00000 166.92603 352.12448
0.20250 0.34349 0.00000 199.25282 353.42514
0.22899 0.34349 0.00000 208.86624 353.73602
0.31699 0.34349 0.00000 241.39275 355.29626
0.34349 0.34349 0.00000 250.91257 355.64450
0.43149 0.34349 0.00000 283.49869 357.39163
0.45799 0.34349 0.00000 293.28613 357.70868
0.54599 0.34349 0.00000 326.15604 359.28214
0.57248 0.34349 0.00000 335.85260 359.61789
0.66048 0.34349 0.00000 368.97327 361.11407
0.00000 0.43149 0.00000 128.45332 317.24997
0.08800 0.43149 0.00000 160.46194 318.57742
0.11450 0.43149 0.00000 170.06241 319.03629
0.20250 0.43149 0.00000 201.93605 320.41861
0.22899 0.43149 0.00000 211.44106 320.60925
0.31699 0.43149 0.00000 243.43030 322.03265
0.34349 0.43149 0.00000 253.05968 322.44189
0.43149 0.43149 0.00000 285.03781 323.76859
0.45799 0.43149 0.00000 295.03247 324.27628
0.54599 0.43149 0.00000 327.19604 325.64572
0.57248 0.43149 0.00000 337.27274 326.05484
0.66048 0.43149 0.00000 369.51218 327.43372
0.00000 0.45799 0.00000 129.42863 307.49109
0.08800 0.45799 0.00000 161.35928 308.77301
0.11450 0.45799 0.00000 170.92021 309.33597
0.20250 0.45799 0.00000 202.67352 310.38599
0.22899 0.45799 0.00000 212.17944 310.82559
0.31699 0.45799 0.00000 243.92719 312.20782
0.34349 0.45799 0.00000 253.49724 312.64151
0.43149 0.45799 0.00000 285.73740 313.86819
0.45799 0.45799 0.00000 295.23807 314.49875
0.54599 0.45799 0.00000 327.67245 315.66089
0.57248 0.45799 0.00000 337.28647 316.17563
0.66048 0.45799 0.00000 369.91696 317.50061
0.00000 0.54599 0.00000 132.86385 275.56693
0.08800 0.54599 0.00000 164.51892 276.94229
0.11450 0.54599 0.00000 173.81543 277.29929
0.20250 0.54599 0.00000 205.29959 278.52222
0.22899 0.54599 0.00000 214.60197 278.84702
0.31699 0.54599 0.00000 246.00102 280.12729
0.34349 0.54599 0.00000 255.63345 280.37820
0.43149 0.54599 0.00000 287.16031 281.70236
0.45799 0.54599 0.00000 297.02496 282.11948
0.54599 0.54599 0.00000 328.59406 283.41370
0.57248 0.54599 0.00000 338.55344 283.66968
0.66048 0.54599 0.00000 370.32370 284.99017
0.00000 0.57248 0.00000 133.94164 266.22244
0.08800 0.57248 0.00000 165.38882 267.37683
0.11450 0.57248 0.00000 174.74561 267.81354
0.20250 0.57248 0.00000 205.95160 269.07797
0.22899 0.57248 0.00000 215.35312 269.44751
0.31699 0.57248 0.00000 246.71304 270.41635
0.34349 0.57248 0.00000 256.14166 270.88474
0.43149 0.57248 0.00000 287.85941 272.16968
0.45799 0.57248 0.00000 297.26297 272.50922
0.54599 0.57248 0.00000 329.29178 273.67426
0.57248 0.57248 0.00000 338.56616 274.18814
0.66048 0.57248 0.00000 370.81491 275.37131
0.00000 0.66048 0.00000 137.20755 235.21410
0.08800 0.66048 0.00000 168.40677 236.54225
0.11450 0.66048 0.00000 177.62086 236.67159
0.20250 0.66048 0.00000 208.51868 237.82274
0.22899 0.66048 0.00000 217.83350 238.26768
0.31699 0.66048 0.00000 248.67949 239.30804
0.34349 0.66048 0.00000 258.34213 239.61868
0.43149 0.66048 0.00000 289.26776 240.76009
0.45799 0.66048 0.00000 299.02368 241.17986
0.54599 0.66048 0.00000 330.17355 242.32462
0.57248 0.66048 0.00000 339.88196 242.55452
0.66048 0.66048 0.00000 371.37128 243.64369

gimbalangles:
-0.349065850399 -0.349065850399 0.261799387799 

end: