T_CW:
0.9991103041 0.0370013008 -0.0202362044 -0.4117164241
0.0332318630 -0.9861606102 -0.1624281199 0.6366858611
-0.0259661994 0.1616111215 -0.9865128493 1.2039750670
0.0000000000 0.0000000000 0.0000000000 1.0000000000

T_CW_cov:

target_points_pix:
0.00000 0.11450 0.00000 162.15236 429.55844
0.08800 0.11450 0.00000 195.31444 431.02695
0.11450 0.11450 0.00000 205.11113 431.41632
0.20250 0.11450 0.00000 238.43237 432.86124
0.22899 0.11450 0.00000 248.37956 433.29736
0.31699 0.11450 0.00000 281.63846 434.72626
0.34349 0.11450 0.00000 291.55026 435.24054
0.43149 0.11450 0.00000 325.15479 436.63834
0.45799 0.11450 0.00000 335.00500 437.17401
0.54599 0.11450 0.00000 368.68307 438.63315
0.57248 0.11450 0.00000 378.69595 439.13760
0.66048 0.11450 0.00000 412.53732 440.60571
0.00000 0.20250 0.00000 165.36382 394.91510
0.08800 0.20250 0.00000 197.90366 396.28293
0.11450 0.20250 0.00000 207.74225 396.55270
0.20250 0.20250 0.00000 240.54512 397.86115
0.22899 0.20250 0.00000 250.46404 398.39154
0.31699 0.20250 0.00000 283.39667 399.67914
0.34349 0.20250 0.00000 293.18576 400.15524
0.43149 0.20250 0.00000 326.24155 401.49005
0.45799 0.20250 0.00000 336.21347 401.96664
0.54599 0.20250 0.00000 369.20972 403.31937
0.57248 0.20250 0.00000 379.30823 403.69562
0.66048 0.20250 0.00000 412.46957 405.23288
0.00000 0.22899 0.00000 166.05972 384.69562
0.08800 0.22899 0.00000 198.71791 385.93292
0.11450 0.22899 0.00000 208.54576 386.37714
0.20250 0.22899 0.00000 241.22763 387.65076
0.22899 0.22899 0.00000 251.06029 388.06586
0.31699 0.22899 0.00000 283.73816 389.41110
0.34349 0.22899 0.00000 293.59778 389.76889
0.43149 0.22899 0.00000 326.53662 391.25616
0.45799 0.22899 0.00000 336.38528 391.58899
0.54599 0.22899 0.00000 369.51334 392.95767
0.57248 0.22899 0.00000 379.37610 393.34241
0.66048 0.22899 0.00000 412.57742 394.74939
0.00000 0.31699 0.00000 169.11803 350.90768
0.08800 0.31699 0.00000 201.37997 352.35193
0.11450 0.31699 0.00000 210.99489 352.56012
0.20250 0.31699 0.00000 243.30003 353.80844
0.22899 0.31699 0.00000 253.07509 354.30646
0.31699 0.31699 0.00000 285.44214 355.52826
0.34349 0.31699 0.00000 295.18036 355.89920
0.43149 0.31699 0.00000 327.58395 357.34598
0.45799 0.31699 0.00000 337.45801 357.63019
0.54599 0.31699 0.00000 370.11694 358.81842
0.57248 0.31699 0.00000 379.88077 359.37656
0.66048 0.31699 0.00000 412.59503 360.58600
0.00000 0.34349 0.00000 169.91177 341.11810
0.08800 0.34349 0.00000 202.12053 342.30112
0.11450 0.34349 0.00000 211.66333 342.59399
0.20250 0.34349 0.00000 243.88333 343.89905
0.22899 0.34349 0.00000 253.53143 344.33374
0.31699 0.34349 0.00000 285.80573 345.53305
0.34349 0.34349 0.00000 295.51260 345.99545
0.43149 0.34349 0.00000 327.97849 347.27744
0.45799 0.34349 0.00000 337.64175 347.61310
0.54599 0.34349 0.00000 370.19901 348.85620
0.57248 0.34349 0.00000 379.99408 349.24689
0.66048 0.34349 0.00000 412.70013 350.49973
0.00000 0.43149 0.00000 172.80083 308.37445
0.08800 0.43149 0.00000 204.58597 309.56406
0.11450 0.43149 0.00000 214.11243 309.84946
0.20250 0.43149 0.00000 245.85629 311.20465
0.22899 0.43149 0.00000 255.47754 311.46967
0.31699 0.43149 0.00000 287.39575 312.70987
0.34349 0.43149 0.00000 296.94452 313.17419
0.43149 0.43149 0.00000 329.05310 314.40237
0.45799 0.43149 0.00000 338.68271 314.60049
0.54599 0.43149 0.00000 370.83414 315.85129
0.57248 0.43149 0.00000 380.52350 316.26904
0.66048 0.43149 0.00000 412.87451 317.39603
0.00000 0.45799 0.00000 173.65491 298.79248
0.08800 0.45799 0.00000 205.35176 299.89529
0.11450 0.45799 0.00000 214.74828 300.38809
0.20250 0.45799 0.00000 246.52388 301.44125
0.22899 0.45799 0.00000 255.96605 301.83090
0.31699 0.45799 0.00000 287.79599 303.05084
0.34349 0.45799 0.00000 297.46555 303.41763
0.43149 0.45799 0.00000 329.38547 304.55777
0.45799 0.45799 0.00000 338.89536 304.93344
0.54599 0.45799 0.00000 371.10767 306.18491
0.57248 0.45799 0.00000 380.61896 306.45380
0.66048 0.45799 0.00000 412.89227 307.55438
0.00000 0.54599 0.00000 176.50548 267.16373
0.08800 0.54599 0.00000 207.66830 268.35449
0.11450 0.54599 0.00000 217.08499 268.50916
0.20250 0.54599 0.00000 248.42973 269.62692
0.22899 0.54599 0.00000 257.82483 270.03143
0.31699 0.54599 0.00000 289.33124 271.22620
0.34349 0.54599 0.00000 298.68161 271.47046
0.43149 0.54599 0.00000 330.44083 272.58002
0.45799 0.54599 0.00000 339.81290 272.93683
0.54599 0.54599 0.00000 371.53110 274.07510
0.57248 0.54599 0.00000 381.22412 274.40506
0.66048 0.54599 0.00000 413.03036 275.45749
0.00000 0.57248 0.00000 177.32860 257.71637
0.08800 0.57248 0.00000 208.42842 258.82706
0.11450 0.57248 0.00000 217.73152 259.30649
0.20250 0.57248 0.00000 248.97534 260.30170
0.22899 0.57248 0.00000 258.39978 260.62692
0.31699 0.57248 0.00000 289.67062 261.68701
0.34349 0.57248 0.00000 299.22760 262.09381
0.43149 0.57248 0.00000 330.65057 263.18692
0.45799 0.57248 0.00000 340.20660 263.48801
0.54599 0.57248 0.00000 371.73639 264.54645
0.57248 0.57248 0.00000 381.28659 264.83875
0.66048 0.57248 0.00000 412.99011 265.94153
0.00000 0.66048 0.00000 179.86998 226.91502
0.08800 0.66048 0.00000 210.72922 228.03133
0.11450 0.66048 0.00000 219.97139 228.39186
0.20250 0.66048 0.00000 250.81831 229.45447
0.22899 0.66048 0.00000 260.22949 229.58295
0.31699 0.66048 0.00000 291.22720 230.60306
0.34349 0.66048 0.00000 300.50787 230.95607
0.43149 0.66048 0.00000 331.60959 231.95326
0.45799 0.66048 0.00000 341.09845 232.35025
0.54599 0.66048 0.00000 372.34262 233.36931
0.57248 0.66048 0.00000 381.68152 233.61620
0.66048 0.66048 0.00000 413.19696 234.60938

gimbalangles:
0.0 -0.349065850399 -0.436332312999 

end: