T_CW:
0.8780160610 0.3852623527 -0.2840083032 -0.0922615028
0.3647233324 -0.9227907246 -0.1242343326 0.3143851778
-0.3099430391 0.0054952846 -0.9507392462 1.3766571399
0.0000000000 0.0000000000 0.0000000000 1.0000000000

T_CW_cov:

target_points_pix:
0.00000 0.00000 0.00000 570.55151 603.49872
0.08800 0.00000 0.00000 632.55139 635.05920
0.11450 0.00000 0.00000 651.64258 644.79846
0.20250 0.00000 0.00000 716.90594 677.95447
0.00000 0.08800 0.00000 598.12506 538.31964
0.08800 0.08800 0.00000 660.57202 568.31006
0.11450 0.08800 0.00000 679.96393 577.60089
0.20250 0.08800 0.00000 745.74780 609.42108
0.00000 0.11450 0.00000 606.29907 518.54480
0.08800 0.11450 0.00000 668.89844 548.42798
0.11450 0.11450 0.00000 688.28442 557.54077
0.20250 0.11450 0.00000 754.30627 588.87585
0.22899 0.11450 0.00000 774.79913 598.54346
0.31699 0.11450 0.00000 844.49573 631.60901
0.34349 0.11450 0.00000 866.06726 641.77301
0.00000 0.20250 0.00000 633.47198 453.30841
0.08800 0.20250 0.00000 696.69788 481.82019
0.11450 0.20250 0.00000 716.22675 490.52231
0.20250 0.20250 0.00000 782.77734 520.42804
0.22899 0.20250 0.00000 803.45111 529.71991
0.31699 0.20250 0.00000 873.60406 561.32013
0.34349 0.20250 0.00000 895.50970 571.22583
0.43149 0.20250 0.00000 969.72174 604.49878
0.00000 0.22899 0.00000 641.68170 433.67868
0.08800 0.22899 0.00000 704.95068 461.73959
0.11450 0.22899 0.00000 724.53589 470.44461
0.20250 0.22899 0.00000 791.32086 499.86353
0.22899 0.22899 0.00000 812.07214 509.17221
0.31699 0.22899 0.00000 882.52698 540.28149
0.34349 0.22899 0.00000 904.36444 549.93250
0.43149 0.22899 0.00000 978.71655 582.68634
0.45799 0.22899 0.00000 1001.96332 592.85815
0.54599 0.22899 0.00000 1080.94568 627.80670
0.57248 0.22899 0.00000 1105.46460 638.57727
0.66048 0.22899 0.00000 1189.37036 675.62994
0.00000 0.31699 0.00000 668.83209 368.54282
0.08800 0.31699 0.00000 732.63434 395.26831
0.11450 0.31699 0.00000 752.35529 403.44650
0.20250 0.31699 0.00000 819.76691 431.57184
0.22899 0.31699 0.00000 840.63678 440.32285
0.31699 0.31699 0.00000 911.80914 470.07355
0.34349 0.31699 0.00000 933.76648 479.17508
0.43149 0.31699 0.00000 1009.01831 510.55090
0.45799 0.31699 0.00000 1032.28003 520.21619
0.54599 0.31699 0.00000 1111.83032 553.36401
0.57248 0.31699 0.00000 1136.64990 563.63025
0.66048 0.31699 0.00000 1221.51685 598.90894
0.00000 0.34349 0.00000 676.98511 348.85168
0.08800 0.34349 0.00000 740.93378 375.28491
0.11450 0.34349 0.00000 760.71582 383.33524
0.20250 0.34349 0.00000 828.42639 411.04977
0.22899 0.34349 0.00000 849.34106 419.63242
0.31699 0.34349 0.00000 920.60767 448.84341
0.34349 0.34349 0.00000 942.75745 457.83243
0.43149 0.34349 0.00000 1017.95477 488.74802
0.45799 0.34349 0.00000 1041.26282 498.25220
0.54599 0.34349 0.00000 1121.19812 530.92438
0.57248 0.34349 0.00000 1145.85498 541.14471
0.66048 0.34349 0.00000 1230.87793 575.71899
0.00000 0.43149 0.00000 704.10541 283.75827
0.08800 0.43149 0.00000 768.75336 308.69736
0.11450 0.43149 0.00000 788.83978 316.36960
0.20250 0.43149 0.00000 856.93787 342.73032
0.22899 0.43149 0.00000 878.06409 350.81302
0.31699 0.43149 0.00000 949.82892 378.56067
0.34349 0.43149 0.00000 972.17938 387.16660
0.43149 0.43149 0.00000 1047.98523 416.44110
0.45799 0.43149 0.00000 1071.57422 425.46417
0.54599 0.43149 0.00000 1152.18408 456.53061
0.57248 0.43149 0.00000 1177.37378 466.18204
0.00000 0.45799 0.00000 712.32788 264.11176
0.08800 0.45799 0.00000 777.23358 288.74060
0.11450 0.45799 0.00000 797.20764 296.31970
0.20250 0.45799 0.00000 865.50403 322.13525
0.22899 0.45799 0.00000 886.53192 330.16254
0.31699 0.45799 0.00000 958.72839 357.42444
0.34349 0.45799 0.00000 980.99774 365.82382
0.43149 0.45799 0.00000 1057.18665 394.72211
0.45799 0.45799 0.00000 1080.81445 403.59589
0.54599 0.45799 0.00000 1161.44727 434.00549
0.00000 0.54599 0.00000 739.60614 199.02797
0.08800 0.54599 0.00000 804.83960 222.32298
0.11450 0.54599 0.00000 825.24634 229.45491
0.20250 0.54599 0.00000 893.98346 253.97485
0.22899 0.54599 0.00000 915.42859 261.42050
0.31699 0.54599 0.00000 987.91370 287.29831
0.34349 0.54599 0.00000 1010.48816 295.24664
0.43149 0.54599 0.00000 1087.33667 322.50717
0.45799 0.54599 0.00000 1111.08289 330.95267
0.54599 0.54599 0.00000 1192.57678 359.67438
0.00000 0.57248 0.00000 747.63757 179.36864
0.08800 0.57248 0.00000 813.36298 202.27751
0.11450 0.57248 0.00000 833.53973 209.35678
0.20250 0.57248 0.00000 902.58673 233.41049
0.22899 0.57248 0.00000 924.02234 240.75534
0.31699 0.57248 0.00000 996.82892 266.09479
0.34349 0.57248 0.00000 1019.44446 274.05991
0.43149 0.57248 0.00000 1096.38452 300.80283
0.45799 0.57248 0.00000 1120.11877 309.07541
0.54599 0.57248 0.00000 1201.81396 337.41098
0.00000 0.66048 0.00000 775.07355 113.94571
0.08800 0.66048 0.00000 841.11816 135.68300
0.11450 0.66048 0.00000 861.48358 142.36955
0.20250 0.66048 0.00000 931.14319 165.10666
0.22899 0.66048 0.00000 952.61273 172.06905
0.31699 0.66048 0.00000 1026.13086 195.85660
0.34349 0.66048 0.00000 1048.77258 203.30989
0.45799 0.66048 0.00000 1150.35474 236.23419

gimbalangles:
0.0 -0.349065850399 -0.261799387799 

end: