T_CW:
0.9988102775 0.0413634456 -0.0258281793 -0.5246766368
0.0364858935 -0.9852875118 -0.1669649623 0.6411300543
-0.0323544287 0.1658239562 -0.9856244754 1.2037434841
0.0000000000 0.0000000000 0.0000000000 1.0000000000

T_CW_cov:

target_points_pix:
0.08800 0.11450 0.00000 148.27629 441.53738
0.11450 0.11450 0.00000 158.34010 442.04074
0.20250 0.11450 0.00000 191.81351 443.64120
0.31699 0.11450 0.00000 235.49002 445.59741
0.34349 0.11450 0.00000 245.37784 446.27185
0.43149 0.11450 0.00000 279.13742 447.88596
0.45799 0.11450 0.00000 288.98090 448.47244
0.54599 0.11450 0.00000 322.87411 450.29266
0.57248 0.11450 0.00000 333.07016 450.59717
0.66048 0.11450 0.00000 367.24890 452.58353
0.00000 0.20250 0.00000 118.82726 404.66415
0.08800 0.20250 0.00000 151.77892 406.48624
0.11450 0.20250 0.00000 161.76929 406.56329
0.20250 0.20250 0.00000 194.72244 408.27933
0.22899 0.20250 0.00000 204.61945 408.47516
0.31699 0.20250 0.00000 237.82936 410.18637
0.34349 0.20250 0.00000 247.79471 410.56723
0.43149 0.20250 0.00000 280.79706 412.29510
0.45799 0.20250 0.00000 290.95050 412.70172
0.54599 0.20250 0.00000 324.34131 414.43314
0.57248 0.20250 0.00000 334.31030 414.81421
0.66048 0.20250 0.00000 367.69156 416.53769
0.08800 0.22899 0.00000 152.78557 395.78525
0.11450 0.22899 0.00000 162.66576 396.51965
0.22899 0.22899 0.00000 205.54555 398.28738
0.31699 0.22899 0.00000 238.44975 399.62030
0.34349 0.22899 0.00000 248.40346 400.17685
0.43149 0.22899 0.00000 281.52020 401.64899
0.45799 0.22899 0.00000 291.23508 402.24460
0.54599 0.22899 0.00000 324.53470 403.87500
0.57248 0.22899 0.00000 334.54782 404.40372
0.66048 0.22899 0.00000 368.00064 406.07941
0.00000 0.31699 0.00000 123.59175 360.28000
0.08800 0.31699 0.00000 156.23274 361.71762
0.11450 0.31699 0.00000 165.91211 361.98071
0.20250 0.31699 0.00000 198.40674 363.64035
0.31699 0.31699 0.00000 240.62491 365.41983
0.34349 0.31699 0.00000 250.44287 365.73730
0.43149 0.31699 0.00000 283.07480 367.44766
0.45799 0.31699 0.00000 292.84134 367.72528
0.54599 0.31699 0.00000 325.69946 369.36084
0.57248 0.31699 0.00000 335.56256 369.78671
0.66048 0.31699 0.00000 368.58170 371.31085
0.00000 0.34349 0.00000 124.64799 350.44940
0.08800 0.34349 0.00000 157.19635 351.50830
0.11450 0.34349 0.00000 166.89162 352.07681
0.20250 0.34349 0.00000 199.25256 353.30865
0.22899 0.34349 0.00000 208.91780 353.78024
0.31699 0.34349 0.00000 241.34244 355.27383
0.34349 0.34349 0.00000 251.00026 355.65277
0.43149 0.34349 0.00000 283.56314 357.24823
0.45799 0.34349 0.00000 293.38812 357.79901
0.54599 0.34349 0.00000 326.10248 359.23483
0.57248 0.34349 0.00000 335.91650 359.50900
0.66048 0.34349 0.00000 368.95648 361.11688
0.00000 0.43149 0.00000 128.40906 317.23624
0.08800 0.43149 0.00000 160.44710 318.70081
0.11450 0.43149 0.00000 170.08992 318.98370
0.20250 0.43149 0.00000 201.91557 320.43872
0.22899 0.43149 0.00000 211.42245 320.60190
0.31699 0.43149 0.00000 243.42554 322.26523
0.34349 0.43149 0.00000 252.96021 322.52014
0.43149 0.43149 0.00000 285.30029 323.88895
0.45799 0.43149 0.00000 294.86343 324.39682
0.54599 0.43149 0.00000 327.36432 325.68558
0.57248 0.43149 0.00000 337.02841 326.14941
0.66048 0.43149 0.00000 369.59311 327.46014
0.00000 0.45799 0.00000 129.45844 307.60391
0.08800 0.45799 0.00000 161.35326 308.68341
0.11450 0.45799 0.00000 170.83890 309.37338
0.20250 0.45799 0.00000 202.70753 310.43417
0.22899 0.45799 0.00000 212.17307 310.80206
0.31699 0.45799 0.00000 243.92570 312.29224
0.34349 0.45799 0.00000 253.65120 312.73480
0.43149 0.45799 0.00000 285.60242 314.06375
0.45799 0.45799 0.00000 295.40652 314.50977
0.54599 0.45799 0.00000 327.57782 315.75632
0.57248 0.45799 0.00000 337.44769 316.22586
0.66048 0.45799 0.00000 369.83368 317.56186
0.00000 0.54599 0.00000 132.79292 275.53680
0.08800 0.54599 0.00000 164.56827 276.82281
0.11450 0.54599 0.00000 173.81406 277.20239
0.20250 0.54599 0.00000 205.32390 278.51010
0.22899 0.54599 0.00000 214.69176 278.77243
0.31699 0.54599 0.00000 246.21449 280.13953
0.34349 0.54599 0.00000 255.51691 280.47440
0.43149 0.54599 0.00000 287.35681 281.66043
0.45799 0.54599 0.00000 296.84064 282.01276
0.54599 0.54599 0.00000 328.80325 283.38181
0.57248 0.54599 0.00000 338.44540 283.69452
0.66048 0.54599 0.00000 370.51785 284.85745
0.00000 0.57248 0.00000 133.88716 266.37766
0.08800 0.57248 0.00000 165.35416 267.40024
0.11450 0.57248 0.00000 174.72549 267.78326
0.20250 0.57248 0.00000 206.11111 268.86884
0.22899 0.57248 0.00000 215.43102 269.41437
0.31699 0.57248 0.00000 246.71971 270.48761
0.34349 0.57248 0.00000 256.19040 270.90024
0.43149 0.57248 0.00000 287.82126 272.20853
0.45799 0.57248 0.00000 297.35049 272.60413
0.54599 0.57248 0.00000 329.20697 273.66467
0.57248 0.57248 0.00000 338.69153 274.06479
0.66048 0.57248 0.00000 370.67786 275.37775
0.00000 0.66048 0.00000 137.24994 235.20370
0.08800 0.66048 0.00000 168.27721 236.46671
0.11450 0.66048 0.00000 177.67824 236.67363
0.20250 0.66048 0.00000 208.60027 237.88130
0.22899 0.66048 0.00000 217.74767 238.23248
0.31699 0.66048 0.00000 248.88446 239.26741
0.34349 0.66048 0.00000 258.21097 239.61469
0.43149 0.66048 0.00000 289.50385 240.76234
0.45799 0.66048 0.00000 298.85715 241.08284
0.54599 0.66048 0.00000 330.33426 242.28270
0.57248 0.66048 0.00000 339.78427 242.51462
0.66048 0.66048 0.00000 371.43362 243.65721

gimbalangles:
0.0 -0.349065850399 -0.261799387799 

end: