T_CW:
0.9991003866 0.0369888143 -0.0207423487 -0.4116920452
0.0331459532 -0.9862141416 -0.1621203646 0.6367172811
-0.0264530376 0.1612869940 -0.9865529597 1.2042108126
0.0000000000 0.0000000000 0.0000000000 1.0000000000

T_CW_cov:

target_points_pix:
0.00000 0.11450 0.00000 162.29811 429.59073
0.08800 0.11450 0.00000 195.40427 430.86383
0.11450 0.11450 0.00000 205.15614 431.45441
0.20250 0.11450 0.00000 238.51907 432.85257
0.22899 0.11450 0.00000 248.35077 433.32404
0.31699 0.11450 0.00000 281.61963 434.73825
0.34349 0.11450 0.00000 291.59293 435.28424
0.43149 0.11450 0.00000 325.19312 436.69632
0.54599 0.11450 0.00000 368.76080 438.55252
0.57248 0.11450 0.00000 378.69263 439.07370
0.66048 0.11450 0.00000 412.56012 440.59299
0.00000 0.20250 0.00000 165.35869 394.86926
0.08800 0.20250 0.00000 197.91116 396.30286
0.11450 0.20250 0.00000 207.74095 396.52051
0.20250 0.20250 0.00000 240.53525 397.97049
0.22899 0.20250 0.00000 250.49463 398.32703
0.31699 0.20250 0.00000 283.31958 399.74429
0.34349 0.20250 0.00000 293.24677 400.26556
0.43149 0.20250 0.00000 326.19485 401.46024
0.45799 0.20250 0.00000 336.15463 401.94543
0.54599 0.20250 0.00000 369.22711 403.36234
0.57248 0.20250 0.00000 379.36914 403.73889
0.66048 0.20250 0.00000 412.50226 405.24628
0.00000 0.22899 0.00000 166.19946 384.61310
0.08800 0.22899 0.00000 198.71794 385.96069
0.11450 0.22899 0.00000 208.52231 386.41043
0.20250 0.22899 0.00000 241.27539 387.59946
0.22899 0.22899 0.00000 251.09071 388.07828
0.31699 0.22899 0.00000 283.72867 389.39233
0.34349 0.22899 0.00000 293.53421 389.71609
0.43149 0.22899 0.00000 326.51059 391.24030
0.45799 0.22899 0.00000 336.38113 391.61856
0.54599 0.22899 0.00000 369.43555 392.98074
0.57248 0.22899 0.00000 379.35709 393.37317
0.66048 0.22899 0.00000 412.60132 394.76648
0.00000 0.31699 0.00000 169.07863 350.92267
0.08800 0.31699 0.00000 201.30827 352.27185
0.11450 0.31699 0.00000 210.97655 352.55804
0.20250 0.31699 0.00000 243.32237 353.81702
0.22899 0.31699 0.00000 253.07065 354.34692
0.31699 0.31699 0.00000 285.38934 355.56244
0.34349 0.31699 0.00000 295.15216 355.93277
0.43149 0.31699 0.00000 327.60742 357.27081
0.45799 0.31699 0.00000 337.46359 357.58282
0.54599 0.31699 0.00000 370.12311 358.87216
0.57248 0.31699 0.00000 379.90991 359.30453
0.66048 0.31699 0.00000 412.60416 360.53775
0.00000 0.34349 0.00000 169.89246 341.09390
0.08800 0.34349 0.00000 202.20000 342.25964
0.11450 0.34349 0.00000 211.66753 342.60861
0.20250 0.34349 0.00000 243.91150 343.86786
0.22899 0.34349 0.00000 253.58685 344.34149
0.31699 0.34349 0.00000 285.81433 345.50348
0.34349 0.34349 0.00000 295.50177 345.99292
0.43149 0.34349 0.00000 327.92850 347.31323
0.45799 0.34349 0.00000 337.68677 347.61887
0.54599 0.34349 0.00000 370.26389 348.85312
0.57248 0.34349 0.00000 379.99582 349.23044
0.66048 0.34349 0.00000 412.68600 350.52072
0.00000 0.43149 0.00000 172.82526 308.40799
0.08800 0.43149 0.00000 204.59290 309.51340
0.11450 0.43149 0.00000 214.13763 309.81384
0.20250 0.43149 0.00000 245.90466 311.23209
0.22899 0.43149 0.00000 255.51279 311.43521
0.31699 0.43149 0.00000 287.39902 312.65347
0.34349 0.43149 0.00000 296.99469 313.15720
0.43149 0.43149 0.00000 329.02057 314.36389
0.45799 0.43149 0.00000 338.61890 314.60019
0.54599 0.43149 0.00000 370.80859 315.81223
0.57248 0.43149 0.00000 380.53818 316.26648
0.66048 0.43149 0.00000 412.90918 317.36963
0.00000 0.45799 0.00000 173.65030 298.74817
0.08800 0.45799 0.00000 205.41942 299.87570
0.11450 0.45799 0.00000 214.77823 300.32834
0.20250 0.45799 0.00000 246.53717 301.41592
0.22899 0.45799 0.00000 255.98010 301.79843
0.31699 0.45799 0.00000 287.81845 303.06268
0.34349 0.45799 0.00000 297.46887 303.45834
0.43149 0.45799 0.00000 329.36749 304.58624
0.45799 0.45799 0.00000 338.91663 304.92188
0.54599 0.45799 0.00000 371.10999 306.16721
0.57248 0.45799 0.00000 380.62796 306.44702
0.66048 0.45799 0.00000 412.86279 307.56036
0.00000 0.54599 0.00000 176.44334 267.11169
0.08800 0.54599 0.00000 207.71622 268.31812
0.11450 0.54599 0.00000 217.10901 268.51248
0.20250 0.54599 0.00000 248.43843 269.60583
0.22899 0.54599 0.00000 257.78323 270.05682
0.31699 0.54599 0.00000 289.38113 271.20532
0.34349 0.54599 0.00000 298.67007 271.48422
0.43149 0.54599 0.00000 330.44797 272.55402
0.45799 0.54599 0.00000 339.82153 272.92349
0.54599 0.54599 0.00000 371.53125 274.06113
0.57248 0.54599 0.00000 381.24954 274.37592
0.66048 0.54599 0.00000 413.02783 275.44205
0.00000 0.57248 0.00000 177.29185 257.74365
0.08800 0.57248 0.00000 208.48314 258.72266
0.11450 0.57248 0.00000 217.71710 259.27896
0.20250 0.57248 0.00000 249.03035 260.31766
0.22899 0.57248 0.00000 258.37552 260.61288
0.31699 0.57248 0.00000 289.66135 261.67078
0.34349 0.57248 0.00000 299.18039 262.06879
0.43149 0.57248 0.00000 330.64450 263.19647
0.45799 0.57248 0.00000 340.28458 263.47369
0.54599 0.57248 0.00000 371.70761 264.57001
0.57248 0.57248 0.00000 381.32205 264.82425
0.66048 0.57248 0.00000 413.19592 265.93005
0.00000 0.66048 0.00000 179.85640 226.86121
0.08800 0.66048 0.00000 210.68016 228.12096
0.11450 0.66048 0.00000 220.03622 228.41794
0.20250 0.66048 0.00000 250.78378 229.46548
0.22899 0.66048 0.00000 260.20026 229.59198
0.31699 0.66048 0.00000 291.22775 230.62491
0.34349 0.66048 0.00000 300.48370 230.95383
0.43149 0.66048 0.00000 331.58862 231.97414
0.45799 0.66048 0.00000 341.13663 232.37480
0.54599 0.66048 0.00000 372.35980 233.38542
0.57248 0.66048 0.00000 381.68381 233.62231
0.66048 0.66048 0.00000 413.21448 234.62735

gimbalangles:
0.0 -0.349065850399 -0.261799387799 

end: