T_CW:
0.9149583792 0.3845876061 -0.1222437626 -0.3244427941
0.3795158946 -0.9230164364 -0.0633114827 0.2294018618
-0.1371818137 0.0115339207 -0.9904787321 1.3570603867
0.0000000000 0.0000000000 0.0000000000 1.0000000000

T_CW_cov:

target_points_pix:
0.20250 0.00000 0.00000 528.94757 605.75671
0.22899 0.00000 0.00000 548.87512 615.04370
0.31699 0.00000 0.00000 615.84454 645.74591
0.34349 0.00000 0.00000 636.26605 655.03046
0.43149 0.00000 0.00000 705.07196 686.57416
0.00000 0.08800 0.00000 408.34756 471.41806
0.08800 0.08800 0.00000 472.54047 499.85922
0.11450 0.08800 0.00000 492.04333 508.55032
0.20250 0.08800 0.00000 557.61572 537.82605
0.22899 0.08800 0.00000 577.53729 546.81653
0.31699 0.08800 0.00000 644.66077 576.82214
0.34349 0.08800 0.00000 665.15924 586.08905
0.43149 0.08800 0.00000 733.92413 616.63336
0.00000 0.11450 0.00000 416.70703 451.49374
0.08800 0.11450 0.00000 480.86453 479.78967
0.11450 0.11450 0.00000 500.33023 488.60898
0.20250 0.11450 0.00000 565.99756 517.53906
0.22899 0.11450 0.00000 586.01660 526.43231
0.31699 0.11450 0.00000 653.19708 556.27155
0.34349 0.11450 0.00000 673.63739 565.21826
0.43149 0.11450 0.00000 742.58826 595.72955
0.45799 0.11450 0.00000 763.56506 605.08752
0.54599 0.11450 0.00000 834.25031 636.27820
0.66048 0.11450 0.00000 928.31885 677.74323
0.00000 0.20250 0.00000 444.42715 385.40701
0.08800 0.20250 0.00000 508.71286 413.16830
0.11450 0.20250 0.00000 528.32330 421.57751
0.20250 0.20250 0.00000 594.18732 449.89636
0.22899 0.20250 0.00000 614.23157 458.53082
0.31699 0.20250 0.00000 681.65881 487.68616
0.34349 0.20250 0.00000 702.19354 496.54681
0.43149 0.20250 0.00000 771.34796 526.48682
0.45799 0.20250 0.00000 792.41217 535.54083
0.54599 0.20250 0.00000 863.26855 565.97510
0.57248 0.20250 0.00000 884.86694 575.32373
0.66048 0.20250 0.00000 957.67090 606.56146
0.00000 0.22899 0.00000 452.68451 365.50946
0.08800 0.22899 0.00000 517.10010 393.18283
0.11450 0.22899 0.00000 536.73462 401.49057
0.20250 0.22899 0.00000 602.60730 429.62817
0.22899 0.22899 0.00000 622.67523 438.21484
0.31699 0.22899 0.00000 690.18842 467.21643
0.34349 0.22899 0.00000 710.73883 475.99490
0.43149 0.22899 0.00000 779.76538 505.52344
0.45799 0.22899 0.00000 801.18738 514.71674
0.54599 0.22899 0.00000 871.93707 544.98987
0.57248 0.22899 0.00000 893.60486 554.16174
0.66048 0.22899 0.00000 966.40558 585.33813
0.00000 0.31699 0.00000 480.29037 299.56601
0.08800 0.31699 0.00000 544.92767 326.56946
0.11450 0.31699 0.00000 564.60205 334.73608
0.20250 0.31699 0.00000 630.69196 362.30118
0.22899 0.31699 0.00000 650.89716 370.70456
0.31699 0.31699 0.00000 718.49646 398.92654
0.34349 0.31699 0.00000 739.26648 407.54184
0.43149 0.31699 0.00000 808.61151 436.49817
0.45799 0.31699 0.00000 829.72913 445.25455
0.54599 0.31699 0.00000 900.94440 474.94855
0.57248 0.31699 0.00000 922.68268 483.88602
0.66048 0.31699 0.00000 995.79968 514.32410
0.00000 0.34349 0.00000 488.50208 279.63232
0.08800 0.34349 0.00000 553.33411 306.59567
0.11450 0.34349 0.00000 573.07495 314.66434
0.20250 0.34349 0.00000 639.20026 342.08151
0.22899 0.34349 0.00000 659.32825 350.41064
0.31699 0.34349 0.00000 726.95801 378.42267
0.34349 0.34349 0.00000 747.71124 386.91403
0.43149 0.34349 0.00000 817.29657 415.68018
0.45799 0.34349 0.00000 838.40863 424.42731
0.54599 0.34349 0.00000 909.76764 453.78918
0.57248 0.34349 0.00000 931.44910 462.79202
0.66048 0.34349 0.00000 1004.56061 492.91864
0.00000 0.43149 0.00000 516.18585 213.72861
0.08800 0.43149 0.00000 581.07800 239.99110
0.11450 0.43149 0.00000 600.86505 247.94487
0.20250 0.43149 0.00000 667.24982 274.81757
0.22899 0.43149 0.00000 687.48181 283.02298
0.31699 0.43149 0.00000 755.48273 310.29199
0.34349 0.43149 0.00000 776.21515 318.56796
0.43149 0.43149 0.00000 845.88635 346.60632
0.45799 0.43149 0.00000 867.23083 355.16989
0.54599 0.43149 0.00000 938.70526 383.80045
0.57248 0.43149 0.00000 960.54431 392.52548
0.66048 0.43149 0.00000 1033.99573 422.06107
0.00000 0.45799 0.00000 524.43451 193.93999
0.08800 0.45799 0.00000 589.44763 219.90988
0.11450 0.45799 0.00000 609.24042 227.82733
0.20250 0.45799 0.00000 675.70038 254.46811
0.22899 0.45799 0.00000 696.02173 262.52542
0.31699 0.45799 0.00000 763.98389 289.70938
0.34349 0.45799 0.00000 784.69714 298.03778
0.43149 0.45799 0.00000 854.57275 325.78665
0.45799 0.45799 0.00000 875.93195 334.32358
0.54599 0.45799 0.00000 947.47754 362.78113
0.57248 0.45799 0.00000 969.25995 371.48340
0.66048 0.45799 0.00000 1042.65662 400.69693
0.00000 0.54599 0.00000 551.95251 128.06973
0.08800 0.54599 0.00000 617.18689 153.59976
0.11450 0.54599 0.00000 637.09570 161.41783
0.20250 0.54599 0.00000 703.74451 187.37082
0.22899 0.54599 0.00000 724.13947 195.24658
0.31699 0.54599 0.00000 792.37701 221.71805
0.34349 0.54599 0.00000 813.23895 229.80193
0.43149 0.54599 0.00000 883.20691 256.99454
0.45799 0.54599 0.00000 904.55786 265.21011
0.54599 0.54599 0.00000 976.35333 293.03375
0.57248 0.54599 0.00000 998.25653 301.44492
0.66048 0.54599 0.00000 1071.94006 330.00894
0.00000 0.57248 0.00000 560.24152 108.34858
0.08800 0.57248 0.00000 625.57843 133.75075
0.11450 0.57248 0.00000 645.37170 141.33418
0.22899 0.57248 0.00000 732.55133 174.93170
0.31699 0.57248 0.00000 800.96149 201.25662
0.34349 0.57248 0.00000 821.76819 209.22917
0.43149 0.57248 0.00000 891.69397 236.26276
0.45799 0.57248 0.00000 913.24371 244.40427
0.54599 0.57248 0.00000 985.05035 271.98410
0.57248 0.57248 0.00000 1006.77350 280.43243
0.66048 0.57248 0.00000 1080.71606 308.65826
0.00000 0.66048 0.00000 587.81006 42.55006
0.08800 0.66048 0.00000 653.35956 67.24704
0.11450 0.66048 0.00000 673.28625 74.76548
0.20250 0.66048 0.00000 740.27832 99.88304
0.22899 0.66048 0.00000 760.71539 107.46847
0.31699 0.66048 0.00000 829.22015 133.28047
0.34349 0.66048 0.00000 850.25903 141.05727
0.43149 0.66048 0.00000 920.49780 167.29570
0.45799 0.66048 0.00000 941.87372 175.24905
0.54599 0.66048 0.00000 1013.90674 202.21198
0.57248 0.66048 0.00000 1035.90576 210.33713

gimbalangles:
0.0 -0.349065850399 -0.0872664625997 

end: