T_CW:
0.9222667193 0.3846177259 0.0386432845 -0.5432577991
0.3850137730 -0.9229056445 -0.0030928815 0.1471090879
0.0344745283 0.0177306584 -0.9992482828 1.2964811948
0.0000000000 0.0000000000 0.0000000000 1.0000000000

T_CW_cov:

target_points_pix:
0.08800 0.00000 0.00000 252.15407 504.62241
0.11450 0.00000 0.00000 273.09787 513.22705
0.20250 0.00000 0.00000 342.55426 541.73413
0.22899 0.00000 0.00000 363.46619 550.34814
0.31699 0.00000 0.00000 432.77475 578.77869
0.34349 0.00000 0.00000 453.48395 587.33264
0.43149 0.00000 0.00000 522.58063 615.43237
0.45799 0.00000 0.00000 543.27014 623.85168
0.54599 0.00000 0.00000 611.95978 651.77448
0.57248 0.00000 0.00000 632.57159 659.93787
0.08800 0.08800 0.00000 281.60596 435.33438
0.11450 0.08800 0.00000 302.42041 444.01349
0.20250 0.08800 0.00000 371.88687 472.57639
0.22899 0.08800 0.00000 392.80014 481.09705
0.31699 0.08800 0.00000 461.74680 509.54153
0.34349 0.08800 0.00000 482.54810 518.03046
0.43149 0.08800 0.00000 551.34528 546.27728
0.45799 0.08800 0.00000 571.83374 554.76019
0.54599 0.08800 0.00000 640.34344 582.78363
0.57248 0.08800 0.00000 660.83295 591.30139
0.66048 0.08800 0.00000 729.04480 619.29858
0.00000 0.11450 0.00000 220.69165 385.91614
0.08800 0.11450 0.00000 290.33792 414.70410
0.11450 0.11450 0.00000 311.21057 423.27878
0.20250 0.11450 0.00000 380.64725 451.84692
0.22899 0.11450 0.00000 401.35724 460.44843
0.31699 0.11450 0.00000 470.50577 488.84192
0.34349 0.11450 0.00000 491.20789 497.39441
0.43149 0.11450 0.00000 559.81085 525.61548
0.45799 0.11450 0.00000 580.38873 534.14417
0.54599 0.11450 0.00000 648.81970 562.24017
0.57248 0.11450 0.00000 669.35260 570.61066
0.66048 0.11450 0.00000 737.48120 598.61310
0.00000 0.20250 0.00000 249.76529 316.92914
0.08800 0.20250 0.00000 319.44366 345.76260
0.11450 0.20250 0.00000 340.14468 354.38837
0.20250 0.20250 0.00000 409.43326 383.10809
0.22899 0.20250 0.00000 430.33966 391.68469
0.31699 0.20250 0.00000 499.17075 420.24155
0.34349 0.20250 0.00000 519.76935 428.76004
0.43149 0.20250 0.00000 588.44366 457.15195
0.45799 0.20250 0.00000 608.99603 465.51874
0.54599 0.20250 0.00000 677.08801 493.84067
0.57248 0.20250 0.00000 697.58691 502.17859
0.66048 0.20250 0.00000 765.57666 530.29590
0.00000 0.22899 0.00000 258.46790 296.21069
0.08800 0.22899 0.00000 328.00342 325.09811
0.11450 0.22899 0.00000 348.97946 333.75211
0.20250 0.22899 0.00000 418.09137 362.48178
0.22899 0.22899 0.00000 438.99063 371.06171
0.31699 0.22899 0.00000 507.74423 399.60513
0.34349 0.22899 0.00000 528.38403 408.26627
0.43149 0.22899 0.00000 596.93793 436.53879
0.45799 0.22899 0.00000 617.48737 444.98660
0.54599 0.22899 0.00000 685.67566 473.32068
0.57248 0.22899 0.00000 706.17664 481.73486
0.66048 0.22899 0.00000 773.92114 509.75058
0.00000 0.31699 0.00000 287.62723 227.40393
0.08800 0.31699 0.00000 356.93317 256.37448
0.11450 0.31699 0.00000 377.79593 265.15866
0.20250 0.31699 0.00000 446.90451 293.88748
0.22899 0.31699 0.00000 467.60739 302.57822
0.31699 0.31699 0.00000 536.50208 331.28571
0.34349 0.31699 0.00000 557.16962 339.95062
0.43149 0.31699 0.00000 625.43329 368.34119
0.45799 0.31699 0.00000 645.91687 376.88251
0.54599 0.31699 0.00000 713.84094 405.13025
0.57248 0.31699 0.00000 734.39502 413.59842
0.66048 0.31699 0.00000 802.21704 441.79172
0.00000 0.34349 0.00000 296.42953 206.78030
0.08800 0.34349 0.00000 365.71494 235.76491
0.11450 0.34349 0.00000 386.55148 244.50772
0.20250 0.34349 0.00000 455.51154 273.32605
0.22899 0.34349 0.00000 476.32867 281.99445
0.31699 0.34349 0.00000 545.13129 310.78900
0.34349 0.34349 0.00000 565.60291 319.31970
0.43149 0.34349 0.00000 633.89563 347.77686
0.45799 0.34349 0.00000 654.43134 356.39621
0.54599 0.34349 0.00000 722.41473 384.65579
0.57248 0.34349 0.00000 742.91266 393.15125
0.66048 0.34349 0.00000 810.63806 421.37668
0.00000 0.43149 0.00000 325.36157 138.10393
0.08800 0.43149 0.00000 394.60535 167.24937
0.11450 0.43149 0.00000 415.35986 175.92322
0.20250 0.43149 0.00000 484.39481 205.02516
0.22899 0.43149 0.00000 505.01422 213.58107
0.31699 0.43149 0.00000 573.55579 242.41121
0.34349 0.43149 0.00000 594.18079 251.06621
0.43149 0.43149 0.00000 662.41028 279.71317
0.45799 0.43149 0.00000 682.75586 288.32056
0.54599 0.43149 0.00000 750.71704 316.70605
0.57248 0.43149 0.00000 771.15405 325.22397
0.66048 0.43149 0.00000 838.72552 353.46451
0.00000 0.45799 0.00000 334.07443 117.43467
0.08800 0.45799 0.00000 403.38318 146.72404
0.11450 0.45799 0.00000 424.04990 155.41571
0.20250 0.45799 0.00000 492.89728 184.38927
0.22899 0.45799 0.00000 513.57288 193.03630
0.31699 0.45799 0.00000 582.14484 221.92766
0.34349 0.45799 0.00000 602.75195 230.55646
0.43149 0.45799 0.00000 670.86060 259.26553
0.45799 0.45799 0.00000 691.39667 267.76035
0.54599 0.45799 0.00000 759.28180 296.30685
0.57248 0.45799 0.00000 779.53552 304.71912
0.00000 0.54599 0.00000 363.10577 49.09416
0.08800 0.54599 0.00000 432.19168 78.40554
0.11450 0.54599 0.00000 453.00827 87.17587
0.20250 0.54599 0.00000 521.66132 116.24594
0.22899 0.54599 0.00000 542.31946 125.07680
0.31699 0.54599 0.00000 610.69458 153.83478
0.34349 0.54599 0.00000 631.22986 162.57471
0.43149 0.54599 0.00000 699.21985 191.33849
0.45799 0.54599 0.00000 719.63330 199.83220
0.54599 0.54599 0.00000 787.36285 228.52000
0.57248 0.54599 0.00000 807.55682 237.03409
0.66048 0.54599 0.00000 875.18250 265.41125
0.22899 0.57248 0.00000 550.89441 104.48393
0.31699 0.57248 0.00000 619.21393 133.49490
0.34349 0.57248 0.00000 639.68524 142.10301
0.43149 0.57248 0.00000 707.66052 170.96696
0.45799 0.57248 0.00000 728.14215 179.55101
0.54599 0.57248 0.00000 795.74384 208.11075
0.57248 0.57248 0.00000 816.20477 216.68044
0.66048 0.57248 0.00000 883.51886 245.08498
0.22899 0.66048 0.00000 579.54462 36.62538
0.31699 0.66048 0.00000 647.69019 65.51616
0.34349 0.66048 0.00000 668.21075 74.20918
0.43149 0.66048 0.00000 735.94415 103.10255
0.45799 0.66048 0.00000 756.43878 111.63648
0.54599 0.66048 0.00000 823.90656 140.37790
0.57248 0.66048 0.00000 844.35107 149.09055

gimbalangles:
0.0 -0.349065850399 0.0872664625997 

end: