T_CW:
0.9991064860 0.0369308893 -0.0205508874 -0.4116771086
0.0331217585 -0.9862278316 -0.1620420107 0.6367426308
-0.0262522127 0.1612165424 -0.9865698393 1.2042575778
0.0000000000 0.0000000000 0.0000000000 1.0000000000

T_CW_cov:

target_points_pix:
0.00000 0.11450 0.00000 162.17180 429.59814
0.08800 0.11450 0.00000 195.38553 430.84921
0.11450 0.11450 0.00000 205.20667 431.44345
0.20250 0.11450 0.00000 238.46762 432.81549
0.22899 0.11450 0.00000 248.34731 433.34512
0.31699 0.11450 0.00000 281.61057 434.76004
0.34349 0.11450 0.00000 291.61523 435.30051
0.43149 0.11450 0.00000 325.19092 436.57184
0.45799 0.11450 0.00000 335.13217 437.09036
0.54599 0.11450 0.00000 368.84442 438.52969
0.57248 0.11450 0.00000 378.70975 439.09592
0.66048 0.11450 0.00000 412.58243 440.52670
0.00000 0.20250 0.00000 165.35466 394.88742
0.08800 0.20250 0.00000 197.93088 396.18420
0.11450 0.20250 0.00000 207.75714 396.58600
0.20250 0.20250 0.00000 240.57614 397.94302
0.22899 0.20250 0.00000 250.52240 398.32837
0.31699 0.20250 0.00000 283.29355 399.64456
0.34349 0.20250 0.00000 293.30896 400.13297
0.43149 0.20250 0.00000 326.19836 401.50314
0.45799 0.20250 0.00000 336.16269 401.91684
0.54599 0.20250 0.00000 369.34369 403.43341
0.57248 0.20250 0.00000 379.31418 403.76212
0.66048 0.20250 0.00000 412.47421 405.21439
0.00000 0.22899 0.00000 166.22733 384.58313
0.08800 0.22899 0.00000 198.72940 385.96255
0.11450 0.22899 0.00000 208.54031 386.36011
0.20250 0.22899 0.00000 241.31541 387.54892
0.22899 0.22899 0.00000 251.04964 388.11542
0.31699 0.22899 0.00000 283.77219 389.39246
0.34349 0.22899 0.00000 293.57446 389.78302
0.43149 0.22899 0.00000 326.54132 391.27176
0.45799 0.22899 0.00000 336.40805 391.58377
0.54599 0.22899 0.00000 369.46368 393.00644
0.57248 0.22899 0.00000 379.37286 393.39862
0.66048 0.22899 0.00000 412.53732 394.78003
0.00000 0.31699 0.00000 169.09253 350.92569
0.08800 0.31699 0.00000 201.34184 352.25558
0.11450 0.31699 0.00000 210.95761 352.57437
0.20250 0.31699 0.00000 243.31720 353.80551
0.22899 0.31699 0.00000 253.06010 354.30310
0.31699 0.31699 0.00000 285.44202 355.59131
0.34349 0.31699 0.00000 295.17862 355.88354
0.43149 0.31699 0.00000 327.58414 357.26056
0.45799 0.31699 0.00000 337.46411 357.58670
0.54599 0.31699 0.00000 370.07510 358.84143
0.57248 0.31699 0.00000 379.88895 359.32703
0.66048 0.31699 0.00000 412.67798 360.57031
0.00000 0.34349 0.00000 169.95155 341.10910
0.08800 0.34349 0.00000 202.12325 342.25311
0.11450 0.34349 0.00000 211.67401 342.58252
0.20250 0.34349 0.00000 243.88031 343.87848
0.22899 0.34349 0.00000 253.60127 344.35928
0.31699 0.34349 0.00000 285.80630 345.55215
0.34349 0.34349 0.00000 295.50436 345.97818
0.43149 0.34349 0.00000 327.93478 347.28491
0.45799 0.34349 0.00000 337.65057 347.55630
0.54599 0.34349 0.00000 370.23877 348.85275
0.57248 0.34349 0.00000 380.07910 349.30389
0.66048 0.34349 0.00000 412.66675 350.43820
0.00000 0.43149 0.00000 172.78615 308.40634
0.08800 0.43149 0.00000 204.56232 309.53766
0.11450 0.43149 0.00000 214.15680 309.83536
0.20250 0.43149 0.00000 245.92834 311.20718
0.22899 0.43149 0.00000 255.48666 311.48883
0.31699 0.43149 0.00000 287.41190 312.69168
0.34349 0.43149 0.00000 297.00900 313.18396
0.43149 0.43149 0.00000 329.01331 314.34967
0.45799 0.43149 0.00000 338.64261 314.63431
0.54599 0.43149 0.00000 370.82547 315.79514
0.57248 0.43149 0.00000 380.47919 316.24301
0.66048 0.43149 0.00000 412.83929 317.35129
0.00000 0.45799 0.00000 173.63637 298.79675
0.08800 0.45799 0.00000 205.36058 299.87436
0.11450 0.45799 0.00000 214.76477 300.33633
0.20250 0.45799 0.00000 246.49525 301.42502
0.22899 0.45799 0.00000 255.97433 301.83389
0.31699 0.45799 0.00000 287.80420 303.05811
0.34349 0.45799 0.00000 297.37524 303.44696
0.43149 0.45799 0.00000 329.37872 304.56503
0.45799 0.45799 0.00000 338.96542 304.95389
0.54599 0.45799 0.00000 371.12186 306.20416
0.57248 0.45799 0.00000 380.63354 306.40643
0.66048 0.45799 0.00000 412.88098 307.59982
0.00000 0.54599 0.00000 176.46857 267.12158
0.08800 0.54599 0.00000 207.71307 268.32657
0.11450 0.54599 0.00000 217.09592 268.53772
0.20250 0.54599 0.00000 248.43645 269.61978
0.22899 0.54599 0.00000 257.79672 270.05017
0.31699 0.54599 0.00000 289.27859 271.15884
0.34349 0.54599 0.00000 298.67700 271.47021
0.43149 0.54599 0.00000 330.37057 272.58423
0.45799 0.54599 0.00000 339.84018 273.01788
0.54599 0.54599 0.00000 371.54703 274.04153
0.57248 0.54599 0.00000 381.23441 274.44290
0.66048 0.54599 0.00000 412.93121 275.46475
0.00000 0.57248 0.00000 177.34102 257.73413
0.08800 0.57248 0.00000 208.44505 258.78735
0.11450 0.57248 0.00000 217.74484 259.25436
0.20250 0.57248 0.00000 248.97151 260.32178
0.22899 0.57248 0.00000 258.40103 260.57724
0.31699 0.57248 0.00000 289.65268 261.64911
0.34349 0.57248 0.00000 299.25479 262.08331
0.43149 0.57248 0.00000 330.66296 263.22104
0.45799 0.57248 0.00000 340.23965 263.46906
0.54599 0.57248 0.00000 371.71683 264.55203
0.57248 0.57248 0.00000 381.30127 264.80261
0.66048 0.57248 0.00000 413.00427 265.90317
0.00000 0.66048 0.00000 179.86749 226.87578
0.08800 0.66048 0.00000 210.66382 228.16722
0.11450 0.66048 0.00000 219.99719 228.43942
0.20250 0.66048 0.00000 250.82028 229.41930
0.22899 0.66048 0.00000 260.18964 229.56612
0.31699 0.66048 0.00000 291.21936 230.58441
0.34349 0.66048 0.00000 300.49921 230.98729
0.43149 0.66048 0.00000 331.58829 231.96909
0.45799 0.66048 0.00000 341.08591 232.36926
0.54599 0.66048 0.00000 372.35889 233.33151
0.57248 0.66048 0.00000 381.64850 233.61662
0.66048 0.66048 0.00000 413.27786 234.60663

gimbalangles:
0.0 -0.349065850399 0.0872664625997 

end: