T_CW:
0.9987914555 0.0414605593 -0.0263941350 -0.5247479540
0.0365140998 -0.9854197626 -0.1661764484 0.6412176814
-0.0328990708 0.1650118587 -0.9857427340 1.2042291378
0.0000000000 0.0000000000 0.0000000000 1.0000000000

T_CW_cov:

target_points_pix:
0.00000 0.11450 0.00000 114.91357 439.95435
0.08800 0.11450 0.00000 148.40166 441.46472
0.11450 0.11450 0.00000 158.35620 442.14972
0.20250 0.11450 0.00000 191.88185 443.50720
0.34349 0.11450 0.00000 245.41786 446.29767
0.43149 0.11450 0.00000 279.12073 447.90073
0.45799 0.11450 0.00000 288.99295 448.48340
0.54599 0.11450 0.00000 322.95566 450.26364
0.57248 0.11450 0.00000 332.99951 450.74561
0.66048 0.11450 0.00000 367.14578 452.56055
0.08800 0.20250 0.00000 151.74586 406.42859
0.11450 0.20250 0.00000 161.76636 406.65460
0.20250 0.20250 0.00000 194.77097 408.21396
0.22899 0.20250 0.00000 204.67033 408.55350
0.31699 0.20250 0.00000 237.82993 410.19016
0.34349 0.20250 0.00000 247.72496 410.54050
0.43149 0.20250 0.00000 280.88275 412.39584
0.45799 0.20250 0.00000 290.82153 412.69385
0.54599 0.20250 0.00000 324.24530 414.48438
0.57248 0.20250 0.00000 334.34427 414.88763
0.66048 0.20250 0.00000 367.76138 416.51770
0.00000 0.22899 0.00000 119.84241 394.37775
0.08800 0.22899 0.00000 152.77713 395.73123
0.11450 0.22899 0.00000 162.77472 396.24442
0.20250 0.22899 0.00000 195.61053 397.64035
0.22899 0.22899 0.00000 205.48509 398.33472
0.34349 0.22899 0.00000 248.36627 400.29739
0.43149 0.22899 0.00000 281.40588 401.63214
0.45799 0.22899 0.00000 291.30978 402.34735
0.54599 0.22899 0.00000 324.49561 403.92279
0.57248 0.22899 0.00000 334.49426 404.52744
0.66048 0.22899 0.00000 368.00229 405.98001
0.00000 0.31699 0.00000 123.63077 360.23862
0.08800 0.31699 0.00000 156.07217 361.77402
0.11450 0.31699 0.00000 165.85536 362.09720
0.20250 0.31699 0.00000 198.35829 363.54294
0.31699 0.31699 0.00000 240.71733 365.37555
0.34349 0.31699 0.00000 250.42953 365.85773
0.43149 0.31699 0.00000 283.04092 367.45993
0.45799 0.31699 0.00000 292.78061 367.91995
0.54599 0.31699 0.00000 325.62021 369.38000
0.57248 0.31699 0.00000 335.63272 369.81104
0.66048 0.31699 0.00000 368.68231 371.45816
0.00000 0.34349 0.00000 124.73340 350.23257
0.08800 0.34349 0.00000 157.11385 351.50302
0.11450 0.34349 0.00000 166.96249 352.17322
0.22899 0.34349 0.00000 209.00206 353.85709
0.31699 0.34349 0.00000 241.36258 355.23410
0.34349 0.34349 0.00000 251.03879 355.78918
0.43149 0.34349 0.00000 283.42319 357.30319
0.45799 0.34349 0.00000 293.40286 357.60394
0.54599 0.34349 0.00000 326.19574 359.28186
0.57248 0.34349 0.00000 335.89197 359.52588
0.66048 0.34349 0.00000 368.85767 361.26752
0.00000 0.43149 0.00000 128.41202 317.28839
0.08800 0.43149 0.00000 160.45987 318.60809
0.11450 0.43149 0.00000 169.83589 318.91721
0.20250 0.43149 0.00000 201.88434 320.45999
0.22899 0.43149 0.00000 211.42566 320.60431
0.31699 0.43149 0.00000 243.46733 322.21829
0.34349 0.43149 0.00000 252.96991 322.55896
0.43149 0.43149 0.00000 285.20178 323.90271
0.45799 0.43149 0.00000 294.79919 324.43555
0.54599 0.43149 0.00000 327.34198 325.66846
0.57248 0.43149 0.00000 337.02399 326.14005
0.66048 0.43149 0.00000 369.63617 327.52628
0.00000 0.45799 0.00000 129.31258 307.49042
0.08800 0.45799 0.00000 161.27695 308.70383
0.11450 0.45799 0.00000 170.79942 309.22675
0.20250 0.45799 0.00000 202.67070 310.40277
0.22899 0.45799 0.00000 212.21855 311.02252
0.31699 0.45799 0.00000 244.00238 312.30246
0.34349 0.45799 0.00000 253.61636 312.62613
0.43149 0.45799 0.00000 285.59720 313.98291
0.45799 0.45799 0.00000 295.35849 314.52643
0.54599 0.45799 0.00000 327.56329 315.73770
0.57248 0.45799 0.00000 337.43842 316.14813
0.66048 0.45799 0.00000 369.84238 317.57977
0.00000 0.54599 0.00000 132.92677 275.55377
0.08800 0.54599 0.00000 164.49289 276.96008
0.11450 0.54599 0.00000 173.72841 277.36664
0.20250 0.54599 0.00000 205.30725 278.63174
0.22899 0.54599 0.00000 214.63339 278.77264
0.31699 0.54599 0.00000 246.17746 280.22467
0.34349 0.54599 0.00000 255.59508 280.43713
0.43149 0.54599 0.00000 287.30533 281.68787
0.45799 0.54599 0.00000 296.80060 282.15530
0.54599 0.54599 0.00000 328.76926 283.33350
0.57248 0.54599 0.00000 338.47626 283.63297
0.66048 0.54599 0.00000 370.55563 284.89792
0.00000 0.57248 0.00000 133.91451 266.33249
0.08800 0.57248 0.00000 165.36900 267.35583
0.11450 0.57248 0.00000 174.74406 267.73471
0.20250 0.57248 0.00000 206.01988 268.92090
0.22899 0.57248 0.00000 215.39990 269.44931
0.31699 0.57248 0.00000 246.68071 270.55405
0.34349 0.57248 0.00000 256.18692 270.91962
0.43149 0.57248 0.00000 287.71945 272.22006
0.45799 0.57248 0.00000 297.36612 272.52051
0.54599 0.57248 0.00000 329.24451 273.65668
0.57248 0.57248 0.00000 338.65970 274.14795
0.66048 0.57248 0.00000 370.72287 275.32333
0.00000 0.66048 0.00000 137.26640 235.22113
0.08800 0.66048 0.00000 168.41789 236.56700
0.11450 0.66048 0.00000 177.53906 236.68269
0.20250 0.66048 0.00000 208.57710 237.93674
0.22899 0.66048 0.00000 217.84138 238.28377
0.31699 0.66048 0.00000 248.84299 239.44760
0.34349 0.66048 0.00000 258.20288 239.65747
0.43149 0.66048 0.00000 289.42871 240.77861
0.45799 0.66048 0.00000 298.83011 241.14047
0.54599 0.66048 0.00000 330.33310 242.24722
0.57248 0.66048 0.00000 339.82257 242.55338
0.66048 0.66048 0.00000 371.34442 243.68167

gimbalangles:
0.0 -0.349065850399 0.0872664625997 

end: