T_CW:
0.9991091526 0.0369446791 -0.0203958784 -0.4116402850
0.0331631673 -0.9862437796 -0.1619364429 0.6367147776
-0.0260979981 0.1611157904 -0.9865903895 1.2041294203
0.0000000000 0.0000000000 0.0000000000 1.0000000000

T_CW_cov:

target_points_pix:
0.00000 0.11450 0.00000 162.13663 429.56635
0.08800 0.11450 0.00000 195.43956 430.99597
0.11450 0.11450 0.00000 205.15027 431.47495
0.20250 0.11450 0.00000 238.41463 432.79907
0.22899 0.11450 0.00000 248.38199 433.28220
0.31699 0.11450 0.00000 281.68912 434.77365
0.34349 0.11450 0.00000 291.59033 435.25388
0.54599 0.11450 0.00000 368.79648 438.51834
0.57248 0.11450 0.00000 378.71725 439.05984
0.66048 0.11450 0.00000 412.57172 440.54315
0.00000 0.20250 0.00000 165.35403 394.87619
0.08800 0.20250 0.00000 197.95111 396.30533
0.11450 0.20250 0.00000 207.71489 396.49884
0.20250 0.20250 0.00000 240.52921 397.86990
0.22899 0.20250 0.00000 250.49603 398.34656
0.31699 0.20250 0.00000 283.37656 399.65024
0.34349 0.20250 0.00000 293.30011 400.18295
0.43149 0.20250 0.00000 326.25595 401.54144
0.45799 0.20250 0.00000 336.25150 401.96524
0.54599 0.20250 0.00000 369.35397 403.32584
0.57248 0.20250 0.00000 379.29306 403.69806
0.66048 0.20250 0.00000 412.45566 405.23474
0.00000 0.22899 0.00000 166.08495 384.65204
0.08800 0.22899 0.00000 198.74629 385.92035
0.11450 0.22899 0.00000 208.52037 386.35202
0.20250 0.22899 0.00000 241.30470 387.61108
0.22899 0.22899 0.00000 251.06622 388.13144
0.31699 0.22899 0.00000 283.76837 389.42255
0.34349 0.22899 0.00000 293.58163 389.80872
0.43149 0.22899 0.00000 326.60696 391.26849
0.45799 0.22899 0.00000 336.42361 391.59009
0.54599 0.22899 0.00000 369.47647 392.96497
0.57248 0.22899 0.00000 379.39725 393.34418
0.66048 0.22899 0.00000 412.59259 394.77731
0.00000 0.31699 0.00000 169.12807 350.92264
0.08800 0.31699 0.00000 201.40813 352.34393
0.11450 0.31699 0.00000 210.99706 352.56335
0.20250 0.31699 0.00000 243.38843 353.86249
0.22899 0.31699 0.00000 252.99307 354.30548
0.31699 0.31699 0.00000 285.45074 355.63239
0.34349 0.31699 0.00000 295.18942 355.94516
0.43149 0.31699 0.00000 327.57227 357.35193
0.45799 0.31699 0.00000 337.46832 357.59982
0.54599 0.31699 0.00000 370.08817 358.87173
0.57248 0.31699 0.00000 379.89227 359.31433
0.66048 0.31699 0.00000 412.66913 360.57217
0.00000 0.34349 0.00000 170.02528 341.10822
0.08800 0.34349 0.00000 202.19241 342.27274
0.11450 0.34349 0.00000 211.65410 342.54440
0.20250 0.34349 0.00000 243.88222 343.89493
0.22899 0.34349 0.00000 253.56076 344.33444
0.31699 0.34349 0.00000 285.80624 345.49548
0.34349 0.34349 0.00000 295.53741 346.00323
0.43149 0.34349 0.00000 327.97891 347.27179
0.45799 0.34349 0.00000 337.60898 347.57394
0.54599 0.34349 0.00000 370.33456 348.82520
0.57248 0.34349 0.00000 380.11029 349.23254
0.66048 0.34349 0.00000 412.75531 350.50024
0.00000 0.43149 0.00000 172.78865 308.39526
0.08800 0.43149 0.00000 204.57713 309.53702
0.11450 0.43149 0.00000 214.24442 309.86816
0.20250 0.43149 0.00000 245.84676 311.21957
0.22899 0.43149 0.00000 255.49751 311.47647
0.31699 0.43149 0.00000 287.42639 312.68042
0.34349 0.43149 0.00000 296.92279 313.11807
0.43149 0.43149 0.00000 329.09396 314.36197
0.45799 0.43149 0.00000 338.60172 314.62131
0.54599 0.43149 0.00000 370.82181 315.78717
0.57248 0.43149 0.00000 380.53845 316.25183
0.66048 0.43149 0.00000 412.83917 317.40186
0.00000 0.45799 0.00000 173.66835 298.81476
0.08800 0.45799 0.00000 205.42795 299.80612
0.11450 0.45799 0.00000 214.79234 300.35571
0.20250 0.45799 0.00000 246.53682 301.45804
0.22899 0.45799 0.00000 255.94850 301.79086
0.31699 0.45799 0.00000 287.78464 303.11218
0.34349 0.45799 0.00000 297.44550 303.44431
0.43149 0.45799 0.00000 329.33737 304.59781
0.45799 0.45799 0.00000 338.90485 304.90073
0.54599 0.45799 0.00000 371.07907 306.15097
0.57248 0.45799 0.00000 380.63904 306.47565
0.66048 0.45799 0.00000 412.92786 307.58096
0.00000 0.54599 0.00000 176.52963 267.15082
0.08800 0.54599 0.00000 207.65402 268.30093
0.11450 0.54599 0.00000 217.11935 268.47430
0.20250 0.54599 0.00000 248.45195 269.65744
0.22899 0.54599 0.00000 257.81488 270.03708
0.31699 0.54599 0.00000 289.34912 271.22208
0.34349 0.54599 0.00000 298.68576 271.48920
0.43149 0.54599 0.00000 330.40439 272.58380
0.45799 0.54599 0.00000 339.84677 272.99152
0.54599 0.54599 0.00000 371.57025 274.04935
0.57248 0.54599 0.00000 381.22241 274.41010
0.66048 0.54599 0.00000 413.05389 275.45294
0.00000 0.57248 0.00000 177.27704 257.68915
0.08800 0.57248 0.00000 208.51231 258.79526
0.11450 0.57248 0.00000 217.72308 259.28009
0.20250 0.57248 0.00000 248.97035 260.33511
0.22899 0.57248 0.00000 258.44495 260.60989
0.31699 0.57248 0.00000 289.67596 261.66754
0.34349 0.57248 0.00000 299.16068 262.09082
0.43149 0.57248 0.00000 330.63309 263.20602
0.45799 0.57248 0.00000 340.20685 263.43478
0.54599 0.57248 0.00000 371.74780 264.54498
0.57248 0.57248 0.00000 381.37222 264.79813
0.66048 0.57248 0.00000 413.14688 265.91724
0.00000 0.66048 0.00000 179.85002 226.92717
0.08800 0.66048 0.00000 210.67169 228.03693
0.11450 0.66048 0.00000 219.99149 228.31895
0.20250 0.66048 0.00000 250.85806 229.39635
0.22899 0.66048 0.00000 260.23465 229.57130
0.31699 0.66048 0.00000 291.20831 230.57916
0.34349 0.66048 0.00000 300.56110 230.92560
0.43149 0.66048 0.00000 331.61133 231.95006
0.45799 0.66048 0.00000 341.06500 232.32230
0.54599 0.66048 0.00000 372.38000 233.39963
0.57248 0.66048 0.00000 381.67566 233.61006
0.66048 0.66048 0.00000 413.25348 234.61269

gimbalangles:
0.0 -0.349065850399 0.436332312999 

end: