T_CW:
0.9990978140 0.0370053557 -0.0208365467 -0.4117085636
0.0331373983 -0.9861552354 -0.1624800436 0.6366871528
-0.0265607014 0.1616429875 -0.9864918012 1.2041212584
0.0000000000 0.0000000000 0.0000000000 1.0000000000

T_CW_cov:

target_points_pix:
0.00000 0.11450 0.00000 162.23477 429.54105
0.08800 0.11450 0.00000 195.40135 430.91428
0.11450 0.11450 0.00000 205.20532 431.44150
0.20250 0.11450 0.00000 238.39209 432.82025
0.22899 0.11450 0.00000 248.35455 433.35452
0.31699 0.11450 0.00000 281.62219 434.78210
0.34349 0.11450 0.00000 291.59317 435.28262
0.43149 0.11450 0.00000 325.06186 436.64243
0.45799 0.11450 0.00000 335.07343 437.23135
0.54599 0.11450 0.00000 368.72162 438.62451
0.57248 0.11450 0.00000 378.68311 439.10501
0.66048 0.11450 0.00000 412.52304 440.58157
0.00000 0.20250 0.00000 165.27008 394.84644
0.08800 0.20250 0.00000 197.88609 396.26965
0.11450 0.20250 0.00000 207.80988 396.58533
0.20250 0.20250 0.00000 240.52248 397.90219
0.22899 0.20250 0.00000 250.46989 398.36670
0.31699 0.20250 0.00000 283.31204 399.63934
0.34349 0.20250 0.00000 293.27847 400.15741
0.43149 0.20250 0.00000 326.22992 401.49106
0.45799 0.20250 0.00000 336.21381 401.98752
0.54599 0.20250 0.00000 369.27063 403.39429
0.57248 0.20250 0.00000 379.34653 403.72171
0.66048 0.20250 0.00000 412.51086 405.30951
0.00000 0.22899 0.00000 166.10211 384.62927
0.08800 0.22899 0.00000 198.74103 385.91873
0.11450 0.22899 0.00000 208.47672 386.34753
0.20250 0.22899 0.00000 241.25377 387.60275
0.22899 0.22899 0.00000 251.00304 388.07144
0.31699 0.22899 0.00000 283.78241 389.39368
0.34349 0.22899 0.00000 293.60675 389.82648
0.43149 0.22899 0.00000 326.53955 391.20746
0.45799 0.22899 0.00000 336.47595 391.61301
0.54599 0.22899 0.00000 369.46600 393.00223
0.57248 0.22899 0.00000 379.34595 393.33249
0.66048 0.22899 0.00000 412.61359 394.78909
0.00000 0.31699 0.00000 169.18379 350.93106
0.08800 0.31699 0.00000 201.33847 352.20355
0.11450 0.31699 0.00000 211.03143 352.58099
0.20250 0.31699 0.00000 243.31642 353.77432
0.22899 0.31699 0.00000 253.04013 354.28107
0.31699 0.31699 0.00000 285.45322 355.55930
0.34349 0.31699 0.00000 295.15918 355.91812
0.43149 0.31699 0.00000 327.58859 357.27295
0.45799 0.31699 0.00000 337.40741 357.54059
0.54599 0.31699 0.00000 370.09323 358.87109
0.57248 0.31699 0.00000 379.93164 359.32532
0.66048 0.31699 0.00000 412.63757 360.56555
0.00000 0.34349 0.00000 169.92076 341.11078
0.08800 0.34349 0.00000 202.11807 342.25958
0.11450 0.34349 0.00000 211.68883 342.57544
0.20250 0.34349 0.00000 243.85449 343.89697
0.22899 0.34349 0.00000 253.57935 344.32242
0.31699 0.34349 0.00000 285.85306 345.49930
0.34349 0.34349 0.00000 295.53284 345.98993
0.43149 0.34349 0.00000 327.96539 347.24759
0.45799 0.34349 0.00000 337.62201 347.55295
0.54599 0.34349 0.00000 370.34357 348.81168
0.57248 0.34349 0.00000 380.04184 349.26196
0.66048 0.34349 0.00000 412.67581 350.47833
0.00000 0.43149 0.00000 172.85812 308.47394
0.08800 0.43149 0.00000 204.54581 309.53998
0.11450 0.43149 0.00000 214.15869 309.82932
0.20250 0.43149 0.00000 245.85988 311.17795
0.22899 0.43149 0.00000 255.49586 311.51730
0.31699 0.43149 0.00000 287.39188 312.68195
0.34349 0.43149 0.00000 297.01706 313.15115
0.43149 0.43149 0.00000 329.07074 314.38226
0.45799 0.43149 0.00000 338.61801 314.61285
0.54599 0.43149 0.00000 370.79251 315.83649
0.57248 0.43149 0.00000 380.56635 316.25867
0.66048 0.43149 0.00000 412.85873 317.38464
0.00000 0.45799 0.00000 173.68005 298.79291
0.08800 0.45799 0.00000 205.34958 299.88022
0.11450 0.45799 0.00000 214.79335 300.34097
0.20250 0.45799 0.00000 246.50514 301.42566
0.22899 0.45799 0.00000 255.99448 301.79169
0.31699 0.45799 0.00000 287.80124 303.08093
0.34349 0.45799 0.00000 297.39066 303.40988
0.43149 0.45799 0.00000 329.33298 304.58588
0.45799 0.45799 0.00000 338.91467 304.93970
0.54599 0.45799 0.00000 371.08167 306.18857
0.57248 0.45799 0.00000 380.63202 306.44431
0.66048 0.45799 0.00000 412.89804 307.54510
0.00000 0.54599 0.00000 176.54604 267.19266
0.08800 0.54599 0.00000 207.70508 268.30539
0.11450 0.54599 0.00000 217.18660 268.48486
0.20250 0.54599 0.00000 248.42241 269.64297
0.22899 0.54599 0.00000 257.87546 270.02045
0.31699 0.54599 0.00000 289.30142 271.16348
0.34349 0.54599 0.00000 298.68298 271.46967
0.43149 0.54599 0.00000 330.36346 272.56924
0.45799 0.54599 0.00000 339.82816 272.96048
0.54599 0.54599 0.00000 371.60129 273.98926
0.57248 0.54599 0.00000 381.26724 274.40164
0.66048 0.54599 0.00000 412.90759 275.41052
0.00000 0.57248 0.00000 177.30226 257.73029
0.08800 0.57248 0.00000 208.44051 258.71066
0.11450 0.57248 0.00000 217.75638 259.30542
0.20250 0.57248 0.00000 249.03262 260.31464
0.22899 0.57248 0.00000 258.38181 260.60794
0.31699 0.57248 0.00000 289.64133 261.71597
0.34349 0.57248 0.00000 299.22522 262.12164
0.43149 0.57248 0.00000 330.62985 263.24731
0.45799 0.57248 0.00000 340.25500 263.46832
0.54599 0.57248 0.00000 371.75021 264.54681
0.57248 0.57248 0.00000 381.33981 264.78558
0.66048 0.57248 0.00000 413.05664 265.94019
0.00000 0.66048 0.00000 179.84660 226.91615
0.08800 0.66048 0.00000 210.64394 228.08638
0.11450 0.66048 0.00000 219.98647 228.36732
0.20250 0.66048 0.00000 250.80910 229.42885
0.22899 0.66048 0.00000 260.13638 229.57669
0.31699 0.66048 0.00000 291.24295 230.60062
0.34349 0.66048 0.00000 300.48886 230.96999
0.43149 0.66048 0.00000 331.62296 231.91739
0.45799 0.66048 0.00000 341.13309 232.42622
0.54599 0.66048 0.00000 372.40652 233.36058
0.57248 0.66048 0.00000 381.70853 233.60228
0.66048 0.66048 0.00000 413.19473 234.65657

gimbalangles:
0.0 -0.174532925199 -0.436332312999 

end: