T_CW:
0.9987868574 0.0413790826 -0.0266942885 -0.5246998538
0.0363682634 -0.9853455185 -0.1666480079 0.6412384248
-0.0331988393 0.1654750152 -0.9856550393 1.2041259764
0.0000000000 0.0000000000 0.0000000000 1.0000000000

T_CW_cov:

target_points_pix:
0.08800 0.11450 0.00000 148.45715 441.49084
0.11450 0.11450 0.00000 158.31041 442.15390
0.20250 0.11450 0.00000 191.87053 443.50665
0.22899 0.11450 0.00000 201.68387 444.27481
0.31699 0.11450 0.00000 235.37354 445.61349
0.34349 0.11450 0.00000 245.51785 446.29242
0.43149 0.11450 0.00000 279.21957 447.79062
0.45799 0.11450 0.00000 289.04889 448.55463
0.54599 0.11450 0.00000 322.82605 450.23108
0.57248 0.11450 0.00000 333.13773 450.60339
0.66048 0.11450 0.00000 367.38721 452.55585
0.00000 0.20250 0.00000 118.84477 404.69049
0.08800 0.20250 0.00000 151.83473 406.35059
0.11450 0.20250 0.00000 161.64754 406.64877
0.20250 0.20250 0.00000 194.65977 408.32178
0.22899 0.20250 0.00000 204.69882 408.49698
0.34349 0.20250 0.00000 247.69557 410.53546
0.43149 0.20250 0.00000 280.81168 412.46594
0.45799 0.20250 0.00000 290.88480 412.55807
0.54599 0.20250 0.00000 324.18979 414.47250
0.57248 0.20250 0.00000 334.28857 414.82687
0.66048 0.20250 0.00000 367.72507 416.56296
0.00000 0.22899 0.00000 119.95213 394.57526
0.08800 0.22899 0.00000 153.00374 395.76700
0.11450 0.22899 0.00000 162.68274 396.45837
0.22899 0.22899 0.00000 205.63716 398.24258
0.31699 0.22899 0.00000 238.52040 399.70145
0.34349 0.22899 0.00000 248.32690 400.01154
0.43149 0.22899 0.00000 281.37158 401.62103
0.45799 0.22899 0.00000 291.35623 402.33643
0.54599 0.22899 0.00000 324.52820 403.97491
0.57248 0.22899 0.00000 334.56116 404.40799
0.66048 0.22899 0.00000 368.07727 406.14594
0.08800 0.31699 0.00000 156.20554 361.76099
0.11450 0.31699 0.00000 165.89801 362.06543
0.20250 0.31699 0.00000 198.47758 363.50873
0.22899 0.31699 0.00000 208.13263 363.78107
0.31699 0.31699 0.00000 240.64482 365.43372
0.34349 0.31699 0.00000 250.32021 366.00299
0.43149 0.31699 0.00000 283.03766 367.57162
0.45799 0.31699 0.00000 292.80603 367.92307
0.54599 0.31699 0.00000 325.79193 369.44507
0.57248 0.31699 0.00000 335.58771 369.84485
0.66048 0.31699 0.00000 368.63510 371.42242
0.00000 0.34349 0.00000 124.76928 350.41287
0.08800 0.34349 0.00000 157.22302 351.57864
0.11450 0.34349 0.00000 166.77835 352.19193
0.20250 0.34349 0.00000 199.26131 353.30927
0.22899 0.34349 0.00000 208.89026 353.91776
0.31699 0.34349 0.00000 241.33255 355.31479
0.34349 0.34349 0.00000 250.99544 355.68237
0.43149 0.34349 0.00000 283.50247 357.38052
0.45799 0.34349 0.00000 293.32056 357.66632
0.54599 0.34349 0.00000 326.06674 359.30374
0.57248 0.34349 0.00000 335.91537 359.53259
0.66048 0.34349 0.00000 368.88892 361.27856
0.00000 0.43149 0.00000 128.37584 317.25830
0.08800 0.43149 0.00000 160.35643 318.68842
0.11450 0.43149 0.00000 169.97243 318.92612
0.20250 0.43149 0.00000 201.91415 320.42520
0.22899 0.43149 0.00000 211.36893 320.71304
0.31699 0.43149 0.00000 243.43390 322.22870
0.34349 0.43149 0.00000 252.91946 322.58130
0.43149 0.43149 0.00000 285.21381 323.87238
0.45799 0.43149 0.00000 294.87375 324.39392
0.54599 0.43149 0.00000 327.35840 325.69199
0.57248 0.43149 0.00000 337.03085 326.10718
0.66048 0.43149 0.00000 369.63907 327.49594
0.00000 0.45799 0.00000 129.43024 307.58569
0.08800 0.45799 0.00000 161.37860 308.80859
0.11450 0.45799 0.00000 170.92125 309.37823
0.20250 0.45799 0.00000 202.73073 310.41721
0.22899 0.45799 0.00000 212.29045 310.94092
0.31699 0.45799 0.00000 243.93245 312.34903
0.34349 0.45799 0.00000 253.57306 312.65445
0.43149 0.45799 0.00000 285.69727 314.03162
0.45799 0.45799 0.00000 295.34390 314.48865
0.54599 0.45799 0.00000 327.66678 315.71506
0.57248 0.45799 0.00000 337.45764 316.24841
0.66048 0.45799 0.00000 369.85196 317.53436
0.00000 0.54599 0.00000 132.86366 275.48611
0.08800 0.54599 0.00000 164.54965 277.04077
0.11450 0.54599 0.00000 173.89352 277.14102
0.20250 0.54599 0.00000 205.29558 278.52615
0.22899 0.54599 0.00000 214.66975 278.76074
0.31699 0.54599 0.00000 246.19617 280.09195
0.34349 0.54599 0.00000 255.49525 280.48868
0.43149 0.54599 0.00000 287.34222 281.65744
0.45799 0.54599 0.00000 296.81772 282.03018
0.54599 0.54599 0.00000 328.71973 283.29025
0.57248 0.54599 0.00000 338.48077 283.66824
0.66048 0.54599 0.00000 370.53848 284.90640
0.00000 0.57248 0.00000 133.85846 266.34671
0.08800 0.57248 0.00000 165.38068 267.33688
0.11450 0.57248 0.00000 174.73859 267.72348
0.20250 0.57248 0.00000 206.09561 268.90179
0.22899 0.57248 0.00000 215.49146 269.49579
0.31699 0.57248 0.00000 246.74950 270.51025
0.34349 0.57248 0.00000 256.20721 270.86893
0.43149 0.57248 0.00000 287.77417 272.14267
0.45799 0.57248 0.00000 297.38422 272.53827
0.54599 0.57248 0.00000 329.26459 273.67142
0.57248 0.57248 0.00000 338.71762 274.09995
0.66048 0.57248 0.00000 370.66418 275.38077
0.00000 0.66048 0.00000 137.35893 235.27786
0.08800 0.66048 0.00000 168.41443 236.60818
0.11450 0.66048 0.00000 177.58029 236.74008
0.20250 0.66048 0.00000 208.56755 237.94951
0.22899 0.66048 0.00000 217.75851 238.33510
0.31699 0.66048 0.00000 248.85741 239.43199
0.34349 0.66048 0.00000 258.22247 239.62752
0.43149 0.66048 0.00000 289.42239 240.71129
0.45799 0.66048 0.00000 298.84299 241.14014
0.54599 0.66048 0.00000 330.30115 242.27068
0.57248 0.66048 0.00000 339.70502 242.57677
0.66048 0.66048 0.00000 371.45627 243.68944

gimbalangles:
0.0 -0.174532925199 -0.436332312999 

end: