T_CW:
0.9991067357 0.0369144891 -0.0205682059 -0.4116416914
0.0330937553 -0.9861730557 -0.1623807485 0.6367241602
-0.0262780129 0.1615550204 -0.9865137817 1.2041288671
0.0000000000 0.0000000000 0.0000000000 1.0000000000

T_CW_cov:

target_points_pix:
0.00000 0.11450 0.00000 162.18765 429.60367
0.08800 0.11450 0.00000 195.41348 430.99051
0.11450 0.11450 0.00000 205.25165 431.43863
0.20250 0.11450 0.00000 238.50659 432.78775
0.22899 0.11450 0.00000 248.38268 433.28424
0.31699 0.11450 0.00000 281.61621 434.79120
0.34349 0.11450 0.00000 291.57883 435.27029
0.43149 0.11450 0.00000 325.16550 436.59741
0.45799 0.11450 0.00000 335.14508 437.19638
0.54599 0.11450 0.00000 368.75894 438.52191
0.57248 0.11450 0.00000 378.71527 439.08945
0.00000 0.20250 0.00000 165.35670 394.86087
0.08800 0.20250 0.00000 197.90657 396.35287
0.11450 0.20250 0.00000 207.76822 396.55206
0.20250 0.20250 0.00000 240.58531 397.88626
0.22899 0.20250 0.00000 250.49594 398.30310
0.31699 0.20250 0.00000 283.27359 399.67197
0.34349 0.20250 0.00000 293.31946 400.12738
0.43149 0.20250 0.00000 326.16632 401.50635
0.45799 0.20250 0.00000 336.26202 401.93872
0.54599 0.20250 0.00000 369.25299 403.39404
0.57248 0.20250 0.00000 379.36856 403.63120
0.66048 0.20250 0.00000 412.52261 405.19815
0.00000 0.22899 0.00000 166.20131 384.70264
0.08800 0.22899 0.00000 198.70645 385.92346
0.11450 0.22899 0.00000 208.59239 386.39526
0.20250 0.22899 0.00000 241.30557 387.61353
0.22899 0.22899 0.00000 250.99689 388.07953
0.31699 0.22899 0.00000 283.79315 389.38586
0.34349 0.22899 0.00000 293.60849 389.78467
0.43149 0.22899 0.00000 326.54269 391.26010
0.45799 0.22899 0.00000 336.41345 391.60849
0.54599 0.22899 0.00000 369.44202 392.99088
0.57248 0.22899 0.00000 379.40820 393.39957
0.66048 0.22899 0.00000 412.60165 394.76788
0.00000 0.31699 0.00000 169.10950 350.89871
0.08800 0.31699 0.00000 201.36736 352.32297
0.22899 0.31699 0.00000 253.05521 354.30853
0.31699 0.31699 0.00000 285.48291 355.60776
0.34349 0.31699 0.00000 295.15436 355.88940
0.43149 0.31699 0.00000 327.54398 357.27350
0.45799 0.31699 0.00000 337.46475 357.58252
0.54599 0.31699 0.00000 370.15027 358.88562
0.57248 0.31699 0.00000 379.88525 359.28815
0.66048 0.31699 0.00000 412.65277 360.59106
0.00000 0.34349 0.00000 169.92027 341.07037
0.08800 0.34349 0.00000 202.20854 342.28076
0.11450 0.34349 0.00000 211.76100 342.65280
0.20250 0.34349 0.00000 243.91840 343.86893
0.22899 0.34349 0.00000 253.56161 344.33191
0.31699 0.34349 0.00000 285.80484 345.52216
0.34349 0.34349 0.00000 295.56366 345.99969
0.43149 0.34349 0.00000 327.94995 347.24936
0.45799 0.34349 0.00000 337.65775 347.60037
0.54599 0.34349 0.00000 370.32053 348.83371
0.57248 0.34349 0.00000 380.00867 349.24689
0.66048 0.34349 0.00000 412.70865 350.51013
0.00000 0.43149 0.00000 172.81985 308.35941
0.08800 0.43149 0.00000 204.56287 309.57330
0.11450 0.43149 0.00000 214.17879 309.84479
0.20250 0.43149 0.00000 245.86166 311.15265
0.22899 0.43149 0.00000 255.50400 311.49307
0.31699 0.43149 0.00000 287.38364 312.66812
0.34349 0.43149 0.00000 297.00284 313.14542
0.43149 0.43149 0.00000 329.04398 314.30676
0.45799 0.43149 0.00000 338.62384 314.60849
0.54599 0.43149 0.00000 370.79703 315.80432
0.57248 0.43149 0.00000 380.49576 316.21112
0.66048 0.43149 0.00000 412.87640 317.40063
0.00000 0.45799 0.00000 173.64243 298.79901
0.08800 0.45799 0.00000 205.40460 299.88272
0.11450 0.45799 0.00000 214.77721 300.27533
0.20250 0.45799 0.00000 246.50844 301.43039
0.22899 0.45799 0.00000 256.04517 301.73471
0.31699 0.45799 0.00000 287.79608 303.07739
0.34349 0.45799 0.00000 297.48233 303.44467
0.43149 0.45799 0.00000 329.40756 304.53430
0.45799 0.45799 0.00000 338.89929 304.96878
0.54599 0.45799 0.00000 371.13565 306.17441
0.57248 0.45799 0.00000 380.62082 306.44510
0.66048 0.45799 0.00000 412.85654 307.53668
0.00000 0.54599 0.00000 176.51868 267.16068
0.08800 0.54599 0.00000 207.67236 268.31485
0.11450 0.54599 0.00000 217.13435 268.51169
0.20250 0.54599 0.00000 248.43402 269.64523
0.22899 0.54599 0.00000 257.84711 270.04788
0.31699 0.54599 0.00000 289.37659 271.19382
0.34349 0.54599 0.00000 298.69373 271.49496
0.43149 0.54599 0.00000 330.42084 272.59369
0.45799 0.54599 0.00000 339.86801 272.98239
0.54599 0.54599 0.00000 371.58621 274.03214
0.57248 0.54599 0.00000 381.25168 274.36932
0.66048 0.54599 0.00000 413.02319 275.45102
0.00000 0.57248 0.00000 177.31435 257.73434
0.08800 0.57248 0.00000 208.42979 258.82672
0.11450 0.57248 0.00000 217.69736 259.30896
0.20250 0.57248 0.00000 248.97128 260.32944
0.22899 0.57248 0.00000 258.39114 260.58646
0.31699 0.57248 0.00000 289.66495 261.69412
0.34349 0.57248 0.00000 299.26050 262.09637
0.43149 0.57248 0.00000 330.59949 263.23520
0.45799 0.57248 0.00000 340.21057 263.46454
0.54599 0.57248 0.00000 371.73523 264.53287
0.57248 0.57248 0.00000 381.36200 264.82999
0.66048 0.57248 0.00000 413.06821 265.89847
0.00000 0.66048 0.00000 179.89058 226.90636
0.08800 0.66048 0.00000 210.69615 228.11305
0.11450 0.66048 0.00000 219.99292 228.39197
0.20250 0.66048 0.00000 250.84215 229.40385
0.22899 0.66048 0.00000 260.08765 229.60654
0.31699 0.66048 0.00000 291.25055 230.62601
0.34349 0.66048 0.00000 300.50928 230.96416
0.43149 0.66048 0.00000 331.63348 231.97769
0.45799 0.66048 0.00000 341.10452 232.39452
0.54599 0.66048 0.00000 372.38409 233.38921
0.57248 0.66048 0.00000 381.67175 233.61462
0.66048 0.66048 0.00000 413.17532 234.64169

gimbalangles:
0.0 -0.174532925199 -0.261799387799 

end: