T_CW:
0.9658382281 0.2206888991 -0.1358415507 -0.2740268612
0.2178758821 -0.9753333119 -0.0354264131 0.2759451458
-0.1403090056 0.0046195863 -0.9900969863 1.3599553376
0.0000000000 0.0000000000 0.0000000000 1.0000000000

T_CW_cov:

target_points_pix:
0.11450 0.00000 0.00000 510.19736 598.56866
0.22899 0.00000 0.00000 600.79913 622.46893
0.31699 0.00000 0.00000 671.82953 641.48059
0.34349 0.00000 0.00000 693.67377 647.27679
0.43149 0.00000 0.00000 766.64307 666.38696
0.45799 0.00000 0.00000 789.16760 672.25476
0.54599 0.00000 0.00000 863.95453 691.68695
0.00000 0.08800 0.00000 437.76770 505.34720
0.08800 0.08800 0.00000 505.84741 522.43628
0.11450 0.08800 0.00000 526.55676 527.58008
0.20250 0.08800 0.00000 595.95331 545.42468
0.22899 0.08800 0.00000 617.33167 550.66156
0.31699 0.08800 0.00000 688.49646 568.75464
0.34349 0.08800 0.00000 710.22717 574.28076
0.43149 0.08800 0.00000 783.33905 592.86310
0.45799 0.08800 0.00000 805.49994 598.41406
0.54599 0.08800 0.00000 880.43756 617.33807
0.00000 0.11450 0.00000 442.73520 484.35153
0.08800 0.11450 0.00000 510.61230 501.37433
0.11450 0.11450 0.00000 531.40192 506.47784
0.20250 0.11450 0.00000 600.82507 523.85187
0.22899 0.11450 0.00000 622.05676 529.12543
0.31699 0.11450 0.00000 693.47119 547.04144
0.34349 0.11450 0.00000 715.20190 552.45264
0.43149 0.11450 0.00000 788.29175 570.84552
0.45799 0.11450 0.00000 810.45856 576.47253
0.54599 0.11450 0.00000 885.51379 595.08917
0.57248 0.11450 0.00000 908.33972 600.73413
0.66048 0.11450 0.00000 985.42474 619.91431
0.00000 0.20250 0.00000 458.48889 414.51364
0.08800 0.20250 0.00000 526.65442 430.85745
0.11450 0.20250 0.00000 547.42822 435.80319
0.20250 0.20250 0.00000 617.06885 452.53680
0.22899 0.20250 0.00000 638.33795 457.60129
0.31699 0.20250 0.00000 709.68921 474.75424
0.34349 0.20250 0.00000 731.45734 480.11938
0.43149 0.20250 0.00000 804.67468 497.57739
0.45799 0.20250 0.00000 827.05408 503.10010
0.54599 0.20250 0.00000 902.10095 521.01874
0.57248 0.20250 0.00000 925.09113 526.41095
0.66048 0.20250 0.00000 1002.01868 544.84814
0.00000 0.22899 0.00000 463.34512 393.58044
0.08800 0.22899 0.00000 531.49933 409.73990
0.11450 0.22899 0.00000 552.21552 414.59274
0.20250 0.22899 0.00000 621.84192 431.18683
0.22899 0.22899 0.00000 643.13647 436.24063
0.31699 0.22899 0.00000 714.55078 453.18491
0.34349 0.22899 0.00000 736.29102 458.31125
0.43149 0.22899 0.00000 809.50739 475.61203
0.45799 0.22899 0.00000 832.06262 480.92197
0.54599 0.22899 0.00000 907.29999 498.75238
0.57248 0.22899 0.00000 930.08911 504.20108
0.66048 0.22899 0.00000 1007.34583 522.37659
0.00000 0.31699 0.00000 479.17947 323.84116
0.08800 0.31699 0.00000 547.40308 339.50983
0.11450 0.31699 0.00000 568.15155 344.12909
0.20250 0.31699 0.00000 637.96411 360.08737
0.22899 0.31699 0.00000 659.40570 364.87555
0.31699 0.31699 0.00000 730.72351 381.11407
0.34349 0.31699 0.00000 752.57611 385.99420
0.43149 0.31699 0.00000 825.97095 402.62869
0.45799 0.31699 0.00000 848.48755 407.73358
0.54599 0.31699 0.00000 923.72821 424.66968
0.57248 0.31699 0.00000 946.81604 429.86523
0.66048 0.31699 0.00000 1024.21655 447.46115
0.00000 0.34349 0.00000 483.96078 302.87662
0.08800 0.34349 0.00000 552.24805 318.26752
0.11450 0.34349 0.00000 573.02777 322.88724
0.20250 0.34349 0.00000 642.75531 338.56952
0.22899 0.34349 0.00000 664.09595 343.45117
0.31699 0.34349 0.00000 735.62860 359.41333
0.34349 0.34349 0.00000 757.46503 364.34213
0.43149 0.34349 0.00000 830.98254 380.67657
0.45799 0.34349 0.00000 853.48853 385.66013
0.54599 0.34349 0.00000 928.73962 402.43918
0.57248 0.34349 0.00000 951.74347 407.55600
0.66048 0.34349 0.00000 1029.40723 424.83145
0.00000 0.43149 0.00000 499.57028 233.23747
0.08800 0.43149 0.00000 568.04083 247.94920
0.11450 0.43149 0.00000 588.95923 252.35086
0.20250 0.43149 0.00000 658.94910 267.46167
0.22899 0.43149 0.00000 680.37805 272.03522
0.31699 0.43149 0.00000 752.04926 287.35379
0.34349 0.43149 0.00000 773.97687 291.88083
0.43149 0.43149 0.00000 847.62640 307.57956
0.45799 0.43149 0.00000 870.11334 312.45712
0.54599 0.43149 0.00000 945.53503 328.52747
0.57248 0.43149 0.00000 968.53857 333.41049
0.66048 0.43149 0.00000 1046.24646 349.85812
0.00000 0.45799 0.00000 504.42633 212.33554
0.08800 0.45799 0.00000 572.88153 226.75075
0.11450 0.45799 0.00000 593.77887 231.30396
0.20250 0.45799 0.00000 663.72076 245.92236
0.22899 0.45799 0.00000 685.14496 250.48021
0.31699 0.45799 0.00000 756.89020 265.62598
0.34349 0.45799 0.00000 778.84021 270.23648
0.43149 0.45799 0.00000 852.51971 285.63333
0.45799 0.45799 0.00000 875.02203 290.42361
0.54599 0.45799 0.00000 950.47980 306.27280
0.57248 0.45799 0.00000 973.62921 310.99771
0.66048 0.45799 0.00000 1051.26953 327.34601
0.00000 0.54599 0.00000 520.30084 142.56767
0.08800 0.54599 0.00000 588.91370 156.54063
0.11450 0.54599 0.00000 609.77325 160.66240
0.20250 0.54599 0.00000 679.91498 174.80536
0.22899 0.54599 0.00000 701.43884 179.31161
0.31699 0.54599 0.00000 773.36261 193.58543
0.34349 0.54599 0.00000 795.38330 197.95921
0.43149 0.54599 0.00000 869.03546 212.74455
0.45799 0.54599 0.00000 891.57642 217.23683
0.54599 0.54599 0.00000 967.20630 232.40131
0.57248 0.54599 0.00000 990.30011 237.00758
0.66048 0.54599 0.00000 1068.07129 252.46786
0.00000 0.57248 0.00000 525.05017 121.62278
0.08800 0.57248 0.00000 593.61462 135.40033
0.11450 0.57248 0.00000 614.57318 139.52078
0.20250 0.57248 0.00000 684.81848 153.51726
0.22899 0.57248 0.00000 706.27393 157.74431
0.31699 0.57248 0.00000 778.33344 171.94760
0.34349 0.57248 0.00000 800.21301 176.37729
0.43149 0.57248 0.00000 874.05389 190.70859
0.45799 0.57248 0.00000 896.43292 195.36287
0.54599 0.57248 0.00000 972.24609 210.19456
0.57248 0.57248 0.00000 995.36035 214.62674
0.00000 0.66048 0.00000 540.79279 51.97934
0.08800 0.66048 0.00000 609.67554 65.12957
0.11450 0.66048 0.00000 630.53778 69.24261
0.20250 0.66048 0.00000 700.98352 82.43056
0.22899 0.66048 0.00000 722.44592 86.33828
0.31699 0.66048 0.00000 794.61194 99.87255
0.34349 0.66048 0.00000 816.55695 104.01196
0.43149 0.66048 0.00000 890.56134 117.77744
0.45799 0.66048 0.00000 913.17297 122.10925
0.54599 0.66048 0.00000 988.96783 136.28488
0.57248 0.66048 0.00000 1012.15692 140.51111

gimbalangles:
0.0 -0.174532925199 -0.0872664625997 

end: