T_CW:
0.9988063988 0.0414857982 -0.0257818996 -0.5247267342
0.0366296002 -0.9853612893 -0.1664974530 0.6411346013
-0.0323117656 0.1653543408 -0.9857047691 1.2040494715
0.0000000000 0.0000000000 0.0000000000 1.0000000000

T_CW_cov:

target_points_pix:
0.08800 0.11450 0.00000 148.37798 441.24765
0.20250 0.11450 0.00000 191.74049 443.51352
0.22899 0.11450 0.00000 201.66457 443.96658
0.31699 0.11450 0.00000 235.47261 445.57471
0.34349 0.11450 0.00000 245.53062 446.32697
0.43149 0.11450 0.00000 279.05948 447.80518
0.45799 0.11450 0.00000 289.00360 448.48605
0.54599 0.11450 0.00000 323.04953 450.08636
0.57248 0.11450 0.00000 333.25375 450.54254
0.66048 0.11450 0.00000 367.24118 452.35153
0.00000 0.20250 0.00000 118.82473 404.71335
0.08800 0.20250 0.00000 151.89989 406.43280
0.11450 0.20250 0.00000 161.81769 406.51691
0.20250 0.20250 0.00000 194.74580 408.20969
0.31699 0.20250 0.00000 237.74237 410.16504
0.34349 0.20250 0.00000 247.66872 410.54178
0.43149 0.20250 0.00000 280.77963 412.18442
0.45799 0.20250 0.00000 290.78738 412.71985
0.54599 0.20250 0.00000 324.27292 414.50888
0.57248 0.20250 0.00000 334.29950 414.79321
0.66048 0.20250 0.00000 367.69708 416.54575
0.00000 0.22899 0.00000 119.81221 394.34616
0.08800 0.22899 0.00000 152.74477 395.79514
0.11450 0.22899 0.00000 162.58833 396.38806
0.20250 0.22899 0.00000 195.69278 397.67065
0.22899 0.22899 0.00000 205.55292 398.24295
0.34349 0.22899 0.00000 248.42078 400.31659
0.43149 0.22899 0.00000 281.33313 401.77283
0.45799 0.22899 0.00000 291.33881 402.23651
0.54599 0.22899 0.00000 324.52768 403.81989
0.57248 0.22899 0.00000 334.51895 404.38760
0.66048 0.22899 0.00000 367.95801 406.21332
0.00000 0.31699 0.00000 123.55692 360.50266
0.08800 0.31699 0.00000 156.20091 361.82523
0.11450 0.31699 0.00000 165.94647 362.07996
0.20250 0.31699 0.00000 198.42944 363.48438
0.22899 0.31699 0.00000 208.13475 363.75854
0.31699 0.31699 0.00000 240.70869 365.46930
0.34349 0.31699 0.00000 250.40508 365.94049
0.43149 0.31699 0.00000 283.09851 367.52078
0.45799 0.31699 0.00000 292.79352 367.78003
0.54599 0.31699 0.00000 325.69501 369.39948
0.57248 0.31699 0.00000 335.56592 369.77451
0.66048 0.31699 0.00000 368.66980 371.40143
0.08800 0.34349 0.00000 157.18869 351.45547
0.11450 0.34349 0.00000 166.94580 352.04880
0.20250 0.34349 0.00000 199.28343 353.36929
0.22899 0.34349 0.00000 208.80424 353.76468
0.31699 0.34349 0.00000 241.39146 355.28854
0.34349 0.34349 0.00000 251.10735 355.82043
0.43149 0.34349 0.00000 283.50531 357.30862
0.45799 0.34349 0.00000 293.34274 357.72961
0.54599 0.34349 0.00000 326.16486 359.30435
0.57248 0.34349 0.00000 335.92847 359.57404
0.66048 0.34349 0.00000 368.82297 361.18655
0.00000 0.43149 0.00000 128.38127 317.25150
0.08800 0.43149 0.00000 160.44167 318.51370
0.11450 0.43149 0.00000 169.94920 318.99332
0.20250 0.43149 0.00000 202.02399 320.32083
0.22899 0.43149 0.00000 211.44026 320.66901
0.31699 0.43149 0.00000 243.33211 322.09082
0.34349 0.43149 0.00000 252.96635 322.58176
0.43149 0.43149 0.00000 285.27423 323.89410
0.45799 0.43149 0.00000 294.80414 324.47516
0.54599 0.43149 0.00000 327.41595 325.66788
0.57248 0.43149 0.00000 337.11456 326.07919
0.66048 0.43149 0.00000 369.68869 327.53854
0.00000 0.45799 0.00000 129.41431 307.58673
0.08800 0.45799 0.00000 161.32915 308.80246
0.11450 0.45799 0.00000 170.98389 309.34808
0.20250 0.45799 0.00000 202.79929 310.34402
0.22899 0.45799 0.00000 212.14989 310.85059
0.31699 0.45799 0.00000 244.01836 312.33057
0.34349 0.45799 0.00000 253.67424 312.65268
0.43149 0.45799 0.00000 285.65585 314.06332
0.45799 0.45799 0.00000 295.40521 314.50717
0.54599 0.45799 0.00000 327.63712 315.71616
0.57248 0.45799 0.00000 337.46875 316.28287
0.66048 0.45799 0.00000 369.80435 317.50677
0.00000 0.54599 0.00000 132.83740 275.49496
0.08800 0.54599 0.00000 164.49841 276.82117
0.11450 0.54599 0.00000 173.82800 277.29388
0.20250 0.54599 0.00000 205.35608 278.51865
0.22899 0.54599 0.00000 214.66940 278.69559
0.31699 0.54599 0.00000 246.14165 280.09830
0.34349 0.54599 0.00000 255.55081 280.44852
0.43149 0.54599 0.00000 287.37930 281.64685
0.45799 0.54599 0.00000 296.84326 282.07404
0.54599 0.54599 0.00000 328.83160 283.33667
0.57248 0.54599 0.00000 338.43335 283.59976
0.66048 0.54599 0.00000 370.53000 284.92010
0.00000 0.57248 0.00000 134.02950 266.26120
0.08800 0.57248 0.00000 165.41576 267.35370
0.11450 0.57248 0.00000 174.81331 267.84448
0.20250 0.57248 0.00000 206.04478 268.97849
0.22899 0.57248 0.00000 215.47641 269.46082
0.31699 0.57248 0.00000 246.74930 270.48682
0.34349 0.57248 0.00000 256.22516 271.02240
0.43149 0.57248 0.00000 287.79050 272.11429
0.45799 0.57248 0.00000 297.36533 272.54343
0.54599 0.57248 0.00000 329.26706 273.67853
0.57248 0.57248 0.00000 338.70901 274.10342
0.66048 0.57248 0.00000 370.73331 275.28946
0.00000 0.66048 0.00000 137.35754 235.07706
0.08800 0.66048 0.00000 168.43173 236.58052
0.11450 0.66048 0.00000 177.59647 236.67706
0.20250 0.66048 0.00000 208.61749 237.88562
0.22899 0.66048 0.00000 217.81708 238.29045
0.31699 0.66048 0.00000 248.82875 239.38467
0.34349 0.66048 0.00000 258.21326 239.57010
0.43149 0.66048 0.00000 289.50900 240.73375
0.45799 0.66048 0.00000 298.72028 241.17563
0.54599 0.66048 0.00000 330.31119 242.28947
0.57248 0.66048 0.00000 339.75604 242.47266
0.66048 0.66048 0.00000 371.37231 243.65201

gimbalangles:
0.0 -0.174532925199 -0.0872664625997 

end: