T_CW:
0.9988120574 0.0413485110 -0.0257832228 -0.5246873220
0.0364960394 -0.9853770616 -0.1664334269 0.6412135227
-0.0322879707 0.1652947281 -0.9857155471 1.2039295938
0.0000000000 0.0000000000 0.0000000000 1.0000000000

T_CW_cov:

target_points_pix:
0.08800 0.11450 0.00000 148.24664 441.61987
0.11450 0.11450 0.00000 158.30231 442.01514
0.20250 0.11450 0.00000 191.68039 443.47305
0.22899 0.11450 0.00000 201.77107 444.02365
0.31699 0.11450 0.00000 235.47914 445.59534
0.43149 0.11450 0.00000 279.08438 447.74008
0.45799 0.11450 0.00000 289.11359 448.49130
0.57248 0.11450 0.00000 333.02634 450.60751
0.66048 0.11450 0.00000 367.19211 452.50284
0.00000 0.20250 0.00000 118.73251 404.84836
0.08800 0.20250 0.00000 151.91489 406.28998
0.11450 0.20250 0.00000 161.71570 406.57193
0.20250 0.20250 0.00000 194.82838 408.17731
0.22899 0.20250 0.00000 204.67177 408.52829
0.31699 0.20250 0.00000 237.79825 410.12805
0.34349 0.20250 0.00000 247.73984 410.67383
0.43149 0.20250 0.00000 280.94397 412.27451
0.45799 0.20250 0.00000 290.86633 412.74457
0.54599 0.20250 0.00000 324.24530 414.49826
0.57248 0.20250 0.00000 334.31674 414.84760
0.66048 0.20250 0.00000 367.69604 416.53281
0.08800 0.22899 0.00000 152.75882 395.75684
0.11450 0.22899 0.00000 162.69962 396.49884
0.20250 0.22899 0.00000 195.55228 397.70642
0.22899 0.22899 0.00000 205.60036 398.36523
0.31699 0.22899 0.00000 238.44379 399.63113
0.34349 0.22899 0.00000 248.36414 400.07663
0.43149 0.22899 0.00000 281.40173 401.75189
0.45799 0.22899 0.00000 291.26468 402.44785
0.54599 0.22899 0.00000 324.57584 403.72629
0.57248 0.22899 0.00000 334.40668 404.34875
0.66048 0.22899 0.00000 367.96494 405.94440
0.00000 0.31699 0.00000 123.55286 360.37714
0.08800 0.31699 0.00000 156.17122 361.80380
0.11450 0.31699 0.00000 166.04338 362.11591
0.20250 0.31699 0.00000 198.41728 363.62381
0.22899 0.31699 0.00000 208.15407 363.80911
0.31699 0.31699 0.00000 240.71237 365.57346
0.34349 0.31699 0.00000 250.38014 365.82901
0.43149 0.31699 0.00000 282.99753 367.46939
0.45799 0.31699 0.00000 292.86224 367.96533
0.54599 0.31699 0.00000 325.68173 369.39700
0.57248 0.31699 0.00000 335.59033 369.81650
0.66048 0.31699 0.00000 368.64874 371.38266
0.00000 0.34349 0.00000 124.72102 350.40543
0.08800 0.34349 0.00000 157.11508 351.59171
0.11450 0.34349 0.00000 166.93275 352.25800
0.20250 0.34349 0.00000 199.24387 353.36075
0.22899 0.34349 0.00000 208.92244 353.83084
0.31699 0.34349 0.00000 241.32819 355.33664
0.34349 0.34349 0.00000 250.91472 355.77634
0.43149 0.34349 0.00000 283.48389 357.27356
0.45799 0.34349 0.00000 293.43814 357.71368
0.54599 0.34349 0.00000 326.09512 359.19476
0.57248 0.34349 0.00000 335.96539 359.57651
0.66048 0.34349 0.00000 368.93127 361.06183
0.00000 0.43149 0.00000 128.39441 317.23895
0.08800 0.43149 0.00000 160.39203 318.53323
0.11450 0.43149 0.00000 169.97882 318.82230
0.20250 0.43149 0.00000 201.80682 320.29510
0.22899 0.43149 0.00000 211.36069 320.74011
0.31699 0.43149 0.00000 243.39865 322.05133
0.34349 0.43149 0.00000 252.94193 322.54562
0.43149 0.43149 0.00000 285.18286 323.86221
0.45799 0.43149 0.00000 294.81107 324.38101
0.54599 0.43149 0.00000 327.42844 325.72287
0.57248 0.43149 0.00000 337.06708 326.16980
0.66048 0.43149 0.00000 369.67374 327.52829
0.00000 0.45799 0.00000 129.41313 307.55298
0.08800 0.45799 0.00000 161.33128 308.81866
0.11450 0.45799 0.00000 170.85950 309.46021
0.20250 0.45799 0.00000 202.77077 310.50638
0.22899 0.45799 0.00000 212.14278 310.91302
0.31699 0.45799 0.00000 244.01189 312.33539
0.34349 0.45799 0.00000 253.57066 312.61649
0.43149 0.45799 0.00000 285.60840 314.06842
0.45799 0.45799 0.00000 295.41824 314.46988
0.54599 0.45799 0.00000 327.60071 315.73175
0.57248 0.45799 0.00000 337.41714 316.27405
0.66048 0.45799 0.00000 369.85849 317.57651
0.00000 0.54599 0.00000 132.81586 275.65668
0.08800 0.54599 0.00000 164.44836 276.96085
0.11450 0.54599 0.00000 173.80096 277.27475
0.20250 0.54599 0.00000 205.36697 278.59021
0.22899 0.54599 0.00000 214.61484 278.77960
0.31699 0.54599 0.00000 246.14716 280.06693
0.34349 0.54599 0.00000 255.46484 280.46823
0.43149 0.54599 0.00000 287.32214 281.68497
0.45799 0.54599 0.00000 296.76685 282.11169
0.54599 0.54599 0.00000 328.76324 283.39975
0.57248 0.54599 0.00000 338.44846 283.67795
0.66048 0.54599 0.00000 370.56723 284.96667
0.00000 0.57248 0.00000 133.95555 266.36365
0.08800 0.57248 0.00000 165.38048 267.42609
0.11450 0.57248 0.00000 174.83580 267.82590
0.20250 0.57248 0.00000 206.12692 268.82965
0.22899 0.57248 0.00000 215.43585 269.48935
0.31699 0.57248 0.00000 246.73799 270.52811
0.34349 0.57248 0.00000 256.26050 271.00974
0.43149 0.57248 0.00000 287.77167 272.18439
0.45799 0.57248 0.00000 297.31696 272.52472
0.54599 0.57248 0.00000 329.29257 273.65298
0.57248 0.57248 0.00000 338.71756 274.20538
0.66048 0.57248 0.00000 370.77618 275.36618
0.00000 0.66048 0.00000 137.23105 235.14720
0.08800 0.66048 0.00000 168.41931 236.48415
0.11450 0.66048 0.00000 177.56973 236.67163
0.20250 0.66048 0.00000 208.60104 238.01855
0.22899 0.66048 0.00000 217.74580 238.23250
0.31699 0.66048 0.00000 248.84468 239.40419
0.34349 0.66048 0.00000 258.18674 239.62627
0.43149 0.66048 0.00000 289.48016 240.70877
0.45799 0.66048 0.00000 298.78934 241.09628
0.54599 0.66048 0.00000 330.36072 242.16130
0.57248 0.66048 0.00000 339.82758 242.50467
0.66048 0.66048 0.00000 371.42200 243.70795

gimbalangles:
0.0 -0.174532925199 0.0872664625997 

end: