T_CW:
0.9535858428 0.2186043972 0.2070897341 -0.7287918866
0.2180803296 -0.9755938251 0.0256448498 0.1947654414
0.2076415428 0.0207076317 -0.9779857789 1.1961212341
0.0000000000 0.0000000000 0.0000000000 1.0000000000

T_CW_cov:

target_points_pix:
0.20250 0.00000 0.00000 167.52495 563.93585
0.22899 0.00000 0.00000 191.94864 568.29260
0.31699 0.00000 0.00000 271.78397 582.28680
0.34349 0.00000 0.00000 295.38461 586.44440
0.43149 0.00000 0.00000 372.48956 599.59393
0.45799 0.00000 0.00000 395.28384 603.51752
0.54599 0.00000 0.00000 469.74390 616.30493
0.57248 0.00000 0.00000 491.68604 620.06653
0.31699 0.08800 0.00000 289.35733 506.44504
0.34349 0.08800 0.00000 312.65500 510.77942
0.43149 0.08800 0.00000 389.22122 525.35504
0.45799 0.08800 0.00000 411.91437 529.41223
0.54599 0.08800 0.00000 485.84088 543.26331
0.57248 0.08800 0.00000 507.79883 547.27161
0.66048 0.08800 0.00000 579.47400 560.55768
0.11450 0.11450 0.00000 108.70272 448.17206
0.20250 0.11450 0.00000 190.81862 463.86227
0.22899 0.11450 0.00000 215.23825 468.55219
0.31699 0.11450 0.00000 294.50497 483.73700
0.34349 0.11450 0.00000 317.80020 488.38187
0.43149 0.11450 0.00000 394.28461 502.91330
0.45799 0.11450 0.00000 416.97937 507.30524
0.54599 0.11450 0.00000 490.83334 521.35205
0.57248 0.11450 0.00000 512.71466 525.46753
0.66048 0.11450 0.00000 584.25342 539.17212
0.11450 0.20250 0.00000 126.65511 370.59302
0.20250 0.20250 0.00000 208.59314 387.49298
0.22899 0.20250 0.00000 232.65366 392.48578
0.31699 0.20250 0.00000 311.66647 408.61630
0.34349 0.20250 0.00000 335.02591 413.46741
0.43149 0.20250 0.00000 410.99838 429.24698
0.45799 0.20250 0.00000 433.60474 433.68835
0.54599 0.20250 0.00000 507.18246 448.68906
0.57248 0.20250 0.00000 528.97595 453.25937
0.66048 0.20250 0.00000 599.92938 467.68369
0.00000 0.22899 0.00000 22.20936 324.42831
0.08800 0.22899 0.00000 107.20229 342.32861
0.11450 0.22899 0.00000 132.11649 347.48373
0.20250 0.22899 0.00000 213.84918 364.60074
0.22899 0.22899 0.00000 238.07706 369.58655
0.31699 0.22899 0.00000 316.72021 386.23376
0.34349 0.22899 0.00000 339.99393 391.18643
0.43149 0.22899 0.00000 416.03806 406.98862
0.45799 0.22899 0.00000 438.56564 411.63583
0.54599 0.22899 0.00000 512.06451 426.98718
0.57248 0.22899 0.00000 533.81458 431.47308
0.66048 0.22899 0.00000 604.71124 446.28506
0.00000 0.31699 0.00000 40.60710 245.64430
0.08800 0.31699 0.00000 125.11854 264.70041
0.11450 0.31699 0.00000 150.07712 270.32205
0.20250 0.31699 0.00000 231.36423 288.50647
0.22899 0.31699 0.00000 255.54425 293.93350
0.31699 0.31699 0.00000 333.86621 311.49564
0.34349 0.31699 0.00000 357.03088 316.61746
0.43149 0.31699 0.00000 432.88736 333.53967
0.45799 0.31699 0.00000 455.33420 338.52466
0.54599 0.31699 0.00000 528.55725 354.76627
0.57248 0.31699 0.00000 550.17847 359.58398
0.66048 0.31699 0.00000 620.68115 375.38712
0.00000 0.34349 0.00000 46.27515 222.20619
0.08800 0.34349 0.00000 130.52646 241.45750
0.11450 0.34349 0.00000 155.42979 247.17776
0.20250 0.34349 0.00000 236.59268 265.61560
0.22899 0.34349 0.00000 260.63223 271.11319
0.31699 0.34349 0.00000 339.13678 289.04269
0.34349 0.34349 0.00000 362.15073 294.32010
0.43149 0.34349 0.00000 437.83200 311.51611
0.45799 0.34349 0.00000 460.18387 316.52347
0.54599 0.34349 0.00000 533.43878 333.16400
0.57248 0.34349 0.00000 555.01343 338.00891
0.66048 0.34349 0.00000 625.52875 353.98672
0.08800 0.43149 0.00000 148.72679 164.17557
0.11450 0.43149 0.00000 173.48344 170.22546
0.20250 0.43149 0.00000 254.37196 189.74037
0.22899 0.43149 0.00000 278.30853 195.51729
0.31699 0.43149 0.00000 356.12482 214.44472
0.34349 0.43149 0.00000 379.24823 219.90358
0.43149 0.43149 0.00000 454.58817 238.22252
0.45799 0.43149 0.00000 476.76740 243.54578
0.54599 0.43149 0.00000 549.57941 261.17010
0.57248 0.43149 0.00000 571.21661 266.27542
0.66048 0.43149 0.00000 641.48761 283.34344
0.00000 0.45799 0.00000 70.09326 120.21113
0.08800 0.45799 0.00000 154.24541 141.01889
0.11450 0.45799 0.00000 178.72124 147.07884
0.20250 0.45799 0.00000 259.64417 167.03923
0.22899 0.45799 0.00000 283.51459 172.86244
0.31699 0.45799 0.00000 361.41260 192.01012
0.34349 0.45799 0.00000 384.35928 197.71014
0.43149 0.45799 0.00000 459.54028 216.24348
0.45799 0.45799 0.00000 481.98520 221.63936
0.54599 0.45799 0.00000 554.46570 239.48711
0.57248 0.45799 0.00000 576.07935 244.65921
0.66048 0.45799 0.00000 646.30664 262.04218
0.08800 0.54599 0.00000 172.26373 64.17939
0.11450 0.54599 0.00000 196.75755 70.53100
0.20250 0.54599 0.00000 277.22772 91.55303
0.22899 0.54599 0.00000 301.09055 97.67652
0.31699 0.54599 0.00000 378.46423 117.79588
0.34349 0.54599 0.00000 401.43170 123.82172
0.43149 0.54599 0.00000 476.16089 143.27248
0.45799 0.54599 0.00000 498.37698 149.04280
0.54599 0.54599 0.00000 570.69519 167.69785
0.57248 0.54599 0.00000 591.94232 173.25739
0.66048 0.54599 0.00000 661.88855 191.34572
0.34349 0.57248 0.00000 406.47641 101.67551
0.43149 0.57248 0.00000 481.22034 121.37819
0.45799 0.57248 0.00000 503.32382 127.25477
0.54599 0.57248 0.00000 575.46454 146.27081
0.57248 0.57248 0.00000 596.89478 151.76479
0.66048 0.57248 0.00000 666.57892 170.14688
0.34349 0.66048 0.00000 423.44504 27.84740
0.43149 0.66048 0.00000 497.85519 48.58677
0.45799 0.66048 0.00000 519.76007 54.67000
0.54599 0.66048 0.00000 591.73254 74.61799
0.57248 0.66048 0.00000 613.06036 80.54288
0.66048 0.66048 0.00000 682.46381 99.88348

gimbalangles:
0.0 -0.174532925199 0.261799387799 

end: