T_CW:
0.9987757803 0.0414046274 -0.0270665382 -0.5247313912
0.0363265648 -0.9853209848 -0.1668020909 0.6412321591
-0.0335756065 0.1656146542 -0.9856188234 1.2042674164
0.0000000000 0.0000000000 0.0000000000 1.0000000000

T_CW_cov:

target_points_pix:
0.08800 0.11450 0.00000 148.43779 441.37564
0.11450 0.11450 0.00000 158.23286 442.00040
0.20250 0.11450 0.00000 191.79489 443.58929
0.22899 0.11450 0.00000 201.58156 443.93051
0.31699 0.11450 0.00000 235.29192 445.61539
0.34349 0.11450 0.00000 245.36365 446.30573
0.43149 0.11450 0.00000 278.98959 447.95587
0.45799 0.11450 0.00000 289.15762 448.51169
0.54599 0.11450 0.00000 322.86230 450.23682
0.57248 0.11450 0.00000 333.04077 450.78275
0.66048 0.11450 0.00000 367.23563 452.56290
0.08800 0.20250 0.00000 151.79207 406.43753
0.11450 0.20250 0.00000 161.64169 406.64700
0.20250 0.20250 0.00000 194.83199 408.28210
0.31699 0.20250 0.00000 237.75587 410.02560
0.34349 0.20250 0.00000 247.73825 410.48212
0.43149 0.20250 0.00000 280.83887 412.18555
0.45799 0.20250 0.00000 290.78989 412.68277
0.54599 0.20250 0.00000 324.20010 414.24216
0.57248 0.20250 0.00000 334.26965 414.88223
0.66048 0.20250 0.00000 367.82025 416.71774
0.00000 0.22899 0.00000 119.93489 394.51794
0.08800 0.22899 0.00000 152.80110 395.81219
0.11450 0.22899 0.00000 162.67731 396.42807
0.22899 0.22899 0.00000 205.52499 398.30981
0.34349 0.22899 0.00000 248.41681 400.18094
0.43149 0.22899 0.00000 281.29440 401.68744
0.45799 0.22899 0.00000 291.33746 402.31168
0.54599 0.22899 0.00000 324.58856 403.91489
0.57248 0.22899 0.00000 334.45480 404.33221
0.66048 0.22899 0.00000 368.02850 405.98282
0.00000 0.31699 0.00000 123.67265 360.35889
0.11450 0.31699 0.00000 165.93640 362.06699
0.22899 0.31699 0.00000 208.20436 363.90842
0.31699 0.31699 0.00000 240.73849 365.53445
0.34349 0.31699 0.00000 250.40442 365.88080
0.43149 0.31699 0.00000 282.96338 367.48544
0.45799 0.31699 0.00000 292.79187 367.85809
0.54599 0.31699 0.00000 325.69919 369.37277
0.57248 0.31699 0.00000 335.63153 369.73483
0.66048 0.31699 0.00000 368.72668 371.46289
0.00000 0.34349 0.00000 124.88277 350.34579
0.08800 0.34349 0.00000 157.11456 351.51712
0.11450 0.34349 0.00000 166.83813 352.11874
0.20250 0.34349 0.00000 199.22290 353.42752
0.22899 0.34349 0.00000 208.94606 353.91797
0.31699 0.34349 0.00000 241.33115 355.32474
0.34349 0.34349 0.00000 250.88976 355.64096
0.43149 0.34349 0.00000 283.51654 357.33636
0.45799 0.34349 0.00000 293.35663 357.68362
0.54599 0.34349 0.00000 326.08191 359.22354
0.57248 0.34349 0.00000 335.90289 359.54483
0.66048 0.34349 0.00000 368.93997 361.13837
0.00000 0.43149 0.00000 128.44646 317.34671
0.08800 0.43149 0.00000 160.40681 318.53772
0.11450 0.43149 0.00000 170.01378 319.00037
0.20250 0.43149 0.00000 201.94710 320.40613
0.22899 0.43149 0.00000 211.44760 320.65637
0.31699 0.43149 0.00000 243.35938 322.21936
0.34349 0.43149 0.00000 253.02402 322.52167
0.43149 0.43149 0.00000 285.22882 324.03427
0.45799 0.43149 0.00000 294.81256 324.39569
0.54599 0.43149 0.00000 327.35492 325.71793
0.57248 0.43149 0.00000 337.02609 326.20792
0.66048 0.43149 0.00000 369.67719 327.47983
0.00000 0.45799 0.00000 129.48143 307.55008
0.08800 0.45799 0.00000 161.34660 308.76547
0.11450 0.45799 0.00000 170.87621 309.39951
0.20250 0.45799 0.00000 202.67888 310.45331
0.22899 0.45799 0.00000 212.13280 310.79382
0.31699 0.45799 0.00000 244.02483 312.37610
0.34349 0.45799 0.00000 253.58260 312.63065
0.43149 0.45799 0.00000 285.65677 314.09897
0.45799 0.45799 0.00000 295.35446 314.48978
0.54599 0.45799 0.00000 327.56189 315.75620
0.57248 0.45799 0.00000 337.41962 316.21564
0.66048 0.45799 0.00000 369.81720 317.55325
0.00000 0.54599 0.00000 132.88480 275.54968
0.08800 0.54599 0.00000 164.41682 276.99664
0.11450 0.54599 0.00000 173.87395 277.27258
0.20250 0.54599 0.00000 205.35428 278.53320
0.22899 0.54599 0.00000 214.66920 278.87494
0.31699 0.54599 0.00000 246.12456 280.03275
0.34349 0.54599 0.00000 255.57060 280.47064
0.43149 0.54599 0.00000 287.38754 281.61545
0.45799 0.54599 0.00000 296.83417 282.10947
0.54599 0.54599 0.00000 328.71628 283.32861
0.57248 0.54599 0.00000 338.47632 283.64505
0.66048 0.54599 0.00000 370.55002 284.94864
0.00000 0.57248 0.00000 133.94327 266.36786
0.08800 0.57248 0.00000 165.31332 267.32520
0.11450 0.57248 0.00000 174.81375 267.80151
0.20250 0.57248 0.00000 206.09105 268.93713
0.22899 0.57248 0.00000 215.40706 269.45538
0.31699 0.57248 0.00000 246.73814 270.51218
0.34349 0.57248 0.00000 256.26334 270.92587
0.43149 0.57248 0.00000 287.76523 272.18292
0.45799 0.57248 0.00000 297.37277 272.49597
0.54599 0.57248 0.00000 329.23962 273.68802
0.57248 0.57248 0.00000 338.67679 274.03860
0.66048 0.57248 0.00000 370.71283 275.37589
0.00000 0.66048 0.00000 137.31804 235.33022
0.08800 0.66048 0.00000 168.38826 236.40250
0.11450 0.66048 0.00000 177.58107 236.79416
0.20250 0.66048 0.00000 208.61490 237.87209
0.22899 0.66048 0.00000 217.83905 238.24570
0.31699 0.66048 0.00000 248.82889 239.40068
0.34349 0.66048 0.00000 258.22046 239.57112
0.43149 0.66048 0.00000 289.45050 240.71373
0.45799 0.66048 0.00000 298.80368 241.13405
0.54599 0.66048 0.00000 330.31473 242.31480
0.57248 0.66048 0.00000 339.78964 242.50914
0.66048 0.66048 0.00000 371.40814 243.64191

gimbalangles:
0.0 -0.174532925199 0.261799387799 

end: