T_CW:
0.9991076572 0.0369935363 -0.0203805695 -0.4116831464
0.0331946653 -0.9861233122 -0.1626620032 0.6366634940
-0.0261151974 0.1618403268 -0.9864713402 1.2038050689
0.0000000000 0.0000000000 0.0000000000 1.0000000000

T_CW_cov:

target_points_pix:
0.00000 0.11450 0.00000 162.17038 429.57227
0.08800 0.11450 0.00000 195.27013 431.11975
0.11450 0.11450 0.00000 205.16405 431.39886
0.20250 0.11450 0.00000 238.38448 432.86017
0.22899 0.11450 0.00000 248.34036 433.36169
0.31699 0.11450 0.00000 281.63577 434.77411
0.34349 0.11450 0.00000 291.60489 435.26019
0.45799 0.11450 0.00000 335.13406 437.24313
0.54599 0.11450 0.00000 368.70938 438.60895
0.66048 0.11450 0.00000 412.55115 440.61887
0.00000 0.20250 0.00000 165.34834 394.90689
0.08800 0.20250 0.00000 197.94154 396.30652
0.11450 0.20250 0.00000 207.71721 396.58887
0.20250 0.20250 0.00000 240.53770 397.83389
0.22899 0.20250 0.00000 250.53172 398.31833
0.31699 0.20250 0.00000 283.29761 399.66742
0.34349 0.20250 0.00000 293.24115 400.14886
0.43149 0.20250 0.00000 326.27643 401.48996
0.45799 0.20250 0.00000 336.22095 401.96671
0.54599 0.20250 0.00000 369.28043 403.35068
0.57248 0.20250 0.00000 379.31561 403.65771
0.66048 0.20250 0.00000 412.52350 405.22403
0.00000 0.22899 0.00000 166.07205 384.62546
0.08800 0.22899 0.00000 198.71051 385.94983
0.11450 0.22899 0.00000 208.50769 386.39999
0.20250 0.22899 0.00000 241.28787 387.58646
0.22899 0.22899 0.00000 250.96959 388.09094
0.31699 0.22899 0.00000 283.81097 389.38644
0.34349 0.22899 0.00000 293.59518 389.85776
0.43149 0.22899 0.00000 326.58893 391.24033
0.45799 0.22899 0.00000 336.46152 391.63193
0.54599 0.22899 0.00000 369.43546 393.01578
0.57248 0.22899 0.00000 379.33554 393.39062
0.66048 0.22899 0.00000 412.62283 394.81219
0.00000 0.31699 0.00000 169.08684 350.91626
0.08800 0.31699 0.00000 201.34744 352.26129
0.11450 0.31699 0.00000 210.99144 352.62668
0.20250 0.31699 0.00000 243.34268 353.87939
0.22899 0.31699 0.00000 253.13657 354.24866
0.31699 0.31699 0.00000 285.45593 355.57535
0.34349 0.31699 0.00000 295.20724 356.02435
0.43149 0.31699 0.00000 327.56589 357.28284
0.45799 0.31699 0.00000 337.47800 357.61014
0.54599 0.31699 0.00000 370.13165 358.82544
0.57248 0.31699 0.00000 379.86142 359.34256
0.66048 0.31699 0.00000 412.65369 360.54117
0.00000 0.34349 0.00000 169.96965 341.06686
0.08800 0.34349 0.00000 202.09525 342.31036
0.11450 0.34349 0.00000 211.71375 342.59283
0.20250 0.34349 0.00000 243.86537 343.83652
0.22899 0.34349 0.00000 253.52357 344.34851
0.31699 0.34349 0.00000 285.82474 345.52731
0.34349 0.34349 0.00000 295.55447 346.02899
0.43149 0.34349 0.00000 327.97891 347.25500
0.45799 0.34349 0.00000 337.66125 347.61279
0.54599 0.34349 0.00000 370.33582 348.85632
0.57248 0.34349 0.00000 380.04321 349.22626
0.66048 0.34349 0.00000 412.70358 350.51764
0.00000 0.43149 0.00000 172.80315 308.40128
0.08800 0.43149 0.00000 204.56561 309.53088
0.11450 0.43149 0.00000 214.23627 309.89047
0.20250 0.43149 0.00000 245.84196 311.26501
0.22899 0.43149 0.00000 255.47534 311.52307
0.31699 0.43149 0.00000 287.41043 312.73572
0.34349 0.43149 0.00000 297.02301 313.16043
0.43149 0.43149 0.00000 329.03662 314.37943
0.45799 0.43149 0.00000 338.60312 314.63971
0.54599 0.43149 0.00000 370.86182 315.86026
0.57248 0.43149 0.00000 380.54254 316.25211
0.66048 0.43149 0.00000 412.80176 317.35907
0.00000 0.45799 0.00000 173.67360 298.79675
0.08800 0.45799 0.00000 205.40317 299.79898
0.11450 0.45799 0.00000 214.78133 300.34103
0.20250 0.45799 0.00000 246.52402 301.42004
0.22899 0.45799 0.00000 255.94437 301.80618
0.31699 0.45799 0.00000 287.77936 303.07166
0.34349 0.45799 0.00000 297.44855 303.45551
0.43149 0.45799 0.00000 329.36856 304.57922
0.45799 0.45799 0.00000 338.93430 304.94583
0.54599 0.45799 0.00000 371.08133 306.19241
0.57248 0.45799 0.00000 380.60675 306.45300
0.66048 0.45799 0.00000 412.89655 307.57916
0.00000 0.54599 0.00000 176.45673 267.11472
0.08800 0.54599 0.00000 207.63290 268.34174
0.11450 0.54599 0.00000 217.09998 268.51254
0.20250 0.54599 0.00000 248.47365 269.62549
0.22899 0.54599 0.00000 257.83743 270.02322
0.31699 0.54599 0.00000 289.33429 271.22238
0.34349 0.54599 0.00000 298.67474 271.46561
0.43149 0.54599 0.00000 330.42957 272.58047
0.45799 0.54599 0.00000 339.82706 272.94904
0.54599 0.54599 0.00000 371.52435 274.00284
0.57248 0.54599 0.00000 381.21771 274.44467
0.66048 0.54599 0.00000 413.13403 275.40805
0.00000 0.57248 0.00000 177.24425 257.68973
0.08800 0.57248 0.00000 208.50594 258.75500
0.11450 0.57248 0.00000 217.71614 259.31738
0.20250 0.57248 0.00000 248.98236 260.34085
0.22899 0.57248 0.00000 258.37854 260.63300
0.31699 0.57248 0.00000 289.66760 261.74649
0.34349 0.57248 0.00000 299.22842 262.11768
0.43149 0.57248 0.00000 330.63025 263.22504
0.45799 0.57248 0.00000 340.21664 263.46594
0.54599 0.57248 0.00000 371.71307 264.53503
0.57248 0.57248 0.00000 381.36459 264.81363
0.66048 0.57248 0.00000 413.08704 265.98859
0.00000 0.66048 0.00000 179.88168 226.91803
0.08800 0.66048 0.00000 210.68216 228.07765
0.11450 0.66048 0.00000 219.99690 228.37833
0.20250 0.66048 0.00000 250.79272 229.42473
0.22899 0.66048 0.00000 260.12970 229.59438
0.31699 0.66048 0.00000 291.27551 230.68648
0.34349 0.66048 0.00000 300.48907 230.95428
0.43149 0.66048 0.00000 331.63876 231.94431
0.45799 0.66048 0.00000 341.13034 232.36707
0.54599 0.66048 0.00000 372.36118 233.36246
0.57248 0.66048 0.00000 381.67401 233.61871
0.66048 0.66048 0.00000 413.21420 234.61237

gimbalangles:
0.0 -0.174532925199 0.261799387799 

end: