T_CW:
0.9028090679 0.2153651439 0.3722279432 -0.9291820301
0.2100966775 -0.9761213234 0.0551955437 0.1556541319
0.3752268288 0.0283728168 -0.9264986833 1.0562516697
0.0000000000 0.0000000000 0.0000000000 1.0000000000

T_CW_cov:

target_points_pix:
0.34349 0.00000 0.00000 69.06139 563.33417
0.43149 0.00000 0.00000 156.51903 574.39008
0.45799 0.00000 0.00000 181.76410 577.53937
0.54599 0.00000 0.00000 263.45074 588.04291
0.57248 0.00000 0.00000 287.16693 591.14124
0.43149 0.08800 0.00000 174.47079 495.75195
0.45799 0.08800 0.00000 199.51518 499.69519
0.54599 0.08800 0.00000 280.47522 512.23029
0.57248 0.08800 0.00000 303.93240 515.66736
0.66048 0.08800 0.00000 379.68573 527.52808
0.34349 0.11450 0.00000 93.53976 458.46622
0.43149 0.11450 0.00000 179.82103 472.48950
0.45799 0.11450 0.00000 205.06677 476.50937
0.54599 0.11450 0.00000 285.67755 489.53198
0.57248 0.11450 0.00000 309.07895 493.40216
0.66048 0.11450 0.00000 384.57001 505.53986
0.34349 0.20250 0.00000 112.18256 378.62241
0.43149 0.20250 0.00000 197.71626 394.68979
0.45799 0.20250 0.00000 222.62108 399.42026
0.54599 0.20250 0.00000 302.63165 414.40207
0.57248 0.20250 0.00000 326.00049 418.63812
0.66048 0.20250 0.00000 400.95578 432.75253
0.34349 0.22899 0.00000 117.80717 354.73605
0.43149 0.22899 0.00000 203.20598 371.48849
0.45799 0.22899 0.00000 227.94757 376.34320
0.54599 0.22899 0.00000 307.78674 391.72833
0.57248 0.22899 0.00000 331.17545 396.38257
0.66048 0.22899 0.00000 405.82977 410.92493
0.34349 0.31699 0.00000 136.19037 275.50131
0.43149 0.31699 0.00000 221.05006 294.23560
0.45799 0.31699 0.00000 245.55122 299.60153
0.54599 0.31699 0.00000 325.05704 317.29160
0.57248 0.31699 0.00000 347.96432 322.17529
0.66048 0.31699 0.00000 422.32471 338.52243
0.22899 0.34349 0.00000 24.63752 224.75838
0.31699 0.34349 0.00000 115.62416 245.68210
0.34349 0.34349 0.00000 141.80025 251.57797
0.43149 0.34349 0.00000 226.42285 271.02716
0.45799 0.34349 0.00000 251.13672 276.57294
0.54599 0.34349 0.00000 330.10977 294.63165
0.57248 0.34349 0.00000 353.16061 299.81711
0.66048 0.34349 0.00000 427.46942 316.73163
0.22899 0.43149 0.00000 44.18368 143.10042
0.31699 0.43149 0.00000 134.27797 166.11075
0.34349 0.43149 0.00000 160.46837 172.70123
0.43149 0.43149 0.00000 244.28511 194.01872
0.45799 0.43149 0.00000 268.57117 200.24475
0.54599 0.43149 0.00000 347.17542 220.29703
0.57248 0.43149 0.00000 370.18289 225.96318
0.66048 0.43149 0.00000 443.73303 244.57954
0.31699 0.45799 0.00000 139.76111 142.04276
0.34349 0.45799 0.00000 165.92938 148.85327
0.43149 0.45799 0.00000 249.66074 170.97772
0.45799 0.45799 0.00000 274.03268 177.34549
0.54599 0.45799 0.00000 352.34982 197.77112
0.57248 0.45799 0.00000 375.23563 203.69997
0.66048 0.45799 0.00000 448.59839 222.92853
0.22899 0.54599 0.00000 69.41763 37.32175
0.31699 0.54599 0.00000 158.41220 63.03210
0.34349 0.54599 0.00000 184.41389 70.49819
0.43149 0.54599 0.00000 267.43121 94.49338
0.45799 0.54599 0.00000 291.55820 101.45940
0.54599 0.54599 0.00000 369.31433 123.75480
0.57248 0.54599 0.00000 391.81558 130.22542
0.66048 0.54599 0.00000 464.85565 151.26756
0.57248 0.57248 0.00000 397.11554 108.24379
0.66048 0.57248 0.00000 469.73212 129.68112
0.57248 0.66048 0.00000 413.79675 35.06329
0.66048 0.66048 0.00000 486.01685 58.24863

gimbalangles:
0.0 -0.174532925199 0.436332312999 

end: