T_CW:
0.9987978905 0.0413562040 -0.0263142223 -0.5246881520
0.0363924026 -0.9852620407 -0.1671355860 0.6411299935
-0.0328384978 0.1659770330 -0.9855826995 1.2037461601
0.0000000000 0.0000000000 0.0000000000 1.0000000000

T_CW_cov:

target_points_pix:
0.08800 0.11450 0.00000 148.35356 441.45813
0.11450 0.11450 0.00000 158.28081 442.18039
0.20250 0.11450 0.00000 191.72011 443.50995
0.22899 0.11450 0.00000 201.76892 444.31677
0.31699 0.11450 0.00000 235.35147 445.63129
0.34349 0.11450 0.00000 245.35376 446.21069
0.43149 0.11450 0.00000 279.07791 447.92239
0.45799 0.11450 0.00000 289.13107 448.56467
0.54599 0.11450 0.00000 322.98132 450.11255
0.57248 0.11450 0.00000 333.13300 450.68787
0.66048 0.11450 0.00000 367.20163 452.54898
0.00000 0.20250 0.00000 118.73555 404.69040
0.08800 0.20250 0.00000 151.76846 406.40802
0.11450 0.20250 0.00000 161.62444 406.57837
0.20250 0.20250 0.00000 194.75656 408.28720
0.31699 0.20250 0.00000 237.84930 410.15500
0.43149 0.20250 0.00000 280.74918 412.40442
0.45799 0.20250 0.00000 290.84744 412.72705
0.54599 0.20250 0.00000 324.28119 414.54785
0.57248 0.20250 0.00000 334.25961 414.91757
0.66048 0.20250 0.00000 367.79443 416.56357
0.00000 0.22899 0.00000 119.94109 394.47449
0.08800 0.22899 0.00000 152.88907 395.81497
0.11450 0.22899 0.00000 162.66597 396.38858
0.22899 0.22899 0.00000 205.46365 398.21625
0.31699 0.22899 0.00000 238.42389 399.66165
0.34349 0.22899 0.00000 248.37495 400.15231
0.43149 0.22899 0.00000 281.38739 401.67703
0.45799 0.22899 0.00000 291.31351 402.12158
0.54599 0.22899 0.00000 324.50223 403.92081
0.57248 0.22899 0.00000 334.53357 404.39117
0.66048 0.22899 0.00000 368.06662 406.05066
0.00000 0.31699 0.00000 123.64100 360.34308
0.08800 0.31699 0.00000 156.27640 361.67038
0.11450 0.31699 0.00000 165.96935 362.11786
0.20250 0.31699 0.00000 198.53017 363.57303
0.22899 0.31699 0.00000 208.19725 363.92703
0.31699 0.31699 0.00000 240.61754 365.47760
0.34349 0.31699 0.00000 250.42108 365.85263
0.45799 0.31699 0.00000 292.79208 367.84787
0.54599 0.31699 0.00000 325.67920 369.34384
0.57248 0.31699 0.00000 335.61398 369.74338
0.66048 0.31699 0.00000 368.73593 371.53317
0.08800 0.34349 0.00000 157.08740 351.59091
0.11450 0.34349 0.00000 166.96603 352.17328
0.22899 0.34349 0.00000 208.88020 353.74316
0.31699 0.34349 0.00000 241.27858 355.35355
0.34349 0.34349 0.00000 250.89276 355.64075
0.43149 0.34349 0.00000 283.56226 357.34341
0.45799 0.34349 0.00000 293.33218 357.62674
0.54599 0.34349 0.00000 326.11465 359.18350
0.57248 0.34349 0.00000 335.95920 359.60989
0.66048 0.34349 0.00000 368.91449 361.18970
0.00000 0.43149 0.00000 128.36676 317.22745
0.08800 0.43149 0.00000 160.35840 318.65121
0.11450 0.43149 0.00000 170.03426 318.82626
0.20250 0.43149 0.00000 201.92101 320.40015
0.22899 0.43149 0.00000 211.48698 320.59448
0.31699 0.43149 0.00000 243.36127 322.09677
0.34349 0.43149 0.00000 252.87941 322.54700
0.43149 0.43149 0.00000 285.15631 323.83115
0.45799 0.43149 0.00000 294.89337 324.35745
0.54599 0.43149 0.00000 327.23074 325.63507
0.57248 0.43149 0.00000 337.20215 326.05933
0.66048 0.43149 0.00000 369.62375 327.40076
0.00000 0.45799 0.00000 129.45393 307.49411
0.08800 0.45799 0.00000 161.37088 308.70950
0.11450 0.45799 0.00000 170.85136 309.33563
0.20250 0.45799 0.00000 202.69774 310.37695
0.22899 0.45799 0.00000 212.13612 310.83716
0.31699 0.45799 0.00000 244.00685 312.27335
0.34349 0.45799 0.00000 253.53706 312.63184
0.43149 0.45799 0.00000 285.74374 313.94617
0.45799 0.45799 0.00000 295.30847 314.45770
0.54599 0.45799 0.00000 327.76474 315.66986
0.57248 0.45799 0.00000 337.36017 316.07901
0.66048 0.45799 0.00000 369.88397 317.50018
0.00000 0.54599 0.00000 132.84413 275.54752
0.08800 0.54599 0.00000 164.49011 276.98666
0.11450 0.54599 0.00000 173.87654 277.26218
0.20250 0.54599 0.00000 205.26944 278.52841
0.22899 0.54599 0.00000 214.64009 278.71851
0.31699 0.54599 0.00000 246.14952 280.15643
0.34349 0.54599 0.00000 255.65961 280.45660
0.43149 0.54599 0.00000 287.21570 281.66208
0.45799 0.54599 0.00000 296.98807 282.14246
0.54599 0.54599 0.00000 328.69241 283.38422
0.57248 0.54599 0.00000 338.55966 283.70889
0.66048 0.54599 0.00000 370.45468 284.94852
0.00000 0.57248 0.00000 133.92570 266.34900
0.08800 0.57248 0.00000 165.36906 267.40991
0.11450 0.57248 0.00000 174.71269 267.79449
0.20250 0.57248 0.00000 205.96382 268.96014
0.22899 0.57248 0.00000 215.41443 269.35724
0.31699 0.57248 0.00000 246.70102 270.48499
0.34349 0.57248 0.00000 256.19150 270.94394
0.43149 0.57248 0.00000 287.85196 272.11877
0.45799 0.57248 0.00000 297.37552 272.44315
0.54599 0.57248 0.00000 329.29260 273.62430
0.57248 0.57248 0.00000 338.56747 274.18942
0.66048 0.57248 0.00000 370.76730 275.32889
0.00000 0.66048 0.00000 137.21381 235.19069
0.08800 0.66048 0.00000 168.30215 236.53047
0.11450 0.66048 0.00000 177.57137 236.71826
0.20250 0.66048 0.00000 208.49858 237.96172
0.22899 0.66048 0.00000 217.86729 238.29494
0.31699 0.66048 0.00000 248.72124 239.34630
0.34349 0.66048 0.00000 258.33047 239.58537
0.43149 0.66048 0.00000 289.38455 240.72192
0.45799 0.66048 0.00000 298.93048 241.16811
0.54599 0.66048 0.00000 330.24573 242.30223
0.57248 0.66048 0.00000 339.84854 242.61501
0.66048 0.66048 0.00000 371.31622 243.69975

gimbalangles:
0.0 0.0 -0.436332312999 

end: