T_CW:
0.9889283068 0.0494406415 -0.1399157856 -0.2230850391
0.0479542233 -0.9987517354 -0.0139772477 0.3238891868
-0.1404321778 0.0071129431 -0.9900647502 1.3591016354
0.0000000000 0.0000000000 0.0000000000 1.0000000000

T_CW_cov:

target_points_pix:
0.00000 0.00000 0.00000 463.19006 614.39600
0.08800 0.00000 0.00000 532.98242 620.47784
0.11450 0.00000 0.00000 554.33984 622.28906
0.20250 0.00000 0.00000 625.76965 628.50250
0.22899 0.00000 0.00000 647.61060 630.42786
0.31699 0.00000 0.00000 721.18292 636.69336
0.34349 0.00000 0.00000 743.48419 638.59314
0.43149 0.00000 0.00000 818.71399 644.92230
0.45799 0.00000 0.00000 841.64746 646.79926
0.54599 0.00000 0.00000 919.31299 653.46997
0.57248 0.00000 0.00000 942.53558 655.38690
0.00000 0.08800 0.00000 466.93347 542.64197
0.08800 0.08800 0.00000 536.84375 547.93701
0.11450 0.08800 0.00000 558.25854 549.48029
0.20250 0.08800 0.00000 629.56329 554.89069
0.22899 0.08800 0.00000 651.51526 556.58569
0.31699 0.08800 0.00000 724.73895 562.27856
0.34349 0.08800 0.00000 747.21503 563.79626
0.43149 0.08800 0.00000 822.45441 569.59943
0.45799 0.08800 0.00000 845.42639 571.39508
0.54599 0.08800 0.00000 922.44446 577.07635
0.57248 0.08800 0.00000 945.94135 578.64801
0.66048 0.08800 0.00000 1025.42395 584.71759
0.00000 0.11450 0.00000 468.09140 521.28937
0.08800 0.11450 0.00000 537.92346 526.30145
0.11450 0.11450 0.00000 559.35138 527.58032
0.20250 0.11450 0.00000 630.63623 532.81824
0.22899 0.11450 0.00000 652.54480 534.48401
0.31699 0.11450 0.00000 725.83289 539.78943
0.34349 0.11450 0.00000 748.33282 541.48865
0.43149 0.11450 0.00000 823.51398 547.04681
0.45799 0.11450 0.00000 846.44073 548.66650
0.54599 0.11450 0.00000 923.58002 554.29089
0.57248 0.11450 0.00000 947.05237 555.73450
0.66048 0.11450 0.00000 1026.44043 561.59662
0.00000 0.20250 0.00000 471.58719 449.60376
0.08800 0.20250 0.00000 541.54480 454.08237
0.11450 0.20250 0.00000 562.81116 455.45731
0.20250 0.20250 0.00000 634.43256 459.71140
0.22899 0.20250 0.00000 656.28363 461.26007
0.31699 0.20250 0.00000 729.50940 465.88586
0.34349 0.20250 0.00000 751.74274 467.33026
0.43149 0.20250 0.00000 827.28687 472.03787
0.45799 0.20250 0.00000 849.91718 473.50842
0.54599 0.20250 0.00000 926.96606 478.35669
0.57248 0.20250 0.00000 950.51105 479.63004
0.66048 0.20250 0.00000 1029.61731 484.59122
0.00000 0.22899 0.00000 472.82996 428.28351
0.08800 0.22899 0.00000 542.61835 432.47211
0.11450 0.22899 0.00000 563.97583 433.57727
0.20250 0.22899 0.00000 635.47052 437.85837
0.22899 0.22899 0.00000 657.27466 439.30362
0.31699 0.22899 0.00000 730.52594 443.63403
0.34349 0.22899 0.00000 752.83685 445.15228
0.43149 0.22899 0.00000 828.15686 449.51590
0.45799 0.22899 0.00000 851.14081 450.84543
0.54599 0.22899 0.00000 928.30627 455.54758
0.57248 0.22899 0.00000 951.71033 456.89371
0.66048 0.22899 0.00000 1030.79041 461.55222
0.00000 0.31699 0.00000 476.44293 356.74539
0.08800 0.31699 0.00000 546.34357 360.43875
0.11450 0.31699 0.00000 567.50714 361.45651
0.20250 0.31699 0.00000 639.10339 365.06805
0.22899 0.31699 0.00000 660.87927 366.27130
0.31699 0.31699 0.00000 734.06000 369.77393
0.34349 0.31699 0.00000 756.48883 370.98221
0.43149 0.31699 0.00000 831.65503 374.72427
0.45799 0.31699 0.00000 854.58295 375.83124
0.54599 0.31699 0.00000 931.82861 379.68497
0.57248 0.31699 0.00000 955.35657 380.84726
0.66048 0.31699 0.00000 1034.55823 384.78381
0.00000 0.34349 0.00000 477.47958 335.40546
0.08800 0.34349 0.00000 547.41522 338.65155
0.11450 0.34349 0.00000 568.59918 339.67871
0.20250 0.34349 0.00000 640.24164 343.21353
0.22899 0.34349 0.00000 662.01801 344.29031
0.31699 0.34349 0.00000 735.23370 347.61539
0.34349 0.34349 0.00000 757.56171 348.65149
0.43149 0.34349 0.00000 832.74109 352.37561
0.45799 0.34349 0.00000 855.65875 353.45999
0.54599 0.34349 0.00000 932.90240 356.90369
0.57248 0.34349 0.00000 956.46088 358.08948
0.66048 0.34349 0.00000 1035.61035 361.61227
0.00000 0.43149 0.00000 480.98587 264.02533
0.08800 0.43149 0.00000 550.88708 266.61496
0.11450 0.43149 0.00000 572.31866 267.50925
0.20250 0.43149 0.00000 643.70471 270.38239
0.22899 0.43149 0.00000 665.58447 271.23294
0.31699 0.43149 0.00000 738.83252 273.77328
0.34349 0.43149 0.00000 761.27563 274.63306
0.43149 0.43149 0.00000 836.48114 277.51413
0.45799 0.43149 0.00000 859.43024 278.36716
0.54599 0.43149 0.00000 936.56073 281.31036
0.57248 0.43149 0.00000 960.26917 282.02518
0.00000 0.45799 0.00000 482.21600 242.52992
0.08800 0.45799 0.00000 552.15613 245.19177
0.11450 0.45799 0.00000 573.46552 245.70207
0.20250 0.45799 0.00000 644.83563 248.47443
0.22899 0.45799 0.00000 666.61469 249.18452
0.31699 0.45799 0.00000 740.01294 251.60461
0.34349 0.45799 0.00000 762.39618 252.48065
0.43149 0.45799 0.00000 837.56525 255.04826
0.45799 0.45799 0.00000 860.53833 255.71976
0.54599 0.45799 0.00000 937.61731 258.37958
0.57248 0.45799 0.00000 961.25439 259.34360
0.66048 0.45799 0.00000 1040.47815 261.74899
0.00000 0.54599 0.00000 485.68896 171.40681
0.08800 0.54599 0.00000 555.68872 173.38348
0.11450 0.54599 0.00000 577.01501 173.62552
0.20250 0.54599 0.00000 648.56940 175.60185
0.22899 0.54599 0.00000 670.45752 176.08530
0.31699 0.54599 0.00000 743.62421 178.08081
0.34349 0.54599 0.00000 766.08209 178.48734
0.43149 0.54599 0.00000 841.30127 180.40991
0.45799 0.54599 0.00000 864.30511 180.85535
0.54599 0.54599 0.00000 941.35760 182.75406
0.57248 0.54599 0.00000 964.82880 183.44138
0.66048 0.54599 0.00000 1044.09180 185.33691
0.00000 0.57248 0.00000 486.72943 149.72862
0.08800 0.57248 0.00000 556.75720 151.58638
0.11450 0.57248 0.00000 578.26624 152.07538
0.20250 0.57248 0.00000 649.60980 153.62193
0.22899 0.57248 0.00000 671.48938 154.35028
0.31699 0.57248 0.00000 744.73145 155.73863
0.34349 0.57248 0.00000 767.32550 156.32585
0.43149 0.57248 0.00000 842.44165 157.89099
0.45799 0.57248 0.00000 865.28339 158.45000
0.54599 0.57248 0.00000 942.40314 160.27219
0.57248 0.57248 0.00000 965.70667 160.66695
0.66048 0.57248 0.00000 1045.13025 162.35271
0.00000 0.66048 0.00000 490.43646 78.54229
0.08800 0.66048 0.00000 560.53662 79.64968
0.11450 0.66048 0.00000 581.73602 79.97926
0.20250 0.66048 0.00000 653.45282 80.78223
0.22899 0.66048 0.00000 675.33429 81.37637
0.31699 0.66048 0.00000 748.53070 82.17323
0.34349 0.66048 0.00000 770.87885 82.37324
0.43149 0.66048 0.00000 846.06458 83.40199
0.45799 0.66048 0.00000 868.90417 83.60885
0.54599 0.66048 0.00000 946.11237 84.51065
0.57248 0.66048 0.00000 969.53021 84.75965

gimbalangles:
0.0 0.0 -0.0872664625997 

end: