T_CW:
0.9982631182 0.0490695373 0.0326025669 -0.4585148721
0.0494921254 -0.9986989789 -0.0122832865 0.3217462303
0.0319574150 0.0138755222 -0.9993929125 1.2989393153
0.0000000000 0.0000000000 0.0000000000 1.0000000000

T_CW_cov:

target_points_pix:
0.08800 0.00000 0.00000 330.32935 627.60352
0.11450 0.00000 0.00000 352.79938 628.60443
0.20250 0.00000 0.00000 427.67639 631.94684
0.22899 0.00000 0.00000 450.37357 633.02930
0.31699 0.00000 0.00000 524.96826 636.43372
0.34349 0.00000 0.00000 547.47369 637.39282
0.43149 0.00000 0.00000 621.81787 640.47961
0.45799 0.00000 0.00000 644.32410 641.36914
0.57248 0.00000 0.00000 740.47644 645.24561
0.00000 0.08800 0.00000 259.40030 549.37067
0.20250 0.08800 0.00000 431.71506 557.19366
0.22899 0.08800 0.00000 454.38458 558.14105
0.31699 0.08800 0.00000 528.81781 561.43073
0.34349 0.08800 0.00000 551.35889 562.44312
0.43149 0.08800 0.00000 625.48975 565.65948
0.45799 0.08800 0.00000 647.59143 566.71692
0.54599 0.08800 0.00000 721.58722 569.99219
0.57248 0.08800 0.00000 743.64288 570.85852
0.66048 0.08800 0.00000 817.52014 574.33136
0.08800 0.11450 0.00000 335.62567 530.34357
0.11450 0.11450 0.00000 358.08432 531.42224
0.20250 0.11450 0.00000 432.99701 534.59442
0.22899 0.11450 0.00000 455.47568 535.63873
0.31699 0.11450 0.00000 530.00482 539.04559
0.34349 0.11450 0.00000 552.47681 539.97766
0.43149 0.11450 0.00000 626.50024 543.40045
0.45799 0.11450 0.00000 648.66309 544.53955
0.54599 0.11450 0.00000 722.52722 547.60693
0.57248 0.11450 0.00000 744.65833 548.62195
0.66048 0.11450 0.00000 818.48883 551.97681
0.00000 0.20250 0.00000 264.40619 452.23676
0.08800 0.20250 0.00000 339.46152 455.61215
0.11450 0.20250 0.00000 362.08566 456.62830
0.20250 0.20250 0.00000 436.65637 460.39206
0.22899 0.20250 0.00000 459.39493 461.37756
0.31699 0.20250 0.00000 533.60669 464.74747
0.34349 0.20250 0.00000 556.10126 465.62601
0.43149 0.20250 0.00000 630.16602 469.24344
0.45799 0.20250 0.00000 652.36566 470.25873
0.54599 0.20250 0.00000 726.11835 473.62927
0.57248 0.20250 0.00000 748.14697 474.64615
0.66048 0.20250 0.00000 821.59283 478.24860
0.00000 0.22899 0.00000 265.63568 429.60049
0.08800 0.22899 0.00000 340.61172 433.39499
0.11450 0.22899 0.00000 363.10587 434.43063
0.20250 0.22899 0.00000 437.84280 437.79575
0.22899 0.22899 0.00000 460.38687 438.98877
0.31699 0.22899 0.00000 534.77679 442.52432
0.34349 0.22899 0.00000 557.25366 443.56799
0.43149 0.22899 0.00000 631.36462 447.08932
0.45799 0.22899 0.00000 653.47919 447.96933
0.54599 0.22899 0.00000 727.08124 451.54846
0.57248 0.22899 0.00000 749.23920 452.52737
0.66048 0.22899 0.00000 822.65094 456.09164
0.00000 0.31699 0.00000 269.62234 355.31467
0.08800 0.31699 0.00000 344.48358 358.89136
0.11450 0.31699 0.00000 367.10132 360.07184
0.20250 0.31699 0.00000 441.76633 363.62872
0.22899 0.31699 0.00000 464.35608 364.69763
0.31699 0.31699 0.00000 538.58435 368.53275
0.34349 0.31699 0.00000 560.82172 369.57401
0.43149 0.31699 0.00000 634.69287 373.37289
0.45799 0.31699 0.00000 657.09857 374.36823
0.54599 0.31699 0.00000 730.49731 377.76480
0.57248 0.31699 0.00000 752.60748 378.92102
0.66048 0.31699 0.00000 825.94965 382.42416
0.00000 0.34349 0.00000 270.76807 332.78397
0.08800 0.34349 0.00000 345.63651 336.57956
0.11450 0.34349 0.00000 368.30994 337.59543
0.20250 0.34349 0.00000 442.93271 341.44434
0.22899 0.34349 0.00000 465.48413 342.48160
0.31699 0.34349 0.00000 539.70642 346.37842
0.34349 0.34349 0.00000 561.98474 347.42657
0.43149 0.34349 0.00000 635.86517 350.99704
0.45799 0.34349 0.00000 658.22321 352.16989
0.54599 0.34349 0.00000 731.50714 355.59198
0.57248 0.34349 0.00000 753.69037 356.71902
0.66048 0.34349 0.00000 827.29181 360.46063
0.00000 0.43149 0.00000 274.64432 258.42682
0.08800 0.43149 0.00000 349.52176 262.36768
0.11450 0.43149 0.00000 372.21445 263.47766
0.20250 0.43149 0.00000 446.63028 267.41565
0.22899 0.43149 0.00000 469.19150 268.46173
0.31699 0.43149 0.00000 543.47150 272.38254
0.34349 0.43149 0.00000 565.61774 273.45947
0.43149 0.43149 0.00000 639.53442 277.38800
0.45799 0.43149 0.00000 661.58099 278.45590
0.54599 0.43149 0.00000 735.26996 282.23007
0.57248 0.43149 0.00000 757.41510 283.36823
0.66048 0.43149 0.00000 830.54333 287.00497
0.00000 0.45799 0.00000 276.12964 236.10513
0.08800 0.45799 0.00000 350.71530 239.95486
0.11450 0.45799 0.00000 373.43744 241.30196
0.20250 0.45799 0.00000 447.86197 245.04756
0.22899 0.45799 0.00000 470.32867 246.25684
0.31699 0.45799 0.00000 544.55878 250.16446
0.34349 0.45799 0.00000 566.71344 251.41663
0.43149 0.45799 0.00000 640.58838 255.36809
0.45799 0.45799 0.00000 662.69977 256.41949
0.54599 0.45799 0.00000 736.40857 260.17230
0.57248 0.45799 0.00000 758.33044 261.31668
0.66048 0.45799 0.00000 831.60168 264.72296
0.00000 0.54599 0.00000 280.02719 161.73309
0.08800 0.54599 0.00000 354.73691 166.03976
0.11450 0.54599 0.00000 377.37604 167.37276
0.20250 0.54599 0.00000 451.71057 171.36082
0.22899 0.54599 0.00000 474.26135 172.48935
0.31699 0.54599 0.00000 548.33734 176.49301
0.34349 0.54599 0.00000 570.44208 177.59045
0.43149 0.54599 0.00000 644.26227 181.56924
0.45799 0.54599 0.00000 666.37543 182.61925
0.54599 0.54599 0.00000 739.67108 186.68567
0.57248 0.54599 0.00000 761.73230 187.71716
0.66048 0.54599 0.00000 835.08405 191.57028
0.00000 0.57248 0.00000 281.33511 139.60733
0.08800 0.57248 0.00000 355.99869 143.74461
0.11450 0.57248 0.00000 378.49182 145.15286
0.20250 0.57248 0.00000 453.00189 149.17224
0.22899 0.57248 0.00000 475.37363 150.34932
0.31699 0.57248 0.00000 549.48328 154.39235
0.34349 0.57248 0.00000 571.51758 155.53426
0.43149 0.57248 0.00000 645.37213 159.52107
0.45799 0.57248 0.00000 667.51074 160.61934
0.54599 0.57248 0.00000 740.85535 164.63881
0.57248 0.57248 0.00000 762.82294 165.84250
0.66048 0.57248 0.00000 836.15399 169.54852
0.00000 0.66048 0.00000 285.27783 65.47522
0.08800 0.66048 0.00000 359.99811 69.84428
0.11450 0.66048 0.00000 382.50610 71.31826
0.20250 0.66048 0.00000 456.73666 75.45036
0.22899 0.66048 0.00000 479.29922 76.58643
0.31699 0.66048 0.00000 553.27020 80.66100
0.34349 0.66048 0.00000 575.41315 81.95715
0.43149 0.66048 0.00000 649.09741 85.97649
0.45799 0.66048 0.00000 671.21454 87.45258
0.54599 0.66048 0.00000 744.50189 91.39927
0.57248 0.66048 0.00000 766.46906 92.52174
0.66048 0.66048 0.00000 839.59320 96.55882

gimbalangles:
0.0 0.0 0.0872664625997 

end: