T_CW:
0.9991042330 0.0369560259 -0.0206151335 -0.4116884284
0.0331338804 -0.9862130863 -0.1621292520 0.6367237121
-0.0263225673 0.1613009626 -0.9865541657 1.2040793859
0.0000000000 0.0000000000 0.0000000000 1.0000000000

T_CW_cov:

target_points_pix:
0.00000 0.11450 0.00000 162.23267 429.54367
0.08800 0.11450 0.00000 195.32973 430.96277
0.11450 0.11450 0.00000 205.23869 431.51068
0.20250 0.11450 0.00000 238.48907 432.80768
0.22899 0.11450 0.00000 248.26518 433.30826
0.31699 0.11450 0.00000 281.60193 434.78287
0.34349 0.11450 0.00000 291.58133 435.27066
0.45799 0.11450 0.00000 335.01273 437.16223
0.54599 0.11450 0.00000 368.66241 438.63312
0.57248 0.11450 0.00000 378.69809 439.09155
0.66048 0.11450 0.00000 412.54147 440.62332
0.00000 0.20250 0.00000 165.32117 394.85214
0.08800 0.20250 0.00000 197.96144 396.32037
0.11450 0.20250 0.00000 207.79713 396.55621
0.20250 0.20250 0.00000 240.56816 397.95782
0.22899 0.20250 0.00000 250.50334 398.37256
0.31699 0.20250 0.00000 283.37827 399.74283
0.34349 0.20250 0.00000 293.29642 400.19922
0.43149 0.20250 0.00000 326.27039 401.54819
0.45799 0.20250 0.00000 336.26822 401.92755
0.54599 0.20250 0.00000 369.34015 403.40851
0.57248 0.20250 0.00000 379.32184 403.69827
0.66048 0.20250 0.00000 412.49704 405.24313
0.00000 0.22899 0.00000 166.10873 384.71094
0.08800 0.22899 0.00000 198.67415 385.96625
0.11450 0.22899 0.00000 208.52126 386.39078
0.20250 0.22899 0.00000 241.19910 387.62497
0.22899 0.22899 0.00000 251.07245 388.18018
0.31699 0.22899 0.00000 283.78473 389.45151
0.34349 0.22899 0.00000 293.55731 389.77097
0.43149 0.22899 0.00000 326.54431 391.23779
0.45799 0.22899 0.00000 336.43765 391.61179
0.54599 0.22899 0.00000 369.42819 393.01987
0.57248 0.22899 0.00000 379.43384 393.40628
0.66048 0.22899 0.00000 412.52783 394.75854
0.00000 0.31699 0.00000 169.22168 350.93698
0.08800 0.31699 0.00000 201.34834 352.30939
0.11450 0.31699 0.00000 210.94305 352.52579
0.20250 0.31699 0.00000 243.36316 353.91763
0.22899 0.31699 0.00000 252.99434 354.23383
0.31699 0.31699 0.00000 285.40652 355.54065
0.34349 0.31699 0.00000 295.17908 355.94061
0.43149 0.31699 0.00000 327.58777 357.29935
0.45799 0.31699 0.00000 337.46234 357.58853
0.54599 0.31699 0.00000 370.07846 358.89005
0.57248 0.31699 0.00000 379.92734 359.33652
0.66048 0.31699 0.00000 412.67804 360.59265
0.00000 0.34349 0.00000 169.86375 341.10620
0.08800 0.34349 0.00000 202.10426 342.29373
0.11450 0.34349 0.00000 211.65329 342.56778
0.20250 0.34349 0.00000 243.90254 343.91977
0.22899 0.34349 0.00000 253.57225 344.37131
0.31699 0.34349 0.00000 285.79056 345.53146
0.34349 0.34349 0.00000 295.47592 345.98740
0.43149 0.34349 0.00000 327.97141 347.31570
0.45799 0.34349 0.00000 337.67416 347.56198
0.54599 0.34349 0.00000 370.29169 348.85889
0.57248 0.34349 0.00000 380.06708 349.27737
0.66048 0.34349 0.00000 412.77887 350.48468
0.00000 0.43149 0.00000 172.78537 308.35516
0.08800 0.43149 0.00000 204.53415 309.60150
0.11450 0.43149 0.00000 214.16339 309.84061
0.20250 0.43149 0.00000 245.83066 311.23038
0.22899 0.43149 0.00000 255.45447 311.51468
0.31699 0.43149 0.00000 287.32916 312.70541
0.34349 0.43149 0.00000 296.97433 313.19125
0.43149 0.43149 0.00000 328.95560 314.39362
0.45799 0.43149 0.00000 338.65530 314.65302
0.54599 0.43149 0.00000 370.71417 315.81439
0.57248 0.43149 0.00000 380.49872 316.29059
0.66048 0.43149 0.00000 412.82025 317.37323
0.00000 0.45799 0.00000 173.65628 298.78088
0.08800 0.45799 0.00000 205.39590 299.85623
0.11450 0.45799 0.00000 214.76784 300.34866
0.20250 0.45799 0.00000 246.49617 301.47287
0.22899 0.45799 0.00000 256.02979 301.73996
0.31699 0.45799 0.00000 287.71518 302.98798
0.34349 0.45799 0.00000 297.42999 303.41150
0.43149 0.45799 0.00000 329.41364 304.58701
0.45799 0.45799 0.00000 338.99048 304.82571
0.54599 0.45799 0.00000 371.02829 306.16818
0.57248 0.45799 0.00000 380.63751 306.40515
0.66048 0.45799 0.00000 412.87958 307.55048
0.00000 0.54599 0.00000 176.52116 267.11356
0.08800 0.54599 0.00000 207.63916 268.33316
0.11450 0.54599 0.00000 217.11249 268.48651
0.20250 0.54599 0.00000 248.39871 269.58173
0.22899 0.54599 0.00000 257.83112 270.13812
0.31699 0.54599 0.00000 289.31927 271.16943
0.34349 0.54599 0.00000 298.74060 271.53638
0.43149 0.54599 0.00000 330.37469 272.57819
0.45799 0.54599 0.00000 339.88940 273.01337
0.54599 0.54599 0.00000 371.50143 274.10461
0.57248 0.54599 0.00000 381.32651 274.43344
0.66048 0.54599 0.00000 413.01840 275.41617
0.00000 0.57248 0.00000 177.29831 257.70364
0.08800 0.57248 0.00000 208.47275 258.75754
0.11450 0.57248 0.00000 217.73386 259.24194
0.20250 0.57248 0.00000 248.90083 260.34061
0.22899 0.57248 0.00000 258.35498 260.56766
0.31699 0.57248 0.00000 289.59174 261.67200
0.34349 0.57248 0.00000 299.23990 261.99704
0.43149 0.57248 0.00000 330.64548 263.20590
0.45799 0.57248 0.00000 340.27676 263.41971
0.54599 0.57248 0.00000 371.68799 264.53995
0.57248 0.57248 0.00000 381.34940 264.73138
0.66048 0.57248 0.00000 413.13495 265.96490
0.00000 0.66048 0.00000 179.83607 226.89975
0.08800 0.66048 0.00000 210.66699 228.11142
0.11450 0.66048 0.00000 219.99789 228.37238
0.20250 0.66048 0.00000 250.76530 229.42914
0.22899 0.66048 0.00000 260.20047 229.57793
0.31699 0.66048 0.00000 291.16183 230.57520
0.34349 0.66048 0.00000 300.53305 231.10851
0.43149 0.66048 0.00000 331.59958 232.04807
0.45799 0.66048 0.00000 341.20636 232.38191
0.54599 0.66048 0.00000 372.31213 233.36751
0.57248 0.66048 0.00000 381.73880 233.67572
0.66048 0.66048 0.00000 413.14188 234.57008

gimbalangles:
0.0 0.0 0.261799387799 

end: