T_CW:
0.9250882246 0.0443321416 0.3771557210 -0.8885964137
0.0516955986 -0.9986184778 -0.0094181094 0.3148044553
0.3762171471 0.0282098729 -0.9261019713 1.0559001393
0.0000000000 0.0000000000 0.0000000000 1.0000000000

T_CW_cov:

target_points_pix:
0.34349 0.00000 0.00000 113.83241 660.79114
0.43149 0.00000 0.00000 201.78102 656.69000
0.45799 0.00000 0.00000 227.50639 655.53534
0.54599 0.00000 0.00000 309.59308 651.63959
0.57248 0.00000 0.00000 333.49997 650.59772
0.34349 0.08800 0.00000 118.51167 578.16693
0.43149 0.08800 0.00000 206.23497 576.31982
0.45799 0.08800 0.00000 231.48985 575.68390
0.54599 0.08800 0.00000 313.39600 574.07916
0.57248 0.08800 0.00000 337.32755 573.49701
0.66048 0.08800 0.00000 413.79892 572.10321
0.34349 0.11450 0.00000 120.09814 553.43793
0.43149 0.11450 0.00000 207.48442 552.35107
0.45799 0.11450 0.00000 232.81924 552.05432
0.54599 0.11450 0.00000 314.60797 550.70746
0.57248 0.11450 0.00000 338.37964 550.46686
0.66048 0.11450 0.00000 414.78030 549.55121
0.34349 0.20250 0.00000 124.66235 471.56567
0.43149 0.20250 0.00000 211.73141 472.58774
0.45799 0.20250 0.00000 237.14119 472.93430
0.54599 0.20250 0.00000 318.48975 473.74823
0.57248 0.20250 0.00000 342.19577 474.18912
0.66048 0.20250 0.00000 418.50748 475.00421
0.31699 0.22899 0.00000 98.93195 446.50418
0.34349 0.22899 0.00000 125.90590 447.15100
0.43149 0.22899 0.00000 213.14848 448.68451
0.45799 0.22899 0.00000 238.26123 449.36261
0.54599 0.22899 0.00000 319.57755 450.68442
0.57248 0.22899 0.00000 343.27939 451.23877
0.66048 0.22899 0.00000 419.64087 452.56992
0.22899 0.31699 0.00000 10.53621 360.48129
0.31699 0.31699 0.00000 103.63108 364.51538
0.34349 0.31699 0.00000 130.56024 365.62955
0.43149 0.31699 0.00000 217.45628 369.51822
0.45799 0.31699 0.00000 242.58369 370.59250
0.54599 0.31699 0.00000 323.69492 374.23712
0.57248 0.31699 0.00000 347.44022 375.21811
0.66048 0.31699 0.00000 423.40884 378.45700
0.22899 0.34349 0.00000 12.06353 335.22632
0.31699 0.34349 0.00000 105.20914 339.87585
0.34349 0.34349 0.00000 132.13910 341.40234
0.43149 0.34349 0.00000 218.62350 345.66678
0.45799 0.34349 0.00000 243.91728 347.05933
0.54599 0.34349 0.00000 324.96902 351.23895
0.57248 0.34349 0.00000 348.52136 352.39886
0.66048 0.34349 0.00000 424.57275 356.19965
0.22899 0.43149 0.00000 17.35124 251.30215
0.31699 0.43149 0.00000 109.88994 258.33966
0.34349 0.43149 0.00000 136.68134 260.37613
0.43149 0.43149 0.00000 223.21045 266.71646
0.45799 0.43149 0.00000 248.15311 268.65356
0.54599 0.43149 0.00000 328.93365 274.73398
0.57248 0.43149 0.00000 352.45898 276.53488
0.66048 0.43149 0.00000 428.40277 282.32904
0.22899 0.45799 0.00000 18.66268 225.99472
0.31699 0.45799 0.00000 111.43214 233.68272
0.34349 0.45799 0.00000 138.20935 235.90355
0.43149 0.45799 0.00000 224.57755 243.28738
0.45799 0.45799 0.00000 249.49162 245.34154
0.54599 0.45799 0.00000 330.24966 251.89098
0.57248 0.45799 0.00000 353.52655 253.80074
0.66048 0.45799 0.00000 429.44427 260.18561
0.22899 0.54599 0.00000 23.91222 142.55682
0.31699 0.54599 0.00000 116.03397 152.50002
0.34349 0.54599 0.00000 142.96049 155.52994
0.43149 0.54599 0.00000 228.76318 164.75455
0.45799 0.54599 0.00000 253.79904 167.51299
0.54599 0.54599 0.00000 334.31055 176.18787
0.57248 0.54599 0.00000 357.51526 178.51341
0.66048 0.54599 0.00000 433.19012 186.57590
0.22899 0.57248 0.00000 25.53533 117.57212
0.31699 0.57248 0.00000 117.52970 128.35831
0.34349 0.57248 0.00000 144.42282 131.47308
0.43149 0.57248 0.00000 230.22919 141.42079
0.45799 0.57248 0.00000 255.18927 144.19980
0.54599 0.57248 0.00000 335.53461 153.44571
0.57248 0.57248 0.00000 358.71646 156.08134
0.66048 0.57248 0.00000 434.15002 164.54453
0.31699 0.66048 0.00000 122.47668 47.52899
0.34349 0.66048 0.00000 149.07111 51.29607
0.43149 0.66048 0.00000 234.52800 63.22978
0.45799 0.66048 0.00000 259.46469 66.58667
0.54599 0.66048 0.00000 339.51968 77.77972
0.57248 0.66048 0.00000 362.70285 81.09317
0.66048 0.66048 0.00000 437.84415 91.52357

gimbalangles:
0.0 0.0 0.436332312999 

end: