T_CW:
0.9991113098 0.0370424391 -0.0201109008 -0.4117575221
0.0332998616 -0.9862031193 -0.1621558713 0.6366847595
-0.0258400821 0.1613420748 -0.9865601984 1.2039026065
0.0000000000 0.0000000000 0.0000000000 1.0000000000

T_CW_cov:

target_points_pix:
0.00000 0.11450 0.00000 162.14618 429.55234
0.08800 0.11450 0.00000 195.31644 431.03256
0.11450 0.11450 0.00000 205.16125 431.49844
0.20250 0.11450 0.00000 238.38960 432.86533
0.22899 0.11450 0.00000 248.33344 433.36026
0.31699 0.11450 0.00000 281.57498 434.74896
0.34349 0.11450 0.00000 291.55386 435.27652
0.43149 0.11450 0.00000 325.15649 436.64023
0.45799 0.11450 0.00000 335.11209 437.23166
0.54599 0.11450 0.00000 368.71042 438.62762
0.57248 0.11450 0.00000 378.63669 439.09732
0.66048 0.11450 0.00000 412.51166 440.60562
0.00000 0.20250 0.00000 165.27464 394.81195
0.08800 0.20250 0.00000 197.79807 396.24316
0.11450 0.20250 0.00000 207.74193 396.56152
0.20250 0.20250 0.00000 240.50114 397.88605
0.31699 0.20250 0.00000 283.28372 399.69510
0.34349 0.20250 0.00000 293.28519 400.21213
0.43149 0.20250 0.00000 326.24670 401.57156
0.45799 0.20250 0.00000 336.24896 401.94455
0.54599 0.20250 0.00000 369.31705 403.37683
0.57248 0.20250 0.00000 379.34497 403.69714
0.66048 0.20250 0.00000 412.51886 405.31403
0.00000 0.22899 0.00000 166.08580 384.68158
0.08800 0.22899 0.00000 198.71629 385.95419
0.11450 0.22899 0.00000 208.46158 386.36032
0.20250 0.22899 0.00000 241.28349 387.61139
0.22899 0.22899 0.00000 250.97211 388.04724
0.31699 0.22899 0.00000 283.79062 389.41922
0.34349 0.22899 0.00000 293.57111 389.77911
0.43149 0.22899 0.00000 326.52036 391.26791
0.45799 0.22899 0.00000 336.33719 391.61002
0.54599 0.22899 0.00000 369.42584 392.97183
0.57248 0.22899 0.00000 379.31476 393.39374
0.66048 0.22899 0.00000 412.58102 394.81708
0.00000 0.31699 0.00000 169.05711 350.96341
0.08800 0.31699 0.00000 201.33665 352.31821
0.11450 0.31699 0.00000 210.95679 352.54233
0.20250 0.31699 0.00000 243.30161 353.81503
0.22899 0.31699 0.00000 253.00281 354.31934
0.31699 0.31699 0.00000 285.43143 355.60236
0.34349 0.31699 0.00000 295.18518 355.99554
0.43149 0.31699 0.00000 327.56445 357.28461
0.45799 0.31699 0.00000 337.42346 357.65125
0.54599 0.31699 0.00000 370.04123 358.87912
0.57248 0.31699 0.00000 379.88318 359.40381
0.66048 0.31699 0.00000 412.62344 360.56580
0.00000 0.34349 0.00000 169.85837 341.08517
0.08800 0.34349 0.00000 202.08606 342.28778
0.11450 0.34349 0.00000 211.64061 342.61020
0.20250 0.34349 0.00000 243.88754 343.91409
0.22899 0.34349 0.00000 253.52750 344.32651
0.31699 0.34349 0.00000 285.73965 345.54990
0.34349 0.34349 0.00000 295.51291 345.94415
0.43149 0.34349 0.00000 327.93866 347.30630
0.45799 0.34349 0.00000 337.67044 347.55524
0.54599 0.34349 0.00000 370.33350 348.87106
0.57248 0.34349 0.00000 380.08017 349.24466
0.66048 0.34349 0.00000 412.66422 350.48615
0.00000 0.43149 0.00000 172.77028 308.39767
0.08800 0.43149 0.00000 204.55806 309.57385
0.11450 0.43149 0.00000 214.12474 309.85001
0.20250 0.43149 0.00000 245.78645 311.20660
0.22899 0.43149 0.00000 255.48801 311.56708
0.31699 0.43149 0.00000 287.29565 312.66660
0.34349 0.43149 0.00000 297.00726 313.25333
0.43149 0.43149 0.00000 328.94516 314.37097
0.45799 0.43149 0.00000 338.62381 314.68365
0.54599 0.43149 0.00000 370.70218 315.89597
0.57248 0.43149 0.00000 380.56458 316.33942
0.66048 0.43149 0.00000 412.82492 317.39120
0.00000 0.45799 0.00000 173.61386 298.79419
0.08800 0.45799 0.00000 205.37164 299.87750
0.11450 0.45799 0.00000 214.75937 300.34436
0.20250 0.45799 0.00000 246.47391 301.46820
0.22899 0.45799 0.00000 256.01083 301.72546
0.31699 0.45799 0.00000 287.73074 303.09134
0.34349 0.45799 0.00000 297.43396 303.40311
0.43149 0.45799 0.00000 329.37979 304.60611
0.45799 0.45799 0.00000 339.02051 304.80597
0.57248 0.45799 0.00000 380.69205 306.41446
0.66048 0.45799 0.00000 412.84003 307.59772
0.00000 0.54599 0.00000 176.44389 267.20975
0.08800 0.54599 0.00000 207.63426 268.31174
0.11450 0.54599 0.00000 217.10023 268.51971
0.20250 0.54599 0.00000 248.39236 269.64072
0.22899 0.54599 0.00000 257.78180 270.15198
0.31699 0.54599 0.00000 289.31943 271.20615
0.34349 0.54599 0.00000 298.69391 271.55527
0.43149 0.54599 0.00000 330.35846 272.55899
0.45799 0.54599 0.00000 339.85913 273.05557
0.54599 0.54599 0.00000 371.51974 274.14517
0.66048 0.54599 0.00000 412.91641 275.41431
0.00000 0.57248 0.00000 177.28740 257.70688
0.08800 0.57248 0.00000 208.44173 258.81885
0.11450 0.57248 0.00000 217.66188 259.31693
0.20250 0.57248 0.00000 248.89096 260.34692
0.22899 0.57248 0.00000 258.39951 260.56998
0.31699 0.57248 0.00000 289.55737 261.67154
0.34349 0.57248 0.00000 299.24625 262.00446
0.43149 0.57248 0.00000 330.62671 263.26169
0.45799 0.57248 0.00000 340.29111 263.42514
0.54599 0.57248 0.00000 371.67801 264.51758
0.57248 0.57248 0.00000 381.39456 264.72141
0.66048 0.57248 0.00000 413.01947 266.02609
0.00000 0.66048 0.00000 179.84782 226.90015
0.08800 0.66048 0.00000 210.62503 228.00555
0.11450 0.66048 0.00000 219.97737 228.34996
0.20250 0.66048 0.00000 250.71465 229.43449
0.22899 0.66048 0.00000 260.17853 229.65327
0.31699 0.66048 0.00000 291.18088 230.57199
0.34349 0.66048 0.00000 300.50418 231.05658
0.43149 0.66048 0.00000 331.57980 232.07652
0.45799 0.66048 0.00000 341.19220 232.44835
0.54599 0.66048 0.00000 372.34921 233.38622
0.57248 0.66048 0.00000 381.68958 233.67882
0.66048 0.66048 0.00000 413.15857 234.55241

gimbalangles:
-0.349065850399 -0.174532925199 -0.436332312999 

end: