T_CW:
0.9988076621 0.0412874703 -0.0260499323 -0.5246675861
0.0363482780 -0.9851596662 -0.1677475329 0.6411020039
-0.0325892139 0.1666006510 -0.9854857514 1.2033797026
0.0000000000 0.0000000000 0.0000000000 1.0000000000

T_CW_cov:

target_points_pix:
0.00000 0.11450 0.00000 114.90579 440.02228
0.08800 0.11450 0.00000 148.14040 441.37003
0.11450 0.11450 0.00000 158.44826 442.13184
0.20250 0.11450 0.00000 191.73982 443.64230
0.31699 0.11450 0.00000 235.44421 445.62988
0.34349 0.11450 0.00000 245.47475 446.38651
0.43149 0.11450 0.00000 278.99966 447.90070
0.45799 0.11450 0.00000 289.02341 448.46283
0.54599 0.11450 0.00000 323.08200 450.32336
0.57248 0.11450 0.00000 333.08850 450.69839
0.66048 0.11450 0.00000 367.27563 452.54660
0.08800 0.20250 0.00000 151.81471 406.40680
0.11450 0.20250 0.00000 161.60521 406.60135
0.20250 0.20250 0.00000 194.69997 408.33997
0.22899 0.20250 0.00000 204.68198 408.51178
0.31699 0.20250 0.00000 237.77989 410.17270
0.43149 0.20250 0.00000 280.81372 412.32687
0.45799 0.20250 0.00000 290.83295 412.57690
0.54599 0.20250 0.00000 324.21176 414.52130
0.57248 0.20250 0.00000 334.34183 414.81909
0.66048 0.20250 0.00000 367.72290 416.62537
0.00000 0.22899 0.00000 119.79494 394.42715
0.08800 0.22899 0.00000 152.82458 395.98425
0.11450 0.22899 0.00000 162.55766 396.45334
0.20250 0.22899 0.00000 195.60583 397.68567
0.31699 0.22899 0.00000 238.47017 399.58841
0.34349 0.22899 0.00000 248.43222 400.20685
0.43149 0.22899 0.00000 281.27554 401.74866
0.45799 0.22899 0.00000 291.28250 402.25089
0.54599 0.22899 0.00000 324.55746 403.88345
0.57248 0.22899 0.00000 334.50763 404.34763
0.66048 0.22899 0.00000 368.09076 405.98032
0.00000 0.31699 0.00000 123.63773 360.32590
0.08800 0.31699 0.00000 156.21994 361.82050
0.11450 0.31699 0.00000 165.88075 362.14545
0.20250 0.31699 0.00000 198.44899 363.64261
0.31699 0.31699 0.00000 240.62424 365.42322
0.34349 0.31699 0.00000 250.44904 365.79092
0.43149 0.31699 0.00000 283.11157 367.49362
0.45799 0.31699 0.00000 292.81821 367.83298
0.54599 0.31699 0.00000 325.66855 369.37674
0.57248 0.31699 0.00000 335.56824 369.78494
0.66048 0.31699 0.00000 368.72894 371.34167
0.00000 0.34349 0.00000 124.68341 350.43457
0.08800 0.34349 0.00000 157.11465 351.55908
0.11450 0.34349 0.00000 166.79549 352.12344
0.20250 0.34349 0.00000 199.20366 353.40033
0.22899 0.34349 0.00000 208.80887 353.78836
0.31699 0.34349 0.00000 241.26640 355.28174
0.34349 0.34349 0.00000 250.92253 355.71698
0.43149 0.34349 0.00000 283.50842 357.37778
0.45799 0.34349 0.00000 293.36932 357.68323
0.54599 0.34349 0.00000 326.10733 359.24124
0.57248 0.34349 0.00000 335.97537 359.66528
0.66048 0.34349 0.00000 368.93155 361.12094
0.00000 0.43149 0.00000 128.37941 317.23862
0.08800 0.43149 0.00000 160.44618 318.55902
0.11450 0.43149 0.00000 169.96330 318.83551
0.20250 0.43149 0.00000 201.81271 320.45782
0.22899 0.43149 0.00000 211.48401 320.58289
0.31699 0.43149 0.00000 243.35617 322.06790
0.34349 0.43149 0.00000 252.93285 322.48154
0.43149 0.43149 0.00000 285.12161 323.81351
0.45799 0.43149 0.00000 294.93204 324.35864
0.54599 0.43149 0.00000 327.26126 325.62515
0.57248 0.43149 0.00000 337.17499 326.09457
0.66048 0.43149 0.00000 369.56830 327.43045
0.00000 0.45799 0.00000 129.44414 307.58768
0.08800 0.45799 0.00000 161.33182 308.73761
0.11450 0.45799 0.00000 170.87720 309.38943
0.20250 0.45799 0.00000 202.68599 310.42603
0.22899 0.45799 0.00000 212.20668 310.97208
0.31699 0.45799 0.00000 243.92514 312.38974
0.34349 0.45799 0.00000 253.60762 312.64154
0.43149 0.45799 0.00000 285.81122 313.98267
0.45799 0.45799 0.00000 295.34821 314.46579
0.54599 0.45799 0.00000 327.72421 315.62711
0.57248 0.45799 0.00000 337.31744 316.24857
0.66048 0.45799 0.00000 369.95868 317.50778
0.00000 0.54599 0.00000 132.82457 275.47403
0.08800 0.54599 0.00000 164.48596 276.92212
0.11450 0.54599 0.00000 173.82542 277.27835
0.20250 0.54599 0.00000 205.31728 278.53098
0.22899 0.54599 0.00000 214.62828 278.77707
0.31699 0.54599 0.00000 246.08369 280.19537
0.34349 0.54599 0.00000 255.63777 280.42984
0.43149 0.54599 0.00000 287.18164 281.62747
0.45799 0.54599 0.00000 296.98492 282.07938
0.54599 0.54599 0.00000 328.65701 283.34433
0.57248 0.54599 0.00000 338.53348 283.64609
0.66048 0.54599 0.00000 370.37869 284.95496
0.00000 0.57248 0.00000 133.87675 266.32608
0.08800 0.57248 0.00000 165.39732 267.40842
0.11450 0.57248 0.00000 174.68826 267.80334
0.20250 0.57248 0.00000 206.07028 268.91360
0.22899 0.57248 0.00000 215.39903 269.48398
0.31699 0.57248 0.00000 246.69452 270.53665
0.34349 0.57248 0.00000 256.16312 270.94733
0.43149 0.57248 0.00000 287.80914 271.95483
0.45799 0.57248 0.00000 297.26035 272.51282
0.54599 0.57248 0.00000 329.30185 273.64954
0.57248 0.57248 0.00000 338.63058 274.09567
0.66048 0.57248 0.00000 370.78079 275.39432
0.00000 0.66048 0.00000 137.27567 235.21094
0.08800 0.66048 0.00000 168.44273 236.47720
0.11450 0.66048 0.00000 177.65224 236.69777
0.20250 0.66048 0.00000 208.48804 237.83650
0.22899 0.66048 0.00000 217.82002 238.31747
0.31699 0.66048 0.00000 248.77953 239.41855
0.34349 0.66048 0.00000 258.35626 239.56148
0.43149 0.66048 0.00000 289.32080 240.72383
0.45799 0.66048 0.00000 298.94952 241.20436
0.54599 0.66048 0.00000 330.23987 242.36252
0.57248 0.66048 0.00000 339.84085 242.57379
0.66048 0.66048 0.00000 371.35602 243.68225

gimbalangles:
0.0 0.174532925199 -0.261799387799 

end: