T_CW:
0.9987853390 0.0413226368 -0.0268381499 -0.5246600351
0.0362675224 -0.9852429013 -0.1672754979 0.6411013270
-0.0333543613 0.1660989616 -0.9855448349 1.2037194864
0.0000000000 0.0000000000 0.0000000000 1.0000000000

T_CW_cov:

target_points_pix:
0.08800 0.11450 0.00000 148.51721 441.42877
0.11450 0.11450 0.00000 158.18649 442.04099
0.20250 0.11450 0.00000 191.77560 443.64136
0.22899 0.11450 0.00000 201.73935 444.10770
0.31699 0.11450 0.00000 235.36313 445.55219
0.34349 0.11450 0.00000 245.50870 446.27634
0.45799 0.11450 0.00000 289.13217 448.46866
0.54599 0.11450 0.00000 323.02026 450.20004
0.57248 0.11450 0.00000 333.22079 450.56116
0.66048 0.11450 0.00000 367.24902 452.59259
0.00000 0.20250 0.00000 118.78709 404.77194
0.08800 0.20250 0.00000 151.80804 406.33026
0.11450 0.20250 0.00000 161.71384 406.78369
0.20250 0.20250 0.00000 194.74332 408.32730
0.22899 0.20250 0.00000 204.70418 408.49261
0.31699 0.20250 0.00000 237.67558 410.09198
0.34349 0.20250 0.00000 247.72778 410.63602
0.43149 0.20250 0.00000 280.80405 412.36487
0.45799 0.20250 0.00000 290.84500 412.75989
0.54599 0.20250 0.00000 324.23325 414.47278
0.57248 0.20250 0.00000 334.18784 414.86847
0.66048 0.20250 0.00000 367.83139 416.64886
0.00000 0.22899 0.00000 120.01831 394.55011
0.08800 0.22899 0.00000 152.80505 395.80438
0.11450 0.22899 0.00000 162.66052 396.50006
0.20250 0.22899 0.00000 195.65143 397.58875
0.22899 0.22899 0.00000 205.55382 398.33362
0.31699 0.22899 0.00000 238.46132 399.62326
0.34349 0.22899 0.00000 248.31473 400.19257
0.43149 0.22899 0.00000 281.36780 401.80643
0.45799 0.22899 0.00000 291.41272 402.34824
0.54599 0.22899 0.00000 324.53192 403.80164
0.57248 0.22899 0.00000 334.55414 404.42511
0.66048 0.22899 0.00000 368.14215 405.95499
0.00000 0.31699 0.00000 123.68467 360.33609
0.08800 0.31699 0.00000 156.22650 361.86719
0.11450 0.31699 0.00000 166.00853 361.99338
0.20250 0.31699 0.00000 198.51074 363.58099
0.22899 0.31699 0.00000 208.13678 363.86591
0.31699 0.31699 0.00000 240.69814 365.40237
0.34349 0.31699 0.00000 250.36771 365.86127
0.43149 0.31699 0.00000 282.97250 367.54712
0.45799 0.31699 0.00000 292.86697 367.75525
0.54599 0.31699 0.00000 325.75076 369.43665
0.57248 0.31699 0.00000 335.62473 369.82599
0.66048 0.31699 0.00000 368.66611 371.36511
0.00000 0.34349 0.00000 124.76807 350.28882
0.08800 0.34349 0.00000 157.17221 351.48657
0.11450 0.34349 0.00000 166.83455 352.00504
0.20250 0.34349 0.00000 199.22977 353.29800
0.22899 0.34349 0.00000 208.80196 353.78336
0.31699 0.34349 0.00000 241.22281 355.34259
0.34349 0.34349 0.00000 251.02281 355.82010
0.43149 0.34349 0.00000 283.55002 357.32019
0.45799 0.34349 0.00000 293.36728 357.72372
0.54599 0.34349 0.00000 326.12762 359.19556
0.57248 0.34349 0.00000 335.95773 359.55231
0.66048 0.34349 0.00000 368.95023 361.06152
0.00000 0.43149 0.00000 128.34764 317.21976
0.08800 0.43149 0.00000 160.40857 318.57574
0.11450 0.43149 0.00000 170.03545 318.90387
0.20250 0.43149 0.00000 201.83450 320.28760
0.22899 0.43149 0.00000 211.45929 320.57941
0.31699 0.43149 0.00000 243.47174 322.11804
0.34349 0.43149 0.00000 252.98804 322.51498
0.43149 0.43149 0.00000 285.05682 323.74551
0.45799 0.43149 0.00000 294.92609 324.37000
0.54599 0.43149 0.00000 327.18820 325.61349
0.57248 0.43149 0.00000 337.27280 326.01022
0.66048 0.43149 0.00000 369.52847 327.41928
0.00000 0.45799 0.00000 129.41982 307.59760
0.08800 0.45799 0.00000 161.35004 308.68811
0.11450 0.45799 0.00000 170.90887 309.30936
0.20250 0.45799 0.00000 202.67326 310.40872
0.22899 0.45799 0.00000 212.15897 310.84222
0.31699 0.45799 0.00000 243.93607 312.27216
0.34349 0.45799 0.00000 253.56982 312.66522
0.43149 0.45799 0.00000 285.67773 313.88324
0.45799 0.45799 0.00000 295.27689 314.46411
0.54599 0.45799 0.00000 327.69290 315.68796
0.57248 0.45799 0.00000 337.32468 316.23737
0.66048 0.45799 0.00000 369.89865 317.42966
0.00000 0.54599 0.00000 132.83881 275.54895
0.08800 0.54599 0.00000 164.43457 276.84537
0.11450 0.54599 0.00000 173.83772 277.30453
0.20250 0.54599 0.00000 205.35526 278.48126
0.22899 0.54599 0.00000 214.64896 278.66107
0.31699 0.54599 0.00000 246.02065 279.99847
0.34349 0.54599 0.00000 255.62733 280.38428
0.43149 0.54599 0.00000 287.20511 281.65829
0.45799 0.54599 0.00000 297.08060 282.17511
0.54599 0.54599 0.00000 328.64938 283.35007
0.57248 0.54599 0.00000 338.55096 283.65320
0.66048 0.54599 0.00000 370.38028 284.96350
0.00000 0.57248 0.00000 133.93011 266.23941
0.08800 0.57248 0.00000 165.34641 267.49033
0.11450 0.57248 0.00000 174.73235 267.82980
0.20250 0.57248 0.00000 206.03256 268.84097
0.22899 0.57248 0.00000 215.38759 269.39685
0.31699 0.57248 0.00000 246.71094 270.53079
0.34349 0.57248 0.00000 256.12607 270.82632
0.43149 0.57248 0.00000 287.90359 272.19510
0.45799 0.57248 0.00000 297.30017 272.47836
0.54599 0.57248 0.00000 329.29294 273.64420
0.57248 0.57248 0.00000 338.64297 274.02234
0.66048 0.57248 0.00000 370.80481 275.30115
0.00000 0.66048 0.00000 137.31679 235.13922
0.08800 0.66048 0.00000 168.35075 236.45941
0.11450 0.66048 0.00000 177.59004 236.66769
0.20250 0.66048 0.00000 208.51198 237.86502
0.22899 0.66048 0.00000 217.86031 238.27522
0.31699 0.66048 0.00000 248.76410 239.33003
0.34349 0.66048 0.00000 258.36072 239.61143
0.43149 0.66048 0.00000 289.36313 240.74243
0.45799 0.66048 0.00000 298.99310 241.18546
0.54599 0.66048 0.00000 330.26782 242.29077
0.57248 0.66048 0.00000 339.87744 242.54672
0.66048 0.66048 0.00000 371.32950 243.67470

gimbalangles:
0.0 0.174532925199 -0.0872664625997 

end: