T_CW:
0.9987919879 0.0413246547 -0.0265864212 -0.5246960321
0.0362970778 -0.9851695346 -0.1677006569 0.6410847425
-0.0331223039 0.1665330630 -0.9854794021 1.2035734935
0.0000000000 0.0000000000 0.0000000000 1.0000000000

T_CW_cov:

target_points_pix:
0.08800 0.11450 0.00000 148.25549 441.53842
0.11450 0.11450 0.00000 158.25488 441.97998
0.20250 0.11450 0.00000 191.76430 443.56714
0.22899 0.11450 0.00000 201.80696 444.17883
0.31699 0.11450 0.00000 235.30713 445.68094
0.34349 0.11450 0.00000 245.38457 446.27713
0.43149 0.11450 0.00000 279.10715 447.94003
0.45799 0.11450 0.00000 289.16653 448.54797
0.54599 0.11450 0.00000 322.91602 450.40564
0.57248 0.11450 0.00000 333.04257 450.72839
0.66048 0.11450 0.00000 367.22311 452.64658
0.00000 0.20250 0.00000 118.76710 404.69125
0.08800 0.20250 0.00000 151.66832 406.40073
0.11450 0.20250 0.00000 161.59842 406.62598
0.20250 0.20250 0.00000 194.77594 408.30780
0.22899 0.20250 0.00000 204.71570 408.57053
0.34349 0.20250 0.00000 247.71915 410.58505
0.43149 0.20250 0.00000 280.88190 412.35291
0.45799 0.20250 0.00000 290.87158 412.73886
0.54599 0.20250 0.00000 324.19171 414.35312
0.57248 0.20250 0.00000 334.24872 414.90005
0.66048 0.20250 0.00000 367.78406 416.51212
0.00000 0.22899 0.00000 119.97754 394.50681
0.08800 0.22899 0.00000 152.76535 395.71738
0.11450 0.22899 0.00000 162.69829 396.44424
0.20250 0.22899 0.00000 195.68866 397.68246
0.22899 0.22899 0.00000 205.48323 398.28522
0.31699 0.22899 0.00000 238.43277 399.58075
0.34349 0.22899 0.00000 248.45667 400.22156
0.43149 0.22899 0.00000 281.36795 401.70526
0.45799 0.22899 0.00000 291.31076 402.16425
0.54599 0.22899 0.00000 324.48022 403.84857
0.57248 0.22899 0.00000 334.55579 404.30304
0.66048 0.22899 0.00000 368.04083 405.99469
0.00000 0.31699 0.00000 123.68287 360.39304
0.08800 0.31699 0.00000 156.24712 361.81830
0.11450 0.31699 0.00000 165.92267 362.17859
0.20250 0.31699 0.00000 198.37537 363.59686
0.22899 0.31699 0.00000 208.08289 363.80051
0.31699 0.31699 0.00000 240.59726 365.39792
0.34349 0.31699 0.00000 250.49921 365.84457
0.43149 0.31699 0.00000 282.95383 367.49493
0.45799 0.31699 0.00000 292.81274 367.84833
0.54599 0.31699 0.00000 325.70496 369.38931
0.57248 0.31699 0.00000 335.65247 369.76593
0.66048 0.31699 0.00000 368.67776 371.36966
0.00000 0.34349 0.00000 124.70651 350.31409
0.08800 0.34349 0.00000 157.07906 351.54971
0.11450 0.34349 0.00000 166.86423 351.91345
0.20250 0.34349 0.00000 199.21541 353.35562
0.22899 0.34349 0.00000 208.98010 353.79865
0.31699 0.34349 0.00000 241.26318 355.20447
0.34349 0.34349 0.00000 250.86179 355.67545
0.43149 0.34349 0.00000 283.52271 357.37128
0.45799 0.34349 0.00000 293.31726 357.65985
0.54599 0.34349 0.00000 326.12573 359.17679
0.57248 0.34349 0.00000 335.89450 359.61606
0.66048 0.34349 0.00000 368.90967 361.10196
0.00000 0.43149 0.00000 128.40892 317.30606
0.08800 0.43149 0.00000 160.31656 318.49380
0.20250 0.43149 0.00000 201.92743 320.35245
0.22899 0.43149 0.00000 211.52740 320.61856
0.31699 0.43149 0.00000 243.31735 322.10269
0.34349 0.43149 0.00000 252.98174 322.46893
0.43149 0.43149 0.00000 285.08972 323.84949
0.45799 0.43149 0.00000 294.92227 324.27185
0.54599 0.43149 0.00000 327.23819 325.64740
0.57248 0.43149 0.00000 337.24243 326.07257
0.66048 0.43149 0.00000 369.54779 327.42606
0.00000 0.45799 0.00000 129.36816 307.46652
0.08800 0.45799 0.00000 161.31908 308.69992
0.11450 0.45799 0.00000 170.94217 309.27042
0.20250 0.45799 0.00000 202.64168 310.42896
0.22899 0.45799 0.00000 212.21628 310.86380
0.31699 0.45799 0.00000 244.02254 312.30161
0.34349 0.45799 0.00000 253.54015 312.65530
0.43149 0.45799 0.00000 285.69897 313.94034
0.45799 0.45799 0.00000 295.36227 314.41864
0.54599 0.45799 0.00000 327.69305 315.67386
0.57248 0.45799 0.00000 337.32333 316.23416
0.66048 0.45799 0.00000 369.89844 317.46320
0.00000 0.54599 0.00000 132.91391 275.51208
0.08800 0.54599 0.00000 164.52954 276.89911
0.11450 0.54599 0.00000 173.79279 277.28552
0.20250 0.54599 0.00000 205.33322 278.52585
0.22899 0.54599 0.00000 214.67345 278.73917
0.31699 0.54599 0.00000 245.98164 280.04294
0.34349 0.54599 0.00000 255.64616 280.43185
0.43149 0.54599 0.00000 287.22900 281.65039
0.45799 0.54599 0.00000 297.01425 282.12170
0.54599 0.54599 0.00000 328.65948 283.37296
0.57248 0.54599 0.00000 338.55692 283.65054
0.66048 0.54599 0.00000 370.38043 284.98434
0.00000 0.57248 0.00000 133.85777 266.39847
0.08800 0.57248 0.00000 165.41711 267.39383
0.11450 0.57248 0.00000 174.72563 267.75916
0.20250 0.57248 0.00000 205.99664 268.99283
0.22899 0.57248 0.00000 215.40257 269.41232
0.31699 0.57248 0.00000 246.67606 270.43228
0.34349 0.57248 0.00000 256.14859 270.92798
0.43149 0.57248 0.00000 287.84271 272.16125
0.45799 0.57248 0.00000 297.33334 272.46597
0.54599 0.57248 0.00000 329.31174 273.66251
0.57248 0.57248 0.00000 338.65268 274.10730
0.66048 0.57248 0.00000 370.78156 275.30200
0.00000 0.66048 0.00000 137.18315 235.12605
0.08800 0.66048 0.00000 168.39217 236.54692
0.11450 0.66048 0.00000 177.59351 236.70169
0.20250 0.66048 0.00000 208.50885 237.94608
0.22899 0.66048 0.00000 217.84508 238.34193
0.31699 0.66048 0.00000 248.72762 239.36476
0.34349 0.66048 0.00000 258.32202 239.61406
0.43149 0.66048 0.00000 289.33395 240.70520
0.45799 0.66048 0.00000 298.98068 241.11391
0.54599 0.66048 0.00000 330.23166 242.32254
0.57248 0.66048 0.00000 339.84464 242.55615
0.66048 0.66048 0.00000 371.34631 243.68544

gimbalangles:
0.0 0.174532925199 0.0872664625997 

end: