T_CW:
0.9990992740 0.0370180261 -0.0207438274 -0.4117162934
0.0331600372 -0.9861246001 -0.1626612587 0.6366668658
-0.0264773972 0.1618268794 -0.9864638912 1.2039292502
0.0000000000 0.0000000000 0.0000000000 1.0000000000

T_CW_cov:

target_points_pix:
0.00000 0.11450 0.00000 162.18634 429.59091
0.08800 0.11450 0.00000 195.36076 430.92020
0.11450 0.11450 0.00000 205.10323 431.45688
0.20250 0.11450 0.00000 238.35716 432.85812
0.22899 0.11450 0.00000 248.37450 433.33105
0.31699 0.11450 0.00000 281.64417 434.76538
0.34349 0.11450 0.00000 291.58936 435.29904
0.43149 0.11450 0.00000 325.09015 436.66660
0.54599 0.11450 0.00000 368.70892 438.60385
0.57248 0.11450 0.00000 378.73148 439.15024
0.66048 0.11450 0.00000 412.57733 440.63135
0.00000 0.20250 0.00000 165.39847 394.84351
0.08800 0.20250 0.00000 197.92043 396.26788
0.11450 0.20250 0.00000 207.74831 396.59637
0.20250 0.20250 0.00000 240.53697 397.88269
0.22899 0.20250 0.00000 250.44470 398.37573
0.31699 0.20250 0.00000 283.29675 399.64990
0.34349 0.20250 0.00000 293.23114 400.22061
0.43149 0.20250 0.00000 326.17374 401.49179
0.45799 0.20250 0.00000 336.20175 401.90414
0.54599 0.20250 0.00000 369.23834 403.35709
0.57248 0.20250 0.00000 379.34491 403.67358
0.66048 0.20250 0.00000 412.47491 405.26694
0.00000 0.22899 0.00000 166.07193 384.67606
0.08800 0.22899 0.00000 198.70663 385.93991
0.11450 0.22899 0.00000 208.53175 386.37152
0.20250 0.22899 0.00000 241.28859 387.58243
0.22899 0.22899 0.00000 250.99077 388.04559
0.31699 0.22899 0.00000 283.83942 389.39978
0.34349 0.22899 0.00000 293.59366 389.85507
0.43149 0.22899 0.00000 326.54675 391.24661
0.45799 0.22899 0.00000 336.43713 391.62503
0.54599 0.22899 0.00000 369.44882 393.00385
0.57248 0.22899 0.00000 379.37991 393.39740
0.66048 0.22899 0.00000 412.57388 394.81799
0.00000 0.31699 0.00000 169.12228 350.97931
0.08800 0.31699 0.00000 201.33656 352.27695
0.11450 0.31699 0.00000 210.96776 352.54968
0.20250 0.31699 0.00000 243.33658 353.84991
0.22899 0.31699 0.00000 253.02122 354.26215
0.31699 0.31699 0.00000 285.41602 355.54028
0.34349 0.31699 0.00000 295.20169 355.92517
0.43149 0.31699 0.00000 327.57172 357.28860
0.45799 0.31699 0.00000 337.42120 357.60034
0.54599 0.31699 0.00000 370.10321 358.91284
0.57248 0.31699 0.00000 379.85181 359.35349
0.66048 0.31699 0.00000 412.64600 360.58102
0.00000 0.34349 0.00000 169.88528 341.10162
0.08800 0.34349 0.00000 202.06543 342.31464
0.11450 0.34349 0.00000 211.72643 342.61526
0.20250 0.34349 0.00000 243.86865 343.94131
0.22899 0.34349 0.00000 253.55870 344.40558
0.31699 0.34349 0.00000 285.81097 345.53110
0.34349 0.34349 0.00000 295.47943 345.98495
0.43149 0.34349 0.00000 327.93423 347.30759
0.45799 0.34349 0.00000 337.67404 347.56171
0.54599 0.34349 0.00000 370.30713 348.86984
0.57248 0.34349 0.00000 380.10080 349.26852
0.66048 0.34349 0.00000 412.74667 350.46609
0.00000 0.43149 0.00000 172.78047 308.37595
0.08800 0.43149 0.00000 204.55064 309.53601
0.11450 0.43149 0.00000 214.14066 309.85971
0.20250 0.43149 0.00000 245.84882 311.21875
0.22899 0.43149 0.00000 255.46893 311.52188
0.31699 0.43149 0.00000 287.39417 312.67001
0.34349 0.43149 0.00000 297.03094 313.17694
0.43149 0.43149 0.00000 328.94623 314.36356
0.45799 0.43149 0.00000 338.69214 314.72900
0.54599 0.43149 0.00000 370.78439 315.78824
0.57248 0.43149 0.00000 380.58810 316.29376
0.66048 0.43149 0.00000 412.80408 317.42389
0.00000 0.45799 0.00000 173.67249 298.71436
0.08800 0.45799 0.00000 205.31187 299.92505
0.11450 0.45799 0.00000 214.74489 300.36160
0.20250 0.45799 0.00000 246.50633 301.45493
0.22899 0.45799 0.00000 256.02048 301.73367
0.31699 0.45799 0.00000 287.70419 303.09140
0.34349 0.45799 0.00000 297.42804 303.39151
0.43149 0.45799 0.00000 329.35437 304.53989
0.45799 0.45799 0.00000 339.00638 304.80469
0.54599 0.45799 0.00000 371.11496 306.12622
0.57248 0.45799 0.00000 380.68546 306.42673
0.66048 0.45799 0.00000 412.87967 307.54333
0.00000 0.54599 0.00000 176.51532 267.17822
0.08800 0.54599 0.00000 207.68083 268.31726
0.11450 0.54599 0.00000 217.20886 268.48123
0.20250 0.54599 0.00000 248.39552 269.65588
0.22899 0.54599 0.00000 257.77191 270.11328
0.31699 0.54599 0.00000 289.29388 271.20688
0.34349 0.54599 0.00000 298.67999 271.55701
0.43149 0.54599 0.00000 330.40146 272.55231
0.45799 0.54599 0.00000 339.86697 273.03076
0.54599 0.54599 0.00000 371.52197 274.08109
0.57248 0.54599 0.00000 381.28122 274.43506
0.66048 0.54599 0.00000 413.01376 275.37839
0.00000 0.57248 0.00000 177.32307 257.71661
0.08800 0.57248 0.00000 208.49500 258.80118
0.11450 0.57248 0.00000 217.74200 259.24524
0.20250 0.57248 0.00000 248.94296 260.36615
0.22899 0.57248 0.00000 258.40576 260.56943
0.31699 0.57248 0.00000 289.61905 261.68954
0.34349 0.57248 0.00000 299.23483 261.96384
0.43149 0.57248 0.00000 330.66818 263.16287
0.45799 0.57248 0.00000 340.30505 263.38266
0.54599 0.57248 0.00000 371.71091 264.59955
0.66048 0.57248 0.00000 413.04681 266.02231
0.00000 0.66048 0.00000 179.91237 226.90324
0.08800 0.66048 0.00000 210.68143 228.04745
0.11450 0.66048 0.00000 220.00693 228.34766
0.20250 0.66048 0.00000 250.75539 229.39500
0.22899 0.66048 0.00000 260.17184 229.65297
0.31699 0.66048 0.00000 291.18674 230.55006
0.34349 0.66048 0.00000 300.51874 231.04767
0.43149 0.66048 0.00000 331.59763 232.05902
0.45799 0.66048 0.00000 341.17819 232.41589
0.54599 0.66048 0.00000 372.35214 233.38110
0.57248 0.66048 0.00000 381.69708 233.68860
0.66048 0.66048 0.00000 413.17654 234.57323

gimbalangles:
0.0 0.174532925199 0.0872664625997 

end: