T_CW:
0.8418480747 -0.2939178065 -0.4526633872 0.3725434362
-0.2557524345 -0.9558100854 0.1449750764 0.2137069493
-0.4752709873 -0.0062772257 -0.8798170748 1.3505491805
0.0000000000 0.0000000000 0.0000000000 1.0000000000

T_CW_cov:

target_points_pix:
0.00000 0.00000 0.00000 950.49609 526.04327
0.08800 0.00000 0.00000 1023.20233 512.75128
0.11450 0.00000 0.00000 1045.79370 508.50092
0.20250 0.00000 0.00000 1124.76440 494.15659
0.22899 0.00000 0.00000 1149.48389 489.53815
0.31699 0.00000 0.00000 1235.92151 473.71143
0.00000 0.08800 0.00000 929.65894 457.27524
0.08800 0.08800 0.00000 1001.37549 441.41998
0.11450 0.08800 0.00000 1024.01636 436.51550
0.20250 0.08800 0.00000 1102.09351 419.54474
0.22899 0.08800 0.00000 1126.68127 414.18124
0.31699 0.08800 0.00000 1212.09412 395.58746
0.00000 0.11450 0.00000 923.23962 436.42288
0.08800 0.11450 0.00000 994.76544 420.12045
0.11450 0.11450 0.00000 1017.44061 414.95978
0.20250 0.11450 0.00000 1095.33167 397.32175
0.22899 0.11450 0.00000 1119.73425 391.56000
0.31699 0.11450 0.00000 1205.13403 372.31134
0.00000 0.20250 0.00000 902.08942 367.55438
0.08800 0.20250 0.00000 973.14209 349.13373
0.11450 0.20250 0.00000 995.27344 343.27551
0.20250 0.20250 0.00000 1072.64429 323.05240
0.22899 0.20250 0.00000 1096.81567 316.66275
0.31699 0.20250 0.00000 1181.44006 294.59296
0.00000 0.22899 0.00000 895.65802 346.78268
0.08800 0.22899 0.00000 966.50201 327.53769
0.11450 0.22899 0.00000 988.63879 321.51779
0.20250 0.22899 0.00000 1065.68250 300.61710
0.22899 0.22899 0.00000 1090.09851 294.02902
0.31699 0.22899 0.00000 1174.46558 271.28259
0.00000 0.31699 0.00000 874.35803 277.90970
0.08800 0.31699 0.00000 944.68976 256.39685
0.11450 0.31699 0.00000 966.68414 249.64027
0.20250 0.31699 0.00000 1043.27185 226.31982
0.22899 0.31699 0.00000 1067.15942 218.97035
0.31699 0.31699 0.00000 1150.54443 193.43106
0.00000 0.34349 0.00000 868.19489 257.02368
0.08800 0.34349 0.00000 938.11053 234.97354
0.11450 0.34349 0.00000 960.17010 227.94543
0.20250 0.34349 0.00000 1036.42566 203.84447
0.22899 0.34349 0.00000 1060.28735 196.31612
0.31699 0.34349 0.00000 1143.43054 169.97499
0.34349 0.34349 0.00000 1169.68262 161.68602
0.00000 0.43149 0.00000 846.94342 187.92351
0.08800 0.43149 0.00000 916.40698 163.57147
0.11450 0.43149 0.00000 937.91614 155.90593
0.20250 0.43149 0.00000 1013.54321 129.34616
0.22899 0.43149 0.00000 1037.28235 121.01397
0.31699 0.43149 0.00000 1119.50244 92.10651
0.34349 0.43149 0.00000 1145.56372 82.82263
0.00000 0.45799 0.00000 840.55011 167.13678
0.08800 0.45799 0.00000 909.73938 142.02696
0.11450 0.45799 0.00000 931.55475 134.16824
0.20250 0.45799 0.00000 1006.64532 106.88526
0.00000 0.54599 0.00000 819.32471 97.99648
0.08800 0.54599 0.00000 887.67377 70.71081
0.11450 0.54599 0.00000 909.53033 62.09133
0.20250 0.54599 0.00000 983.74182 32.39877

gimbalangles:
0.0 0.349065850399 -0.436332312999 

end: