T_CW:
0.9987924392 0.0414799768 -0.0263263154 -0.5247251138
0.0365098577 -0.9852443081 -0.1672144842 0.6409852588
-0.0328739053 0.1660513925 -0.9855689937 1.2037567436
0.0000000000 0.0000000000 0.0000000000 1.0000000000

T_CW_cov:

target_points_pix:
0.08800 0.11450 0.00000 148.26265 441.42386
0.20250 0.11450 0.00000 191.81810 443.54956
0.22899 0.11450 0.00000 201.81175 444.00208
0.34349 0.11450 0.00000 245.39175 446.29092
0.43149 0.11450 0.00000 279.13739 447.90536
0.45799 0.11450 0.00000 289.29590 448.34729
0.54599 0.11450 0.00000 323.01050 449.96530
0.57248 0.11450 0.00000 333.03601 450.67935
0.66048 0.11450 0.00000 367.32596 452.45340
0.00000 0.20250 0.00000 118.71313 404.69208
0.08800 0.20250 0.00000 151.68622 406.31168
0.11450 0.20250 0.00000 161.69090 406.60129
0.20250 0.20250 0.00000 194.76703 408.24521
0.22899 0.20250 0.00000 204.74826 408.49963
0.31699 0.20250 0.00000 237.73654 410.04312
0.34349 0.20250 0.00000 247.69682 410.47028
0.43149 0.20250 0.00000 280.70154 412.36304
0.45799 0.20250 0.00000 290.80713 412.68564
0.54599 0.20250 0.00000 324.18436 414.39954
0.57248 0.20250 0.00000 334.23737 415.03922
0.66048 0.20250 0.00000 367.74911 416.44699
0.00000 0.22899 0.00000 119.93957 394.40387
0.08800 0.22899 0.00000 152.70258 395.79523
0.11450 0.22899 0.00000 162.71260 396.28424
0.20250 0.22899 0.00000 195.64005 397.53314
0.22899 0.22899 0.00000 205.52394 398.21680
0.31699 0.22899 0.00000 238.37364 399.63882
0.34349 0.22899 0.00000 248.39944 400.06113
0.43149 0.22899 0.00000 281.42584 401.60635
0.45799 0.22899 0.00000 291.37418 402.33163
0.54599 0.22899 0.00000 324.55615 403.87225
0.57248 0.22899 0.00000 334.39362 404.38571
0.66048 0.22899 0.00000 368.03485 405.99829
0.00000 0.31699 0.00000 123.63764 360.32880
0.08800 0.31699 0.00000 156.33411 361.70056
0.11450 0.31699 0.00000 166.07910 362.00153
0.20250 0.31699 0.00000 198.31749 363.51593
0.22899 0.31699 0.00000 208.19965 363.84976
0.31699 0.31699 0.00000 240.58441 365.46976
0.34349 0.31699 0.00000 250.33315 365.81970
0.43149 0.31699 0.00000 283.01077 367.52335
0.45799 0.31699 0.00000 292.82468 367.83530
0.54599 0.31699 0.00000 325.72577 369.34708
0.57248 0.31699 0.00000 335.60992 369.78021
0.66048 0.31699 0.00000 368.67294 371.48633
0.00000 0.34349 0.00000 124.70666 350.42371
0.08800 0.34349 0.00000 157.09660 351.44339
0.11450 0.34349 0.00000 167.02222 352.03098
0.20250 0.34349 0.00000 199.15601 353.27966
0.22899 0.34349 0.00000 208.90564 353.81735
0.31699 0.34349 0.00000 241.36646 355.22943
0.34349 0.34349 0.00000 250.97180 355.65607
0.43149 0.34349 0.00000 283.47394 357.36276
0.45799 0.34349 0.00000 293.33633 357.64133
0.54599 0.34349 0.00000 326.16208 359.16135
0.57248 0.34349 0.00000 335.93906 359.61694
0.00000 0.43149 0.00000 128.38257 317.19144
0.08800 0.43149 0.00000 160.41159 318.59293
0.11450 0.43149 0.00000 169.97327 318.83954
0.20250 0.43149 0.00000 201.88187 320.35703
0.22899 0.43149 0.00000 211.45100 320.58716
0.31699 0.43149 0.00000 243.40372 321.99490
0.34349 0.43149 0.00000 252.97383 322.41037
0.43149 0.43149 0.00000 285.19202 323.78906
0.45799 0.43149 0.00000 294.93430 324.25171
0.54599 0.43149 0.00000 327.22214 325.61743
0.57248 0.43149 0.00000 337.25540 326.00452
0.66048 0.43149 0.00000 369.57642 327.42957
0.00000 0.45799 0.00000 129.43546 307.48373
0.08800 0.45799 0.00000 161.27641 308.75861
0.11450 0.45799 0.00000 170.86372 309.32150
0.20250 0.45799 0.00000 202.63733 310.33710
0.22899 0.45799 0.00000 212.10648 310.76822
0.31699 0.45799 0.00000 244.07616 312.21289
0.34349 0.45799 0.00000 253.56299 312.59167
0.43149 0.45799 0.00000 285.72174 313.96628
0.45799 0.45799 0.00000 295.27338 314.44089
0.54599 0.45799 0.00000 327.73962 315.68250
0.57248 0.45799 0.00000 337.30716 316.23813
0.66048 0.45799 0.00000 369.88855 317.50522
0.00000 0.54599 0.00000 132.89209 275.45532
0.08800 0.54599 0.00000 164.50151 276.77206
0.11450 0.54599 0.00000 173.83685 277.27539
0.20250 0.54599 0.00000 205.31784 278.50589
0.22899 0.54599 0.00000 214.60568 278.80786
0.31699 0.54599 0.00000 246.07634 280.09686
0.34349 0.54599 0.00000 255.70018 280.38596
0.43149 0.54599 0.00000 287.24164 281.60583
0.45799 0.54599 0.00000 297.08301 282.03043
0.54599 0.54599 0.00000 328.66666 283.33307
0.57248 0.54599 0.00000 338.63501 283.66238
0.66048 0.54599 0.00000 370.45709 284.90253
0.00000 0.57248 0.00000 134.01135 266.37299
0.08800 0.57248 0.00000 165.46164 267.33173
0.11450 0.57248 0.00000 174.73672 267.73532
0.20250 0.57248 0.00000 206.07320 268.89929
0.22899 0.57248 0.00000 215.52336 269.44092
0.31699 0.57248 0.00000 246.70638 270.42047
0.34349 0.57248 0.00000 256.20825 270.74973
0.43149 0.57248 0.00000 287.88733 272.14850
0.45799 0.57248 0.00000 297.32166 272.46497
0.54599 0.57248 0.00000 329.33344 273.56982
0.57248 0.57248 0.00000 338.63062 274.02963
0.66048 0.57248 0.00000 370.79578 275.31241
0.00000 0.66048 0.00000 137.28334 235.19644
0.11450 0.66048 0.00000 177.54179 236.74626
0.20250 0.66048 0.00000 208.49699 237.78403
0.22899 0.66048 0.00000 217.90297 238.14514
0.31699 0.66048 0.00000 248.76071 239.27924
0.34349 0.66048 0.00000 258.37552 239.57927
0.43149 0.66048 0.00000 289.31131 240.73726
0.45799 0.66048 0.00000 299.01785 241.11473
0.54599 0.66048 0.00000 330.23941 242.29803
0.57248 0.66048 0.00000 339.87009 242.53467
0.66048 0.66048 0.00000 371.35535 243.67181

gimbalangles:
0.0 0.349065850399 -0.436332312999 

end: