T_CW:
0.9988107505 0.0409325827 -0.0264878892 -0.5246809526
0.0359416103 -0.9852579731 -0.1672570686 0.6413910097
-0.0329436678 0.1661061409 -0.9855574386 1.2036646964
0.0000000000 0.0000000000 0.0000000000 1.0000000000

T_CW_cov:

target_points_pix:
0.08800 0.11450 0.00000 148.41434 441.54294
0.11450 0.11450 0.00000 158.19402 442.18643
0.20250 0.11450 0.00000 191.76024 443.59320
0.22899 0.11450 0.00000 201.71657 444.24167
0.31699 0.11450 0.00000 235.38916 445.67291
0.34349 0.11450 0.00000 245.43501 446.48267
0.43149 0.11450 0.00000 279.11993 447.94553
0.45799 0.11450 0.00000 288.98022 448.59412
0.54599 0.11450 0.00000 322.92801 450.15793
0.57248 0.11450 0.00000 333.18860 450.68210
0.66048 0.11450 0.00000 367.10727 452.64523
0.00000 0.20250 0.00000 118.65228 404.81738
0.08800 0.20250 0.00000 151.81541 406.44073
0.11450 0.20250 0.00000 161.73911 406.66174
0.20250 0.20250 0.00000 194.71811 408.30576
0.22899 0.20250 0.00000 204.60008 408.58673
0.34349 0.20250 0.00000 247.71867 410.62134
0.43149 0.20250 0.00000 280.78598 412.25226
0.45799 0.20250 0.00000 290.83002 412.72708
0.54599 0.20250 0.00000 324.29059 414.49100
0.57248 0.20250 0.00000 334.26453 414.97809
0.66048 0.20250 0.00000 367.79004 416.59274
0.00000 0.22899 0.00000 119.85547 394.59860
0.08800 0.22899 0.00000 152.75172 395.90601
0.11450 0.22899 0.00000 162.51172 396.54941
0.20250 0.22899 0.00000 195.55815 397.73425
0.22899 0.22899 0.00000 205.45834 398.39624
0.31699 0.22899 0.00000 238.49979 399.68784
0.34349 0.22899 0.00000 248.31609 400.15924
0.43149 0.22899 0.00000 281.37433 401.61868
0.45799 0.22899 0.00000 291.26553 402.35001
0.54599 0.22899 0.00000 324.57361 403.90448
0.57248 0.22899 0.00000 334.49765 404.30508
0.66048 0.22899 0.00000 367.99896 406.17032
0.00000 0.31699 0.00000 123.59461 360.46930
0.08800 0.31699 0.00000 156.18123 361.88589
0.11450 0.31699 0.00000 165.97774 362.19696
0.20250 0.31699 0.00000 198.34929 363.63373
0.31699 0.31699 0.00000 240.56790 365.45447
0.34349 0.31699 0.00000 250.30016 366.03513
0.43149 0.31699 0.00000 282.99951 367.59647
0.45799 0.31699 0.00000 292.86011 367.76770
0.54599 0.31699 0.00000 325.65005 369.41458
0.57248 0.31699 0.00000 335.58911 369.77368
0.66048 0.31699 0.00000 368.67337 371.37277
0.00000 0.34349 0.00000 124.62736 350.42996
0.08800 0.34349 0.00000 157.08723 351.55371
0.11450 0.34349 0.00000 166.79373 352.12445
0.20250 0.34349 0.00000 199.20821 353.39471
0.22899 0.34349 0.00000 208.94827 353.90598
0.31699 0.34349 0.00000 241.27420 355.36685
0.34349 0.34349 0.00000 250.79848 355.77124
0.43149 0.34349 0.00000 283.48770 357.39374
0.45799 0.34349 0.00000 293.30750 357.68335
0.54599 0.34349 0.00000 326.08206 359.34967
0.57248 0.34349 0.00000 335.90448 359.60245
0.66048 0.34349 0.00000 368.87939 361.04065
0.00000 0.43149 0.00000 128.26973 317.33221
0.08800 0.43149 0.00000 160.41090 318.63196
0.11450 0.43149 0.00000 169.91896 318.92041
0.20250 0.43149 0.00000 201.83789 320.48547
0.22899 0.43149 0.00000 211.32469 320.60431
0.31699 0.43149 0.00000 243.34007 322.23083
0.34349 0.43149 0.00000 252.86705 322.54349
0.43149 0.43149 0.00000 284.96701 323.79437
0.45799 0.43149 0.00000 294.93164 324.37283
0.54599 0.43149 0.00000 327.09555 325.62439
0.57248 0.43149 0.00000 337.18503 326.10760
0.66048 0.43149 0.00000 369.46725 327.38080
0.00000 0.45799 0.00000 129.24345 307.63126
0.08800 0.45799 0.00000 161.29524 308.77048
0.11450 0.45799 0.00000 170.82658 309.34485
0.20250 0.45799 0.00000 202.56499 310.49600
0.22899 0.45799 0.00000 212.03961 310.93723
0.31699 0.45799 0.00000 243.97002 312.32715
0.34349 0.45799 0.00000 253.56894 312.70764
0.43149 0.45799 0.00000 285.64505 314.01843
0.45799 0.45799 0.00000 295.23938 314.47083
0.54599 0.45799 0.00000 327.65894 315.69138
0.57248 0.45799 0.00000 337.20032 316.26208
0.66048 0.45799 0.00000 369.87436 317.49744
0.00000 0.54599 0.00000 132.82642 275.60626
0.08800 0.54599 0.00000 164.36833 277.04025
0.11450 0.54599 0.00000 173.77913 277.37744
0.20250 0.54599 0.00000 205.26819 278.48975
0.22899 0.54599 0.00000 214.58000 278.86487
0.31699 0.54599 0.00000 245.98251 280.29260
0.34349 0.54599 0.00000 255.63728 280.45578
0.43149 0.54599 0.00000 287.13599 281.67978
0.45799 0.54599 0.00000 296.97418 282.07397
0.54599 0.54599 0.00000 328.57700 283.37442
0.57248 0.54599 0.00000 338.55618 283.68240
0.66048 0.54599 0.00000 370.35757 284.93475
0.00000 0.57248 0.00000 133.88802 266.38391
0.08800 0.57248 0.00000 165.20815 267.48779
0.11450 0.57248 0.00000 174.64796 267.94604
0.20250 0.57248 0.00000 205.90912 268.95966
0.22899 0.57248 0.00000 215.33488 269.56152
0.31699 0.57248 0.00000 246.58900 270.55725
0.34349 0.57248 0.00000 256.02435 270.99136
0.43149 0.57248 0.00000 287.83591 272.20331
0.45799 0.57248 0.00000 297.21701 272.53735
0.54599 0.57248 0.00000 329.18835 273.63394
0.57248 0.57248 0.00000 338.54544 274.06152
0.66048 0.57248 0.00000 370.72925 275.40430
0.00000 0.66048 0.00000 137.19218 235.33388
0.08800 0.66048 0.00000 168.21074 236.59938
0.11450 0.66048 0.00000 177.41911 236.82233
0.20250 0.66048 0.00000 208.43129 237.97655
0.22899 0.66048 0.00000 217.74608 238.27785
0.31699 0.66048 0.00000 248.66382 239.37360
0.34349 0.66048 0.00000 258.23511 239.61838
0.43149 0.66048 0.00000 289.27081 240.77348
0.45799 0.66048 0.00000 298.86032 241.19823
0.54599 0.66048 0.00000 330.10165 242.36293
0.57248 0.66048 0.00000 339.73834 242.56949
0.66048 0.66048 0.00000 371.24640 243.65437

gimbalangles:
0.0 0.349065850399 -0.261799387799 

end: