T_CW:
0.9987996747 0.0409681066 -0.0268481680 -0.5247039574
0.0359013063 -0.9851817408 -0.1677141430 0.6413871486
-0.0333212557 0.1665489472 -0.9854700108 1.2035143812
0.0000000000 0.0000000000 0.0000000000 1.0000000000

T_CW_cov:

target_points_pix:
0.08800 0.11450 0.00000 148.22539 441.52893
0.20250 0.11450 0.00000 191.74765 443.61584
0.22899 0.11450 0.00000 201.72789 444.20908
0.34349 0.11450 0.00000 245.31345 446.45615
0.43149 0.11450 0.00000 278.89963 447.92166
0.45799 0.11450 0.00000 288.97919 448.60303
0.54599 0.11450 0.00000 322.80246 450.38074
0.57248 0.11450 0.00000 333.04623 450.77890
0.66048 0.11450 0.00000 367.39282 452.66364
0.00000 0.20250 0.00000 118.67879 404.81049
0.08800 0.20250 0.00000 151.72702 406.48688
0.11450 0.20250 0.00000 161.69028 406.71350
0.20250 0.20250 0.00000 194.77486 408.35001
0.31699 0.20250 0.00000 237.71721 410.28494
0.34349 0.20250 0.00000 247.61455 410.62286
0.43149 0.20250 0.00000 280.85938 412.30609
0.45799 0.20250 0.00000 290.78915 412.75333
0.54599 0.20250 0.00000 324.11691 414.37180
0.57248 0.20250 0.00000 334.27597 414.90329
0.66048 0.20250 0.00000 367.83524 416.61191
0.00000 0.22899 0.00000 119.86486 394.52710
0.08800 0.22899 0.00000 152.71886 395.88675
0.11450 0.22899 0.00000 162.60852 396.49670
0.22899 0.22899 0.00000 205.45248 398.43423
0.31699 0.22899 0.00000 238.43446 399.62656
0.34349 0.22899 0.00000 248.30362 400.15863
0.43149 0.22899 0.00000 281.35373 401.73975
0.45799 0.22899 0.00000 291.36557 402.24823
0.54599 0.22899 0.00000 324.47672 403.87527
0.57248 0.22899 0.00000 334.55426 404.40482
0.66048 0.22899 0.00000 368.01361 406.20630
0.00000 0.31699 0.00000 123.59536 360.42438
0.08800 0.31699 0.00000 156.15634 361.78351
0.11450 0.31699 0.00000 165.86406 362.23380
0.20250 0.31699 0.00000 198.40648 363.57587
0.22899 0.31699 0.00000 208.06215 363.89780
0.31699 0.31699 0.00000 240.67842 365.52084
0.34349 0.31699 0.00000 250.36729 366.04114
0.43149 0.31699 0.00000 282.94440 367.56393
0.45799 0.31699 0.00000 292.81784 368.03732
0.54599 0.31699 0.00000 325.63593 369.39227
0.57248 0.31699 0.00000 335.56024 369.82999
0.66048 0.31699 0.00000 368.60800 371.37863
0.00000 0.34349 0.00000 124.62150 350.52148
0.08800 0.34349 0.00000 157.07742 351.70355
0.11450 0.34349 0.00000 166.81348 352.21661
0.20250 0.34349 0.00000 199.07997 353.48035
0.22899 0.34349 0.00000 208.81288 353.85910
0.31699 0.34349 0.00000 241.24335 355.36377
0.34349 0.34349 0.00000 250.99249 355.88120
0.43149 0.34349 0.00000 283.46384 357.38943
0.45799 0.34349 0.00000 293.28214 357.77234
0.54599 0.34349 0.00000 326.04590 359.22678
0.57248 0.34349 0.00000 335.90833 359.61395
0.66048 0.34349 0.00000 368.94278 361.11292
0.00000 0.43149 0.00000 128.23666 317.37238
0.08800 0.43149 0.00000 160.32915 318.66617
0.11450 0.43149 0.00000 169.97136 319.09195
0.20250 0.43149 0.00000 201.79004 320.44318
0.22899 0.43149 0.00000 211.34358 320.66730
0.31699 0.43149 0.00000 243.32045 322.32047
0.34349 0.43149 0.00000 252.88470 322.51984
0.43149 0.43149 0.00000 285.07764 323.86615
0.45799 0.43149 0.00000 294.94495 324.36810
0.54599 0.43149 0.00000 327.19775 325.62204
0.57248 0.43149 0.00000 337.18588 326.00470
0.66048 0.43149 0.00000 369.50375 327.43491
0.00000 0.45799 0.00000 129.40759 307.61880
0.08800 0.45799 0.00000 161.38239 308.91980
0.11450 0.45799 0.00000 170.77307 309.45395
0.20250 0.45799 0.00000 202.57886 310.45847
0.22899 0.45799 0.00000 212.11996 310.94519
0.31699 0.45799 0.00000 243.86491 312.38867
0.34349 0.45799 0.00000 253.54309 312.76022
0.43149 0.45799 0.00000 285.70364 314.03250
0.45799 0.45799 0.00000 295.24936 314.48627
0.54599 0.45799 0.00000 327.69177 315.71008
0.57248 0.45799 0.00000 337.27829 316.18771
0.66048 0.45799 0.00000 369.83716 317.48102
0.00000 0.54599 0.00000 132.81369 275.65265
0.08800 0.54599 0.00000 164.44072 277.07608
0.11450 0.54599 0.00000 173.78061 277.25955
0.20250 0.54599 0.00000 205.20735 278.58560
0.22899 0.54599 0.00000 214.64514 278.82330
0.31699 0.54599 0.00000 245.93185 280.32111
0.34349 0.54599 0.00000 255.56636 280.45496
0.43149 0.54599 0.00000 287.12894 281.68741
0.45799 0.54599 0.00000 296.94199 282.12585
0.54599 0.54599 0.00000 328.62518 283.39218
0.57248 0.54599 0.00000 338.56223 283.68723
0.66048 0.54599 0.00000 370.33670 284.98401
0.00000 0.57248 0.00000 133.88626 266.39447
0.08800 0.57248 0.00000 165.25562 267.49329
0.11450 0.57248 0.00000 174.63174 268.07779
0.20250 0.57248 0.00000 205.81859 269.08368
0.22899 0.57248 0.00000 215.32423 269.49887
0.31699 0.57248 0.00000 246.66965 270.50375
0.34349 0.57248 0.00000 256.10770 270.86823
0.43149 0.57248 0.00000 287.81201 272.21793
0.45799 0.57248 0.00000 297.23819 272.55453
0.54599 0.57248 0.00000 329.18549 273.61987
0.57248 0.57248 0.00000 338.56018 274.07260
0.66048 0.57248 0.00000 370.71799 275.41342
0.00000 0.66048 0.00000 137.14786 235.24556
0.08800 0.66048 0.00000 168.23907 236.63730
0.11450 0.66048 0.00000 177.44583 236.75719
0.20250 0.66048 0.00000 208.40588 238.00069
0.22899 0.66048 0.00000 217.67940 238.32224
0.31699 0.66048 0.00000 248.64787 239.35056
0.34349 0.66048 0.00000 258.25327 239.64600
0.43149 0.66048 0.00000 289.24167 240.80658
0.45799 0.66048 0.00000 298.84799 241.20082
0.54599 0.66048 0.00000 330.04767 242.33263
0.57248 0.66048 0.00000 339.78302 242.61763
0.66048 0.66048 0.00000 371.24771 243.68236

gimbalangles:
0.0 0.349065850399 -0.0872664625997 

end: