T_CW:
0.9991261716 0.0364837920 -0.0203918150 -0.4116868535
0.0326963188 -0.9861811333 -0.1624122010 0.6368838072
-0.0260354362 0.1616035433 -0.9865122659 1.2037754450
0.0000000000 0.0000000000 0.0000000000 1.0000000000

T_CW_cov:

target_points_pix:
0.00000 0.11450 0.00000 162.13622 429.63910
0.08800 0.11450 0.00000 195.31287 431.12985
0.11450 0.11450 0.00000 205.09247 431.46649
0.20250 0.11450 0.00000 238.47612 432.89209
0.22899 0.11450 0.00000 248.35179 433.41354
0.31699 0.11450 0.00000 281.57895 434.82480
0.34349 0.11450 0.00000 291.54916 435.22015
0.43149 0.11450 0.00000 325.14410 436.66669
0.54599 0.11450 0.00000 368.66730 438.63489
0.57248 0.11450 0.00000 378.66312 439.06857
0.66048 0.11450 0.00000 412.53690 440.62558
0.00000 0.20250 0.00000 165.26100 395.06168
0.08800 0.20250 0.00000 197.84721 396.34366
0.11450 0.20250 0.00000 207.71652 396.60834
0.20250 0.20250 0.00000 240.48749 397.94763
0.22899 0.20250 0.00000 250.48549 398.36169
0.31699 0.20250 0.00000 283.30237 399.75943
0.34349 0.20250 0.00000 293.24054 400.25095
0.43149 0.20250 0.00000 326.15094 401.53137
0.45799 0.20250 0.00000 336.19736 401.99667
0.54599 0.20250 0.00000 369.28281 403.42041
0.57248 0.20250 0.00000 379.28009 403.67310
0.66048 0.20250 0.00000 412.47153 405.19653
0.00000 0.22899 0.00000 166.04535 384.75909
0.08800 0.22899 0.00000 198.71072 386.00842
0.11450 0.22899 0.00000 208.52859 386.46509
0.20250 0.22899 0.00000 241.26953 387.68552
0.22899 0.22899 0.00000 250.88477 388.07074
0.31699 0.22899 0.00000 283.72647 389.48483
0.34349 0.22899 0.00000 293.54251 389.85907
0.43149 0.22899 0.00000 326.53217 391.25278
0.45799 0.22899 0.00000 336.41150 391.61157
0.54599 0.22899 0.00000 369.39130 392.96503
0.57248 0.22899 0.00000 379.31454 393.37219
0.66048 0.22899 0.00000 412.61649 394.67825
0.00000 0.31699 0.00000 168.99025 351.07251
0.08800 0.31699 0.00000 201.28737 352.32693
0.11450 0.31699 0.00000 210.91023 352.64600
0.20250 0.31699 0.00000 243.25502 353.84991
0.22899 0.31699 0.00000 252.96152 354.29562
0.31699 0.31699 0.00000 285.40793 355.63287
0.34349 0.31699 0.00000 295.10388 355.97372
0.43149 0.31699 0.00000 327.57819 357.35522
0.45799 0.31699 0.00000 337.44308 357.59808
0.54599 0.31699 0.00000 370.04504 358.82382
0.57248 0.31699 0.00000 379.84772 359.33231
0.66048 0.31699 0.00000 412.60019 360.52353
0.00000 0.34349 0.00000 169.84149 341.17697
0.08800 0.34349 0.00000 202.01723 342.32855
0.11450 0.34349 0.00000 211.64247 342.65341
0.20250 0.34349 0.00000 243.81754 343.93335
0.22899 0.34349 0.00000 253.54936 344.38535
0.31699 0.34349 0.00000 285.74347 345.58813
0.34349 0.34349 0.00000 295.51138 345.97086
0.43149 0.34349 0.00000 327.89517 347.33099
0.45799 0.34349 0.00000 337.59692 347.55777
0.54599 0.34349 0.00000 370.26590 348.82431
0.57248 0.34349 0.00000 380.00189 349.20612
0.66048 0.34349 0.00000 412.65622 350.45853
0.00000 0.43149 0.00000 172.70970 308.44531
0.08800 0.43149 0.00000 204.46367 309.57751
0.11450 0.43149 0.00000 214.00232 309.93762
0.20250 0.43149 0.00000 245.79756 311.25455
0.22899 0.43149 0.00000 255.42210 311.54535
0.31699 0.43149 0.00000 287.31900 312.71210
0.34349 0.43149 0.00000 296.90808 313.24551
0.43149 0.43149 0.00000 328.87811 314.35458
0.45799 0.43149 0.00000 338.57452 314.66174
0.54599 0.43149 0.00000 370.67651 315.76199
0.57248 0.43149 0.00000 380.48184 316.26425
0.66048 0.43149 0.00000 412.78824 317.34906
0.00000 0.45799 0.00000 173.58325 298.86990
0.08800 0.45799 0.00000 205.28209 299.93365
0.11450 0.45799 0.00000 214.66579 300.37024
0.20250 0.45799 0.00000 246.40323 301.46484
0.22899 0.45799 0.00000 255.92052 301.79181
0.31699 0.45799 0.00000 287.72794 303.08246
0.34349 0.45799 0.00000 297.36844 303.37622
0.43149 0.45799 0.00000 329.33105 304.55023
0.45799 0.45799 0.00000 338.88333 304.83786
0.57248 0.45799 0.00000 380.61838 306.35928
0.66048 0.45799 0.00000 412.77194 307.52011
0.00000 0.54599 0.00000 176.34756 267.21121
0.08800 0.54599 0.00000 207.54434 268.32809
0.11450 0.54599 0.00000 216.99133 268.54544
0.20250 0.54599 0.00000 248.40166 269.62695
0.22899 0.54599 0.00000 257.67874 270.16788
0.31699 0.54599 0.00000 289.16946 271.17963
0.34349 0.54599 0.00000 298.63116 271.54968
0.43149 0.54599 0.00000 330.30893 272.55380
0.45799 0.54599 0.00000 339.74527 273.03119
0.54599 0.54599 0.00000 371.45529 274.06183
0.57248 0.54599 0.00000 381.20981 274.43701
0.66048 0.54599 0.00000 412.89313 275.37875
0.00000 0.57248 0.00000 177.19008 257.81415
0.08800 0.57248 0.00000 208.32053 258.85272
0.11450 0.57248 0.00000 217.60504 259.31860
0.20250 0.57248 0.00000 248.83652 260.41321
0.22899 0.57248 0.00000 258.31409 260.59695
0.31699 0.57248 0.00000 289.52399 261.66101
0.34349 0.57248 0.00000 299.13998 262.00671
0.43149 0.57248 0.00000 330.56183 263.18399
0.45799 0.57248 0.00000 340.22192 263.40942
0.54599 0.57248 0.00000 371.60846 264.50787
0.57248 0.57248 0.00000 381.30887 264.71762
0.66048 0.57248 0.00000 413.00488 265.92764
0.00000 0.66048 0.00000 179.74992 227.00768
0.08800 0.66048 0.00000 210.57803 228.11159
0.11450 0.66048 0.00000 219.82790 228.43449
0.20250 0.66048 0.00000 250.63802 229.43864
0.22899 0.66048 0.00000 260.00320 229.64812
0.31699 0.66048 0.00000 290.95166 230.61763
0.34349 0.66048 0.00000 300.45523 231.09453
0.43149 0.66048 0.00000 331.53223 232.04349
0.45799 0.66048 0.00000 341.04987 232.38242
0.54599 0.66048 0.00000 372.23477 233.34753
0.57248 0.66048 0.00000 381.59396 233.61310
0.66048 0.66048 0.00000 413.02298 234.53706

gimbalangles:
0.0 0.349065850399 -0.0872664625997 

end: