T_CW:
0.9556163970 -0.2942512723 0.0146113133 -0.3050642370
-0.2938728209 -0.9555551545 -0.0235183308 0.4631887350
0.0208822145 0.0181806347 -0.9996166253 1.3024723219
0.0000000000 0.0000000000 0.0000000000 1.0000000000

T_CW_cov:

target_points_pix:
0.11450 0.00000 0.00000 479.22342 714.97675
0.20250 0.00000 0.00000 550.60034 692.76672
0.22899 0.00000 0.00000 572.21875 685.94513
0.31699 0.00000 0.00000 643.53613 663.84790
0.34349 0.00000 0.00000 664.91528 657.28522
0.57248 0.00000 0.00000 849.51782 599.48499
0.11450 0.08800 0.00000 457.58618 643.29791
0.20250 0.08800 0.00000 528.76978 620.98254
0.22899 0.08800 0.00000 550.46637 614.34021
0.31699 0.08800 0.00000 621.56787 592.04633
0.34349 0.08800 0.00000 642.84503 585.48486
0.43149 0.08800 0.00000 713.72626 563.54547
0.45799 0.08800 0.00000 735.25208 556.89417
0.54599 0.08800 0.00000 805.68024 535.04517
0.57248 0.08800 0.00000 827.11279 528.25293
0.66048 0.08800 0.00000 897.67438 506.23557
0.08800 0.11450 0.00000 429.59128 628.22083
0.11450 0.11450 0.00000 451.15866 621.51593
0.20250 0.11450 0.00000 522.48431 599.50708
0.22899 0.11450 0.00000 543.72186 592.67133
0.31699 0.11450 0.00000 614.93286 570.75494
0.34349 0.11450 0.00000 636.32013 564.13580
0.43149 0.11450 0.00000 707.25836 542.12744
0.45799 0.11450 0.00000 728.44702 535.51935
0.54599 0.11450 0.00000 799.19543 513.48596
0.57248 0.11450 0.00000 820.49969 506.89539
0.66048 0.11450 0.00000 890.95972 484.86511
0.00000 0.20250 0.00000 336.45312 578.98163
0.08800 0.20250 0.00000 407.62927 556.91650
0.11450 0.20250 0.00000 429.35925 550.21863
0.20250 0.20250 0.00000 500.57193 528.17957
0.22899 0.20250 0.00000 521.99664 521.47424
0.31699 0.20250 0.00000 592.88184 499.56891
0.34349 0.20250 0.00000 614.35388 493.08282
0.43149 0.20250 0.00000 685.14496 471.16406
0.45799 0.20250 0.00000 706.51581 464.46661
0.54599 0.20250 0.00000 777.05109 442.62927
0.57248 0.20250 0.00000 798.20032 436.01953
0.66048 0.20250 0.00000 868.77277 414.17371
0.00000 0.22899 0.00000 330.14258 557.43768
0.08800 0.22899 0.00000 401.25140 535.47473
0.11450 0.22899 0.00000 422.83310 528.71106
0.20250 0.22899 0.00000 494.13486 506.80417
0.22899 0.22899 0.00000 515.50421 500.12042
0.31699 0.22899 0.00000 586.48608 478.20316
0.34349 0.22899 0.00000 607.73059 471.53107
0.43149 0.22899 0.00000 678.42688 449.59369
0.45799 0.22899 0.00000 699.72589 443.22397
0.54599 0.22899 0.00000 770.50989 421.32642
0.57248 0.22899 0.00000 791.63641 414.75043
0.66048 0.22899 0.00000 862.23474 392.98944
0.00000 0.31699 0.00000 308.41263 486.20703
0.08800 0.31699 0.00000 379.72992 464.24533
0.11450 0.31699 0.00000 401.09180 457.73987
0.20250 0.31699 0.00000 472.42819 435.76233
0.22899 0.31699 0.00000 493.75372 429.25061
0.31699 0.31699 0.00000 564.66266 407.44153
0.34349 0.31699 0.00000 586.16846 400.87082
0.43149 0.31699 0.00000 656.70483 379.20761
0.45799 0.31699 0.00000 678.11011 372.54123
0.54599 0.31699 0.00000 748.43451 350.91660
0.57248 0.31699 0.00000 769.75403 344.30521
0.66048 0.31699 0.00000 840.25928 322.54858
0.08800 0.34349 0.00000 373.34747 442.94031
0.11450 0.34349 0.00000 394.71967 436.30386
0.20250 0.34349 0.00000 465.76642 414.39380
0.22899 0.34349 0.00000 487.42392 407.80405
0.31699 0.34349 0.00000 558.40173 386.11902
0.34349 0.34349 0.00000 579.56769 379.54367
0.43149 0.34349 0.00000 650.27234 357.78781
0.45799 0.34349 0.00000 671.53827 351.37183
0.54599 0.34349 0.00000 741.82062 329.51453
0.57248 0.34349 0.00000 763.24127 323.04639
0.66048 0.34349 0.00000 833.59216 301.37238
0.00000 0.43149 0.00000 280.52301 393.78583
0.08800 0.43149 0.00000 351.72437 372.00955
0.11450 0.43149 0.00000 373.42657 365.45770
0.20250 0.43149 0.00000 444.31644 343.68713
0.22899 0.43149 0.00000 465.81876 337.17587
0.31699 0.43149 0.00000 536.57251 315.48944
0.34349 0.43149 0.00000 558.04761 308.99026
0.43149 0.43149 0.00000 628.55994 287.37411
0.45799 0.43149 0.00000 649.65802 280.85364
0.54599 0.43149 0.00000 720.23309 259.32648
0.57248 0.43149 0.00000 741.42407 252.73772
0.66048 0.43149 0.00000 811.57013 231.18094
0.00000 0.45799 0.00000 274.55472 372.32217
0.08800 0.45799 0.00000 345.39478 350.67249
0.11450 0.45799 0.00000 367.00391 343.93643
0.20250 0.45799 0.00000 437.93121 322.34634
0.22899 0.45799 0.00000 459.27805 315.81906
0.31699 0.45799 0.00000 530.24243 294.20074
0.34349 0.45799 0.00000 551.50287 287.71671
0.43149 0.45799 0.00000 621.99017 266.17465
0.45799 0.45799 0.00000 643.33875 259.77023
0.54599 0.45799 0.00000 713.60468 238.00130
0.57248 0.45799 0.00000 734.85834 231.53638
0.66048 0.45799 0.00000 805.21588 209.81108
0.00000 0.54599 0.00000 252.89558 301.64120
0.08800 0.54599 0.00000 324.21567 280.07425
0.11450 0.54599 0.00000 345.52502 273.50275
0.20250 0.54599 0.00000 416.49713 251.92932
0.22899 0.54599 0.00000 437.95212 245.41991
0.31699 0.54599 0.00000 508.48633 223.76234
0.34349 0.54599 0.00000 529.80249 217.38248
0.43149 0.54599 0.00000 600.39294 195.76299
0.45799 0.54599 0.00000 621.51935 189.47273
0.54599 0.54599 0.00000 691.77203 167.92596
0.57248 0.54599 0.00000 713.15173 161.51572
0.66048 0.54599 0.00000 783.34039 139.98000
0.00000 0.57248 0.00000 246.59215 280.41507
0.08800 0.57248 0.00000 317.75635 258.77194
0.11450 0.57248 0.00000 339.41562 252.30597
0.20250 0.57248 0.00000 410.28198 230.70807
0.22899 0.57248 0.00000 431.58112 224.10504
0.31699 0.57248 0.00000 502.22263 202.75587
0.34349 0.57248 0.00000 523.52106 196.24629
0.43149 0.57248 0.00000 593.79999 174.63406
0.45799 0.57248 0.00000 615.33307 168.16377
0.54599 0.57248 0.00000 685.41656 146.86897
0.57248 0.57248 0.00000 706.55145 140.36070
0.66048 0.57248 0.00000 776.65643 118.85444
0.00000 0.66048 0.00000 225.47626 209.77541
0.08800 0.66048 0.00000 296.59711 188.33070
0.11450 0.66048 0.00000 317.94012 181.85825
0.20250 0.66048 0.00000 388.85355 160.46880
0.22899 0.66048 0.00000 410.19342 153.97240
0.31699 0.66048 0.00000 480.69376 132.36562
0.34349 0.66048 0.00000 501.96170 126.06406
0.43149 0.66048 0.00000 572.37866 104.68988
0.45799 0.66048 0.00000 593.61133 98.38888
0.54599 0.66048 0.00000 663.54156 76.86205
0.57248 0.66048 0.00000 684.97809 70.41179
0.66048 0.66048 0.00000 755.01703 49.17895

gimbalangles:
0.0 0.349065850399 0.0872664625997 

end: