T_CW:
0.9376857068 -0.2953998004 0.1829876314 -0.5247781608
-0.2841857059 -0.9549623538 -0.0853544804 0.5401153073
0.1999599957 0.0280332071 -0.9794029505 1.1992142696
0.0000000000 0.0000000000 0.0000000000 1.0000000000

T_CW_cov:

target_points_pix:
0.45799 0.00000 0.00000 563.91559 702.38696
0.54599 0.00000 0.00000 634.70514 676.65869
0.57248 0.00000 0.00000 655.73920 668.84662
0.45799 0.08800 0.00000 541.33752 629.68195
0.54599 0.08800 0.00000 612.50781 604.85968
0.57248 0.08800 0.00000 633.51996 597.50531
0.66048 0.08800 0.00000 702.49707 573.58618
0.31699 0.11450 0.00000 416.88440 648.31903
0.34349 0.11450 0.00000 439.51447 640.60266
0.43149 0.11450 0.00000 512.89105 615.46844
0.45799 0.11450 0.00000 534.87415 607.79895
0.54599 0.11450 0.00000 605.82129 583.51819
0.57248 0.11450 0.00000 626.96698 576.16235
0.66048 0.11450 0.00000 695.68842 552.45251
0.11450 0.20250 0.00000 216.00638 633.37866
0.20250 0.20250 0.00000 294.99280 607.48895
0.22899 0.20250 0.00000 318.39856 599.68042
0.31699 0.20250 0.00000 394.65915 574.53156
0.34349 0.20250 0.00000 417.30060 567.28204
0.43149 0.20250 0.00000 490.87460 543.02350
0.45799 0.20250 0.00000 512.67273 535.65961
0.54599 0.20250 0.00000 583.89404 512.32062
0.57248 0.20250 0.00000 605.17480 505.36353
0.66048 0.20250 0.00000 673.95050 482.43799
0.08800 0.22899 0.00000 184.88942 618.39185
0.11450 0.22899 0.00000 209.42606 610.50739
0.20250 0.22899 0.00000 288.39615 584.81976
0.22899 0.22899 0.00000 311.71832 577.24652
0.31699 0.22899 0.00000 388.11697 552.53345
0.34349 0.22899 0.00000 410.57117 545.13574
0.43149 0.22899 0.00000 484.44711 521.16895
0.45799 0.22899 0.00000 506.36728 513.97772
0.54599 0.22899 0.00000 577.54504 490.82809
0.57248 0.22899 0.00000 598.58923 483.86896
0.66048 0.22899 0.00000 667.56665 461.61569
0.00000 0.31699 0.00000 80.36655 567.73615
0.08800 0.31699 0.00000 162.66806 542.20178
0.11450 0.31699 0.00000 186.81441 534.68091
0.20250 0.31699 0.00000 265.88950 510.17099
0.22899 0.31699 0.00000 289.53641 502.83423
0.31699 0.31699 0.00000 365.87323 479.09027
0.34349 0.31699 0.00000 388.55792 472.12268
0.43149 0.31699 0.00000 462.41385 449.18964
0.45799 0.31699 0.00000 484.39526 442.34561
0.54599 0.31699 0.00000 555.66022 420.04779
0.57248 0.31699 0.00000 576.90045 413.50351
0.66048 0.31699 0.00000 645.89624 392.14468
0.00000 0.34349 0.00000 73.63573 544.55243
0.08800 0.34349 0.00000 155.74413 519.41687
0.11450 0.34349 0.00000 180.33743 511.84326
0.20250 0.34349 0.00000 259.34125 487.63300
0.22899 0.34349 0.00000 282.83234 480.53568
0.31699 0.34349 0.00000 359.45901 457.11414
0.34349 0.34349 0.00000 382.07626 450.05975
0.43149 0.34349 0.00000 455.72284 427.42725
0.45799 0.34349 0.00000 477.76419 420.63205
0.54599 0.34349 0.00000 549.29761 398.68942
0.57248 0.34349 0.00000 570.43964 392.30460
0.66048 0.34349 0.00000 639.55420 371.19318
0.00000 0.43149 0.00000 51.24276 467.61484
0.08800 0.43149 0.00000 133.39549 443.53854
0.11450 0.43149 0.00000 157.72778 436.42630
0.20250 0.43149 0.00000 237.02338 413.18564
0.22899 0.43149 0.00000 260.56754 406.33588
0.31699 0.43149 0.00000 337.14447 384.07809
0.34349 0.43149 0.00000 359.93921 377.32535
0.43149 0.43149 0.00000 434.00220 355.63525
0.45799 0.43149 0.00000 456.09567 349.35516
0.54599 0.43149 0.00000 527.56171 328.33322
0.57248 0.43149 0.00000 548.98737 322.20715
0.66048 0.43149 0.00000 618.12103 301.79807
0.00000 0.45799 0.00000 44.52197 444.46414
0.08800 0.45799 0.00000 126.55619 420.77734
0.11450 0.45799 0.00000 151.20816 413.78906
0.20250 0.45799 0.00000 230.42937 390.81052
0.22899 0.45799 0.00000 254.01811 383.96045
0.31699 0.45799 0.00000 330.56958 362.05597
0.34349 0.45799 0.00000 353.39325 355.46573
0.43149 0.45799 0.00000 427.50803 334.19165
0.45799 0.45799 0.00000 449.50058 327.72760
0.54599 0.45799 0.00000 521.05884 307.17505
0.57248 0.45799 0.00000 542.44843 301.02176
0.66048 0.45799 0.00000 611.65546 280.97882
0.08800 0.54599 0.00000 104.51880 345.46268
0.11450 0.54599 0.00000 129.07628 338.70743
0.20250 0.54599 0.00000 208.58807 317.00970
0.22899 0.54599 0.00000 232.16620 310.47864
0.31699 0.54599 0.00000 308.69254 289.36191
0.34349 0.54599 0.00000 331.55103 283.19931
0.43149 0.54599 0.00000 405.65555 262.75339
0.45799 0.54599 0.00000 427.76929 256.70825
0.54599 0.54599 0.00000 499.59085 237.07832
0.57248 0.54599 0.00000 520.87726 231.34819
0.66048 0.54599 0.00000 590.34827 212.09477
0.11450 0.57248 0.00000 122.55951 316.11957
0.20250 0.57248 0.00000 202.08604 294.70105
0.22899 0.57248 0.00000 225.55786 288.34613
0.31699 0.57248 0.00000 302.17389 267.54019
0.34349 0.57248 0.00000 325.11029 261.43796
0.43149 0.57248 0.00000 399.47589 241.43556
0.45799 0.57248 0.00000 421.35916 235.48193
0.54599 0.57248 0.00000 493.30319 216.09685
0.57248 0.57248 0.00000 514.55048 210.15021
0.66048 0.57248 0.00000 583.80109 191.32175
0.11450 0.66048 0.00000 100.45561 241.48091
0.20250 0.66048 0.00000 180.28847 221.16779
0.22899 0.66048 0.00000 203.77220 215.01407
0.31699 0.66048 0.00000 280.65283 195.26355
0.34349 0.66048 0.00000 303.63672 189.43704
0.43149 0.66048 0.00000 377.74084 170.23599
0.45799 0.66048 0.00000 399.91977 164.67102
0.54599 0.66048 0.00000 471.65948 146.15788
0.57248 0.66048 0.00000 493.25305 140.68999
0.66048 0.66048 0.00000 562.70123 122.71973

gimbalangles:
0.0 0.349065850399 0.261799387799 

end: