T_CW:
0.9990754964 0.0375246487 -0.0209774477 -0.4116153422
0.0336483847 -0.9862663776 -0.1616985426 0.6364738219
-0.0267570324 0.1608431944 -0.9866172145 1.2044422346
0.0000000000 0.0000000000 0.0000000000 1.0000000000

T_CW_cov:

target_points_pix:
0.00000 0.11450 0.00000 162.32446 429.49295
0.08800 0.11450 0.00000 195.43695 430.79709
0.11450 0.11450 0.00000 205.24858 431.31079
0.20250 0.11450 0.00000 238.53725 432.77042
0.22899 0.11450 0.00000 248.39905 433.25223
0.31699 0.11450 0.00000 281.68192 434.68729
0.43149 0.11450 0.00000 325.19318 436.55664
0.54599 0.11450 0.00000 368.74304 438.60739
0.57248 0.11450 0.00000 378.81735 439.08038
0.00000 0.20250 0.00000 165.40385 394.73141
0.08800 0.20250 0.00000 197.99452 396.21466
0.11450 0.20250 0.00000 207.89394 396.44446
0.20250 0.20250 0.00000 240.57724 397.81522
0.22899 0.20250 0.00000 250.54697 398.29410
0.31699 0.20250 0.00000 283.39304 399.64841
0.34349 0.20250 0.00000 293.34384 400.13892
0.43149 0.20250 0.00000 326.27640 401.51102
0.45799 0.20250 0.00000 336.30057 401.90070
0.54599 0.20250 0.00000 369.29852 403.34747
0.57248 0.20250 0.00000 379.38361 403.71948
0.66048 0.20250 0.00000 412.54654 405.26816
0.00000 0.22899 0.00000 166.29994 384.56772
0.08800 0.22899 0.00000 198.79118 385.83481
0.11450 0.22899 0.00000 208.58517 386.28235
0.20250 0.22899 0.00000 241.30487 387.58377
0.22899 0.22899 0.00000 251.13690 387.93475
0.31699 0.22899 0.00000 283.84946 389.33838
0.34349 0.22899 0.00000 293.68600 389.77872
0.43149 0.22899 0.00000 326.62439 391.23172
0.45799 0.22899 0.00000 336.47198 391.60513
0.54599 0.22899 0.00000 369.53613 393.02643
0.57248 0.22899 0.00000 379.38766 393.37659
0.66048 0.22899 0.00000 412.65741 394.82306
0.00000 0.31699 0.00000 169.29568 350.80594
0.08800 0.31699 0.00000 201.39478 352.23788
0.11450 0.31699 0.00000 211.16957 352.49365
0.20250 0.31699 0.00000 243.43549 353.76990
0.22899 0.31699 0.00000 253.12355 354.27124
0.31699 0.31699 0.00000 285.45584 355.56857
0.34349 0.31699 0.00000 295.27512 355.97330
0.43149 0.31699 0.00000 327.63757 357.28146
0.45799 0.31699 0.00000 337.48407 357.59375
0.54599 0.31699 0.00000 370.19226 358.87006
0.57248 0.31699 0.00000 380.00342 359.34872
0.66048 0.31699 0.00000 412.70459 360.60654
0.00000 0.34349 0.00000 170.02258 340.93820
0.08800 0.34349 0.00000 202.31750 342.17899
0.11450 0.34349 0.00000 211.83031 342.53586
0.20250 0.34349 0.00000 243.98586 343.81714
0.22899 0.34349 0.00000 253.57579 344.28790
0.31699 0.34349 0.00000 285.93860 345.51111
0.34349 0.34349 0.00000 295.55814 345.93253
0.43149 0.34349 0.00000 328.08264 347.28323
0.45799 0.34349 0.00000 337.77054 347.59033
0.54599 0.34349 0.00000 370.35156 348.80661
0.57248 0.34349 0.00000 380.20767 349.30005
0.66048 0.34349 0.00000 412.82031 350.43222
0.00000 0.43149 0.00000 172.95778 308.26624
0.08800 0.43149 0.00000 204.64694 309.46948
0.11450 0.43149 0.00000 214.30199 309.80954
0.20250 0.43149 0.00000 246.01762 311.08237
0.22899 0.43149 0.00000 255.55998 311.47803
0.31699 0.43149 0.00000 287.44733 312.67151
0.34349 0.43149 0.00000 297.12512 313.14169
0.43149 0.43149 0.00000 329.15790 314.36978
0.45799 0.43149 0.00000 338.74994 314.67282
0.54599 0.43149 0.00000 370.83780 315.79950
0.57248 0.43149 0.00000 380.67685 316.34250
0.66048 0.43149 0.00000 412.95685 317.38660
0.00000 0.45799 0.00000 173.79295 298.66077
0.08800 0.45799 0.00000 205.45695 299.81165
0.11450 0.45799 0.00000 214.95453 300.24127
0.20250 0.45799 0.00000 246.56906 301.42429
0.22899 0.45799 0.00000 256.18643 301.65836
0.31699 0.45799 0.00000 287.88904 303.00540
0.34349 0.45799 0.00000 297.50070 303.38913
0.43149 0.45799 0.00000 329.46130 304.53748
0.45799 0.45799 0.00000 339.13416 304.83514
0.54599 0.45799 0.00000 371.26862 306.17245
0.57248 0.45799 0.00000 380.78839 306.39426
0.66048 0.45799 0.00000 412.97720 307.58679
0.00000 0.54599 0.00000 176.55428 266.95752
0.08800 0.54599 0.00000 207.78061 268.21954
0.11450 0.54599 0.00000 217.31584 268.44559
0.20250 0.54599 0.00000 248.50830 269.61191
0.22899 0.54599 0.00000 257.97766 270.00024
0.31699 0.54599 0.00000 289.40390 271.14566
0.34349 0.54599 0.00000 298.90524 271.50403
0.43149 0.54599 0.00000 330.46786 272.58862
0.54599 0.54599 0.00000 371.61859 274.10660
0.57248 0.54599 0.00000 381.43668 274.46548
0.66048 0.54599 0.00000 413.24335 275.42459
0.00000 0.57248 0.00000 177.47421 257.65387
0.08800 0.57248 0.00000 208.54703 258.69226
0.11450 0.57248 0.00000 217.88225 259.15005
0.20250 0.57248 0.00000 249.13156 260.31485
0.22899 0.57248 0.00000 258.48727 260.51987
0.31699 0.57248 0.00000 289.71692 261.60306
0.34349 0.57248 0.00000 299.36853 261.90070
0.43149 0.57248 0.00000 330.76709 263.17587
0.45799 0.57248 0.00000 340.37070 263.40485
0.54599 0.57248 0.00000 371.87445 264.56528
0.57248 0.57248 0.00000 381.42630 264.75854
0.66048 0.57248 0.00000 413.26443 266.00720
0.00000 0.66048 0.00000 180.00618 226.74190
0.08800 0.66048 0.00000 210.85437 227.92950
0.11450 0.66048 0.00000 220.16206 228.28192
0.20250 0.66048 0.00000 250.89185 229.34210
0.22899 0.66048 0.00000 260.34686 229.58253
0.31699 0.66048 0.00000 291.31250 230.54562
0.34349 0.66048 0.00000 300.62167 231.02292
0.43149 0.66048 0.00000 331.74966 232.02258
0.45799 0.66048 0.00000 341.34601 232.40381
0.54599 0.66048 0.00000 372.43991 233.41302
0.57248 0.66048 0.00000 381.92719 233.66589
0.66048 0.66048 0.00000 413.32550 234.55864

gimbalangles:
0.0 0.349065850399 0.261799387799 

end: