T_CW:
0.9254919517 0.2213136710 -0.3073839721 -0.0228755368
0.3044945434 -0.9173895421 0.2562801224 -0.1854993201
-0.2252725467 -0.3307819329 -0.9164254430 1.4007938603
0.0000000000 0.0000000000 0.0000000000 1.0000000000

T_CW_cov:

target_points_pix:
0.00000 0.00000 0.00000 627.12994 204.33493
0.08800 0.00000 0.00000 691.98035 223.65338
0.11450 0.00000 0.00000 711.99768 229.54782
0.20250 0.00000 0.00000 779.46277 249.81435
0.22899 0.00000 0.00000 800.00653 255.95110
0.43149 0.00000 0.00000 964.84180 305.17902
0.45799 0.00000 0.00000 987.34857 311.75284
0.54599 0.00000 0.00000 1063.34424 334.32999
0.57248 0.00000 0.00000 1086.51697 341.25394
0.66048 0.00000 0.00000 1165.93054 364.81577
0.00000 0.08800 0.00000 642.43030 136.05617
0.08800 0.08800 0.00000 709.04944 154.84210
0.11450 0.08800 0.00000 729.56372 160.59119
0.20250 0.08800 0.00000 798.80884 180.13908
0.22899 0.08800 0.00000 820.08643 186.08057
0.31699 0.08800 0.00000 891.99542 206.42056
0.34349 0.08800 0.00000 914.27490 212.67429
0.43149 0.08800 0.00000 989.11285 233.77684
0.45799 0.08800 0.00000 1012.26483 240.26274
0.54599 0.08800 0.00000 1090.31738 262.22498
0.57248 0.08800 0.00000 1114.40503 268.93970
0.66048 0.08800 0.00000 1196.09045 291.86548
0.00000 0.11450 0.00000 647.16180 114.94230
0.08800 0.11450 0.00000 714.34088 133.54027
0.11450 0.11450 0.00000 734.99292 139.23753
0.20250 0.11450 0.00000 804.66315 158.56720
0.22899 0.11450 0.00000 826.17285 164.48862
0.31699 0.11450 0.00000 898.76611 184.57732
0.34349 0.11450 0.00000 921.18121 190.72682
0.43149 0.11450 0.00000 996.66052 211.65350
0.45799 0.11450 0.00000 1019.81177 218.21371
0.54599 0.11450 0.00000 1098.74683 239.82970
0.57248 0.11450 0.00000 1123.07373 246.50253
0.66048 0.11450 0.00000 1205.24988 269.36484
0.00000 0.20250 0.00000 663.26208 42.95707
0.08800 0.20250 0.00000 732.02435 60.71537
0.11450 0.20250 0.00000 753.29938 66.33910
0.20250 0.20250 0.00000 825.03418 84.82507
0.22899 0.20250 0.00000 847.10394 90.56030
0.31699 0.20250 0.00000 921.73254 110.06434
0.34349 0.20250 0.00000 944.64148 115.96256
0.43149 0.20250 0.00000 1022.53198 136.26302
0.45799 0.20250 0.00000 1046.38184 142.43555
0.54599 0.20250 0.00000 1127.52039 163.44783
0.57248 0.20250 0.00000 1152.56982 169.89101
0.34349 0.22899 0.00000 952.02698 92.72383
0.43149 0.22899 0.00000 1030.47144 112.82303
0.45799 0.22899 0.00000 1054.54895 118.89232
0.54599 0.22899 0.00000 1136.66785 139.62935
0.34349 0.31699 0.00000 977.07343 13.27098
0.43149 0.31699 0.00000 1057.86816 32.45335
0.45799 0.31699 0.00000 1082.94763 38.20351

gimbalangles:
-0.349065850399 -0.174532925199 -0.261799387799 

end: