T_CW:
0.9991088125 0.0369719776 -0.0203630470 -0.4116994053
0.0331962579 -0.9862479549 -0.1619042309 0.6367292865
-0.0260689330 0.1610839669 -0.9865963543 1.2040940027
0.0000000000 0.0000000000 0.0000000000 1.0000000000

T_CW_cov:

target_points_pix:
0.00000 0.11450 0.00000 162.19823 429.48157
0.08800 0.11450 0.00000 195.35962 431.01355
0.11450 0.11450 0.00000 205.17433 431.49405
0.20250 0.11450 0.00000 238.40268 432.86273
0.22899 0.11450 0.00000 248.40089 433.34305
0.31699 0.11450 0.00000 281.67084 434.68304
0.34349 0.11450 0.00000 291.58197 435.26703
0.43149 0.11450 0.00000 325.19431 436.62817
0.54599 0.11450 0.00000 368.74609 438.53970
0.57248 0.11450 0.00000 378.66049 439.10153
0.66048 0.11450 0.00000 412.58746 440.53351
0.00000 0.20250 0.00000 165.27646 394.86682
0.08800 0.20250 0.00000 197.88910 396.29706
0.11450 0.20250 0.00000 207.76620 396.57605
0.20250 0.20250 0.00000 240.59576 397.99191
0.22899 0.20250 0.00000 250.50526 398.35880
0.31699 0.20250 0.00000 283.30521 399.65265
0.34349 0.20250 0.00000 293.29614 400.13956
0.43149 0.20250 0.00000 326.21634 401.53561
0.45799 0.20250 0.00000 336.27603 401.96149
0.54599 0.20250 0.00000 369.22247 403.37283
0.57248 0.20250 0.00000 379.39429 403.76257
0.66048 0.20250 0.00000 412.47339 405.19830
0.00000 0.22899 0.00000 166.15662 384.60693
0.08800 0.22899 0.00000 198.71170 385.94489
0.11450 0.22899 0.00000 208.50603 386.36789
0.20250 0.22899 0.00000 241.30258 387.56790
0.22899 0.22899 0.00000 251.04308 388.10910
0.31699 0.22899 0.00000 283.77078 389.39758
0.34349 0.22899 0.00000 293.58286 389.76453
0.43149 0.22899 0.00000 326.55048 391.26938
0.45799 0.22899 0.00000 336.35938 391.61548
0.54599 0.22899 0.00000 369.49426 393.03973
0.57248 0.22899 0.00000 379.42068 393.42950
0.66048 0.22899 0.00000 412.58020 394.76682
0.00000 0.31699 0.00000 169.07272 350.97574
0.08800 0.31699 0.00000 201.32623 352.36172
0.11450 0.31699 0.00000 210.90999 352.57809
0.20250 0.31699 0.00000 243.29445 353.78568
0.22899 0.31699 0.00000 253.02623 354.25580
0.31699 0.31699 0.00000 285.42130 355.58701
0.34349 0.31699 0.00000 295.10025 355.96481
0.43149 0.31699 0.00000 327.51746 357.30072
0.45799 0.31699 0.00000 337.43698 357.63293
0.54599 0.31699 0.00000 370.08838 358.93295
0.57248 0.31699 0.00000 379.91544 359.34872
0.66048 0.31699 0.00000 412.65594 360.58701
0.08800 0.34349 0.00000 202.11858 342.26636
0.11450 0.34349 0.00000 211.66425 342.59982
0.20250 0.34349 0.00000 243.88312 343.91858
0.22899 0.34349 0.00000 253.52377 344.35532
0.31699 0.34349 0.00000 285.77023 345.55820
0.34349 0.34349 0.00000 295.53516 345.96085
0.43149 0.34349 0.00000 327.93146 347.31845
0.45799 0.34349 0.00000 337.67224 347.60010
0.54599 0.34349 0.00000 370.29547 348.84946
0.57248 0.34349 0.00000 380.12149 349.32544
0.66048 0.34349 0.00000 412.72665 350.45645
0.00000 0.43149 0.00000 172.83440 308.38507
0.08800 0.43149 0.00000 204.55356 309.51300
0.11450 0.43149 0.00000 214.13231 309.85730
0.20250 0.43149 0.00000 245.80174 311.20816
0.22899 0.43149 0.00000 255.47568 311.52444
0.31699 0.43149 0.00000 287.34244 312.70068
0.34349 0.43149 0.00000 297.00018 313.24316
0.43149 0.43149 0.00000 328.94296 314.40747
0.45799 0.43149 0.00000 338.63531 314.72293
0.54599 0.43149 0.00000 370.78574 315.75995
0.57248 0.43149 0.00000 380.55670 316.33148
0.66048 0.43149 0.00000 412.83069 317.38538
0.00000 0.45799 0.00000 173.67393 298.72559
0.08800 0.45799 0.00000 205.37370 299.85736
0.11450 0.45799 0.00000 214.76668 300.30722
0.20250 0.45799 0.00000 246.48401 301.48044
0.22899 0.45799 0.00000 255.99088 301.73907
0.31699 0.45799 0.00000 287.76193 303.06738
0.34349 0.45799 0.00000 297.42111 303.38348
0.43149 0.45799 0.00000 329.35867 304.58447
0.45799 0.45799 0.00000 339.03818 304.80783
0.54599 0.45799 0.00000 371.13950 306.20752
0.57248 0.45799 0.00000 380.68668 306.35733
0.66048 0.45799 0.00000 412.84146 307.53851
0.00000 0.54599 0.00000 176.48325 267.16116
0.08800 0.54599 0.00000 207.65025 268.32446
0.11450 0.54599 0.00000 217.11565 268.48074
0.20250 0.54599 0.00000 248.44315 269.65735
0.22899 0.54599 0.00000 257.82178 270.15323
0.31699 0.54599 0.00000 289.27332 271.24463
0.34349 0.54599 0.00000 298.70786 271.54285
0.43149 0.54599 0.00000 330.38831 272.57822
0.45799 0.54599 0.00000 339.87732 273.06143
0.54599 0.54599 0.00000 371.52341 274.13885
0.66048 0.54599 0.00000 412.96704 275.42963
0.00000 0.57248 0.00000 177.28577 257.69122
0.08800 0.57248 0.00000 208.42905 258.79684
0.11450 0.57248 0.00000 217.71724 259.30173
0.20250 0.57248 0.00000 248.91573 260.36279
0.22899 0.57248 0.00000 258.39377 260.58813
0.31699 0.57248 0.00000 289.62109 261.67715
0.34349 0.57248 0.00000 299.26169 261.96909
0.43149 0.57248 0.00000 330.60687 263.19507
0.45799 0.57248 0.00000 340.28427 263.40625
0.54599 0.57248 0.00000 371.66956 264.53009
0.57248 0.57248 0.00000 381.38748 264.69791
0.66048 0.57248 0.00000 413.09164 265.96545
0.00000 0.66048 0.00000 179.82024 226.94809
0.08800 0.66048 0.00000 210.66646 227.99240
0.11450 0.66048 0.00000 219.99831 228.36099
0.22899 0.66048 0.00000 260.20511 229.65053
0.31699 0.66048 0.00000 291.17227 230.61562
0.34349 0.66048 0.00000 300.49496 231.06401
0.43149 0.66048 0.00000 331.58255 232.09509
0.45799 0.66048 0.00000 341.19781 232.41687
0.54599 0.66048 0.00000 372.37741 233.35107
0.57248 0.66048 0.00000 381.67886 233.66772
0.66048 0.66048 0.00000 413.16434 234.55064

gimbalangles:
-0.349065850399 -0.174532925199 -0.261799387799 

end: