T_CW:
0.8913496113 -0.2992868024 0.3404750803 -0.7174449081
-0.2661268608 -0.9535037385 -0.1414465078 0.6062355303
0.3669773350 0.0354687254 -0.9295534439 1.0617520272
0.0000000000 0.0000000000 0.0000000000 1.0000000000

T_CW_cov:

target_points_pix:
0.45799 0.11450 0.00000 337.64240 686.85486
0.54599 0.11450 0.00000 413.89606 658.04852
0.57248 0.11450 0.00000 436.20633 649.62793
0.66048 0.11450 0.00000 507.59280 622.68048
0.45799 0.20250 0.00000 314.97745 611.29254
0.54599 0.20250 0.00000 391.38553 584.40125
0.57248 0.20250 0.00000 413.67230 576.54620
0.66048 0.20250 0.00000 485.53516 551.33911
0.31699 0.22899 0.00000 176.84457 633.45825
0.34349 0.22899 0.00000 202.24918 624.76880
0.43149 0.22899 0.00000 284.20300 596.58673
0.45799 0.22899 0.00000 308.18259 588.42560
0.54599 0.22899 0.00000 384.67572 562.15259
0.57248 0.22899 0.00000 406.97830 554.59631
0.66048 0.22899 0.00000 478.97339 529.89355
0.22899 0.31699 0.00000 65.30164 582.71692
0.31699 0.31699 0.00000 153.52484 554.95959
0.34349 0.31699 0.00000 179.29042 546.78546
0.43149 0.31699 0.00000 261.54288 520.80225
0.45799 0.31699 0.00000 285.60556 513.24744
0.54599 0.31699 0.00000 362.54858 488.99686
0.57248 0.31699 0.00000 385.20419 481.78680
0.22899 0.34349 0.00000 58.33347 558.46271
0.31699 0.34349 0.00000 146.71732 531.31439
0.34349 0.34349 0.00000 172.43446 523.42053
0.43149 0.34349 0.00000 254.73393 498.05453
0.45799 0.34349 0.00000 278.85410 490.59293
0.54599 0.34349 0.00000 355.84375 466.76550
0.57248 0.34349 0.00000 378.53238 459.82590
0.66048 0.34349 0.00000 450.72446 437.56531
0.22899 0.43149 0.00000 35.05819 478.21063
0.31699 0.43149 0.00000 123.65124 453.18665
0.34349 0.43149 0.00000 149.48068 445.81897
0.43149 0.43149 0.00000 232.22241 422.57376
0.45799 0.43149 0.00000 256.16602 415.64496
0.54599 0.43149 0.00000 333.66422 393.97089
0.57248 0.43149 0.00000 356.48337 387.51590
0.66048 0.43149 0.00000 429.26730 367.11755
0.22899 0.45799 0.00000 28.15341 453.93433
0.31699 0.45799 0.00000 116.60899 429.67953
0.34349 0.45799 0.00000 142.66783 422.65878
0.43149 0.45799 0.00000 225.49794 399.93842
0.45799 0.45799 0.00000 249.48372 393.40009
0.54599 0.45799 0.00000 327.02084 371.96466
0.57248 0.45799 0.00000 349.73663 365.79483
0.66048 0.45799 0.00000 422.57831 345.69772
0.22899 0.54599 0.00000 5.04695 374.32553
0.31699 0.54599 0.00000 93.93497 352.18076
0.34349 0.54599 0.00000 119.73867 345.67209
0.43149 0.54599 0.00000 202.89186 325.18719
0.45799 0.54599 0.00000 227.38324 319.05579
0.54599 0.54599 0.00000 305.06296 299.67480
0.57248 0.54599 0.00000 327.95068 293.89127
0.66048 0.54599 0.00000 401.18121 275.62921
0.34349 0.57248 0.00000 113.15773 322.70544
0.43149 0.57248 0.00000 196.43796 302.57651
0.45799 0.57248 0.00000 220.60226 296.75327
0.54599 0.57248 0.00000 298.61380 277.88608
0.57248 0.57248 0.00000 321.44861 272.38943
0.66048 0.57248 0.00000 394.74591 254.55788
0.34349 0.66048 0.00000 90.49555 246.24944
0.43149 0.66048 0.00000 174.23550 228.06619
0.45799 0.66048 0.00000 198.47340 222.69083
0.54599 0.66048 0.00000 276.90399 205.88319
0.57248 0.66048 0.00000 299.84113 200.85391
0.66048 0.66048 0.00000 373.48120 184.87498

gimbalangles:
0.0 0.349065850399 0.436332312999 

end: