T_CW:
0.9991298949 0.0364627341 -0.0202465336 -0.4117508197
0.0326997502 -0.9861855726 -0.1623845521 0.6369924451
-0.0258878241 0.1615812039 -0.9865198098 1.2037407697
0.0000000000 0.0000000000 0.0000000000 1.0000000000

T_CW_cov:

target_points_pix:
0.00000 0.11450 0.00000 162.06644 429.73932
0.08800 0.11450 0.00000 195.27866 431.12335
0.11450 0.11450 0.00000 205.17024 431.57666
0.20250 0.11450 0.00000 238.40434 432.90277
0.22899 0.11450 0.00000 248.33249 433.42715
0.31699 0.11450 0.00000 281.58789 434.82407
0.34349 0.11450 0.00000 291.53006 435.34445
0.43149 0.11450 0.00000 325.17780 436.68628
0.45799 0.11450 0.00000 334.98807 437.19095
0.54599 0.11450 0.00000 368.72433 438.60818
0.57248 0.11450 0.00000 378.71964 439.18106
0.66048 0.11450 0.00000 412.51501 440.64352
0.00000 0.20250 0.00000 165.29872 395.03528
0.08800 0.20250 0.00000 197.82114 396.40619
0.11450 0.20250 0.00000 207.71785 396.69995
0.20250 0.20250 0.00000 240.47414 398.13989
0.22899 0.20250 0.00000 250.45660 398.38953
0.31699 0.20250 0.00000 283.23846 399.73434
0.34349 0.20250 0.00000 293.18591 400.25702
0.43149 0.20250 0.00000 326.13568 401.55347
0.45799 0.20250 0.00000 336.20334 402.04913
0.54599 0.20250 0.00000 369.21237 403.37067
0.57248 0.20250 0.00000 379.25479 403.78195
0.66048 0.20250 0.00000 412.49988 405.22717
0.00000 0.22899 0.00000 166.04591 384.72470
0.08800 0.22899 0.00000 198.62878 386.07391
0.11450 0.22899 0.00000 208.44655 386.44559
0.20250 0.22899 0.00000 241.20035 387.68787
0.22899 0.22899 0.00000 250.98776 388.19461
0.31699 0.22899 0.00000 283.68921 389.48877
0.34349 0.22899 0.00000 293.54062 389.84674
0.43149 0.22899 0.00000 326.49634 391.24591
0.45799 0.22899 0.00000 336.37137 391.63434
0.54599 0.22899 0.00000 369.47144 392.98288
0.57248 0.22899 0.00000 379.29675 393.42114
0.66048 0.22899 0.00000 412.55576 394.81808
0.00000 0.31699 0.00000 168.97292 351.09808
0.08800 0.31699 0.00000 201.28850 352.39218
0.11450 0.31699 0.00000 210.83441 352.66983
0.20250 0.31699 0.00000 243.23640 353.90530
0.22899 0.31699 0.00000 252.83765 354.37485
0.31699 0.31699 0.00000 285.37296 355.67017
0.34349 0.31699 0.00000 295.04181 356.05502
0.43149 0.31699 0.00000 327.50262 357.35147
0.45799 0.31699 0.00000 337.37714 357.63019
0.54599 0.31699 0.00000 369.99991 358.88275
0.57248 0.31699 0.00000 379.78690 359.38315
0.66048 0.31699 0.00000 412.56509 360.56097
0.00000 0.34349 0.00000 169.74863 341.23901
0.08800 0.34349 0.00000 201.95998 342.41660
0.11450 0.34349 0.00000 211.59358 342.69702
0.20250 0.34349 0.00000 243.77422 343.98203
0.22899 0.34349 0.00000 253.51164 344.41840
0.31699 0.34349 0.00000 285.72995 345.58603
0.34349 0.34349 0.00000 295.41434 346.05460
0.43149 0.34349 0.00000 327.87653 347.33322
0.45799 0.34349 0.00000 337.57623 347.58295
0.54599 0.34349 0.00000 370.22617 348.87518
0.57248 0.34349 0.00000 380.01111 349.24796
0.66048 0.34349 0.00000 412.65710 350.53040
0.00000 0.43149 0.00000 172.62132 308.52362
0.08800 0.43149 0.00000 204.42937 309.56290
0.11450 0.43149 0.00000 214.00052 309.95148
0.20250 0.43149 0.00000 245.71397 311.23242
0.22899 0.43149 0.00000 255.38878 311.56808
0.31699 0.43149 0.00000 287.29199 312.71759
0.34349 0.43149 0.00000 296.86887 313.27435
0.43149 0.43149 0.00000 328.85571 314.43594
0.45799 0.43149 0.00000 338.57214 314.73032
0.54599 0.43149 0.00000 370.61563 315.84628
0.57248 0.43149 0.00000 380.48471 316.31506
0.66048 0.43149 0.00000 412.72659 317.40674
0.00000 0.45799 0.00000 173.53436 298.93823
0.08800 0.45799 0.00000 205.23663 300.01593
0.11450 0.45799 0.00000 214.66335 300.40247
0.20250 0.45799 0.00000 246.41142 301.48322
0.22899 0.45799 0.00000 255.88332 301.82999
0.31699 0.45799 0.00000 287.64819 303.18198
0.34349 0.45799 0.00000 297.34952 303.44720
0.43149 0.45799 0.00000 329.27902 304.56329
0.45799 0.45799 0.00000 338.81143 304.86511
0.54599 0.45799 0.00000 371.00992 306.21005
0.57248 0.45799 0.00000 380.53101 306.41992
0.66048 0.45799 0.00000 412.79584 307.61246
0.00000 0.54599 0.00000 176.35301 267.26547
0.08800 0.54599 0.00000 207.56477 268.37970
0.11450 0.54599 0.00000 216.93002 268.62115
0.20250 0.54599 0.00000 248.30925 269.65479
0.22899 0.54599 0.00000 257.65320 270.22314
0.31699 0.54599 0.00000 289.15329 271.23193
0.34349 0.54599 0.00000 298.62057 271.52667
0.43149 0.54599 0.00000 330.33133 272.57236
0.45799 0.54599 0.00000 339.74875 273.05917
0.54599 0.54599 0.00000 371.46411 274.12354
0.57248 0.54599 0.00000 381.16550 274.50665
0.66048 0.54599 0.00000 412.80151 275.44852
0.00000 0.57248 0.00000 177.10857 257.80023
0.08800 0.57248 0.00000 208.34164 258.92105
0.11450 0.57248 0.00000 217.62286 259.34305
0.20250 0.57248 0.00000 248.78662 260.40295
0.22899 0.57248 0.00000 258.29498 260.59531
0.31699 0.57248 0.00000 289.55093 261.73395
0.34349 0.57248 0.00000 299.10696 262.04922
0.43149 0.57248 0.00000 330.52982 263.25113
0.45799 0.57248 0.00000 340.16898 263.44333
0.54599 0.57248 0.00000 371.60153 264.54788
0.57248 0.57248 0.00000 381.27777 264.75275
0.66048 0.57248 0.00000 412.81247 265.88269
0.00000 0.66048 0.00000 179.70929 227.08727
0.08800 0.66048 0.00000 210.54828 228.22765
0.11450 0.66048 0.00000 219.81859 228.41608
0.20250 0.66048 0.00000 250.62982 229.46182
0.22899 0.66048 0.00000 260.02313 229.67360
0.31699 0.66048 0.00000 290.90601 230.65439
0.34349 0.66048 0.00000 300.46011 231.13652
0.43149 0.66048 0.00000 331.51199 232.09595
0.45799 0.66048 0.00000 341.02011 232.42169
0.54599 0.66048 0.00000 372.26581 233.36165
0.57248 0.66048 0.00000 381.62225 233.68938
0.66048 0.66048 0.00000 413.00641 234.53328

gimbalangles:
0.0 0.349065850399 0.436332312999 

end: