T_CW:
0.8717968382 0.3894480355 -0.2971540014 -0.0751676002
0.3123590627 -0.9092236422 -0.2752166137 0.5276235464
-0.3773620130 0.1471142283 -0.9143059198 1.3101604005
0.0000000000 0.0000000000 0.0000000000 1.0000000000

T_CW_cov:

target_points_pix:
0.00000 0.22899 0.00000 656.70862 613.76740
0.08800 0.22899 0.00000 721.89178 643.80536
0.11450 0.22899 0.00000 742.17169 653.09161
0.00000 0.31699 0.00000 684.33734 546.22076
0.08800 0.31699 0.00000 749.68146 574.22943
0.11450 0.31699 0.00000 770.08087 582.85638
0.20250 0.31699 0.00000 839.71179 612.64319
0.00000 0.34349 0.00000 692.57593 526.01233
0.08800 0.34349 0.00000 757.87720 553.46954
0.11450 0.34349 0.00000 778.26172 562.04321
0.20250 0.34349 0.00000 847.91302 591.25079
0.22899 0.34349 0.00000 869.72046 600.26300
0.31699 0.34349 0.00000 944.24829 631.48022
0.34349 0.34349 0.00000 967.38702 641.20612
0.00000 0.43149 0.00000 719.65546 459.89078
0.08800 0.43149 0.00000 784.92010 485.42587
0.11450 0.43149 0.00000 805.37244 493.37158
0.20250 0.43149 0.00000 875.25305 520.56274
0.22899 0.43149 0.00000 896.96271 528.99280
0.31699 0.43149 0.00000 971.40753 557.97479
0.34349 0.43149 0.00000 994.48358 566.94861
0.43149 0.43149 0.00000 1074.46631 598.03833
0.00000 0.45799 0.00000 727.67908 440.22772
0.08800 0.45799 0.00000 793.23108 465.33136
0.11450 0.45799 0.00000 813.51447 472.95953
0.20250 0.45799 0.00000 883.44586 499.60870
0.22899 0.45799 0.00000 905.14429 507.78281
0.31699 0.45799 0.00000 979.48364 536.21637
0.34349 0.45799 0.00000 1002.60767 544.93073
0.43149 0.45799 0.00000 1082.57019 575.36908
0.45799 0.45799 0.00000 1107.30017 584.72699
0.54599 0.45799 0.00000 1193.35193 617.41925
0.00000 0.54599 0.00000 754.23083 375.64203
0.08800 0.54599 0.00000 819.64941 398.88611
0.11450 0.54599 0.00000 840.08044 406.09250
0.20250 0.54599 0.00000 909.97455 430.75385
0.22899 0.54599 0.00000 931.52448 438.30225
0.31699 0.54599 0.00000 1006.14410 464.64844
0.34349 0.54599 0.00000 1029.21362 472.77716
0.43149 0.54599 0.00000 1109.03711 500.85257
0.45799 0.54599 0.00000 1133.68665 509.52386
0.54599 0.54599 0.00000 1219.53857 539.65546
0.00000 0.57248 0.00000 761.99469 356.47488
0.08800 0.57248 0.00000 827.54980 379.22876
0.11450 0.57248 0.00000 848.09167 386.19672
0.20250 0.57248 0.00000 917.72064 410.25418
0.22899 0.57248 0.00000 939.47430 417.73666
0.31699 0.57248 0.00000 1013.94208 443.43909
0.34349 0.57248 0.00000 1037.07166 451.37338
0.43149 0.57248 0.00000 1116.79480 478.74039
0.45799 0.57248 0.00000 1141.45422 487.26379
0.54599 0.57248 0.00000 1227.21558 516.66241
0.08800 0.66048 0.00000 853.55695 314.29492
0.11450 0.66048 0.00000 873.97382 320.79279
0.20250 0.66048 0.00000 943.72577 343.03754
0.22899 0.66048 0.00000 965.49670 349.90726
0.31699 0.66048 0.00000 1039.82520 373.52472
0.34349 0.66048 0.00000 1062.99792 380.85501
0.43149 0.66048 0.00000 1142.62146 406.07346
0.45799 0.66048 0.00000 1167.31287 413.92624

gimbalangles:
0.174532925199 -0.349065850399 -0.261799387799 

end: