T_CW:
0.9988021288 0.0413668110 -0.0261360769 -0.5246713320
0.0364220381 -0.9852075602 -0.1674499877 0.6410731560
-0.0326763326 0.1662974750 -0.9855340720 1.2034666268
0.0000000000 0.0000000000 0.0000000000 1.0000000000

T_CW_cov:

target_points_pix:
0.08800 0.11450 0.00000 148.19229 441.42398
0.11450 0.11450 0.00000 158.24301 442.12360
0.20250 0.11450 0.00000 191.73566 443.54355
0.22899 0.11450 0.00000 201.76131 444.30060
0.31699 0.11450 0.00000 235.39877 445.63409
0.34349 0.11450 0.00000 245.51927 446.27261
0.43149 0.11450 0.00000 279.05057 447.93433
0.45799 0.11450 0.00000 289.07791 448.48969
0.54599 0.11450 0.00000 323.10406 450.25092
0.57248 0.11450 0.00000 333.16556 450.85477
0.66048 0.11450 0.00000 367.23093 452.53040
0.00000 0.20250 0.00000 118.67886 404.71387
0.08800 0.20250 0.00000 151.93062 406.46362
0.11450 0.20250 0.00000 161.70497 406.61603
0.20250 0.20250 0.00000 194.77313 408.31195
0.22899 0.20250 0.00000 204.72635 408.52719
0.31699 0.20250 0.00000 237.71718 410.22147
0.34349 0.20250 0.00000 247.72769 410.57150
0.43149 0.20250 0.00000 280.85727 412.29605
0.45799 0.20250 0.00000 290.81470 412.70068
0.54599 0.20250 0.00000 324.21326 414.55511
0.57248 0.20250 0.00000 334.26782 414.93314
0.66048 0.20250 0.00000 367.71219 416.56418
0.00000 0.22899 0.00000 119.92690 394.45706
0.08800 0.22899 0.00000 152.78296 395.79077
0.11450 0.22899 0.00000 162.57901 396.55722
0.22899 0.22899 0.00000 205.49901 398.28333
0.31699 0.22899 0.00000 238.47864 399.56375
0.34349 0.22899 0.00000 248.45953 400.22824
0.43149 0.22899 0.00000 281.38620 401.63931
0.45799 0.22899 0.00000 291.34622 402.35672
0.54599 0.22899 0.00000 324.54642 403.87836
0.57248 0.22899 0.00000 334.51355 404.30090
0.66048 0.22899 0.00000 368.10867 405.98907
0.00000 0.31699 0.00000 123.60455 360.38449
0.08800 0.31699 0.00000 156.28691 361.82260
0.11450 0.31699 0.00000 165.77365 362.16559
0.20250 0.31699 0.00000 198.45633 363.52597
0.31699 0.31699 0.00000 240.65399 365.31836
0.34349 0.31699 0.00000 250.50436 365.82718
0.43149 0.31699 0.00000 283.06198 367.58200
0.45799 0.31699 0.00000 292.84167 367.86728
0.54599 0.31699 0.00000 325.69107 369.39648
0.57248 0.31699 0.00000 335.59085 369.72769
0.66048 0.31699 0.00000 368.68466 371.42596
0.00000 0.34349 0.00000 124.68846 350.33850
0.08800 0.34349 0.00000 157.14247 351.44196
0.11450 0.34349 0.00000 166.81140 352.19211
0.20250 0.34349 0.00000 199.28934 353.29529
0.22899 0.34349 0.00000 208.88712 353.73199
0.31699 0.34349 0.00000 241.28183 355.33667
0.34349 0.34349 0.00000 250.89050 355.68808
0.43149 0.34349 0.00000 283.54565 357.40750
0.45799 0.34349 0.00000 293.36084 357.68057
0.54599 0.34349 0.00000 326.20920 359.15375
0.57248 0.34349 0.00000 335.89987 359.53964
0.66048 0.34349 0.00000 369.02164 361.21082
0.00000 0.43149 0.00000 128.40898 317.32257
0.08800 0.43149 0.00000 160.38922 318.59479
0.11450 0.43149 0.00000 169.81155 318.90570
0.20250 0.43149 0.00000 201.80986 320.35272
0.22899 0.43149 0.00000 211.46388 320.60129
0.31699 0.43149 0.00000 243.43449 322.24182
0.34349 0.43149 0.00000 252.95045 322.55576
0.43149 0.43149 0.00000 285.14398 323.77051
0.45799 0.43149 0.00000 294.99832 324.27603
0.54599 0.43149 0.00000 327.27448 325.61191
0.57248 0.43149 0.00000 337.21811 326.04660
0.66048 0.43149 0.00000 369.63037 327.40720
0.00000 0.45799 0.00000 129.43817 307.52237
0.08800 0.45799 0.00000 161.29965 308.64175
0.11450 0.45799 0.00000 170.93372 309.29300
0.20250 0.45799 0.00000 202.71774 310.47156
0.22899 0.45799 0.00000 212.14073 310.95416
0.31699 0.45799 0.00000 243.93633 312.39484
0.34349 0.45799 0.00000 253.59639 312.59363
0.43149 0.45799 0.00000 285.67249 313.94730
0.45799 0.45799 0.00000 295.29404 314.43283
0.54599 0.45799 0.00000 327.67102 315.70068
0.57248 0.45799 0.00000 337.29614 316.22556
0.66048 0.45799 0.00000 369.97714 317.53210
0.00000 0.54599 0.00000 132.72684 275.55176
0.08800 0.54599 0.00000 164.45815 276.96420
0.11450 0.54599 0.00000 173.85431 277.26254
0.20250 0.54599 0.00000 205.32193 278.50040
0.22899 0.54599 0.00000 214.61168 278.92035
0.31699 0.54599 0.00000 246.08159 280.12662
0.34349 0.54599 0.00000 255.65207 280.40176
0.43149 0.54599 0.00000 287.23233 281.61826
0.45799 0.54599 0.00000 297.06396 282.11798
0.54599 0.54599 0.00000 328.63919 283.37158
0.57248 0.54599 0.00000 338.51675 283.66998
0.66048 0.54599 0.00000 370.42398 284.97900
0.00000 0.57248 0.00000 133.97964 266.26346
0.08800 0.57248 0.00000 165.39883 267.37714
0.11450 0.57248 0.00000 174.73344 267.72830
0.20250 0.57248 0.00000 206.06879 268.88208
0.22899 0.57248 0.00000 215.39296 269.50626
0.31699 0.57248 0.00000 246.73727 270.49194
0.34349 0.57248 0.00000 256.16364 270.92679
0.43149 0.57248 0.00000 287.89334 272.17297
0.45799 0.57248 0.00000 297.34891 272.49228
0.54599 0.57248 0.00000 329.27438 273.64932
0.57248 0.57248 0.00000 338.60324 274.18140
0.66048 0.57248 0.00000 370.78995 275.34778
0.00000 0.66048 0.00000 137.28995 235.08990
0.08800 0.66048 0.00000 168.42590 236.54285
0.11450 0.66048 0.00000 177.58824 236.69946
0.20250 0.66048 0.00000 208.54768 237.86176
0.22899 0.66048 0.00000 217.81104 238.19110
0.31699 0.66048 0.00000 248.74702 239.32381
0.34349 0.66048 0.00000 258.35550 239.61993
0.43149 0.66048 0.00000 289.30762 240.71613
0.45799 0.66048 0.00000 298.95883 241.14319
0.54599 0.66048 0.00000 330.22876 242.32536
0.57248 0.66048 0.00000 339.81860 242.53499
0.66048 0.66048 0.00000 371.36200 243.70151

gimbalangles:
0.174532925199 -0.349065850399 -0.261799387799 

end: