T_CW:
0.9991114201 0.0369892218 -0.0202031592 -0.4116759204
0.0332300541 -0.9861905479 -0.1622466230 0.6366770126
-0.0259255410 0.1614311018 -0.9865433927 1.2038277088
0.0000000000 0.0000000000 0.0000000000 1.0000000000

T_CW_cov:

target_points_pix:
0.00000 0.11450 0.00000 162.24171 429.61115
0.08800 0.11450 0.00000 195.40515 430.99069
0.11450 0.11450 0.00000 205.22606 431.45972
0.20250 0.11450 0.00000 238.38220 432.83203
0.22899 0.11450 0.00000 248.36533 433.35510
0.31699 0.11450 0.00000 281.63107 434.80301
0.34349 0.11450 0.00000 291.56009 435.22369
0.43149 0.11450 0.00000 325.18704 436.64392
0.54599 0.11450 0.00000 368.68604 438.62433
0.57248 0.11450 0.00000 378.75705 439.16776
0.66048 0.11450 0.00000 412.57584 440.66074
0.00000 0.20250 0.00000 165.26779 394.85257
0.08800 0.20250 0.00000 197.90407 396.28867
0.11450 0.20250 0.00000 207.70969 396.62048
0.20250 0.20250 0.00000 240.50438 397.88342
0.22899 0.20250 0.00000 250.48912 398.39163
0.31699 0.20250 0.00000 283.27432 399.66037
0.34349 0.20250 0.00000 293.27554 400.24756
0.43149 0.20250 0.00000 326.24878 401.55093
0.45799 0.20250 0.00000 336.29947 401.90076
0.54599 0.20250 0.00000 369.24570 403.30588
0.57248 0.20250 0.00000 379.32080 403.71393
0.66048 0.20250 0.00000 412.53458 405.26788
0.00000 0.22899 0.00000 166.02780 384.69098
0.08800 0.22899 0.00000 198.76817 385.89108
0.11450 0.22899 0.00000 208.51907 386.39798
0.20250 0.22899 0.00000 241.27695 387.56897
0.22899 0.22899 0.00000 251.06151 388.09604
0.31699 0.22899 0.00000 283.75235 389.44003
0.34349 0.22899 0.00000 293.55554 389.84720
0.43149 0.22899 0.00000 326.55377 391.28275
0.45799 0.22899 0.00000 336.43777 391.61859
0.54599 0.22899 0.00000 369.45377 393.01770
0.57248 0.22899 0.00000 379.37634 393.43845
0.66048 0.22899 0.00000 412.57205 394.71625
0.00000 0.31699 0.00000 169.09460 350.99814
0.08800 0.31699 0.00000 201.38179 352.34885
0.11450 0.31699 0.00000 211.02505 352.59613
0.20250 0.31699 0.00000 243.29451 353.81305
0.22899 0.31699 0.00000 253.03781 354.33273
0.31699 0.31699 0.00000 285.43338 355.57684
0.34349 0.31699 0.00000 295.19760 355.97897
0.43149 0.31699 0.00000 327.61340 357.27524
0.45799 0.31699 0.00000 337.43951 357.62421
0.54599 0.31699 0.00000 370.13419 358.91455
0.57248 0.31699 0.00000 379.94803 359.34259
0.66048 0.31699 0.00000 412.66101 360.54108
0.00000 0.34349 0.00000 169.86780 341.07248
0.08800 0.34349 0.00000 202.16035 342.25226
0.11450 0.34349 0.00000 211.61028 342.62021
0.20250 0.34349 0.00000 243.83983 343.86325
0.22899 0.34349 0.00000 253.55069 344.35272
0.31699 0.34349 0.00000 285.88266 345.50549
0.34349 0.34349 0.00000 295.50183 345.98767
0.43149 0.34349 0.00000 328.01089 347.31976
0.45799 0.34349 0.00000 337.69504 347.58679
0.54599 0.34349 0.00000 370.33780 348.83444
0.57248 0.34349 0.00000 380.05835 349.24936
0.66048 0.34349 0.00000 412.76215 350.45288
0.00000 0.43149 0.00000 172.79083 308.40363
0.08800 0.43149 0.00000 204.53702 309.53876
0.11450 0.43149 0.00000 214.13591 309.89407
0.20250 0.43149 0.00000 245.82578 311.17569
0.22899 0.43149 0.00000 255.47980 311.52786
0.31699 0.43149 0.00000 287.37869 312.70303
0.34349 0.43149 0.00000 297.01291 313.23740
0.43149 0.43149 0.00000 328.99146 314.36407
0.45799 0.43149 0.00000 338.66110 314.70901
0.54599 0.43149 0.00000 370.76541 315.80771
0.57248 0.43149 0.00000 380.52490 316.31992
0.66048 0.43149 0.00000 412.83502 317.34567
0.00000 0.45799 0.00000 173.63058 298.75223
0.08800 0.45799 0.00000 205.39343 299.88791
0.11450 0.45799 0.00000 214.77406 300.36029
0.20250 0.45799 0.00000 246.51610 301.42325
0.22899 0.45799 0.00000 256.02878 301.75003
0.31699 0.45799 0.00000 287.76941 303.07980
0.34349 0.45799 0.00000 297.42978 303.38419
0.43149 0.45799 0.00000 329.35919 304.56223
0.45799 0.45799 0.00000 338.99475 304.83591
0.57248 0.45799 0.00000 380.64929 306.41754
0.66048 0.45799 0.00000 412.90204 307.59280
0.00000 0.54599 0.00000 176.44038 267.12949
0.08800 0.54599 0.00000 207.60931 268.32172
0.11450 0.54599 0.00000 217.11945 268.50064
0.20250 0.54599 0.00000 248.41837 269.63440
0.22899 0.54599 0.00000 257.79898 270.14142
0.31699 0.54599 0.00000 289.30673 271.17303
0.34349 0.54599 0.00000 298.67828 271.55203
0.43149 0.54599 0.00000 330.38660 272.57730
0.45799 0.54599 0.00000 339.84598 273.01495
0.54599 0.54599 0.00000 371.57236 274.10489
0.57248 0.54599 0.00000 381.29620 274.44193
0.66048 0.54599 0.00000 412.94046 275.46204
0.00000 0.57248 0.00000 177.31906 257.70148
0.08800 0.57248 0.00000 208.47110 258.78253
0.11450 0.57248 0.00000 217.73373 259.25684
0.20250 0.57248 0.00000 248.94318 260.33624
0.22899 0.57248 0.00000 258.41226 260.55450
0.31699 0.57248 0.00000 289.62314 261.66714
0.34349 0.57248 0.00000 299.23853 261.97830
0.43149 0.57248 0.00000 330.65460 263.22397
0.45799 0.57248 0.00000 340.29572 263.42798
0.54599 0.57248 0.00000 371.70691 264.55780
0.57248 0.57248 0.00000 381.38028 264.73587
0.66048 0.57248 0.00000 413.10791 266.00922
0.00000 0.66048 0.00000 179.85268 226.84010
0.08800 0.66048 0.00000 210.63535 228.05881
0.11450 0.66048 0.00000 219.95930 228.37126
0.20250 0.66048 0.00000 250.74506 229.44502
0.22899 0.66048 0.00000 260.19476 229.65968
0.31699 0.66048 0.00000 291.17584 230.57843
0.34349 0.66048 0.00000 300.55505 231.04141
0.43149 0.66048 0.00000 331.61844 232.04752
0.45799 0.66048 0.00000 341.20157 232.42717
0.54599 0.66048 0.00000 372.33145 233.38263
0.57248 0.66048 0.00000 381.71777 233.69041
0.66048 0.66048 0.00000 413.17896 234.55316

gimbalangles:
0.174532925199 -0.349065850399 -0.0872664625997 

end: