T_CW:
0.9991019920 0.0370155462 -0.0206169572 -0.4117087649
0.0331920020 -0.9862090594 -0.1621418584 0.6367234610
-0.0263343994 0.1613119356 -0.9865520558 1.2040573396
0.0000000000 0.0000000000 0.0000000000 1.0000000000

T_CW_cov:

target_points_pix:
0.00000 0.11450 0.00000 162.26462 429.59119
0.08800 0.11450 0.00000 195.33774 430.92087
0.11450 0.11450 0.00000 205.15039 431.41141
0.20250 0.11450 0.00000 238.36557 432.84753
0.22899 0.11450 0.00000 248.35576 433.38504
0.31699 0.11450 0.00000 281.61798 434.76715
0.34349 0.11450 0.00000 291.57751 435.31253
0.45799 0.11450 0.00000 335.00897 437.22739
0.54599 0.11450 0.00000 368.69839 438.62738
0.57248 0.11450 0.00000 378.73569 439.13321
0.66048 0.11450 0.00000 412.54733 440.66815
0.00000 0.20250 0.00000 165.41222 394.80362
0.08800 0.20250 0.00000 197.87408 396.30551
0.11450 0.20250 0.00000 207.72137 396.55746
0.20250 0.20250 0.00000 240.55789 397.94125
0.22899 0.20250 0.00000 250.52223 398.37225
0.31699 0.20250 0.00000 283.29929 399.71133
0.34349 0.20250 0.00000 293.33127 400.18393
0.43149 0.20250 0.00000 326.18884 401.53705
0.45799 0.20250 0.00000 336.22476 401.99963
0.54599 0.20250 0.00000 369.23615 403.36111
0.57248 0.20250 0.00000 379.40567 403.75516
0.66048 0.20250 0.00000 412.49988 405.22131
0.00000 0.22899 0.00000 166.09335 384.67932
0.08800 0.22899 0.00000 198.69771 385.97101
0.11450 0.22899 0.00000 208.50226 386.42575
0.20250 0.22899 0.00000 241.24901 387.59528
0.22899 0.22899 0.00000 250.95058 388.09613
0.31699 0.22899 0.00000 283.77255 389.41098
0.34349 0.22899 0.00000 293.56598 389.89133
0.43149 0.22899 0.00000 326.56644 391.26233
0.45799 0.22899 0.00000 336.41861 391.55255
0.54599 0.22899 0.00000 369.46237 393.00830
0.57248 0.22899 0.00000 379.38132 393.39755
0.66048 0.22899 0.00000 412.61890 394.74609
0.00000 0.31699 0.00000 169.16896 350.91327
0.08800 0.31699 0.00000 201.31755 352.24796
0.11450 0.31699 0.00000 210.98538 352.56662
0.20250 0.31699 0.00000 243.28970 353.82791
0.22899 0.31699 0.00000 253.04811 354.24271
0.31699 0.31699 0.00000 285.44067 355.59305
0.34349 0.31699 0.00000 295.20676 355.98065
0.43149 0.31699 0.00000 327.60184 357.30362
0.45799 0.31699 0.00000 337.41846 357.61526
0.54599 0.31699 0.00000 370.13474 358.89059
0.57248 0.31699 0.00000 379.91174 359.35126
0.66048 0.31699 0.00000 412.64984 360.58057
0.00000 0.34349 0.00000 169.85838 341.10172
0.08800 0.34349 0.00000 202.16771 342.31598
0.11450 0.34349 0.00000 211.67705 342.62048
0.20250 0.34349 0.00000 243.84308 343.89413
0.22899 0.34349 0.00000 253.61751 344.39145
0.31699 0.34349 0.00000 285.79105 345.55597
0.34349 0.34349 0.00000 295.54007 346.02603
0.43149 0.34349 0.00000 327.96982 347.30585
0.45799 0.34349 0.00000 337.64804 347.55536
0.54599 0.34349 0.00000 370.26254 348.90332
0.57248 0.34349 0.00000 380.14896 349.28574
0.66048 0.34349 0.00000 412.75317 350.46411
0.00000 0.43149 0.00000 172.83328 308.42279
0.08800 0.43149 0.00000 204.53275 309.53806
0.11450 0.43149 0.00000 214.13145 309.85138
0.20250 0.43149 0.00000 245.84059 311.23642
0.22899 0.43149 0.00000 255.46318 311.53494
0.31699 0.43149 0.00000 287.32303 312.70007
0.34349 0.43149 0.00000 297.02319 313.20172
0.43149 0.43149 0.00000 328.97910 314.39575
0.45799 0.43149 0.00000 338.68573 314.71555
0.54599 0.43149 0.00000 370.74429 315.85007
0.57248 0.43149 0.00000 380.53580 316.34174
0.66048 0.43149 0.00000 412.80353 317.40317
0.00000 0.45799 0.00000 173.65547 298.75769
0.08800 0.45799 0.00000 205.40848 299.88812
0.11450 0.45799 0.00000 214.74002 300.31628
0.20250 0.45799 0.00000 246.46339 301.48410
0.22899 0.45799 0.00000 255.99013 301.80716
0.31699 0.45799 0.00000 287.76773 303.09415
0.34349 0.45799 0.00000 297.41574 303.36383
0.43149 0.45799 0.00000 329.35300 304.57486
0.45799 0.45799 0.00000 338.97034 304.83365
0.54599 0.45799 0.00000 371.16245 306.17828
0.57248 0.45799 0.00000 380.66003 306.42487
0.66048 0.45799 0.00000 412.93964 307.55267
0.00000 0.54599 0.00000 176.43637 267.16916
0.08800 0.54599 0.00000 207.61832 268.28696
0.11450 0.54599 0.00000 217.19060 268.51559
0.20250 0.54599 0.00000 248.41676 269.67590
0.22899 0.54599 0.00000 257.82425 270.10519
0.31699 0.54599 0.00000 289.32318 271.22244
0.34349 0.54599 0.00000 298.71408 271.54968
0.43149 0.54599 0.00000 330.39157 272.57080
0.45799 0.54599 0.00000 339.86877 273.03314
0.54599 0.54599 0.00000 371.48553 274.12451
0.57248 0.54599 0.00000 381.29443 274.44424
0.66048 0.54599 0.00000 412.90594 275.45758
0.00000 0.57248 0.00000 177.28989 257.71497
0.08800 0.57248 0.00000 208.43141 258.83371
0.11450 0.57248 0.00000 217.73079 259.28986
0.20250 0.57248 0.00000 248.96492 260.34601
0.22899 0.57248 0.00000 258.38446 260.53873
0.31699 0.57248 0.00000 289.62564 261.68698
0.34349 0.57248 0.00000 299.21933 262.03012
0.43149 0.57248 0.00000 330.61069 263.21030
0.45799 0.57248 0.00000 340.30322 263.42365
0.54599 0.57248 0.00000 371.70697 264.55203
0.57248 0.57248 0.00000 381.37149 264.74310
0.66048 0.57248 0.00000 413.09729 266.03854
0.00000 0.66048 0.00000 179.81302 226.89516
0.08800 0.66048 0.00000 210.66518 227.99969
0.11450 0.66048 0.00000 220.01199 228.35806
0.20250 0.66048 0.00000 250.72325 229.40703
0.22899 0.66048 0.00000 260.18082 229.65094
0.31699 0.66048 0.00000 291.20770 230.60347
0.34349 0.66048 0.00000 300.52484 231.11168
0.43149 0.66048 0.00000 331.60959 232.07018
0.45799 0.66048 0.00000 341.19748 232.41611
0.54599 0.66048 0.00000 372.35349 233.37477
0.57248 0.66048 0.00000 381.71075 233.67944
0.66048 0.66048 0.00000 413.18567 234.57072

gimbalangles:
0.174532925199 -0.349065850399 0.0872664625997 

end: