T_CW:
0.9988028882 0.0413117640 -0.0261940565 -0.5246640567
0.0363431962 -0.9851341519 -0.1678984062 0.6410781124
-0.0327408390 0.1667454374 -0.9854562378 1.2033140500
0.0000000000 0.0000000000 0.0000000000 1.0000000000

T_CW_cov:

target_points_pix:
0.08800 0.11450 0.00000 148.11906 441.50192
0.11450 0.11450 0.00000 158.20590 442.23666
0.20250 0.11450 0.00000 191.76051 443.52722
0.22899 0.11450 0.00000 201.75929 443.98019
0.31699 0.11450 0.00000 235.34509 445.54129
0.34349 0.11450 0.00000 245.55473 446.29950
0.45799 0.11450 0.00000 289.10022 448.57492
0.54599 0.11450 0.00000 323.23779 450.08719
0.57248 0.11450 0.00000 333.08664 450.76575
0.66048 0.11450 0.00000 367.20010 452.72360
0.00000 0.20250 0.00000 118.76831 404.80161
0.08800 0.20250 0.00000 151.85672 406.50870
0.11450 0.20250 0.00000 161.68248 406.57669
0.20250 0.20250 0.00000 194.80666 408.37503
0.22899 0.20250 0.00000 204.59610 408.50540
0.31699 0.20250 0.00000 237.80238 410.21591
0.34349 0.20250 0.00000 247.68587 410.66064
0.43149 0.20250 0.00000 280.89133 412.33786
0.45799 0.20250 0.00000 290.88022 412.64481
0.54599 0.20250 0.00000 324.22748 414.54764
0.57248 0.20250 0.00000 334.24054 414.84424
0.66048 0.20250 0.00000 367.71515 416.57867
0.00000 0.22899 0.00000 119.86267 394.55643
0.08800 0.22899 0.00000 152.66956 395.76965
0.11450 0.22899 0.00000 162.65306 396.44046
0.20250 0.22899 0.00000 195.63618 397.62286
0.22899 0.22899 0.00000 205.49507 398.31134
0.31699 0.22899 0.00000 238.49561 399.67554
0.34349 0.22899 0.00000 248.35666 400.21967
0.43149 0.22899 0.00000 281.40936 401.77893
0.45799 0.22899 0.00000 291.37094 402.36841
0.54599 0.22899 0.00000 324.48419 403.91592
0.57248 0.22899 0.00000 334.45987 404.36987
0.66048 0.22899 0.00000 368.15808 405.97400
0.00000 0.31699 0.00000 123.56670 360.39377
0.08800 0.31699 0.00000 156.16704 361.71106
0.11450 0.31699 0.00000 165.99449 362.07812
0.20250 0.31699 0.00000 198.47287 363.65005
0.22899 0.31699 0.00000 208.28731 363.89459
0.31699 0.31699 0.00000 240.61436 365.50366
0.34349 0.31699 0.00000 250.40178 365.73624
0.43149 0.31699 0.00000 283.03363 367.53192
0.45799 0.31699 0.00000 292.82114 367.89212
0.54599 0.31699 0.00000 325.73990 369.42139
0.57248 0.31699 0.00000 335.50818 369.85022
0.66048 0.31699 0.00000 368.75519 371.38531
0.00000 0.34349 0.00000 124.75015 350.44144
0.08800 0.34349 0.00000 157.13220 351.56281
0.11450 0.34349 0.00000 166.82108 352.10638
0.20250 0.34349 0.00000 199.22563 353.37268
0.22899 0.34349 0.00000 208.89027 353.79492
0.31699 0.34349 0.00000 241.30826 355.25891
0.34349 0.34349 0.00000 250.92068 355.69098
0.43149 0.34349 0.00000 283.50647 357.30954
0.45799 0.34349 0.00000 293.29501 357.68805
0.54599 0.34349 0.00000 326.16763 359.20700
0.57248 0.34349 0.00000 335.95654 359.62888
0.66048 0.34349 0.00000 368.93674 361.14355
0.00000 0.43149 0.00000 128.39330 317.26410
0.08800 0.43149 0.00000 160.45569 318.53870
0.11450 0.43149 0.00000 170.02808 318.99622
0.20250 0.43149 0.00000 201.83217 320.38318
0.22899 0.43149 0.00000 211.45671 320.54486
0.31699 0.43149 0.00000 243.37122 322.25375
0.34349 0.43149 0.00000 252.95078 322.49219
0.43149 0.43149 0.00000 285.17725 323.80478
0.45799 0.43149 0.00000 294.93542 324.37131
0.54599 0.43149 0.00000 327.20157 325.62674
0.57248 0.43149 0.00000 337.23074 326.05887
0.66048 0.43149 0.00000 369.56281 327.43729
0.00000 0.45799 0.00000 129.41580 307.50995
0.08800 0.45799 0.00000 161.37785 308.76422
0.11450 0.45799 0.00000 170.95860 309.40552
0.20250 0.45799 0.00000 202.69882 310.38754
0.22899 0.45799 0.00000 212.07501 310.87875
0.31699 0.45799 0.00000 243.98491 312.27634
0.34349 0.45799 0.00000 253.48061 312.59335
0.43149 0.45799 0.00000 285.70102 313.94263
0.45799 0.45799 0.00000 295.30814 314.44092
0.54599 0.45799 0.00000 327.71643 315.66806
0.57248 0.45799 0.00000 337.30957 316.25879
0.66048 0.45799 0.00000 369.93518 317.53760
0.00000 0.54599 0.00000 132.94098 275.48486
0.08800 0.54599 0.00000 164.40776 276.85095
0.11450 0.54599 0.00000 173.85785 277.24802
0.20250 0.54599 0.00000 205.31387 278.49918
0.22899 0.54599 0.00000 214.63283 278.76294
0.31699 0.54599 0.00000 246.07532 280.12479
0.34349 0.54599 0.00000 255.66290 280.36465
0.43149 0.54599 0.00000 287.23645 281.61877
0.45799 0.54599 0.00000 297.10150 282.13742
0.54599 0.54599 0.00000 328.68073 283.33594
0.57248 0.54599 0.00000 338.58569 283.67413
0.66048 0.54599 0.00000 370.48502 284.95398
0.00000 0.57248 0.00000 133.89291 266.34473
0.08800 0.57248 0.00000 165.38246 267.36453
0.11450 0.57248 0.00000 174.68607 267.76489
0.20250 0.57248 0.00000 206.02965 268.89139
0.22899 0.57248 0.00000 215.39542 269.45544
0.31699 0.57248 0.00000 246.69569 270.48560
0.34349 0.57248 0.00000 256.18201 270.95471
0.43149 0.57248 0.00000 287.82486 272.13681
0.45799 0.57248 0.00000 297.29617 272.48688
0.54599 0.57248 0.00000 329.24371 273.57520
0.57248 0.57248 0.00000 338.57489 274.18826
0.66048 0.57248 0.00000 370.79001 275.36975
0.00000 0.66048 0.00000 137.31332 235.21400
0.08800 0.66048 0.00000 168.42931 236.50938
0.11450 0.66048 0.00000 177.52168 236.77348
0.20250 0.66048 0.00000 208.54466 237.83192
0.22899 0.66048 0.00000 217.81718 238.38870
0.31699 0.66048 0.00000 248.75192 239.29601
0.34349 0.66048 0.00000 258.34927 239.61356
0.43149 0.66048 0.00000 289.29846 240.72096
0.45799 0.66048 0.00000 298.94800 241.20705
0.54599 0.66048 0.00000 330.20200 242.29106
0.57248 0.66048 0.00000 339.84186 242.56067
0.66048 0.66048 0.00000 371.32605 243.70161

gimbalangles:
0.174532925199 -0.349065850399 0.0872664625997 

end: