T_CW:
0.9991054313 0.0369816936 -0.0205107663 -0.4116972374
0.0331823100 -0.9862500851 -0.1618941134 0.6367512661
-0.0262158635 0.1610686934 -0.9865949546 1.2040807007
0.0000000000 0.0000000000 0.0000000000 1.0000000000

T_CW_cov:

target_points_pix:
0.00000 0.11450 0.00000 162.21912 429.54916
0.11450 0.11450 0.00000 205.23598 431.47473
0.20250 0.11450 0.00000 238.45265 432.83118
0.22899 0.11450 0.00000 248.29210 433.35275
0.31699 0.11450 0.00000 281.62509 434.78357
0.34349 0.11450 0.00000 291.56342 435.29068
0.43149 0.11450 0.00000 325.17465 436.66177
0.45799 0.11450 0.00000 335.12399 437.20410
0.54599 0.11450 0.00000 368.69467 438.56808
0.57248 0.11450 0.00000 378.70465 439.09360
0.66048 0.11450 0.00000 412.56967 440.62677
0.00000 0.20250 0.00000 165.33513 394.81116
0.08800 0.20250 0.00000 197.86620 396.31979
0.11450 0.20250 0.00000 207.74474 396.55606
0.20250 0.20250 0.00000 240.55815 397.98849
0.22899 0.20250 0.00000 250.49478 398.35794
0.31699 0.20250 0.00000 283.30118 399.66870
0.34349 0.20250 0.00000 293.27463 400.21185
0.43149 0.20250 0.00000 326.20999 401.53183
0.45799 0.20250 0.00000 336.18768 401.97339
0.54599 0.20250 0.00000 369.28436 403.39398
0.57248 0.20250 0.00000 379.34250 403.73196
0.66048 0.20250 0.00000 412.51715 405.31223
0.00000 0.22899 0.00000 166.06453 384.63351
0.08800 0.22899 0.00000 198.69870 385.95468
0.11450 0.22899 0.00000 208.49594 386.39035
0.20250 0.22899 0.00000 241.22447 387.67139
0.22899 0.22899 0.00000 250.95035 388.06586
0.31699 0.22899 0.00000 283.74319 389.39740
0.34349 0.22899 0.00000 293.60464 389.88959
0.43149 0.22899 0.00000 326.56595 391.30011
0.45799 0.22899 0.00000 336.41849 391.64258
0.54599 0.22899 0.00000 369.49496 393.03680
0.57248 0.22899 0.00000 379.34235 393.39221
0.66048 0.22899 0.00000 412.60040 394.77811
0.00000 0.31699 0.00000 169.16985 351.05655
0.08800 0.31699 0.00000 201.31406 352.29269
0.11450 0.31699 0.00000 210.93892 352.58350
0.20250 0.31699 0.00000 243.35593 353.88028
0.22899 0.31699 0.00000 253.11282 354.25220
0.31699 0.31699 0.00000 285.43613 355.56680
0.34349 0.31699 0.00000 295.17859 355.96243
0.43149 0.31699 0.00000 327.59369 357.34970
0.45799 0.31699 0.00000 337.42728 357.63293
0.54599 0.31699 0.00000 370.10010 358.93149
0.57248 0.31699 0.00000 379.98132 359.41422
0.66048 0.31699 0.00000 412.66895 360.58823
0.00000 0.34349 0.00000 169.83472 341.08313
0.08800 0.34349 0.00000 202.06668 342.33865
0.11450 0.34349 0.00000 211.66638 342.62738
0.20250 0.34349 0.00000 243.87004 343.89310
0.22899 0.34349 0.00000 253.53726 344.36087
0.31699 0.34349 0.00000 285.83279 345.54279
0.34349 0.34349 0.00000 295.53067 346.01486
0.43149 0.34349 0.00000 327.99738 347.33646
0.45799 0.34349 0.00000 337.63971 347.57962
0.54599 0.34349 0.00000 370.33997 348.86398
0.57248 0.34349 0.00000 380.13519 349.27438
0.66048 0.34349 0.00000 412.75784 350.44174
0.00000 0.43149 0.00000 172.78072 308.41977
0.08800 0.43149 0.00000 204.48947 309.54782
0.11450 0.43149 0.00000 214.12265 309.85718
0.20250 0.43149 0.00000 245.85829 311.18118
0.22899 0.43149 0.00000 255.49167 311.52234
0.31699 0.43149 0.00000 287.37054 312.69800
0.34349 0.43149 0.00000 297.01068 313.22031
0.43149 0.43149 0.00000 328.97772 314.36456
0.45799 0.43149 0.00000 338.62772 314.70767
0.54599 0.43149 0.00000 370.75726 315.82635
0.57248 0.43149 0.00000 380.53284 316.29813
0.66048 0.43149 0.00000 412.85999 317.40625
0.00000 0.45799 0.00000 173.60435 298.81680
0.08800 0.45799 0.00000 205.38161 299.88861
0.11450 0.45799 0.00000 214.75606 300.36581
0.20250 0.45799 0.00000 246.51665 301.46704
0.22899 0.45799 0.00000 255.98387 301.77765
0.31699 0.45799 0.00000 287.77386 303.09769
0.34349 0.45799 0.00000 297.41315 303.35938
0.43149 0.45799 0.00000 329.40121 304.60501
0.45799 0.45799 0.00000 339.00583 304.83609
0.54599 0.45799 0.00000 371.04572 306.21561
0.57248 0.45799 0.00000 380.62354 306.44427
0.66048 0.45799 0.00000 412.91711 307.60013
0.00000 0.54599 0.00000 176.50558 267.13351
0.08800 0.54599 0.00000 207.64786 268.27658
0.11450 0.54599 0.00000 217.09087 268.49854
0.20250 0.54599 0.00000 248.43161 269.64313
0.22899 0.54599 0.00000 257.82935 270.12906
0.31699 0.54599 0.00000 289.28735 271.19632
0.34349 0.54599 0.00000 298.69135 271.52493
0.43149 0.54599 0.00000 330.38211 272.57971
0.45799 0.54599 0.00000 339.87225 273.03244
0.54599 0.54599 0.00000 371.54041 274.13644
0.57248 0.54599 0.00000 381.31183 274.48260
0.66048 0.54599 0.00000 412.95541 275.47412
0.00000 0.57248 0.00000 177.30544 257.72076
0.08800 0.57248 0.00000 208.43900 258.80353
0.11450 0.57248 0.00000 217.70840 259.31140
0.20250 0.57248 0.00000 248.90733 260.35687
0.22899 0.57248 0.00000 258.38474 260.54990
0.31699 0.57248 0.00000 289.61121 261.68234
0.34349 0.57248 0.00000 299.22400 261.99481
0.43149 0.57248 0.00000 330.64209 263.24869
0.45799 0.57248 0.00000 340.31879 263.41382
0.54599 0.57248 0.00000 371.72644 264.54410
0.57248 0.57248 0.00000 381.36838 264.76639
0.66048 0.57248 0.00000 413.05338 266.03821
0.00000 0.66048 0.00000 179.83913 226.95735
0.08800 0.66048 0.00000 210.64729 228.10498
0.11450 0.66048 0.00000 219.98613 228.34560
0.20250 0.66048 0.00000 250.72531 229.42274
0.22899 0.66048 0.00000 260.22586 229.62215
0.31699 0.66048 0.00000 291.18152 230.59149
0.34349 0.66048 0.00000 300.50397 231.03307
0.43149 0.66048 0.00000 331.56268 232.09802
0.45799 0.66048 0.00000 341.17130 232.38760
0.54599 0.66048 0.00000 372.34912 233.37375
0.57248 0.66048 0.00000 381.71552 233.68266
0.66048 0.66048 0.00000 413.12411 234.53479

gimbalangles:
0.174532925199 -0.349065850399 0.261799387799 

end: