T_CW:
0.9991147483 0.0369004642 -0.0202008769 -0.4116476770
0.0331448120 -0.9862059369 -0.1621705015 0.6367243934
-0.0259063915 0.1613573855 -0.9865559553 1.2038434152
0.0000000000 0.0000000000 0.0000000000 1.0000000000

T_CW_cov:

target_points_pix:
0.00000 0.11450 0.00000 162.22539 429.58105
0.08800 0.11450 0.00000 195.34619 430.98654
0.11450 0.11450 0.00000 205.15160 431.47125
0.20250 0.11450 0.00000 238.46428 432.91403
0.22899 0.11450 0.00000 248.37935 433.33243
0.31699 0.11450 0.00000 281.62915 434.79453
0.34349 0.11450 0.00000 291.58392 435.27063
0.54599 0.11450 0.00000 368.72958 438.58444
0.66048 0.11450 0.00000 412.54071 440.62979
0.00000 0.20250 0.00000 165.23494 394.84601
0.08800 0.20250 0.00000 197.89238 396.33813
0.11450 0.20250 0.00000 207.74406 396.65866
0.20250 0.20250 0.00000 240.61221 397.95358
0.22899 0.20250 0.00000 250.51099 398.37848
0.31699 0.20250 0.00000 283.31393 399.69543
0.34349 0.20250 0.00000 293.23224 400.22867
0.43149 0.20250 0.00000 326.24905 401.50842
0.45799 0.20250 0.00000 336.26276 402.00354
0.54599 0.20250 0.00000 369.30237 403.37000
0.57248 0.20250 0.00000 379.30154 403.75845
0.66048 0.20250 0.00000 412.45544 405.20819
0.00000 0.22899 0.00000 166.18607 384.71698
0.08800 0.22899 0.00000 198.72212 385.98541
0.11450 0.22899 0.00000 208.49176 386.37015
0.20250 0.22899 0.00000 241.26355 387.59015
0.22899 0.22899 0.00000 251.03148 388.15244
0.31699 0.22899 0.00000 283.76068 389.41656
0.34349 0.22899 0.00000 293.58292 389.86237
0.43149 0.22899 0.00000 326.54953 391.22235
0.45799 0.22899 0.00000 336.35596 391.57538
0.54599 0.22899 0.00000 369.52826 392.96005
0.57248 0.22899 0.00000 379.39856 393.41321
0.66048 0.22899 0.00000 412.61670 394.76846
0.00000 0.31699 0.00000 169.10635 350.95779
0.08800 0.31699 0.00000 201.39561 352.31711
0.11450 0.31699 0.00000 210.93286 352.57141
0.20250 0.31699 0.00000 243.31393 353.78528
0.22899 0.31699 0.00000 253.06296 354.31320
0.31699 0.31699 0.00000 285.43805 355.56747
0.34349 0.31699 0.00000 295.18335 355.96741
0.43149 0.31699 0.00000 327.60965 357.38531
0.45799 0.31699 0.00000 337.47345 357.64667
0.54599 0.31699 0.00000 370.15787 358.89200
0.57248 0.31699 0.00000 379.91531 359.35345
0.66048 0.31699 0.00000 412.64960 360.54715
0.00000 0.34349 0.00000 169.86966 341.08224
0.08800 0.34349 0.00000 202.08339 342.34259
0.11450 0.34349 0.00000 211.65808 342.62775
0.20250 0.34349 0.00000 243.88524 343.89343
0.22899 0.34349 0.00000 253.56874 344.33841
0.31699 0.34349 0.00000 285.78308 345.55258
0.34349 0.34349 0.00000 295.54874 346.00989
0.43149 0.34349 0.00000 327.96353 347.27820
0.45799 0.34349 0.00000 337.66150 347.59293
0.54599 0.34349 0.00000 370.37039 348.84433
0.57248 0.34349 0.00000 380.04129 349.19495
0.66048 0.34349 0.00000 412.78259 350.43866
0.00000 0.43149 0.00000 172.80724 308.39389
0.08800 0.43149 0.00000 204.57773 309.55203
0.11450 0.43149 0.00000 214.13805 309.89767
0.20250 0.43149 0.00000 245.85126 311.24142
0.22899 0.43149 0.00000 255.48611 311.50067
0.31699 0.43149 0.00000 287.38837 312.69034
0.34349 0.43149 0.00000 297.00195 313.21524
0.43149 0.43149 0.00000 328.93817 314.33676
0.45799 0.43149 0.00000 338.60059 314.66083
0.54599 0.43149 0.00000 370.74268 315.79868
0.57248 0.43149 0.00000 380.55118 316.30225
0.66048 0.43149 0.00000 412.85864 317.40265
0.00000 0.45799 0.00000 173.63240 298.79245
0.08800 0.45799 0.00000 205.33252 299.93002
0.11450 0.45799 0.00000 214.76390 300.35083
0.20250 0.45799 0.00000 246.49483 301.48624
0.22899 0.45799 0.00000 255.98767 301.79306
0.31699 0.45799 0.00000 287.75601 303.07883
0.34349 0.45799 0.00000 297.42084 303.37164
0.43149 0.45799 0.00000 329.38007 304.56308
0.45799 0.45799 0.00000 338.99850 304.82297
0.54599 0.45799 0.00000 371.11319 306.23923
0.57248 0.45799 0.00000 380.66473 306.40039
0.66048 0.45799 0.00000 412.92789 307.59213
0.00000 0.54599 0.00000 176.41374 267.12512
0.08800 0.54599 0.00000 207.66635 268.32785
0.11450 0.54599 0.00000 217.11818 268.53537
0.20250 0.54599 0.00000 248.40056 269.63495
0.22899 0.54599 0.00000 257.82999 270.10693
0.31699 0.54599 0.00000 289.31836 271.20819
0.34349 0.54599 0.00000 298.68631 271.54443
0.43149 0.54599 0.00000 330.38272 272.54724
0.45799 0.54599 0.00000 339.86566 273.05554
0.54599 0.54599 0.00000 371.49643 274.07498
0.57248 0.54599 0.00000 381.29318 274.47986
0.66048 0.54599 0.00000 413.06561 275.42484
0.00000 0.57248 0.00000 177.24008 257.69681
0.08800 0.57248 0.00000 208.44792 258.80560
0.11450 0.57248 0.00000 217.70317 259.27243
0.20250 0.57248 0.00000 248.92572 260.32532
0.22899 0.57248 0.00000 258.41586 260.56790
0.31699 0.57248 0.00000 289.60880 261.67487
0.34349 0.57248 0.00000 299.23486 262.01605
0.45799 0.57248 0.00000 340.30118 263.42374
0.54599 0.57248 0.00000 371.70139 264.54822
0.57248 0.57248 0.00000 381.38708 264.71616
0.66048 0.57248 0.00000 412.99417 265.91928
0.00000 0.66048 0.00000 179.80681 226.88879
0.08800 0.66048 0.00000 210.66937 228.05623
0.11450 0.66048 0.00000 219.98735 228.39133
0.20250 0.66048 0.00000 250.74077 229.42345
0.22899 0.66048 0.00000 260.18991 229.66240
0.31699 0.66048 0.00000 291.16254 230.57930
0.34349 0.66048 0.00000 300.53223 231.09251
0.43149 0.66048 0.00000 331.61673 232.06929
0.45799 0.66048 0.00000 341.16693 232.41228
0.54599 0.66048 0.00000 372.32715 233.41110
0.57248 0.66048 0.00000 381.72897 233.67271
0.66048 0.66048 0.00000 413.20425 234.53462

gimbalangles:
0.174532925199 -0.174532925199 -0.436332312999 

end: