T_CW:
0.9987769480 0.0413740730 -0.0270701716 -0.5247088689
0.0363035041 -0.9853600023 -0.1665764732 0.6412193669
-0.0335658116 0.1653899994 -0.9856568796 1.2041497647
0.0000000000 0.0000000000 0.0000000000 1.0000000000

T_CW_cov:

target_points_pix:
0.00000 0.11450 0.00000 114.97377 439.97150
0.08800 0.11450 0.00000 148.45419 441.36234
0.20250 0.11450 0.00000 191.90543 443.51541
0.22899 0.11450 0.00000 201.60947 443.96634
0.31699 0.11450 0.00000 235.34016 445.62509
0.34349 0.11450 0.00000 245.38707 446.26807
0.43149 0.11450 0.00000 279.03979 447.84851
0.45799 0.11450 0.00000 289.09335 448.51648
0.54599 0.11450 0.00000 323.14627 450.23941
0.57248 0.11450 0.00000 333.19485 450.76352
0.66048 0.11450 0.00000 367.25317 452.52808
0.08800 0.20250 0.00000 151.82104 406.34406
0.11450 0.20250 0.00000 161.70760 406.52289
0.20250 0.20250 0.00000 194.67311 408.31720
0.22899 0.20250 0.00000 204.62164 408.50137
0.31699 0.20250 0.00000 237.82765 410.15402
0.34349 0.20250 0.00000 247.77538 410.58792
0.43149 0.20250 0.00000 280.77701 412.32678
0.45799 0.20250 0.00000 290.92383 412.74243
0.54599 0.20250 0.00000 324.16592 414.49020
0.57248 0.20250 0.00000 334.23380 414.84003
0.66048 0.20250 0.00000 367.89383 416.77899
0.00000 0.22899 0.00000 119.93699 394.50629
0.08800 0.22899 0.00000 152.74040 395.90356
0.11450 0.22899 0.00000 162.65909 396.39328
0.20250 0.22899 0.00000 195.58469 397.68149
0.22899 0.22899 0.00000 205.51350 398.28613
0.34349 0.22899 0.00000 248.39883 400.23727
0.43149 0.22899 0.00000 281.34766 401.71951
0.45799 0.22899 0.00000 291.36981 402.26230
0.54599 0.22899 0.00000 324.59372 403.90604
0.57248 0.22899 0.00000 334.48901 404.49368
0.66048 0.22899 0.00000 368.01904 406.19879
0.00000 0.31699 0.00000 123.68358 360.33124
0.08800 0.31699 0.00000 156.32085 361.74817
0.11450 0.31699 0.00000 166.03682 362.08865
0.20250 0.31699 0.00000 198.42906 363.52097
0.22899 0.31699 0.00000 208.25499 363.98941
0.31699 0.31699 0.00000 240.70151 365.42780
0.34349 0.31699 0.00000 250.37544 365.88791
0.43149 0.31699 0.00000 282.97903 367.43839
0.45799 0.31699 0.00000 292.86630 367.91293
0.54599 0.31699 0.00000 325.70148 369.38962
0.57248 0.31699 0.00000 335.59808 369.80521
0.66048 0.31699 0.00000 368.68521 371.30850
0.00000 0.34349 0.00000 124.69975 350.36395
0.08800 0.34349 0.00000 157.13519 351.56390
0.11450 0.34349 0.00000 166.98993 352.13019
0.20250 0.34349 0.00000 199.20190 353.34039
0.31699 0.34349 0.00000 241.34851 355.33615
0.34349 0.34349 0.00000 250.97670 355.69916
0.43149 0.34349 0.00000 283.50000 357.37927
0.45799 0.34349 0.00000 293.35693 357.76202
0.54599 0.34349 0.00000 326.09406 359.25113
0.57248 0.34349 0.00000 335.91116 359.65784
0.66048 0.34349 0.00000 368.88910 361.15115
0.00000 0.43149 0.00000 128.36139 317.30759
0.08800 0.43149 0.00000 160.36803 318.63037
0.11450 0.43149 0.00000 169.99124 318.82648
0.20250 0.43149 0.00000 201.84042 320.42032
0.22899 0.43149 0.00000 211.42233 320.62091
0.31699 0.43149 0.00000 243.42175 322.17767
0.34349 0.43149 0.00000 252.91423 322.50430
0.43149 0.43149 0.00000 285.14661 323.80673
0.45799 0.43149 0.00000 294.90988 324.40366
0.54599 0.43149 0.00000 327.21069 325.63501
0.57248 0.43149 0.00000 337.21091 325.96277
0.66048 0.43149 0.00000 369.57794 327.45770
0.00000 0.45799 0.00000 129.38446 307.55518
0.08800 0.45799 0.00000 161.25528 308.78522
0.11450 0.45799 0.00000 170.91104 309.41129
0.20250 0.45799 0.00000 202.63716 310.39401
0.22899 0.45799 0.00000 212.28252 311.13693
0.31699 0.45799 0.00000 244.02692 312.38617
0.34349 0.45799 0.00000 253.55597 312.62225
0.43149 0.45799 0.00000 285.69736 314.01382
0.45799 0.45799 0.00000 295.33847 314.45599
0.54599 0.45799 0.00000 327.71875 315.67807
0.57248 0.45799 0.00000 337.27945 316.25003
0.66048 0.45799 0.00000 369.86270 317.49066
0.00000 0.54599 0.00000 132.96336 275.48254
0.08800 0.54599 0.00000 164.45955 276.87939
0.11450 0.54599 0.00000 173.75786 277.30511
0.20250 0.54599 0.00000 205.22810 278.53033
0.22899 0.54599 0.00000 214.58403 278.95572
0.31699 0.54599 0.00000 246.17938 280.10394
0.34349 0.54599 0.00000 255.62427 280.44693
0.43149 0.54599 0.00000 287.22696 281.66263
0.45799 0.54599 0.00000 296.96558 282.01541
0.54599 0.54599 0.00000 328.68564 283.32828
0.57248 0.54599 0.00000 338.60223 283.65469
0.66048 0.54599 0.00000 370.39221 284.97400
0.00000 0.57248 0.00000 133.84419 266.40878
0.08800 0.57248 0.00000 165.39163 267.45779
0.11450 0.57248 0.00000 174.74641 267.85272
0.20250 0.57248 0.00000 206.07239 268.87582
0.22899 0.57248 0.00000 215.43965 269.43375
0.31699 0.57248 0.00000 246.73712 270.44794
0.34349 0.57248 0.00000 256.18274 270.89694
0.43149 0.57248 0.00000 287.91501 272.23685
0.45799 0.57248 0.00000 297.28818 272.51279
0.54599 0.57248 0.00000 329.32553 273.63916
0.57248 0.57248 0.00000 338.62192 274.10126
0.66048 0.57248 0.00000 370.77542 275.32834
0.00000 0.66048 0.00000 137.15836 235.27080
0.08800 0.66048 0.00000 168.42043 236.51367
0.11450 0.66048 0.00000 177.54155 236.76300
0.20250 0.66048 0.00000 208.52023 237.80602
0.22899 0.66048 0.00000 217.86151 238.28606
0.31699 0.66048 0.00000 248.69675 239.38948
0.34349 0.66048 0.00000 258.32214 239.62941
0.43149 0.66048 0.00000 289.29172 240.75764
0.45799 0.66048 0.00000 298.95438 241.19347
0.54599 0.66048 0.00000 330.28098 242.33791
0.57248 0.66048 0.00000 339.91049 242.54611
0.66048 0.66048 0.00000 371.34467 243.65939

gimbalangles:
0.174532925199 -0.174532925199 -0.436332312999 

end: