T_CW:
0.9238547407 0.2228155752 -0.3112003173 -0.0231901281
0.1600534111 -0.9634784336 -0.2146909725 0.5280663711
-0.3476712868 0.1485346004 -0.9257765113 1.3127811937
0.0000000000 0.0000000000 0.0000000000 1.0000000000

T_CW_cov:

target_points_pix:
0.00000 0.22899 0.00000 667.94458 603.51813
0.08800 0.22899 0.00000 736.94769 621.31592
0.11450 0.22899 0.00000 758.39056 626.80072
0.20250 0.22899 0.00000 831.64709 645.56207
0.22899 0.22899 0.00000 854.37671 651.46344
0.31699 0.22899 0.00000 932.52002 671.52844
0.34349 0.22899 0.00000 956.79523 677.70148
0.00000 0.31699 0.00000 683.48602 532.16473
0.08800 0.31699 0.00000 752.24939 548.10620
0.11450 0.31699 0.00000 773.54059 553.08484
0.20250 0.31699 0.00000 846.61432 570.05896
0.22899 0.31699 0.00000 869.29175 575.30688
0.31699 0.31699 0.00000 946.82251 593.26971
0.34349 0.31699 0.00000 970.89185 598.79645
0.43149 0.31699 0.00000 1053.76074 617.99060
0.00000 0.34349 0.00000 688.14032 510.91782
0.08800 0.34349 0.00000 756.72296 526.34399
0.11450 0.34349 0.00000 778.17261 531.30121
0.20250 0.34349 0.00000 851.11066 547.59467
0.22899 0.34349 0.00000 873.54449 552.53967
0.31699 0.34349 0.00000 951.24988 569.94916
0.34349 0.34349 0.00000 975.19800 575.34857
0.43149 0.34349 0.00000 1057.73511 593.84332
0.45799 0.34349 0.00000 1083.44678 599.54736
0.54599 0.34349 0.00000 1171.69470 619.38232
0.00000 0.43149 0.00000 703.41821 441.20667
0.08800 0.43149 0.00000 771.75543 454.93893
0.11450 0.43149 0.00000 793.11536 459.28043
0.20250 0.43149 0.00000 865.57434 473.61920
0.22899 0.43149 0.00000 888.08527 478.18930
0.31699 0.43149 0.00000 964.96246 493.57156
0.34349 0.43149 0.00000 989.15302 498.38116
0.43149 0.43149 0.00000 1071.13757 514.65155
0.45799 0.43149 0.00000 1096.61353 519.81238
0.54599 0.43149 0.00000 1184.47925 537.36786
0.00000 0.45799 0.00000 707.94971 420.46609
0.08800 0.45799 0.00000 776.38763 433.71753
0.11450 0.45799 0.00000 797.49683 437.79291
0.20250 0.45799 0.00000 869.73962 451.71921
0.22899 0.45799 0.00000 892.33521 456.13324
0.31699 0.45799 0.00000 969.41309 470.97067
0.34349 0.45799 0.00000 993.22766 475.55246
0.43149 0.45799 0.00000 1075.12329 491.36682
0.45799 0.45799 0.00000 1100.66467 496.29105
0.54599 0.45799 0.00000 1188.17639 512.90552
0.00000 0.54599 0.00000 722.76239 352.57574
0.08800 0.54599 0.00000 790.89288 364.15729
0.11450 0.54599 0.00000 812.02533 367.65234
0.20250 0.54599 0.00000 884.14093 379.80304
0.22899 0.54599 0.00000 906.48309 383.66489
0.31699 0.54599 0.00000 983.06390 396.57501
0.34349 0.54599 0.00000 1006.68860 400.61618
0.43149 0.54599 0.00000 1088.26245 414.41766
0.45799 0.54599 0.00000 1113.41528 418.51685
0.54599 0.54599 0.00000 1200.52197 433.32019
0.00000 0.57248 0.00000 727.23492 332.41611
0.08800 0.57248 0.00000 795.29529 343.47189
0.11450 0.57248 0.00000 816.32208 346.83890
0.20250 0.57248 0.00000 888.42340 358.53345
0.22899 0.57248 0.00000 910.60498 362.23364
0.31699 0.57248 0.00000 986.92096 374.51422
0.34349 0.57248 0.00000 1010.76611 378.39130
0.43149 0.57248 0.00000 1091.92529 391.51868
0.45799 0.57248 0.00000 1117.26416 395.58572
0.54599 0.57248 0.00000 1204.18079 409.54095
0.00000 0.66048 0.00000 741.88733 265.72437
0.08800 0.66048 0.00000 809.65448 275.43204
0.11450 0.66048 0.00000 830.50836 278.37885
0.20250 0.66048 0.00000 902.41162 288.38876
0.22899 0.66048 0.00000 924.47479 291.48755
0.31699 0.66048 0.00000 1000.55377 301.99854
0.43149 0.66048 0.00000 1104.70593 316.47662
0.45799 0.66048 0.00000 1129.83252 319.92215

gimbalangles:
0.174532925199 -0.174532925199 -0.261799387799 

end: