T_CW:
0.9991069687 0.0370169694 -0.0203717713 -0.4117004976
0.0332441552 -0.9862766945 -0.1617192257 0.6367515862
-0.0260785589 0.1608975631 -0.9866265165 1.2041828862
0.0000000000 0.0000000000 0.0000000000 1.0000000000

T_CW_cov:

target_points_pix:
0.00000 0.11450 0.00000 162.22330 429.48572
0.08800 0.11450 0.00000 195.37039 430.99017
0.11450 0.11450 0.00000 205.25471 431.48352
0.20250 0.11450 0.00000 238.45354 432.82962
0.22899 0.11450 0.00000 248.32811 433.32629
0.31699 0.11450 0.00000 281.65378 434.77200
0.34349 0.11450 0.00000 291.51959 435.26382
0.43149 0.11450 0.00000 325.05026 436.71481
0.45799 0.11450 0.00000 335.09973 437.22162
0.54599 0.11450 0.00000 368.83810 438.55173
0.57248 0.11450 0.00000 378.73898 439.12708
0.66048 0.11450 0.00000 412.56369 440.58630
0.00000 0.20250 0.00000 165.29854 394.87692
0.08800 0.20250 0.00000 197.87834 396.29819
0.11450 0.20250 0.00000 207.76260 396.58929
0.20250 0.20250 0.00000 240.50412 397.91928
0.22899 0.20250 0.00000 250.50342 398.38220
0.31699 0.20250 0.00000 283.30804 399.68799
0.34349 0.20250 0.00000 293.31430 400.15656
0.43149 0.20250 0.00000 326.18594 401.52246
0.45799 0.20250 0.00000 336.25781 401.91827
0.54599 0.20250 0.00000 369.22980 403.37793
0.57248 0.20250 0.00000 379.36279 403.71829
0.66048 0.20250 0.00000 412.53729 405.24887
0.00000 0.22899 0.00000 166.14711 384.62369
0.08800 0.22899 0.00000 198.74522 385.92487
0.11450 0.22899 0.00000 208.54829 386.37747
0.20250 0.22899 0.00000 241.27609 387.61099
0.22899 0.22899 0.00000 251.07756 388.13412
0.31699 0.22899 0.00000 283.79337 389.40787
0.34349 0.22899 0.00000 293.57126 389.85992
0.43149 0.22899 0.00000 326.57458 391.24661
0.45799 0.22899 0.00000 336.38391 391.61185
0.54599 0.22899 0.00000 369.44455 393.04404
0.57248 0.22899 0.00000 379.34482 393.41791
0.66048 0.22899 0.00000 412.60355 394.81448
0.00000 0.31699 0.00000 169.11298 350.93060
0.08800 0.31699 0.00000 201.38321 352.34396
0.11450 0.31699 0.00000 210.97223 352.55289
0.20250 0.31699 0.00000 243.33287 353.79639
0.22899 0.31699 0.00000 253.03363 354.34470
0.31699 0.31699 0.00000 285.40775 355.56781
0.34349 0.31699 0.00000 295.19177 355.97284
0.43149 0.31699 0.00000 327.56323 357.29980
0.45799 0.31699 0.00000 337.46902 357.65475
0.54599 0.31699 0.00000 370.12610 358.91116
0.57248 0.31699 0.00000 379.94492 359.34503
0.66048 0.31699 0.00000 412.60873 360.56320
0.00000 0.34349 0.00000 169.90005 341.07776
0.08800 0.34349 0.00000 202.10794 342.29742
0.11450 0.34349 0.00000 211.67584 342.61856
0.20250 0.34349 0.00000 243.84271 343.94022
0.22899 0.34349 0.00000 253.54578 344.37094
0.31699 0.34349 0.00000 285.79111 345.55240
0.34349 0.34349 0.00000 295.50143 346.02560
0.43149 0.34349 0.00000 327.97617 347.33691
0.45799 0.34349 0.00000 337.65344 347.59344
0.54599 0.34349 0.00000 370.32028 348.83908
0.57248 0.34349 0.00000 380.06836 349.25165
0.66048 0.34349 0.00000 412.67725 350.51303
0.00000 0.43149 0.00000 172.77667 308.39789
0.08800 0.43149 0.00000 204.52667 309.57294
0.11450 0.43149 0.00000 214.14763 309.86880
0.20250 0.43149 0.00000 245.82928 311.22983
0.22899 0.43149 0.00000 255.48152 311.52814
0.31699 0.43149 0.00000 287.40164 312.70685
0.34349 0.43149 0.00000 296.99805 313.21069
0.43149 0.43149 0.00000 329.05432 314.35614
0.45799 0.43149 0.00000 338.69043 314.69632
0.54599 0.43149 0.00000 370.73633 315.82907
0.57248 0.43149 0.00000 380.59866 316.34598
0.66048 0.43149 0.00000 412.80847 317.38550
0.00000 0.45799 0.00000 173.65671 298.77975
0.08800 0.45799 0.00000 205.41855 299.83652
0.11450 0.45799 0.00000 214.78357 300.34512
0.20250 0.45799 0.00000 246.52170 301.47293
0.22899 0.45799 0.00000 256.01666 301.77887
0.31699 0.45799 0.00000 287.74451 303.09583
0.34349 0.45799 0.00000 297.42371 303.39520
0.43149 0.45799 0.00000 329.35135 304.56842
0.45799 0.45799 0.00000 339.04501 304.82144
0.54599 0.45799 0.00000 371.07654 306.24384
0.57248 0.45799 0.00000 380.64502 306.43207
0.66048 0.45799 0.00000 412.88605 307.60910
0.00000 0.54599 0.00000 176.49438 267.17480
0.08800 0.54599 0.00000 207.61276 268.30695
0.11450 0.54599 0.00000 217.11905 268.51700
0.20250 0.54599 0.00000 248.42789 269.65622
0.22899 0.54599 0.00000 257.85483 270.13324
0.31699 0.54599 0.00000 289.27939 271.20694
0.34349 0.54599 0.00000 298.71667 271.54422
0.43149 0.54599 0.00000 330.40985 272.59290
0.45799 0.54599 0.00000 339.85645 273.06326
0.54599 0.54599 0.00000 371.55081 274.12228
0.57248 0.54599 0.00000 381.28098 274.46841
0.66048 0.54599 0.00000 412.92297 275.43558
0.00000 0.57248 0.00000 177.28119 257.69467
0.08800 0.57248 0.00000 208.43436 258.81274
0.11450 0.57248 0.00000 217.70212 259.26581
0.20250 0.57248 0.00000 248.95935 260.33640
0.22899 0.57248 0.00000 258.40448 260.57181
0.31699 0.57248 0.00000 289.62488 261.69525
0.34349 0.57248 0.00000 299.26843 262.00836
0.43149 0.57248 0.00000 330.63742 263.25641
0.45799 0.57248 0.00000 340.25967 263.44803
0.54599 0.57248 0.00000 371.71405 264.58484
0.57248 0.57248 0.00000 381.36008 264.73944
0.66048 0.57248 0.00000 413.09354 265.99319
0.00000 0.66048 0.00000 179.81044 226.88527
0.08800 0.66048 0.00000 210.65204 228.03581
0.11450 0.66048 0.00000 220.01793 228.38806
0.20250 0.66048 0.00000 250.75620 229.39656
0.22899 0.66048 0.00000 260.17050 229.60231
0.31699 0.66048 0.00000 291.17056 230.57097
0.34349 0.66048 0.00000 300.50171 231.09581
0.43149 0.66048 0.00000 331.60526 232.03528
0.45799 0.66048 0.00000 341.19382 232.42238
0.54599 0.66048 0.00000 372.34753 233.36607
0.57248 0.66048 0.00000 381.72543 233.69980
0.66048 0.66048 0.00000 413.18246 234.56775

gimbalangles:
0.174532925199 -0.174532925199 -0.0872664625997 

end: