T_CW:
0.9987862963 0.0414624091 -0.0265857648 -0.5247767608
0.0364617223 -0.9853082083 -0.1668480667 0.6410924221
-0.0331130951 0.1656761999 -0.9856241270 1.2040791475
0.0000000000 0.0000000000 0.0000000000 1.0000000000

T_CW_cov:

target_points_pix:
0.00000 0.11450 0.00000 114.91946 439.92645
0.08800 0.11450 0.00000 148.29446 441.42825
0.20250 0.11450 0.00000 191.76279 443.50269
0.22899 0.11450 0.00000 201.59396 443.91879
0.34349 0.11450 0.00000 245.46342 446.18826
0.43149 0.11450 0.00000 279.07715 447.83154
0.45799 0.11450 0.00000 289.06491 448.43112
0.54599 0.11450 0.00000 322.95581 450.12283
0.57248 0.11450 0.00000 333.14868 450.80423
0.66048 0.11450 0.00000 367.13458 452.55917
0.00000 0.20250 0.00000 118.80762 404.67038
0.08800 0.20250 0.00000 151.77237 406.43359
0.11450 0.20250 0.00000 161.65849 406.54843
0.20250 0.20250 0.00000 194.71675 408.14713
0.22899 0.20250 0.00000 204.74536 408.57129
0.31699 0.20250 0.00000 237.67642 410.03616
0.34349 0.20250 0.00000 247.72343 410.56119
0.43149 0.20250 0.00000 280.75290 412.31842
0.45799 0.20250 0.00000 290.86963 412.66333
0.54599 0.20250 0.00000 324.32111 414.46875
0.57248 0.20250 0.00000 334.25214 414.75629
0.66048 0.20250 0.00000 367.74570 416.59854
0.00000 0.22899 0.00000 119.93960 394.48453
0.08800 0.22899 0.00000 152.74274 395.64908
0.11450 0.22899 0.00000 162.61845 396.39606
0.20250 0.22899 0.00000 195.62630 397.53500
0.22899 0.22899 0.00000 205.49855 398.25626
0.31699 0.22899 0.00000 238.40817 399.59491
0.34349 0.22899 0.00000 248.40483 400.28372
0.43149 0.22899 0.00000 281.36798 401.75912
0.45799 0.22899 0.00000 291.22974 402.35196
0.54599 0.22899 0.00000 324.53372 403.89685
0.57248 0.22899 0.00000 334.46292 404.31879
0.66048 0.22899 0.00000 368.08307 405.94382
0.00000 0.31699 0.00000 123.70539 360.28220
0.08800 0.31699 0.00000 156.23889 361.70300
0.20250 0.31699 0.00000 198.35568 363.53195
0.31699 0.31699 0.00000 240.68686 365.39120
0.34349 0.31699 0.00000 250.36589 365.85614
0.43149 0.31699 0.00000 283.07101 367.56223
0.45799 0.31699 0.00000 292.86295 367.90744
0.54599 0.31699 0.00000 325.66205 369.39532
0.57248 0.31699 0.00000 335.58371 369.79367
0.66048 0.31699 0.00000 368.68146 371.33353
0.00000 0.34349 0.00000 124.76033 350.35776
0.08800 0.34349 0.00000 157.17853 351.50098
0.11450 0.34349 0.00000 167.01218 351.98456
0.20250 0.34349 0.00000 199.24799 353.42157
0.22899 0.34349 0.00000 208.91302 353.58072
0.31699 0.34349 0.00000 241.26309 355.24081
0.34349 0.34349 0.00000 250.92392 355.64905
0.43149 0.34349 0.00000 283.54535 357.31827
0.45799 0.34349 0.00000 293.29889 357.67654
0.54599 0.34349 0.00000 326.13239 359.17395
0.57248 0.34349 0.00000 335.82770 359.64206
0.66048 0.34349 0.00000 368.95068 361.05142
0.00000 0.43149 0.00000 128.40648 317.26688
0.08800 0.43149 0.00000 160.45728 318.58591
0.11450 0.43149 0.00000 169.91948 318.84692
0.20250 0.43149 0.00000 201.93408 320.44217
0.22899 0.43149 0.00000 211.43230 320.56213
0.31699 0.43149 0.00000 243.33331 322.07651
0.34349 0.43149 0.00000 252.99590 322.36417
0.43149 0.43149 0.00000 285.04742 323.81558
0.45799 0.43149 0.00000 294.95947 324.32968
0.54599 0.43149 0.00000 327.13873 325.66147
0.57248 0.43149 0.00000 337.26199 326.13727
0.66048 0.43149 0.00000 369.48422 327.39865
0.00000 0.45799 0.00000 129.45566 307.54788
0.08800 0.45799 0.00000 161.33020 308.76096
0.11450 0.45799 0.00000 170.89323 309.34869
0.20250 0.45799 0.00000 202.65019 310.36240
0.22899 0.45799 0.00000 212.18588 310.98251
0.31699 0.45799 0.00000 243.92496 312.31757
0.34349 0.45799 0.00000 253.55417 312.58755
0.43149 0.45799 0.00000 285.75345 313.82486
0.45799 0.45799 0.00000 295.26807 314.41068
0.54599 0.45799 0.00000 327.70282 315.66479
0.57248 0.45799 0.00000 337.24173 316.22449
0.66048 0.45799 0.00000 369.90500 317.47931
0.00000 0.54599 0.00000 132.87228 275.51758
0.08800 0.54599 0.00000 164.54210 276.89020
0.11450 0.54599 0.00000 173.71819 277.23743
0.20250 0.54599 0.00000 205.33740 278.45929
0.22899 0.54599 0.00000 214.70509 278.69614
0.31699 0.54599 0.00000 246.01732 280.08020
0.34349 0.54599 0.00000 255.66902 280.39740
0.43149 0.54599 0.00000 287.17578 281.66708
0.45799 0.54599 0.00000 297.05545 282.11118
0.54599 0.54599 0.00000 328.63513 283.38196
0.57248 0.54599 0.00000 338.55731 283.68982
0.66048 0.54599 0.00000 370.32053 284.96826
0.00000 0.57248 0.00000 133.83241 266.34457
0.08800 0.57248 0.00000 165.37326 267.28470
0.11450 0.57248 0.00000 174.74811 267.76468
0.20250 0.57248 0.00000 205.99133 269.02026
0.22899 0.57248 0.00000 215.39322 269.44516
0.31699 0.57248 0.00000 246.76588 270.50919
0.34349 0.57248 0.00000 256.14053 270.85831
0.43149 0.57248 0.00000 287.83484 272.14450
0.45799 0.57248 0.00000 297.28009 272.46603
0.54599 0.57248 0.00000 329.25870 273.58694
0.57248 0.57248 0.00000 338.55536 274.14957
0.66048 0.57248 0.00000 370.80508 275.38412
0.00000 0.66048 0.00000 137.22453 235.15952
0.08800 0.66048 0.00000 168.33237 236.36063
0.11450 0.66048 0.00000 177.56229 236.68224
0.20250 0.66048 0.00000 208.53172 237.83734
0.22899 0.66048 0.00000 217.88907 238.33797
0.31699 0.66048 0.00000 248.72374 239.32172
0.34349 0.66048 0.00000 258.39227 239.59198
0.43149 0.66048 0.00000 289.33582 240.72639
0.45799 0.66048 0.00000 299.09247 241.17142
0.54599 0.66048 0.00000 330.20181 242.33685
0.57248 0.66048 0.00000 339.86581 242.54987
0.66048 0.66048 0.00000 371.34857 243.68927

gimbalangles:
-0.349065850399 -0.174532925199 -0.0872664625997 

end: