T_CW:
-0.9989252770 -0.0381443721 0.0263305486 0.9488028301
-0.0400515965 0.9962898143 -0.0761739819 0.0317358995
-0.0233272487 -0.0771466965 -0.9967468218 0.2197219926
0.0000000000 0.0000000000 0.0000000000 1.0000000000


target_points_pix:
-0.5956693534 -0.5564466742 -2.6657320064 1207.0200000000 238.8310000000
-0.4278504459 -0.5046019882 -2.6080164950 1156.8800000000 253.8850000000
-0.4243343728 -0.4775597999 -2.6091457057 1155.4400000000 261.9460000000
-0.3693589366 -0.2787464667 -2.3356037765 1189.9800000000 327.7890000000
-0.3672075494 -0.3248487685 -2.1925793393 1220.5300000000 299.7850000000
-0.3644273363 -0.3406416633 -2.1797673467 1222.9300000000 292.1080000000
-0.3534509801 -0.3382360699 -2.1584568393 1224.0800000000 291.8190000000
-0.3505316225 -0.3387819442 -2.1501536620 1222.9300000000 290.7890000000
-0.3481768703 -0.3980708583 -2.4840013301 1149.9200000000 286.6550000000
-0.3432078080 -0.3218678663 -2.5247706533 1137.8800000000 317.7920000000
-0.3292853357 -1.0018480516 -2.8626294276 1080.4100000000 91.8975000000
-0.3045042447 -0.3382467733 -2.3813796240 1154.0900000000 302.8400000000
-0.2791986862 -0.3034258752 -2.4936237038 1121.1700000000 322.6490000000
-0.2690170588 -0.1325171583 -2.2985967051 1155.0500000000 388.5540000000
-0.2522461391 -0.3303610293 -2.4006029646 1125.8200000000 307.4420000000
-0.2508209788 -0.2426497211 -2.2745862603 1152.5100000000 341.0880000000
-0.2182975697 -0.2759207641 -2.4060429773 1109.4300000000 329.6110000000
-0.2056913503 -0.3501810855 -2.3604089502 1114.2000000000 295.8750000000
-0.1971810618 -0.5756004426 -2.2881448164 1126.0500000000 194.3080000000
-0.1808942042 -0.5432413310 -2.3462563543 1108.0800000000 210.1590000000
-0.1799226013 -0.5444722242 -2.3428232327 1106.9300000000 209.0080000000
-0.1582032233 -0.3721632324 -2.3257807137 1102.0500000000 283.0920000000
-0.1470813006 -0.2944189481 -2.3877882961 1085.2700000000 320.2760000000
-0.1314334371 -0.9799113942 -2.8657869362 1012.3500000000 97.1296000000
-0.1302314431 -0.9767538856 -2.8531569017 1011.5500000000 96.9296000000
-0.1069309026 -0.4609052799 -2.3999875180 1067.8400000000 250.4910000000
-0.1029189936 -0.4668510291 -2.4224727256 1060.3700000000 250.4950000000
-0.0959521381 -0.5105985787 -2.2658228359 1085.3300000000 217.9310000000
-0.0873669257 -0.4430091632 -2.3101938596 1075.3400000000 250.9270000000
-0.0673255762 -0.0206368877 -1.8098598598 1173.9700000000 433.4100000000
-0.0595187700 -0.0605928581 -1.8664702432 1154.0100000000 411.7270000000
-0.0491602686 -0.3756257885 -2.3366286289 1053.4600000000 281.5880000000
-0.0369332178 -0.3117986248 -2.3201560669 1050.3700000000 306.9080000000
-0.0297857421 -0.3957562439 -2.4605314079 1026.4500000000 278.9400000000
-0.0264306484 -0.5283020338 -2.8083898515 979.9720000000 249.5720000000
0.0006357483 0.1311982295 -1.8276088045 1132.2700000000 515.1170000000
0.0026059400 0.3190207568 -1.6555754258 1177.7700000000 635.3770000000
0.0088721443 0.0755043263 -2.1976527599 1049.0200000000 477.7980000000
0.0168913064 0.0020382467 -2.2009520889 1046.1700000000 441.8500000000
0.0194778679 0.3226090780 -1.7394581210 1143.6700000000 628.6910000000
0.0199579430 0.3230800285 -1.7403358013 1144.5300000000 628.4030000000
0.0284627995 0.1293026540 -1.7730615051 1132.9800000000 515.5960000000
0.0473859093 -0.4549622064 -2.6433752399 970.1490000000 266.3700000000
0.0527322671 -0.4515237330 -2.6324791593 970.7240000000 266.0820000000
0.0546687832 -0.4507611144 -2.6302742549 970.3890000000 266.3700000000
0.0585851642 0.4106955410 -1.7573114240 1118.6400000000 676.7330000000
0.0589057316 0.4098794053 -1.7553205880 1116.3500000000 677.5980000000
0.0611020732 0.1744817858 -1.8337766497 1098.0800000000 536.9990000000
0.0647243778 -0.4154879969 -2.6290460376 965.5950000000 279.5660000000
0.0786792280 -0.1079712749 -2.2745434466 1007.4300000000 392.9750000000
0.0805199485 -0.2637523145 -2.1870831336 1021.4400000000 318.9160000000
0.0811064959 -0.2481293365 -2.2087548814 1018.9600000000 326.5030000000
0.0811137207 0.1910279337 -1.8721617863 1079.1200000000 543.1960000000
0.0824976727 0.2529223276 -1.8727932881 1077.8900000000 576.7440000000
0.0847839231 -0.1805613278 -2.2186475164 1012.2400000000 361.0850000000
0.0860862616 -0.2353023591 -2.2167316044 1014.6500000000 333.9880000000
0.0865398190 0.2579687221 -1.8894237254 1070.4700000000 580.1530000000
0.1001877486 0.2815828728 -1.9241161824 1057.5400000000 588.7420000000
0.1013678005 0.3601887824 -1.9044085121 1060.3800000000 631.6320000000
0.1020217795 -0.4362151679 -2.6479375722 948.5960000000 272.1350000000
0.1021108854 -0.4364720500 -2.6444402301 948.3090000000 272.9990000000
0.1054937010 -0.4685475211 -2.7189360267 937.9660000000 262.6380000000
0.1064050971 -0.7606919926 -2.8385734933 927.7010000000 167.9840000000
0.1113736243 -0.2112009352 -2.2042540936 1003.4400000000 343.7770000000
0.1180728943 -0.2337484902 -2.2016585145 998.8490000000 332.5570000000
0.1227995241 -0.2609991276 -2.2053859802 997.4200000000 318.1690000000
0.1242683008 -0.2859017024 -2.1801178837 1002.4900000000 308.9330000000
0.1504271894 -0.5302152700 -2.8216353326 914.1160000000 247.1920000000
0.1526446702 0.4575176477 -1.9527130423 1023.9600000000 679.8300000000
0.1768745351 0.4463807402 -1.8822952483 1023.8600000000 680.2610000000
0.1778137602 0.4458188107 -1.8798709239 1024.1600000000 679.4300000000
0.1779352440 0.4447110068 -1.8754664670 1024.4400000000 680.5480000000
0.1825840064 0.0853003630 -2.2085622198 968.8850000000 478.4330000000
0.1862654474 0.0850252852 -2.2030660141 969.0770000000 477.3780000000
0.2413184834 -0.0802098169 -2.0887802571 960.5490000000 399.8760000000
0.2463159097 0.0908519589 -2.2111738541 937.9540000000 479.7970000000
0.2612142663 -0.4889402102 -2.7220132597 882.7740000000 253.9960000000
0.2619980242 0.0086180719 -2.2065044875 932.7120000000 442.2150000000
0.2715056037 -0.3293736389 -2.3351167709 917.6950000000 295.9750000000
0.2747112777 -0.7344525608 -2.8222240206 870.9980000000 172.7870000000
0.2783664953 -0.4641832019 -2.6586570464 880.5770000000 259.1960000000
0.2784119849 -0.0775826627 -2.1643490715 933.2150000000 400.6910000000
0.2803386003 -0.0740516048 -2.1425595862 937.0460000000 401.6480000000
0.2862415359 -0.0775101471 -2.1270449803 934.4600000000 400.7860000000
0.2883447578 -0.4686625828 -2.6763096603 875.8820000000 259.1970000000
0.2899235121 -0.3119083348 -2.2506641187 917.6950000000 296.3750000000
0.2907289444 -0.7281027574 -2.8445674079 862.8110000000 176.9880000000
0.2965863904 0.4536884995 -1.9456541374 951.3550000000 673.5070000000
0.3088498328 -0.0872518639 -2.2717230957 905.4400000000 397.3490000000
0.3146029206 -0.2101394236 -2.3222004200 898.2790000000 345.5530000000
0.3153441323 0.1562174715 -2.2230733802 906.8090000000 507.3840000000
0.3160666131 0.1540326361 -2.2161857300 905.3720000000 508.1050000000
0.3224538785 -0.2110591149 -2.2935232845 898.2790000000 345.5530000000
0.3266951083 0.4697810901 -2.1900800910 899.4950000000 657.6610000000
0.3317926116 0.4686946931 -2.1793285065 899.7820000000 657.9490000000
0.3577617821 -0.7691931832 -2.8128585290 840.8000000000 158.3770000000
0.3599051417 -0.0759316603 -2.1223702620 899.6910000000 401.6670000000
0.3729204993 -0.1417456462 -2.3206163140 872.7600000000 372.9440000000
0.3985792707 -0.1368025397 -2.2280772286 872.4010000000 371.4650000000
0.4142972416 0.4565944778 -2.1990896939 859.2710000000 649.0730000000
0.4169115517 0.4771664493 -2.1806610822 859.2600000000 660.5780000000
0.4198603436 0.4518154012 -2.1776882075 861.8580000000 649.3580000000
0.4990308585 -0.8642020825 -2.8921708642 788.8880000000 129.9420000000
0.5002911861 -0.9845218920 -2.8658939704 790.8680000000 85.8946000000
0.5626038160 -0.0921786477 -2.2077112980 796.4910000000 388.7620000000
0.5638079507 -0.0937587399 -2.2096941064 797.6410000000 388.7610000000
0.5646856311 0.4500653922 -1.9914513917 807.5150000000 662.0690000000
0.5647980170 0.4507477352 -1.9918741768 806.6510000000 663.2200000000
0.5819770045 -0.4320006967 -2.8266391810 755.9470000000 276.0020000000
0.6183579259 -0.0938537328 -2.2339614332 768.8790000000 387.0430000000
0.6213388281 -0.0982844131 -2.2319358112 769.9180000000 385.9720000000
0.6217509098 -0.0957672365 -2.2181471316 768.8800000000 385.8920000000
0.6238166697 0.5269293203 -2.2063894257 759.7300000000 678.6990000000
0.6322161778 -0.8920202686 -2.8491698781 742.9500000000 113.9530000000
0.6343595374 -0.8890045803 -2.8418380361 742.7110000000 115.1060000000
0.6392697309 0.2065626086 -2.5176287969 742.9300000000 514.8320000000
0.6426975009 0.0610292900 -2.3945903189 748.9150000000 457.9330000000
0.6429303002 0.5025576351 -2.3246354478 744.9730000000 654.9410000000
0.6478913350 0.5000530351 -2.3072825297 744.2540000000 654.9410000000
0.6563737946 0.2948470848 -2.2131646900 748.8460000000 568.8310000000
0.6585867265 0.2909216059 -2.1996730303 748.6460000000 568.6310000000
0.6586482711 -1.0176623532 -2.8540399338 732.5600000000 70.6880000000
0.6664162775 0.2129838573 -2.2113076468 746.2760000000 531.4700000000
0.6676873085 -1.0103064285 -2.8260237344 732.8480000000 71.8419000000
0.6864851882 -0.1197744703 -2.7460691940 717.5690000000 385.1850000000
0.6999527653 -0.2732716679 -2.7818988893 712.7800000000 330.0000000000
0.7034474316 -0.9586008869 -2.8336499205 718.9030000000 89.8597000000
0.8045679832 0.0792965477 -2.2180641801 682.5270000000 463.0620000000
0.8110783378 -0.4124000605 -2.2476189960 688.3000000000 243.3440000000
0.8121620590 -0.2327776901 -2.2055331522 685.1930000000 322.8000000000
0.8145730041 -0.7337862729 -2.2188080677 691.1090000000 98.3490000000
0.8161490826 -0.8896039718 -2.2756405471 691.0650000000 41.7570000000
0.8219075221 0.1225956240 -2.2144491003 674.9610000000 483.9490000000
0.8278586230 0.2786554877 -2.2151100364 670.9200000000 557.8990000000
0.8288807996 0.2790568659 -2.2088431846 669.5200000000 558.6190000000
0.8415964614 -0.5767243016 -2.1974039054 677.9490000000 163.9240000000
0.8442107715 -0.5691489568 -2.1799573324 676.7500000000 164.3240000000
0.8468277575 -0.9163839262 -2.4993232744 670.3370000000 58.5227000000
0.8588664281 -0.2556570511 -2.1631743713 667.0040000000 307.5820000000
0.8637177528 -0.2649197900 -2.0569402613 666.7150000000 298.0770000000
0.8650048389 -0.4199459710 -2.2105129179 663.9800000000 235.9730000000
0.8681436165 -0.4208343547 -2.2151903121 663.5810000000 236.3730000000
0.8716596897 -0.8048088101 -2.1927104562 670.9150000000 60.2544000000
0.8733775885 0.5600885126 -2.2513411099 642.8180000000 684.8200000000
0.8746325643 0.5599734508 -2.2490104404 643.0170000000 685.0190000000
0.8871983783 0.1413948416 -2.2147086582 645.9670000000 492.9580000000
0.9051667431 -0.3840413517 -2.1945086306 645.5840000000 250.7750000000
0.9155597630 0.1144754751 -2.1196622970 635.0130000000 480.9290000000
0.9359979417 0.5777598574 -2.2391766742 612.8100000000 694.8460000000
0.9381600323 0.5398082093 -2.2651378171 611.8330000000 673.7810000000
0.9395140148 0.2282862679 -2.2703048927 618.5730000000 530.4470000000
0.9395595044 0.5493262247 -2.3027977971 611.8320000000 674.2610000000
0.9424868895 -0.3638707585 -2.2036011851 627.9820000000 259.9740000000
0.9429524882 0.3540316405 -2.2656248227 615.9120000000 586.9180000000
0.9451948545 0.3550993066 -2.2630265677 613.3500000000 588.8780000000
0.9468859947 0.4534262658 -2.2622131079 609.8720000000 633.8910000000
0.9474613035 0.4532657145 -2.2605273194 609.4720000000 633.4910000000
0.9518844914 0.4552351436 -2.2656274985 608.1280000000 634.0680000000
0.9579212198 -0.7775846637 -2.0900994535 628.8390000000 56.7519000000
0.9618814848 -0.7783339031 -2.1005513422 627.4460000000 57.3276000000
0.9633291222 -0.7836829367 -2.1178775018 627.6860000000 57.3279000000
0.9702060690 0.5115913208 -2.2736256284 599.8480000000 657.8840000000
0.9704549235 -0.2787919563 -2.0760726228 613.4260000000 290.2880000000
0.9720042434 -0.2740262589 -2.0705683896 611.9850000000 290.9840000000
0.9722423945 -0.2753240485 -2.0768700276 611.9850000000 290.8640000000
0.9848751048 0.3200964504 -2.2377103058 594.9180000000 573.9410000000
1.0009917781 0.2394031065 -2.2620472049 590.3420000000 534.2050000000
1.0012540118 0.2407894669 -2.2625984309 589.9410000000 534.9640000000
1.0019711409 -0.6771865929 -2.1118835872 607.0760000000 106.5980000000
1.0056183309 -0.6808846242 -2.1284845901 604.6710000000 103.4710000000
1.0058645096 0.3216912598 -2.2475975891 587.4370000000 573.0670000000
1.0068840102 0.3230158080 -2.2487428550 585.9160000000 572.9480000000
1.0103117802 -0.6877134056 -2.1208316455 601.2100000000 101.7370000000
1.0133729581 -0.6878873361 -2.1219046633 600.3440000000 100.5820000000
1.0226233880 0.3517143503 -2.2591599576 575.9040000000 584.5890000000
1.0257407588 0.3529880572 -2.2661867522 575.9020000000 586.9470000000
1.0275549883 0.3525545687 -2.2635563869 575.9020000000 586.7480000000
1.0327568500 -0.1377776212 -2.0660970363 579.5790000000 356.3980000000
1.0343222250 -0.1396742670 -2.0694605857 578.8580000000 354.2370000000
1.0351624434 -0.1415982066 -2.0631214858 578.8580000000 354.2370000000
1.0369927281 0.5581485179 -2.2357890421 565.0080000000 683.9060000000
1.0375626851 -0.2321250492 -2.0178032095 580.2910000000 308.1430000000
1.0381032078 -0.7721901405 -2.1037944782 591.4130000000 59.6942000000
1.0392591770 0.5614451709 -2.2430753946 565.7280000000 683.9050000000
1.0421169899 -0.5968119434 -2.1169329251 585.8870000000 142.8360000000
1.0458926210 0.4597091728 -2.2685682629 563.8570000000 634.7320000000
1.0460237379 -0.7760513989 -2.0979049219 587.3240000000 56.7072000000
1.0462244270 0.4550291028 -2.2552103959 563.8570000000 633.9330000000
1.0474794029 0.4575684890 -2.2648488248 564.9140000000 634.1080000000
1.0496575487 -0.6297008743 -2.1135345895 583.0690000000 125.8080000000
1.0500214649 -0.6290881035 -2.1155602116 583.0700000000 126.5290000000
1.0504950912 0.5415769493 -2.2629061542 561.8170000000 673.9140000000
1.0532967111 0.5425268777 -2.2653278028 561.4170000000 673.8350000000
1.0580115672 -0.5081769301 -2.1064837122 577.1080000000 182.2810000000
1.0580971946 -0.6970976282 -2.1249417584 581.8420000000 98.7607000000
1.0581346566 -0.5103202898 -2.1062883748 577.0600000000 181.3200000000
1.0600826788 0.2655665441 -2.2611588211 562.9230000000 543.9760000000
1.0611690759 0.2324648827 -2.2613033172 563.2590000000 530.4770000000
1.0686186555 -0.5883803250 -2.1140242710 574.8780000000 145.8310000000
1.0704890780 -0.6298105843 -2.1139092092 574.6600000000 125.8000000000
1.0719126327 -0.5511431301 -2.1117685254 570.1260000000 162.5710000000
1.0728786163 -0.6339688626 -2.1339085477 574.8600000000 125.8000000000
1.0753778647 -0.3722461839 -2.0967837387 565.9350000000 243.9370000000
1.0758943046 -0.3387632132 -2.0974794610 564.9970000000 259.1490000000
1.0796110669 -0.6089148345 -2.1085039826 568.6610000000 135.4100000000
1.0850430521 -0.4319391520 -2.1023361374 562.9160000000 216.9100000000
1.0862926763 -0.4504667704 -2.0946377032 562.7090000000 206.2990000000
1.0868920677 -0.4351153916 -2.1033583139 562.9550000000 214.4680000000
1.0983152917 -0.3631215192 -2.0965375601 554.3250000000 249.0550000000
1.0991073447 -0.3463171512 -2.0996763377 554.3280000000 255.5410000000
1.1126659008 -0.5502975600 -2.1091328085 551.8630000000 161.8350000000
1.1152347214 -0.5502172843 -2.1132884109 551.8630000000 161.8350000000
1.1157003201 -0.5063894591 -2.1122100414 548.8760000000 182.8610000000
1.1157886233 -0.5883696216 -2.1214631472 551.8480000000 145.0100000000
1.1236690156 0.2683828812 -2.2649505073 533.9000000000 544.7920000000
1.1241399660 0.2258862938 -2.2599573623 534.1500000000 525.5970000000
1.1248945571 0.2247035660 -2.2578942783 533.9100000000 525.5970000000
1.1317046075 -0.2812831770 -2.0839583668 536.3200000000 285.5550000000
1.1327508667 -0.2823428155 -2.0950257021 535.6000000000 286.5160000000
1.1348995781 -0.6702213430 -2.1261672999 544.1200000000 107.7380000000
1.1360689266 -0.6698868611 -2.1257177563 544.1210000000 108.6040000000
1.1538526574 -0.5484699512 -2.1173048689 532.0590000000 162.2500000000
1.1547918824 -0.5501289811 -2.1170319317 532.6350000000 161.8180000000
1.1580671286 -0.4125873704 -2.1064489261 526.9160000000 226.2650000000
1.1581019147 -0.4082899476 -2.1040219259 526.9160000000 225.9770000000
1.1601917573 -0.4078377282 -2.1080785217 526.8770000000 227.8990000000
1.1671837658 -0.3784969807 -2.1087421337 523.8810000000 241.9120000000
1.1683424109 -0.1397334034 -2.0662228014 513.1260000000 352.4990000000
1.1706516736 -0.1400141006 -2.0664502491 512.5500000000 352.7870000000
1.1773841242 -0.5081100338 -2.1167135050 520.8330000000 181.8370000000
1.1787086723 -0.5059854051 -2.1195418835 520.6340000000 182.2380000000
1.1820588424 -0.4524816891 -2.1105643908 516.5190000000 207.2280000000
1.1826956959 -0.2303332968 -2.0194274533 506.7670000000 305.2380000000
1.1892595676 -0.3166258668 -2.1012363610 509.8750000000 268.7290000000
1.1908088875 -0.7758078962 -2.1006102110 519.8220000000 54.8914000000
1.1930833641 -0.7756018553 -2.1021060138 518.0890000000 54.3116000000
1.2000111521 -0.5863654064 -2.1220518353 512.1850000000 144.9720000000
1.2003911234 -0.6302119625 -2.1223863171 511.7630000000 124.7350000000
1.2006908192 -0.6279160792 -2.1231623150 512.4040000000 125.0170000000
1.2014266792 -0.5885435521 -2.1248374001 511.2690000000 143.1920000000
1.2040918306 0.2822839467 -2.2730984850 495.8530000000 551.0120000000
1.2251053180 -0.6246997017 -2.1239222577 500.8630000000 126.4470000000
1.2322632295 -0.5962125519 -2.1188809474 497.9920000000 139.4280000000
1.2416019627 -0.6195834674 -2.1250969580 492.9300000000 129.3230000000
1.2535362749 -0.5925091689 -2.1296512628 486.7310000000 141.7400000000
1.2599824090 -0.6881174597 -2.1483153498 486.4020000000 100.4570000000
1.2604185734 -0.6885643274 -2.1475580829 486.6820000000 99.6553000000
1.2712611369 -0.6772534893 -2.1401673720 480.8750000000 105.2600000000
1.2866633569 -0.2736944529 -2.0738998288 460.7930000000 285.9190000000
1.2887344685 -0.2775904975 -2.0885875956 460.5930000000 285.5190000000
1.2918893013 -0.2802128351 -2.0911216300 459.4380000000 285.0380000000
1.2945705077 0.1214862146 -2.1352304200 450.5250000000 476.6670000000
1.2976798510 -0.3225903470 -2.1159749691 459.4270000000 266.0090000000
1.3009631248 -0.4070269442 -2.1254287640 461.1310000000 227.9480000000
1.3140293236 0.5251418493 -2.1546330429 431.6440000000 671.0930000000
1.3161138145 0.5232607234 -2.1558666119 431.6450000000 670.5170000000
1.3392412272 0.3961629738 -2.1043082423 418.6700000000 612.0610000000
1.3403329759 -0.5079922962 -2.1926034220 447.5270000000 186.9780000000
1.3412320631 0.3972012055 -2.1139493470 418.4690000000 612.0610000000
1.3420187644 -0.5029242272 -2.1801981593 447.2860000000 186.9780000000
1.3452511970 0.3953655691 -2.1131011011 414.3800000000 611.7760000000
1.3572417022 -0.3788501935 -2.1932349237 437.4720000000 244.6560000000
1.3591148005 -0.2618706535 -2.0747748333 423.0670000000 290.7830000000
1.3619592341 -0.2622977199 -2.0710125815 423.0670000000 290.2060000000
1.3632302652 -0.3804878166 -2.2091749906 436.7100000000 244.8560000000
1.3666205731 -0.7862811917 -2.1337292655 437.2440000000 52.7476000000
1.3673912193 -0.5777518299 -2.2019876447 438.6290000000 154.7100000000
1.3685632437 -0.7901799121 -2.1452675512 438.3980000000 51.3054000000
1.3734225960 -0.4792589677 -2.1922555609 432.8590000000 197.7820000000
1.3741771870 -0.4199272400 -2.1919371342 430.6790000000 224.8220000000
1.3742307041 -0.4195954340 -2.1861171500 430.2370000000 224.4610000000
1.3759780373 -0.6718750212 -2.1931385930 435.8880000000 111.9370000000
1.3771580892 -0.6751770260 -2.2024077539 436.5680000000 110.6140000000
1.3909200103 -0.7262457142 -2.2266376188 432.7270000000 89.5585000000
1.4068092359 0.2955240761 -1.8625849021 363.1440000000 577.2920000000
1.4094288977 0.2953207111 -2.0742236072 382.6510000000 561.6740000000
1.4121020766 0.2938329359 -2.0789197323 384.6160000000 562.0730000000
1.4129422950 0.5226292217 -2.0855371211 377.9330000000 677.4900000000
1.4154683019 0.2965596319 -2.0941614010 383.2290000000 561.6740000000
1.4203704678 0.5312695568 -2.1144550836 376.2960000000 676.9150000000
1.4206434050 0.5110882601 -2.1183832384 376.7870000000 668.2720000000
1.4241568023 0.4588448717 -2.1023976820 375.1290000000 642.1050000000
1.4246090218 0.5311919570 -2.1247812071 377.5010000000 676.1140000000
1.4252271442 0.4584140591 -2.0956625556 374.5030000000 642.9220000000
1.4253047440 0.4599580273 -2.1083568106 375.5310000000 641.1040000000
1.4267844917 0.3804503546 -1.9327966553 358.5020000000 615.1100000000
1.4274534554 0.4625536064 -1.9176432898 352.4380000000 662.1360000000
1.4293693674 0.4613414442 -1.9115557202 352.2370000000 662.5360000000
1.4328613578 0.4647424556 -1.9187885556 350.2130000000 663.6910000000
1.4341778784 0.4695830769 -1.9478991796 352.2370000000 662.5360000000
1.4519562575 0.1358518085 -2.2348203826 385.5690000000 479.5600000000
1.4519910436 -0.2693354855 -2.1349494552 384.5960000000 288.8760000000
1.4521194846 -0.2699000909 -2.1347755247 384.7970000000 289.0760000000
1.4623706842 0.3217929423 -1.9256253645 338.4570000000 586.1120000000
1.4709253919 0.4323030683 -1.9200194488 329.4250000000 644.6950000000
1.4725014703 0.4357094314 -1.9267385201 330.3790000000 646.1500000000
1.4739598112 0.3242065633 -1.9329786134 333.0390000000 584.5140000000
1.4771333749 0.3464750267 -1.9296230916 331.4240000000 597.1220000000
1.4841441144 0.3239470054 -1.9114727687 325.8110000000 586.9200000000
1.4865791423 -0.2829662897 -2.1272135591 369.6230000000 282.0960000000
1.4869644653 -0.2815855486 -2.1309249697 369.1410000000 281.8550000000
1.4875692085 -0.4448742340 -2.1497148218 375.3340000000 207.0990000000
1.4888589705 -0.4472129310 -2.1585451425 375.4940000000 206.7380000000
1.4906678483 0.3290632397 -1.9244961538 324.8450000000 590.5230000000
1.5002447325 0.3213862124 -1.9290691896 319.0680000000 584.7640000000
1.5063108953 -0.4030024586 -2.1433891012 364.2750000000 225.3610000000
1.5067229769 -0.3650427829 -2.1422545387 363.4890000000 242.7900000000
1.5453221819 0.4874230006 -1.9364465212 292.0000000000 671.0090000000
1.5492985021 -0.5069219542 -2.1653257585 349.2860000000 178.2100000000
1.5510752697 0.4804738057 -1.9303562758 285.9770000000 668.6140000000
1.5518780261 0.3241985358 -1.9350524009 292.2810000000 584.1410000000
1.5531544088 -0.4019000064 -2.1450106691 343.3990000000 225.7400000000
1.5558302636 0.4329987905 -1.9322454292 287.2100000000 643.3920000000
1.5575347831 0.2906620480 -2.1843430583 325.8320000000 552.0990000000
1.5669644953 0.3032867308 -1.9310921358 283.6510000000 573.7380000000
1.5679572374 0.3049644917 -1.9308272262 284.2530000000 574.1380000000
1.5684817049 -0.3640848269 -2.1442159403 333.3770000000 242.7610000000
1.5714197934 -0.3001479531 -2.1342109193 329.3890000000 271.8070000000
1.5846465435 0.3255953319 -2.1567309130 308.3550000000 570.1210000000
1.5940280903 0.3249236924 -1.9353868827 271.1890000000 583.1540000000
1.5954891070 -0.3160612614 -2.1335874452 318.5380000000 263.7840000000
1.6038939669 0.4348076683 -1.9233803224 258.2770000000 643.9020000000
1.6129784938 0.3245865347 -1.9351861936 259.7760000000 583.3620000000
1.6161012163 -0.3012156192 -2.1338202445 307.4580000000 270.5060000000
1.6311448718 -0.1472223181 -2.1521953392 298.1130000000 343.0950000000
1.6330072667 -0.3583799045 -2.1404590402 301.6450000000 243.3770000000
1.6351452747 -0.3597633214 -2.1430974330 301.6450000000 243.0880000000
1.6358517003 -0.1479207162 -2.1618177129 297.3890000000 342.6140000000
1.6570310908 -0.1424520719 -2.1522515321 286.0610000000 345.4910000000
1.6722219183 0.5370708099 -1.9349319874 218.8030000000 697.3340000000
1.6736454730 -0.2675737027 -2.1326482201 279.9880000000 285.3870000000
1.6754008337 -0.3182394072 -2.1381765361 281.4120000000 261.8240000000
1.6807097296 -0.4067058416 -2.1616544858 286.1480000000 220.6640000000
1.6916218653 0.3272677412 -1.9438586389 220.9380000000 582.1870000000
1.7001846006 0.2869640167 -2.2992308827 275.2290000000 544.1170000000
1.7159400334 0.2656048088 -2.2063037984 255.1390000000 537.1190000000
1.7260708196 0.3306526975 -1.9477118698 201.0010000000 582.5380000000
1.7343820245 0.3527070924 -1.9485199779 198.8020000000 595.2200000000
1.7375181263 -0.2620485978 -2.1465760442 247.8630000000 286.6070000000
1.7452834568 0.2550028046 -2.1346845456 227.9620000000 534.3670000000
1.7535839583 -0.2634245223 -2.1941366868 251.0470000000 286.5620000000
1.7575709819 0.5124288634 -1.9391946240 176.1670000000 680.7710000000
1.7577743468 0.5125011114 -1.9405512824 175.6830000000 681.4930000000
1.7590453778 -0.7156921430 -2.1131947560 249.7010000000 71.1699000000
1.7608863659 -0.7136959554 -2.1058120727 249.5000000000 71.1694000000
1.7633213938 0.3286886201 -1.9362431562 178.3990000000 582.5540000000
1.7660775242 0.3284932827 -1.9394247476 177.2400000000 581.9780000000
1.7662889167 0.4234968302 -1.9196956704 171.3910000000 637.9410000000
1.7671532178 -0.4942517819 -2.0862355192 232.7960000000 171.0610000000
1.7693046050 0.4291509114 -1.9303107862 171.3910000000 637.5080000000
1.7693099567 -0.4960071427 -2.0913249950 233.8090000000 170.5330000000
1.7715897850 -0.4942571336 -2.0934282168 232.7970000000 171.4620000000
1.7792721640 0.2625602213 -2.2291555981 228.8300000000 534.0780000000
1.7794059568 -0.5490158256 -2.0991572219 231.5450000000 145.7840000000
1.7860099663 -0.7078652678 -2.1085334170 235.3570000000 73.4503000000
1.8018617299 -0.4169971790 -2.2025870361 233.8750000000 218.5900000000
1.8094129921 -0.2633710052 -2.1610417150 217.8640000000 284.7250000000
1.8175850525 -0.3257772901 -2.2283260831 227.8960000000 261.6850000000
1.8240900555 0.2504843563 -2.0922160546 183.0640000000 532.9420000000
1.8272769985 0.0610351768 -2.1738082181 201.9060000000 437.7570000000
1.8318045448 0.1372643922 -2.2018351209 202.7780000000 475.2540000000
1.8319196065 0.1400504922 -2.2142778456 203.3580000000 475.2540000000
1.8444399310 0.2565117191 -2.1206149013 176.3000000000 535.3490000000
1.8451008671 -0.8147282037 -2.1527117792 218.4070000000 29.9299000000
1.8612657057 0.5120355127 -1.9395906505 119.1220000000 677.8270000000
1.8749393236 -0.6853613292 -2.0967864146 190.1450000000 78.5483000000
1.8789343747 -0.6928804811 -2.1070402900 189.8540000000 78.2584000000
1.8796220694 -0.6939320921 -2.1081855559 190.3370000000 78.2596000000
1.8886316724 0.2448214448 -2.1396910699 158.1850000000 526.9420000000
1.8992601675 -0.4904761509 -2.1459605976 180.8800000000 176.9890000000
1.8995732425 -0.3755000233 -2.2158592758 190.4460000000 236.3110000000
1.9007720255 0.5315879835 -1.9363341353 97.5678000000 689.3110000000
1.9016978712 -0.8486232560 -2.2198088374 205.9100000000 25.2761000000
1.9025327379 -0.5562700678 -2.1261806792 176.9490000000 143.2710000000
1.9038144723 -0.5545923069 -2.1215728573 176.3710000000 144.4260000000
1.9087139624 -0.2563474217 -2.1388749342 169.9290000000 287.6800000000
1.9087166383 -0.7103591645 -2.1084076518 177.9400000000 69.8426000000
1.9087326934 -0.2554732199 -2.1432124947 167.8980000000 286.5230000000
1.9183925291 -0.6769618211 -2.1163281819 173.2340000000 86.0492000000
1.9190320584 0.2278046140 -2.1410102663 146.8310000000 517.0890000000
1.9208007984 0.0630236045 -2.1722722775 158.1920000000 436.7860000000
1.9221815394 0.2266130559 -2.1406169156 147.1210000000 516.8010000000
1.9241911064 0.0646877186 -2.1738162457 158.4330000000 437.7480000000
1.9286249977 -0.7208886530 -2.1035643547 165.1570000000 63.7356000000
1.9296444984 0.0813711379 -2.1495382154 145.3850000000 446.4020000000
1.9332997160 -0.5322596230 -2.1341734574 163.9190000000 154.8040000000
1.9343887889 -0.5314622183 -2.1364452580 163.9200000000 155.2860000000
1.9349480425 -0.6262998629 -2.1190200918 162.6150000000 110.7210000000
1.9489374112 -0.4840407201 -2.1423294627 156.7150000000 179.3530000000
1.9546664163 -0.5788061167 -2.1310480590 155.2100000000 133.1890000000
1.9635234956 -0.6758620448 -2.1102673709 148.3760000000 83.6489000000
1.9674596779 0.5314167288 -1.9348356566 60.0322000000 689.3780000000
1.9696110652 -0.6887007960 -2.1146959105 149.2350000000 79.3609000000
1.9709115306 -0.6431390169 -2.1185651965 147.8360000000 99.8427000000
1.9811359716 -0.5663767713 -2.1254983362 139.0950000000 137.1680000000
1.9965622744 -0.3933640297 -2.1586066872 133.5750000000 221.2050000000
1.9974372789 0.4712447827 -1.9356089787 46.5223000000 654.2680000000
1.9997652725 -0.3929492722 -2.1553796064 132.9940000000 220.6260000000
2.0002308712 0.4711136658 -1.9298451875 45.5525000000 654.5100000000
2.0018015980 0.4732115359 -1.9412603839 45.9388000000 655.4240000000
2.0020959420 -0.5712227442 -2.1267693672 130.0180000000 134.7380000000
2.0025561890 -0.2610951908 -2.1358565700 120.6040000000 281.6040000000
2.0113142617 -0.2617095670 -2.1477614478 120.6050000000 281.8450000000
2.0116567711 -0.2644785415 -2.1523425112 120.2010000000 281.6040000000
2.0129839950 0.3027274771 -2.0802442804 81.5084000000 554.6330000000
2.0136636622 -0.6732504106 -2.1133553073 125.7320000000 85.3247000000
2.0143353017 0.3031475863 -2.0755989965 81.9925000000 554.6320000000
2.0169415842 0.1481920479 -2.1014156433 94.6031000000 475.2560000000
2.0173670451 -0.6067527438 -2.1210778241 123.1970000000 115.6870000000
2.0177791268 0.3025803051 -2.0817695176 80.9841000000 554.2320000000
2.0190180475 -0.6091422821 -2.1230365498 122.7120000000 115.4450000000
2.0272034873 0.3107095519 -1.9539492872 44.4442000000 566.6870000000
2.0308239188 -0.6743127249 -2.1029301771 113.5270000000 83.5558000000
2.0504700444 -0.4967403269 -2.1352357717 108.5140000000 172.0320000000
2.0507617126 -0.4951776277 -2.1475768139 108.3200000000 172.0310000000
2.0726742873 0.2188648509 -2.0908915065 56.5394000000 511.6340000000
2.0735252091 0.0570540401 -2.1221107041 70.4885000000 431.9530000000
2.0803994800 -0.6087007661 -2.1233148387 92.6919000000 115.6090000000
2.0806135484 -0.5145615196 -2.1403252475 94.2541000000 160.4370000000
2.0837389467 -0.6084840218 -2.1211741549 92.6897000000 114.7420000000
2.0853658664 -0.1372373661 -2.1434292390 79.1439000000 338.4030000000
2.0899362264 0.0349838576 -2.1238366304 65.0607000000 421.1240000000
2.0949159921 -0.2622915654 -2.1596823808 82.5621000000 281.2160000000
2.1008189277 -0.7149241727 -2.1018196974 82.3638000000 62.0509000000
2.1092585736 -0.5913371445 -2.1186240653 76.7257000000 123.7630000000
2.1110647756 -0.5870691562 -2.1202991504 78.1806000000 124.2490000000
2.1209841692 -0.6742886422 -2.1079875426 72.2472000000 82.2798000000
2.1255572050 -0.6810532031 -2.1121377934 71.6533000000 78.2263000000
2.2353769604 -0.4007681199 -2.1772573949 24.8221000000 214.0170000000

gimbalangles:
0.0872273997 -0.0001196258 1.6592790502

end: