T_CW:
0.9946763128 0.0111437257 0.1024443755 -0.9563223344
-0.0173336228 0.9980639511 0.0597318601 -0.0210491765
-0.1015804027 -0.0611895985 0.9929437319 -0.1665884501
0.0000000000 0.0000000000 0.0000000000 1.0000000000


target_points_pix:
-1.0331073869 -0.1725875482 3.2669778411 73.4959000000 357.3620000000
-0.8482031468 -0.8054965048 2.7774837290 26.9198000000 89.6578000000
-0.8459286703 -0.2132107697 2.7983286376 27.4345000000 329.6340000000
-0.8430253679 -0.2144756463 2.7954654730 27.4345000000 329.6340000000
-0.8387172417 -0.9648971731 2.7922812058 35.8047000000 27.3451000000
-0.8339809788 -0.9631712468 2.7892039728 35.1972000000 27.1416000000
-0.8307619255 -0.7095430288 2.7794906200 31.6421000000 127.0160000000
-0.8264270407 -0.8139495300 2.7853507420 35.0039000000 83.3227000000
-0.8171097145 -0.0752145312 2.8845446781 58.9885000000 387.4320000000
-0.8138558751 -0.0741342887 2.8795675883 58.2615000000 386.9020000000
-0.7812104469 -0.4285943336 2.8027170394 54.5723000000 241.3770000000
-0.7810846818 -0.0167985881 2.8080152318 53.0438000000 412.8890000000
-0.7616526245 -0.4198496402 2.7999073919 61.5805000000 244.7770000000
-0.7565925831 -0.4150250741 2.7932980306 62.6538000000 244.4020000000
-0.7496835261 -0.7050101308 2.7820059235 64.4187000000 127.9500000000
-0.7421750776 -0.6123211976 2.7318336467 52.3839000000 161.0620000000
-0.7361115907 -0.6983285214 2.7908094857 70.6870000000 130.9790000000
-0.7309043773 -0.7995534313 2.7880533553 72.9971000000 89.9991000000
-0.6922409518 -0.6373779016 2.8045633792 91.0485000000 156.3820000000
-0.6734056102 -0.8395360532 2.7772696606 92.5733000000 73.0796000000
-0.6731647832 -0.8384014908 2.7722658122 91.1172000000 72.2072000000
-0.6697985579 -0.8356614155 2.7679844446 91.5196000000 71.7662000000
-0.6507625271 -0.2024356378 2.8069716485 104.9370000000 332.1230000000
-0.6313197664 -0.6139775517 2.8136345268 115.5680000000 166.0240000000
-0.6219489230 -0.0887120779 2.8827250969 131.3790000000 379.8590000000
-0.6164553932 -0.9124450680 2.7911573468 120.6990000000 43.7175000000
-0.6129179132 -0.9143342215 2.7892039728 118.6400000000 43.6389000000
-0.6113525382 -0.9159343826 2.7888293532 118.8810000000 43.1090000000
-0.6000524035 -0.0923804072 2.8897893535 141.0080000000 378.5830000000
-0.5918616120 -0.0925219599 2.8811463426 142.4580000000 377.8620000000
-0.5469206313 -0.3801051694 2.7970977444 143.3450000000 258.5700000000
-0.5111819150 -0.4188221120 2.8942045138 177.3720000000 250.3950000000
-0.5059399155 -0.4021301299 2.8825110285 178.2920000000 251.8880000000
-0.5022980772 -0.2547186289 2.5823042066 108.7250000000 300.3140000000
-0.5017816372 -0.2530874278 2.5828902187 110.1460000000 301.6470000000
-0.4848755868 -0.2505833629 2.5579512523 108.5330000000 300.8430000000
-0.4497309104 -0.0098458076 2.6689590873 151.1760000000 410.3330000000
-0.4490753259 -0.0074968620 2.6690126044 150.9340000000 410.3330000000
-0.4472878550 -0.8673729704 2.7544178609 175.2900000000 55.0850000000
-0.4294666622 -0.8812205188 2.7536686216 181.8060000000 50.5225000000
-0.4137406638 -0.9109064515 2.7583246088 191.1960000000 36.3253000000
-0.4000509908 0.0423809905 2.4329353177 114.0490000000 435.4290000000
-0.3953361347 0.0408546830 2.4287904187 112.2590000000 434.3700000000
-0.3820906536 -0.1993672351 2.7877590113 205.2340000000 332.2120000000
-0.3815795653 -0.3746276947 2.7838255048 206.1250000000 258.8530000000
-0.3782106642 -0.3725592589 2.7783667610 207.5740000000 258.8540000000
-0.3731640021 -0.8520296191 2.7699110600 211.5600000000 60.9620000000
-0.3184320687 -0.8964354290 2.8003622872 237.5730000000 47.0495000000
-0.3181056145 -0.8965451390 2.7988638085 236.1630000000 46.5641000000
-0.2971536717 -0.9165391258 2.8067308215 245.7060000000 38.7800000000
-0.2891956796 -0.8326510789 2.7644790748 243.4540000000 66.3380000000
-0.2817996170 0.0013359526 2.7594752264 239.5480000000 414.6910000000
-0.2815641418 -0.1999235453 2.7632214231 240.9510000000 329.5950000000
-0.2813340183 -0.0009187253 2.7543643438 239.2590000000 414.6910000000
-0.2812724736 0.0043288908 2.7624989423 240.0710000000 415.9730000000
-0.2745801609 -0.3779511063 2.7630073547 244.9810000000 254.0880000000
-0.2713397007 -0.3743815160 2.7595019849 245.2230000000 254.5690000000
-0.2596020638 -0.4372293169 2.7599836388 250.9840000000 230.0410000000
-0.2595563067 -0.0423253327 2.7612948076 247.9370000000 395.6580000000
-0.2593615045 -0.5682712764 2.7605455683 250.9040000000 174.7010000000
-0.2590256847 -0.0418091604 2.7600371559 249.1110000000 395.9470000000
-0.2581822553 -0.3047771819 2.7589400554 250.0400000000 284.7580000000
-0.2575333605 -0.4353990322 2.7578161964 250.9830000000 229.6400000000
-0.2560603024 -0.6971431178 2.7534813117 250.8090000000 120.5410000000
-0.2252162597 -0.0424240718 2.7651747970 263.1790000000 395.9520000000
-0.2206943328 -0.3045363549 2.7536686216 265.5180000000 284.1710000000
-0.2199726547 -0.0417901618 2.7582710918 264.1840000000 395.9530000000
-0.2151617355 -0.3506279533 2.7608399123 266.9470000000 265.8490000000
-0.2115137427 -0.2000142568 2.7959203683 275.2020000000 329.8600000000
-0.2038939786 -0.6281140924 2.7774569704 277.0030000000 150.4760000000
-0.2030628581 -0.2004105509 2.7792765517 275.2020000000 329.8600000000
-0.2011070759 -0.6275601905 2.7732826370 276.9250000000 152.1210000000
-0.1996677336 -0.6277983415 2.7753430452 277.2140000000 151.5440000000
-0.1990472029 -0.2019919811 2.7725869147 275.6830000000 328.1780000000
-0.1931172411 0.0321145385 2.7512068352 273.9910000000 428.5410000000
-0.1909045768 -0.7988764401 2.7690547865 280.8930000000 79.6660000000
-0.1897558324 -0.7114348581 2.7694829232 280.9620000000 115.3810000000
-0.1889806373 -0.6956339357 2.7670478954 280.9740000000 121.8000000000
-0.1883956954 -0.6973009932 2.7663254146 281.2150000000 121.8010000000
-0.1525282706 -0.7039344372 2.7607863952 295.4380000000 117.0120000000
-0.1061292165 0.0581556895 2.6961912612 299.3510000000 440.4140000000
-0.0991326591 0.0592351293 2.7532940019 310.4350000000 436.3310000000
-0.0759787554 -0.7095162702 2.7687336839 327.9820000000 113.4580000000
-0.0756563149 0.1190851701 2.7010077998 313.9060000000 466.5990000000
-0.0743090220 -0.8081830630 2.7780991756 330.3230000000 74.2249000000
-0.0728019806 -0.5548893268 2.7106943940 317.2290000000 174.5990000000
-0.0723805335 0.1652356373 2.7006866972 313.9040000000 487.3530000000
-0.0705087731 -0.7084539559 2.7660578291 327.5000000000 113.2160000000
-0.0691820843 0.3064362118 2.6941576116 315.3930000000 551.1040000000
-0.0687250483 0.1190862405 2.6965391223 315.0140000000 465.6380000000
-0.0685476391 0.1684166934 2.6985460134 315.4130000000 488.0570000000
-0.0669172408 0.3098425749 2.6926591329 314.9910000000 550.9040000000
-0.0623840752 -0.7997327136 2.7402358306 330.9040000000 75.3816000000
-0.0373683118 -0.5634654413 2.8166047256 352.3790000000 179.6570000000
-0.0363383753 0.1703374219 2.7087410201 329.4660000000 489.0560000000
-0.0124824076 0.4295389103 2.3218472071 265.1170000000 636.2080000000
-0.0117120558 0.1442590766 2.7069749559 340.5070000000 476.0450000000
-0.0112051151 0.4272885164 2.3176916047 265.5200000000 635.2460000000
-0.0107800823 0.2432030879 2.6954687804 340.4970000000 521.0740000000
-0.0099219624 0.1432842627 2.6985995305 340.7880000000 476.6850000000
-0.0066890750 -0.4059994159 2.6467147066 335.3740000000 231.7420000000
-0.0057522047 0.1533240698 2.4981298432 307.3820000000 488.0580000000
-0.0056591652 0.4218110417 2.3105417208 266.9660000000 636.1100000000
-0.0054556665 0.0854494081 2.5054054923 308.3880000000 452.0260000000
-0.0051036846 0.2405277683 2.6851934981 340.2960000000 520.8740000000
-0.0021323860 -0.4072811504 2.6624407051 340.3940000000 232.7490000000
0.0003794175 -0.8117981427 2.8113332917 364.0670000000 75.0086000000
0.0012443233 0.0838200802 2.4873622036 307.5450000000 452.1860000000
0.0042773538 -0.7060510383 2.7681985129 362.3260000000 114.5160000000
0.0095275147 -0.3163154676 2.7540967583 359.5050000000 277.8420000000
0.0102978933 -0.3218437836 2.7508857326 359.5040000000 276.3200000000
0.0105611439 -0.3182126487 2.7535348288 360.6600000000 276.3210000000
0.0121432430 0.2913336875 2.2235041928 255.1220000000 570.1520000000
0.0129634995 0.0271569824 2.7999609090 367.5970000000 424.0060000000
0.0149109063 -0.3197432376 2.7473803629 359.5050000000 277.0410000000
0.0164178675 -0.6627637358 2.9094836445 384.4540000000 147.6280000000
0.0257753851 0.4088037117 2.4189700317 304.5870000000 616.4750000000
0.0285398642 0.1345363583 2.2461713585 269.2190000000 483.0590000000
0.0293418178 0.1631474002 2.1845972645 255.9530000000 502.8820000000
0.0295853206 -0.7946833757 2.7742191862 370.8200000000 78.6309000000
0.0323168332 0.4033877817 2.3905578058 305.1650000000 617.0510000000
0.0337802581 0.1614669634 2.1803774416 258.3650000000 501.2000000000
0.0358561863 0.1703181558 2.7047272379 361.0130000000 486.7690000000
0.0381103263 0.3110413579 2.6966729151 361.9550000000 550.8810000000
0.0397345702 0.3121036722 2.6985460134 360.9920000000 550.1610000000
0.0426330560 -0.3184588273 2.7565585447 372.5080000000 276.3300000000
0.0531505032 0.1090004087 1.9763354882 211.9260000000 478.0570000000
0.0555162264 0.1079814432 1.9775155401 212.5300000000 477.6570000000
0.0599252323 -0.8013623092 2.7955992657 385.7500000000 75.0460000000
0.0732897889 0.4046909229 2.7789286905 388.4100000000 589.0390000000
0.0736242708 0.4045651578 2.7793033102 389.6140000000 588.0780000000
0.0760558200 -0.1816276560 2.7835579193 391.6440000000 334.9340000000
0.0840924822 0.0657877625 2.6956293317 381.6400000000 441.0190000000
0.0862663466 -0.8325360172 2.7888561117 394.1600000000 63.0254000000
0.0905073088 0.2189769692 2.6912409299 382.6330000000 510.0550000000
0.0909354456 -0.8992263455 2.8327936470 407.1780000000 42.5868000000
0.0911661043 0.2190160367 2.6906790004 382.6730000000 509.8150000000
0.0915019240 0.2191187895 2.6910536201 383.6360000000 510.0550000000
0.0937442903 0.2190880172 2.6873609405 383.2510000000 509.8150000000
0.0996793362 -0.8965585183 2.8299572409 408.5750000000 42.5893000000
0.1266088710 -0.6057653534 2.8456109913 419.5840000000 161.7020000000
0.1359625889 -0.6139936068 2.8267729737 420.0590000000 156.6530000000
0.1434498981 0.1343733987 2.6995628382 407.2280000000 472.3530000000
0.1478752267 0.2725946766 2.6893945901 407.4980000000 535.7350000000
0.2114586200 0.0616709599 2.6966193980 436.7810000000 439.0170000000
0.2240273775 -0.1816809055 2.7841466073 450.9950000000 334.7580000000
0.2278803407 0.1038333331 2.6933816137 443.7950000000 458.0230000000
0.2335734893 -0.5537788470 2.7626059765 454.4910000000 173.7630000000
0.2338247521 0.1240387125 2.6972616031 444.9960000000 466.8260000000
0.2338702416 0.2049782350 2.6923112718 444.9870000000 502.8330000000
0.2339331242 -0.1846853552 2.7795441371 454.2650000000 333.4630000000
0.2361808422 0.0629350337 2.7003388361 446.2010000000 439.2170000000
0.2375099393 0.2635979177 2.6909733444 446.1800000000 529.2370000000
0.2415662675 -0.1883344183 2.7851901907 459.8120000000 330.9590000000
0.2470977945 -0.5802323472 2.8110924648 466.7140000000 167.7650000000
0.2524369275 -0.5792235500 2.8396973523 468.9210000000 170.1710000000
0.2547702729 0.0643243375 2.6961109856 454.2820000000 442.3850000000
0.2586039700 0.1389541945 2.6986530476 456.8180000000 473.0250000000
0.2616461493 0.2063645953 2.6915352739 457.7320000000 504.6060000000
0.2618358674 0.2655376448 2.6937829919 458.2020000000 530.4310000000
0.2624601443 0.2797579398 2.6949603680 457.7990000000 537.0320000000
0.2663717088 0.2063908187 2.6868525281 459.1740000000 504.0290000000
0.2715885552 0.2250741718 2.6934886479 462.0570000000 512.6690000000
0.2733251850 -0.4470657590 2.6714583356 461.7450000000 213.4320000000
0.2814865420 0.1934768760 2.7008204899 465.8290000000 497.0260000000
0.3220043349 0.0875387155 2.6947998167 483.8700000000 450.0160000000
0.3313403921 0.0688845292 2.6904381735 487.8770000000 442.0140000000
0.3339627298 0.2085167853 2.6899565196 489.4650000000 505.2190000000
0.3344577629 0.2099828861 2.6892875559 489.8650000000 506.0180000000
0.3558271391 -0.5505303593 2.8430154122 512.4590000000 181.2690000000
0.3563034412 0.1131148030 2.6908127931 499.5710000000 462.2550000000
0.3586715727 0.1143612161 2.6926858915 500.2920000000 462.0150000000
0.3611949037 0.2553624395 2.6932745795 500.9920000000 525.6120000000
0.3702847824 0.2253372084 2.6942111287 506.2850000000 512.4120000000
0.3743012404 0.0747780993 2.6984657378 507.9060000000 444.0120000000
0.3758345052 -0.5492967903 2.8576790963 523.0380000000 183.4410000000
0.3780153268 0.1660488295 2.6986798061 509.8990000000 485.0120000000
0.3784809255 -0.5475146710 2.8502669786 521.8360000000 182.8390000000
0.3883949674 0.3540958611 2.0827301495 432.8940000000 621.6500000000
0.4024940462 0.1936510742 2.6952279535 519.9070000000 498.0080000000
0.4065854281 0.1124891881 2.6920704449 520.9190000000 461.0100000000
0.4075621151 0.1147460040 2.6988403574 523.5060000000 463.1140000000
0.4658288526 -0.8313613169 2.8056872382 552.7160000000 57.2434000000
0.4667332915 0.0609233261 2.7196049904 551.4750000000 436.3250000000
0.4668644084 0.0606763447 2.7223611208 551.1860000000 437.1890000000
0.4670249597 0.0595377685 2.7165545160 550.7540000000 436.8050000000
0.4688953822 -0.1924488126 2.7562642007 554.6420000000 326.5770000000
0.4712474585 -0.1885688232 2.7568528887 554.3540000000 327.5850000000
0.4776320480 -0.2618002785 2.7557557883 556.9480000000 295.9700000000
0.4779959642 -0.2647702097 2.7548727562 557.2270000000 293.7290000000
0.4821810011 0.2501678027 2.6499016496 552.8870000000 524.1480000000
0.4823362007 0.2458765344 2.6495002714 552.8860000000 525.3000000000
0.4833851357 0.0771818197 2.7123801825 557.2380000000 444.9630000000
0.4921003947 -0.1637141462 2.7576288866 563.9650000000 338.3910000000
0.4922930562 -0.1640719080 2.7557825468 563.0040000000 338.3910000000
0.4927934411 -0.2953635248 2.7545784122 563.9490000000 280.7630000000
0.4928817443 -0.0331249413 2.7549530318 563.9690000000 396.0030000000
0.4928844201 -0.2955133727 2.7582710918 563.9490000000 280.9630000000
0.4945889396 -0.3032599722 2.7539362070 565.0040000000 274.7120000000
0.4969704504 0.2294970922 2.6640783282 558.0780000000 516.6600000000
0.5123592911 0.4870376775 2.1281126463 512.7490000000 696.9600000000
0.5194262236 0.2957301169 2.1307109013 515.8580000000 582.9920000000
0.5201727870 0.2943252932 2.1322414902 515.8590000000 581.9920000000
0.5323960916 0.2775236011 2.1337961618 523.8750000000 570.9900000000
0.5326984632 0.2794609199 2.1353535093 524.2750000000 571.1900000000
0.5340979352 -0.3280490908 2.8826715798 588.9670000000 272.9680000000
0.5476404362 0.1162005987 2.7069214388 585.9710000000 461.9930000000
0.5491763768 0.1936446521 2.6831063314 584.9580000000 497.9820000000
0.5495349414 0.0512728559 2.7618032200 588.9400000000 430.5590000000
0.5653545947 0.1156905808 2.7116309432 593.9740000000 461.9910000000
0.5682846557 -0.1638816547 2.7644523163 596.9870000000 337.9960000000
0.5685094275 -0.6885268654 2.7592611580 596.2700000000 111.3960000000
0.5686860339 -0.4262770433 2.7649339701 596.3510000000 224.3360000000
0.5708775590 -0.5579638839 2.7667803099 595.9160000000 167.8770000000
0.5755870634 0.1920182676 2.6851667396 596.3620000000 497.9780000000
0.5868283292 0.1361365194 2.7058510969 603.0460000000 471.7290000000
0.5879976778 0.1364134704 2.7104535671 603.5740000000 471.5850000000
0.5948960314 0.2876517114 2.1284498040 559.9010000000 576.9640000000
0.5987733449 0.4633483353 2.1250113306 563.8090000000 682.7080000000
0.6034079254 -0.0328803682 2.7702589211 613.4340000000 395.7110000000
0.6048288042 -0.0323989819 2.7639171453 613.1940000000 394.7990000000
0.6056449399 -0.2953474697 2.7665394830 612.9830000000 280.9800000000
0.6057600017 -0.2945661201 2.7616159102 613.1830000000 280.7800000000
0.6059098496 -0.4260736784 2.7651212800 611.9610000000 223.9430000000
0.6085669733 -0.5576481330 2.7683055471 611.9280000000 167.8880000000
0.6088532898 0.4210350439 2.1297261867 568.6370000000 657.9950000000
0.6092412887 0.4209547682 2.1305075363 568.8370000000 657.9150000000
0.6125245625 0.2918019621 2.1255304465 568.4170000000 577.1100000000
0.6195192469 -0.1967258989 2.7395936255 617.7540000000 322.5550000000
0.6219061094 -0.2116247906 2.7410385871 617.9930000000 315.9930000000
0.6230058857 -0.2105940514 2.7319674394 617.9930000000 316.7940000000
0.6253231759 -0.1272401051 2.7753162866 621.9970000000 354.0000000000
0.6267601099 -0.1247705587 2.7672887223 622.7980000000 354.0000000000
0.6281033890 0.0327717285 2.7749684255 623.7990000000 425.0810000000
0.6364493800 0.2137392511 2.6924985816 624.9620000000 506.9600000000
0.6368079445 -0.2920026512 2.7623383910 625.9880000000 282.9840000000
0.6466711452 0.0763068152 2.7436074076 631.9870000000 442.9850000000
0.6503557972 -0.4802838201 2.7479690509 631.1570000000 199.1320000000
0.6508668855 -0.4805540814 2.7554882028 630.6770000000 198.6510000000
0.6524055020 -0.6492319382 2.7952246461 632.0730000000 129.4540000000
0.6531574172 -0.6457051616 2.7675563078 634.0900000000 129.4550000000
0.6553221837 -0.2820003061 2.7694294061 634.7920000000 286.7880000000
0.6614793255 -0.9458236804 2.9716169922 640.6310000000 33.2907000000
0.6660523613 -0.4012230152 2.7484239462 637.9750000000 231.9610000000
0.6665233117 -0.3970406542 2.7521166258 637.9760000000 234.9630000000
0.6701785293 0.0239299016 2.8590705408 644.9920000000 419.9890000000
0.6728784668 -0.5393559899 2.7545248951 639.9460000000 172.9120000000
0.6731166178 -0.4134918093 2.7985962231 644.9770000000 231.9640000000
0.6795466968 0.1145332736 2.7586724700 645.9800000000 460.9740000000
0.6800604610 -0.7090961610 2.7674225150 643.0980000000 103.0230000000
0.6832554315 -0.3634667044 2.7530531750 644.3830000000 249.5740000000
0.6852997846 -0.2856394686 2.7803468936 648.9930000000 284.9900000000
0.6855299081 -0.4013006150 2.7525180040 646.5380000000 233.2450000000
0.6995380078 -0.1960197408 2.7829157141 652.7990000000 323.9990000000
0.7012773134 -0.4766767678 2.7521701429 654.9650000000 199.9450000000
0.7025751030 0.0315579608 2.8792464857 660.0850000000 423.3450000000
0.7048923932 0.0328132042 2.8818688233 661.9880000000 422.9840000000
0.7054115090 0.2861425293 2.1265419196 625.1190000000 577.1170000000
0.7057861287 0.2864796870 2.1258515490 624.9190000000 576.9180000000
0.7208833013 0.4272671096 2.1238928233 634.8430000000 662.8450000000
0.7224192419 0.4253619010 2.1243503945 635.7480000000 661.6690000000
0.7226466895 0.4229884178 2.1178400399 635.8430000000 662.2450000000
0.7273401388 -0.9360032934 2.9233713308 669.4420000000 26.1045000000
0.7288065072 0.3430445809 2.1271306076 638.8910000000 610.8820000000
0.7368206922 -0.1859807365 2.7482901535 669.5970000000 326.4000000000
0.7508394953 -0.2797686432 2.7836649535 675.9920000000 287.9960000000
0.7511820048 -0.2782086199 2.7764401456 676.7920000000 286.7960000000
0.7516930930 0.2854601863 2.1268549946 652.2350000000 575.8980000000
0.7528437106 0.2848527673 2.1240721056 652.7140000000 577.0970000000
0.7535902740 -0.5081555233 2.7519293160 675.5600000000 184.7420000000
0.7547569467 0.3397720105 2.1223809654 655.0860000000 610.4280000000
0.7554874551 -0.5097744154 2.7585386772 675.3200000000 184.2610000000
0.7557336337 -0.7274819591 2.7924149986 675.5040000000 94.6361000000
0.7562955632 -0.5158646609 2.7580302648 675.9590000000 182.9410000000
0.7563169701 0.3411821860 2.1228947295 655.8850000000 610.8670000000
0.7584870883 -0.8345776944 2.7615088760 675.2230000000 45.8308000000
0.7627443732 0.3285869376 2.1225522201 659.4110000000 603.2310000000
0.7631350480 -0.4904627716 2.7543108267 678.9640000000 194.9520000000
0.7643391826 -0.9246897794 2.9537690409 680.9760000000 35.7359000000
0.7726530634 -0.7339227415 2.7559163396 682.4600000000 87.6706000000
0.7729688143 0.4589893678 2.0808624029 663.8080000000 686.7950000000
0.7762413846 -0.1762799602 2.7541502754 686.9920000000 330.0000000000
0.7766079767 -0.5099001806 2.7316195783 687.5580000000 182.3460000000
0.7803916354 -0.6859125553 2.9652752164 691.1300000000 129.4940000000
0.7814646531 -0.6955830945 2.9679510711 691.1290000000 128.2930000000
0.7835464681 0.4142758347 2.1253913020 673.0380000000 653.8140000000
0.7837096953 -0.3425281409 2.7512335937 689.9830000000 256.7900000000
0.7874987056 0.2593783623 2.2999720944 680.9220000000 547.9000000000
0.7909077446 -0.2707590403 2.7774569704 693.9870000000 289.9990000000
0.7919994933 0.4239169394 2.1227823436 677.2020000000 663.3530000000
0.7970461554 -0.0945721998 2.9236121577 701.9820000000 368.3940000000
0.8065454398 -0.0847277301 2.9138185292 704.9800000000 373.9920000000
0.8071822933 -0.5179732344 2.7505646300 698.9560000000 180.9500000000
0.8078887189 -0.7371444707 2.7397274182 699.8990000000 83.8376000000
0.8113780336 -0.1691715520 2.7603582585 705.5830000000 334.8000000000
0.8132056424 -0.4909872391 2.7499491834 701.9600000000 191.9590000000
0.8140752952 -0.0118081725 2.8443265810 707.0120000000 403.1810000000
0.8142064120 -0.0121657737 2.8423999656 709.1710000000 403.1800000000
0.8146238454 -0.0123665431 2.8491163610 706.7240000000 404.3320000000
0.8225577548 -0.3333686900 2.7501097347 706.7780000000 262.7950000000
0.8254717606 -0.2664626878 2.7924149986 711.3400000000 292.3200000000
0.8292928812 0.2616729078 2.7268833154 713.5760000000 526.9360000000
0.8299912793 0.2619255085 2.7299070312 713.9120000000 526.6960000000
0.8309251526 -0.2639134010 2.7751557353 711.5800000000 292.8000000000
0.8313800479 -0.1543727372 2.7613750833 711.9790000000 338.9990000000
0.8314255374 0.2633589639 2.7387105934 713.9110000000 526.8960000000
0.8393755020 -0.3410216347 2.7543375852 714.2140000000 257.7550000000
0.8421423358 -0.3907738023 2.7543108267 715.1690000000 235.1870000000
0.8473040596 -0.2524240834 2.7750487011 718.5360000000 296.6410000000
0.8486714214 -0.7467936029 2.7525982797 717.8970000000 80.8457000000
0.8555992094 -0.3692947161 2.7516617305 721.9680000000 244.9920000000
0.8630541408 -0.1568190037 2.7676365834 728.6080000000 339.8370000000
0.8651921487 -0.1480700289 2.7678774104 726.9690000000 342.9970000000
0.8666879515 -0.0886331401 2.7827284043 728.6040000000 370.0690000000
0.8671348193 -0.0864549944 2.7796244128 728.9630000000 370.9880000000
0.8688473663 -0.0838813572 2.7816848209 729.1790000000 369.7810000000
0.8710683258 -0.7391058722 2.7461494697 725.8970000000 82.6538000000
0.8740599314 -0.3942871996 2.7608131538 728.6020000000 234.7100000000
0.8751142182 -0.5318930309 2.7652550727 727.1450000000 175.1570000000
0.8829116590 -0.3965697037 2.7544981365 733.1590000000 232.7900000000
0.8909392233 -0.3224485267 2.7526785553 736.9610000000 264.9990000000
0.8956433760 -0.5296346095 2.7511533181 737.9390000000 173.9600000000
0.8984289408 -0.5321418854 2.7666197586 737.9390000000 173.9600000000
0.9021644340 -0.2920989820 2.7786075880 743.9570000000 280.0020000000
0.9062986296 -0.4147762196 2.7506984228 743.9500000000 223.1890000000
0.9063200365 -0.8115974536 2.7836381949 742.9150000000 55.9831000000
0.9075990950 -0.7991654324 2.7508857326 742.6760000000 57.4254000000
0.9097852684 -0.4101015013 2.7508054570 744.9500000000 226.9910000000
0.9189902088 -0.9165150431 2.9698776866 747.4610000000 36.9929000000
0.9367043673 -0.5853218230 2.7422159632 755.0550000000 146.8250000000
0.9406057636 -0.5914950199 2.7559966152 757.9170000000 146.9460000000
0.9525427517 -0.0802159714 2.8757946330 765.9260000000 373.9790000000
0.9580657159 -0.9003234459 2.8472165041 763.0500000000 27.3858000000
0.9639365413 0.0966663237 2.8381453565 772.8900000000 449.9270000000
0.9644288985 0.0963072240 2.8333020594 774.0320000000 450.9340000000
0.9668184368 0.0942575193 2.8284587622 772.6900000000 449.9280000000
0.9909038056 -0.1751199772 2.9235853991 783.2740000000 335.5110000000
0.9927876073 -0.1736279206 2.9174041746 782.6990000000 335.2230000000
0.9961083431 -0.1734058246 2.9229967111 783.9130000000 335.9910000000
1.0058056408 -0.0761783741 2.9125876361 788.2980000000 375.5720000000
1.0087089432 0.6617148007 2.8864445350 795.6600000000 694.6410000000
1.0130866416 0.0506277073 2.8362187411 793.0720000000 428.3350000000
1.0131615655 0.1427662172 2.8417845190 794.7280000000 471.6410000000
1.0137850397 -0.3393090876 2.9542239362 790.9110000000 270.0020000000
1.0144352724 0.0476575085 2.8335964034 794.7490000000 429.0540000000
1.0280981868 -0.2325299060 2.9916591444 796.7000000000 313.1960000000
1.0307954484 -0.1683332067 2.9169760379 799.0930000000 337.1870000000
1.0312021783 -0.1686885602 2.9142466660 799.0930000000 336.9470000000
1.0407362489 -0.0742884179 2.9130157728 803.8760000000 376.7660000000
1.0580784636 0.0973154861 2.8355497774 817.0250000000 449.9050000000
1.0620333770 0.0979978291 2.8341583329 816.3060000000 450.6250000000
1.0679550435 0.5354091041 2.6983051865 826.2070000000 657.7350000000
1.0700154517 0.5412558467 2.7242877362 825.6500000000 655.6580000000
1.0727046858 0.4269700897 2.7289437235 826.4980000000 603.3250000000
1.0741309163 0.4267854557 2.7303619266 827.4070000000 604.5230000000
1.0767532540 0.4284926511 2.7391387302 826.2590000000 603.0860000000
1.0840850961 -0.0717749875 2.9148621126 821.8490000000 376.9600000000
1.0876573622 0.4230606659 2.1906848341 855.1950000000 653.6310000000
1.0878446720 0.4201520118 2.1937620671 854.9560000000 652.8170000000
1.0881363402 0.4233416307 2.1933259028 854.5960000000 653.6320000000
1.0912751178 0.4323512337 2.1916829280 856.5860000000 659.6220000000
1.1071322332 0.4198121782 2.6605087379 845.6610000000 604.7060000000
1.1096609159 -0.1646362458 2.9115172941 832.8430000000 337.9790000000
1.1232167962 -0.3670015086 2.7632214231 840.8440000000 243.0010000000
1.1236449329 0.1100364996 2.4599132855 860.2830000000 462.9720000000
1.1278112388 -0.2183553681 2.9582109598 838.6380000000 316.7870000000
1.1284026027 -0.2172042154 2.9612079171 837.9200000000 316.7870000000
1.1296201166 0.4723686417 2.1902914835 879.1140000000 683.5660000000
1.1381667967 0.2747674707 2.7663521731 854.1050000000 531.3930000000
1.1413992293 0.4012203393 2.2326636437 884.5490000000 636.6260000000
1.1500368885 0.4056381755 2.2614424617 885.1480000000 636.8250000000
1.1580965630 -0.0666381491 2.9139790805 853.7130000000 378.6670000000
1.1655809288 0.4537420166 2.1914287218 901.8740000000 673.9560000000
1.1689150438 0.4736102383 2.1924482224 903.0610000000 683.5410000000
1.1899793725 -0.3546658181 2.7291577919 873.8710000000 244.7990000000
1.1979882059 -0.3643898743 2.7724798806 874.5900000000 244.7980000000
1.1999041179 -0.3601085067 2.7622581154 875.7880000000 244.9980000000
1.2038804380 0.3857779815 2.6748085058 889.5830000000 587.6900000000
1.2061468870 0.3860214843 2.5345348473 899.5510000000 598.6660000000
1.2072306082 0.3870757710 2.5434240368 899.5510000000 598.7060000000
1.2114745139 0.1400108896 2.2470303079 918.8920000000 485.3720000000
1.2173881529 0.1258754192 2.4813120960 904.6410000000 468.8340000000
1.2195341884 0.3765543101 2.7339475719 894.6820000000 580.3040000000
1.2195555953 0.3772152462 2.7394598328 895.2570000000 580.0160000000
1.2196144641 -0.0094754425 2.8334893692 885.3210000000 401.6750000000
1.2200078147 -0.8262236758 2.9783601462 869.7840000000 69.5023000000
1.2216213551 0.1275119719 2.5039043378 905.6370000000 470.2310000000
1.2232322197 0.4545715316 2.1949769052 935.3950000000 672.7240000000
1.2251775661 0.2171662183 2.8171666551 891.2480000000 502.6020000000
1.2252792486 0.2147710607 2.8271743520 889.5710000000 502.6510000000
1.2263977559 0.0052644499 2.7339475719 893.7010000000 407.9050000000
1.2283350747 -0.7278993924 2.9594150944 875.7840000000 107.9450000000
1.2315113143 -0.3057137310 2.7786611051 889.7580000000 269.9920000000
1.2316852449 -0.7122135318 2.8673389320 881.0570000000 107.0810000000
1.2318779064 -0.3068777279 2.7861802570 890.1570000000 269.9920000000
1.2322123883 0.0044014332 2.7626059765 893.7000000000 407.9050000000
1.2389261079 0.3755267819 2.2005293038 942.6230000000 624.5480000000
1.2443554172 0.1065945477 2.6991079429 906.8440000000 456.0390000000
1.2495706582 0.1070165300 2.7047539965 907.6420000000 455.8470000000
1.2562201572 0.4556499011 2.1931171861 955.5030000000 674.8610000000
1.2611116198 -0.1051436992 2.9147550784 898.2720000000 362.8210000000
1.2630756972 -0.8559818566 2.8267997323 895.7440000000 36.8627000000
1.2632228692 0.0027812299 2.7144138322 911.6620000000 406.6960000000
1.2633299034 0.3861097875 2.1971470234 959.3740000000 631.5620000000
1.2671965135 0.0023667507 2.7449453350 912.6590000000 406.8960000000
1.2675336712 0.0705748667 2.7136110757 914.0390000000 437.6230000000
1.2707955382 -0.8613228627 2.8554581368 896.5750000000 37.8804000000
1.2713976055 -0.8646757088 2.8565819958 896.8620000000 35.8614000000
1.2809049175 -0.3203399532 2.7470860188 915.7090000000 260.9880000000
1.2872252864 0.2330091516 2.0596134402 986.9720000000 550.4610000000
1.2878193262 0.1589521951 2.1478551028 975.7640000000 497.9860000000
1.2887639029 0.1589240986 2.1536162181 975.0460000000 497.7460000000
1.2970751078 0.3977015903 2.7706602993 929.1550000000 587.1760000000
1.3019264325 -0.8198819000 2.8010847680 916.9960000000 45.9598000000
1.3052284373 -0.2921846094 3.2763165743 896.8580000000 298.0600000000
1.3064566546 -0.3178995736 2.7549530318 925.8960000000 262.6410000000
1.3104918436 -0.8277783474 2.8329006811 917.2840000000 44.8062000000
1.3111768624 -0.8159457176 3.2431359752 895.7550000000 102.9430000000
1.3144173225 -0.6351997558 3.2551773216 897.7550000000 170.9870000000
1.3195148259 -0.8322523766 3.3299407037 894.8600000000 103.6240000000
1.3201302725 -0.2815935762 2.7565317862 932.0700000000 278.3780000000
1.3209517599 0.1081773158 2.7573077840 937.5720000000 454.8290000000
1.3210882285 -0.5472363821 2.7506449057 929.9380000000 159.8210000000
1.3218026817 -0.1542499155 2.7561036494 934.4920000000 335.1780000000
1.3221023774 -0.0231359755 2.7552741344 935.6130000000 394.8950000000
1.3223432043 -0.0229919074 2.7588597798 935.6130000000 394.4550000000
1.3230924437 -0.4164165185 2.7545516536 932.0850000000 218.3910000000
1.3251234174 -0.6794530419 2.7553008930 929.7010000000 101.9450000000
1.3255863403 0.1636713326 2.0540770967 1011.6600000000 505.1480000000
1.3259154705 0.2112060194 2.0513289938 1014.5100000000 537.2580000000
1.3264158553 0.1610275880 2.0540824484 1012.1400000000 504.9080000000
1.3277939205 0.1643694631 2.0606222374 1011.9500000000 506.0100000000
1.3284655600 -0.5470597757 3.2480863065 904.7400000000 202.9940000000
1.3593261931 0.3695596257 2.7613215662 957.0320000000 574.2110000000
1.3594599858 -0.4164620081 2.7531334506 948.6120000000 217.4280000000
1.3600192394 -0.5484458685 2.7555149613 946.6100000000 158.9550000000
1.3600700807 -0.5472497614 2.7541770340 947.1850000000 159.8190000000
1.3603938591 -0.1544532805 2.7558093054 951.6040000000 335.9380000000
1.3606293343 -0.5435865162 2.7474606385 947.6640000000 159.5790000000
1.3633212442 -0.6796028898 2.7581372990 947.1900000000 100.7430000000
1.3749986744 -0.2786367567 2.5124403145 977.6200000000 266.0790000000
1.3797643717 0.1417220987 2.1812711771 1028.3100000000 485.7230000000
1.3806795141 -0.0811621536 2.7566120618 963.7820000000 369.6960000000
1.3842009389 -0.0835385803 2.7639439039 965.7950000000 365.6660000000
1.3907246729 -0.8121700866 2.7738980836 955.2430000000 44.8084000000
1.3912250577 0.4605761497 2.1873186088 1040.1100000000 679.4160000000
1.3955064253 -0.0829991279 2.1346979249 1041.3500000000 350.6610000000
1.3976283782 -0.8400578449 2.7989173256 958.6930000000 35.8675000000
1.3990224985 -0.2669288217 2.7785273123 966.5900000000 285.9630000000
1.4001704402 -0.2667776359 2.7807482718 966.7900000000 285.5630000000
1.4011578306 -0.1667450869 2.1171041798 1044.5900000000 298.7180000000
1.4014120368 0.1532833968 2.1396429045 1045.6500000000 494.0970000000
1.4018187667 -0.1653124343 2.7810961329 968.6860000000 331.1330000000
1.4047515035 -0.2958879923 2.6453928343 978.7690000000 266.3670000000
1.4060733758 -0.6544605584 2.7751022182 964.4380000000 113.7120000000
1.4096322626 0.0055825823 2.7781259341 975.8250000000 408.8170000000
1.4142347328 0.2090813907 2.0451290383 1074.8200000000 535.2920000000
1.4145718905 0.1618100080 2.0481340232 1073.4000000000 505.0990000000
1.4154014055 0.2097626633 2.0461806493 1073.9500000000 535.2930000000
1.4168329878 0.1606088168 2.0507617126 1073.1700000000 503.6610000000
1.4172022558 0.2109159567 2.0476443418 1075.1300000000 536.6100000000
1.4187328447 0.1628431555 2.0605366101 1070.5300000000 504.2390000000
1.4339022654 -0.6004029405 2.7365163925 984.7950000000 131.9600000000
1.4642411067 0.3954940101 2.1903423247 1084.7800000000 640.2380000000
1.4704116278 0.4003239280 2.1985732540 1086.0200000000 641.4350000000
1.4765527145 -0.7585860949 2.7157250010 1001.5800000000 58.6932000000
1.4862366328 0.1570017646 2.0464295038 1123.9500000000 500.7460000000
1.4867343418 0.1996021752 2.0430177889 1122.2000000000 528.7840000000
1.4880134004 0.1566143008 2.0444226127 1125.1000000000 500.7450000000
1.4908364272 0.1558720187 2.0436492907 1125.0200000000 500.6250000000
1.5002393808 0.4786194384 2.2211360614 1104.8500000000 686.2340000000
1.5070895690 -0.3837871455 2.2351869747 1087.9900000000 179.6450000000
1.5184780069 -0.5543407765 2.7477549825 1021.9100000000 151.1580000000
1.5221974450 -0.5540812186 2.7598766046 1020.4700000000 155.4800000000
1.5242498256 -0.7615348868 2.7414934824 1021.9400000000 57.4866000000
1.5408775871 0.4319632347 2.7597428119 1044.3700000000 604.3290000000
1.5467136264 0.1437586917 2.0972734201 1150.9500000000 490.4200000000
1.5469945911 0.4158224788 2.2298968099 1126.9000000000 647.3950000000
1.5477625615 -0.6604865834 2.7139321783 1038.0200000000 100.1480000000
1.5490844337 -0.6515599319 2.6973686373 1037.7400000000 100.7240000000
1.5502243478 -0.4352652395 2.2093810314 1115.3000000000 146.3080000000
1.5621185223 0.1540082858 2.0333980910 1177.2700000000 499.9850000000
1.5782351955 -0.5296372853 2.7605990854 1047.7700000000 164.1110000000
1.5821740537 -0.5602008985 2.7690012694 1047.7700000000 151.1480000000
1.5882696509 0.0893821119 2.0951675224 1176.1100000000 455.6500000000
1.5891152210 -0.0155031800 2.1039523536 1171.9700000000 389.7390000000
1.5893587238 0.0500523986 2.0989431535 1174.9300000000 430.4850000000
1.5893828065 0.0237694841 2.1010758098 1173.9900000000 414.4270000000
1.5921228818 -0.3910413878 2.1545902292 1154.8000000000 164.2840000000
1.5986706984 -0.6470751993 2.7567726131 1056.9900000000 110.5150000000
1.6011619191 -0.6483167959 2.7599301217 1056.4500000000 110.9240000000
1.6099012608 -0.0144095314 2.1060154377 1185.5000000000 389.9680000000
1.6200347228 -0.3359535657 2.1262261687 1178.7200000000 193.0660000000
1.6208160724 -0.3359856760 2.1306279498 1179.1200000000 192.8650000000
1.6266815460 0.1087437942 2.0761743053 1206.9800000000 469.0460000000
1.6313723194 0.0062677081 2.0940704220 1202.8800000000 402.6980000000
1.6499213447 0.0717717765 2.0856789414 1219.8000000000 443.6310000000
1.6534855832 0.4127452458 2.2002724218 1201.1000000000 649.7420000000
1.6548609726 -0.3333232005 2.1284605074 1201.0700000000 193.8450000000
1.6676488825 -0.3710500768 2.1458722944 1206.9500000000 174.3660000000
1.6747211666 0.0502777055 2.0831957482 1235.7800000000 429.6360000000
1.6759627632 -0.0145120167 2.0893876761 1233.6200000000 388.4880000000
1.6809505565 -0.4223783229 2.2260194963 1191.1300000000 154.8490000000
1.7230310486 -0.3987264427 2.1743781752 1232.0500000000 159.8070000000
1.7481546490 -0.4058682990 2.1715712035 1249.4300000000 153.3840000000
1.8032719054 -0.5838527787 2.7937796845 1146.9200000000 139.5620000000
1.8447877921 -0.8170749283 2.9831766848 1135.7200000000 62.2302000000
1.8472576060 -0.8179338777 2.9826415138 1134.6200000000 62.0389000000
1.8557855552 -0.5444294105 2.7657367265 1177.6600000000 150.1960000000
1.8748563721 -0.8188035305 2.9864144690 1144.3100000000 61.8226000000
2.0243242675 -0.8133019731 2.8699077525 1232.9800000000 44.6286000000

gimbalangles:
0.0865475718 0.0011938976 -1.6080366956

end: