T_CW:
0.9616939653 -0.2555347588 0.0992305606 -0.9183203962
0.2460684377 0.9642518180 0.0983298297 -0.2780079551
-0.1208099378 -0.0701456948 0.9901941933 -0.1472409265
0.0000000000 0.0000000000 0.0000000000 1.0000000000


target_points_pix:
-1.0331073869 -0.1725875482 3.2669778411 114.7070000000 221.1730000000
-1.0166134182 -0.5796169006 2.7711151946 52.9771000000 23.3849000000
-1.0137422260 -0.3148410716 2.7631143889 21.9685000000 123.8140000000
-0.9774094700 -0.4469052077 2.7654156240 51.1377000000 76.6674000000
-0.9772275119 -0.3157669174 2.7633819744 35.5240000000 127.2680000000
-0.8459286703 -0.2132107697 2.7983286376 79.7717000000 182.0890000000
-0.8430253679 -0.2144756463 2.7954654730 79.6912000000 182.2090000000
-0.8171097145 -0.0752145312 2.8845446781 94.4191000000 245.6990000000
-0.8138558751 -0.0741342887 2.8795675883 94.7110000000 246.5660000000
-0.8065561433 -0.4119585445 2.7987032573 117.8560000000 109.4070000000
-0.8064009437 -0.4147735437 2.7991313940 117.3730000000 109.8880000000
-0.7812104469 -0.4285943336 2.8027170394 128.9400000000 106.0210000000
-0.7616526245 -0.4198496402 2.7999073919 134.5110000000 111.3770000000
-0.7421750776 -0.6123211976 2.7318336467 150.9100000000 29.7403000000
-0.6507625271 -0.2024356378 2.8069716485 152.3270000000 204.4250000000
-0.6313197664 -0.6139775517 2.8136345268 205.9770000000 50.5856000000
-0.6270945917 -0.5762533512 2.7983553961 200.3670000000 62.0187000000
-0.6229871547 -0.0886866572 2.8841165414 165.5010000000 257.5980000000
-0.6219489230 -0.0887120779 2.8827250969 165.3000000000 257.5970000000
-0.6085268355 -0.0668693430 2.7274987620 133.6310000000 257.3130000000
-0.5997714387 -0.0920681349 2.8821096503 173.0820000000 258.8110000000
-0.5918616120 -0.0925219599 2.8811463426 175.5710000000 258.6140000000
-0.5470731550 -0.3823475357 2.8015129048 209.4230000000 144.4910000000
-0.5469206313 -0.3801051694 2.7970977444 208.6020000000 144.5370000000
-0.5164908109 -0.1907325194 2.7791695175 194.6420000000 220.5390000000
-0.5111819150 -0.4188221120 2.8942045138 242.1680000000 146.2850000000
-0.5022980772 -0.2547186289 2.5823042066 164.2500000000 175.6100000000
-0.5017976924 -0.2538741291 2.5808110796 165.3730000000 177.3620000000
-0.4848755868 -0.2505833629 2.5579512523 163.9600000000 175.7540000000
-0.4798128696 -0.2706038407 2.5792028909 174.4270000000 172.3630000000
-0.4743675052 0.0184985586 2.1902941593 26.3320000000 264.4110000000
-0.4497309104 -0.0098458076 2.6689590873 174.2820000000 292.0150000000
-0.4490753259 -0.0074968620 2.6690126044 174.6050000000 292.6970000000
-0.4298198750 0.0201036433 2.1421903182 29.0445000000 267.2650000000
-0.4000509908 0.0423809905 2.4329353177 129.6280000000 303.8030000000
-0.3820906536 -0.1993672351 2.7877590113 248.9750000000 231.6420000000
-0.3815795653 -0.3746276947 2.7838255048 266.8070000000 160.7680000000
-0.3803620514 0.0437555771 2.4909853110 155.4960000000 311.7220000000
-0.3782106642 -0.3725592589 2.7783667610 269.9860000000 162.4980000000
-0.2933325510 -0.1993471662 2.7768147653 282.1510000000 238.6980000000
-0.2817996170 0.0013359526 2.7594752264 258.3130000000 320.2310000000
-0.2812724736 0.0043288908 2.7624989423 258.1120000000 320.8320000000
-0.2786554877 -0.1767918512 2.7568796473 279.9490000000 246.9120000000
-0.2745801609 -0.3779511063 2.7630073547 305.8890000000 168.0470000000
-0.2713397007 -0.3743815160 2.7595019849 306.1680000000 166.5640000000
-0.2596020638 -0.4372293169 2.7599836388 318.3920000000 145.9300000000
-0.2595563067 -0.0423253327 2.7612948076 272.1920000000 303.9420000000
-0.2593467873 -0.4372641030 2.7603582585 318.8730000000 144.9680000000
-0.2590256847 -0.0418091604 2.7600371559 272.1670000000 303.8140000000
-0.2581822553 -0.3047771819 2.7589400554 302.7960000000 197.6330000000
-0.2575333605 -0.4353990322 2.7578161964 318.1910000000 145.5280000000
-0.2560603024 -0.6971431178 2.7534813117 347.1330000000 41.2695000000
-0.2218064180 -0.5685923790 2.7606526025 347.2360000000 96.4419000000
-0.2206943328 -0.3045363549 2.7536686216 317.5050000000 201.2600000000
-0.2195000988 -0.4335687476 2.7434200978 332.8580000000 148.3580000000
-0.2115137427 -0.2000142568 2.7959203683 314.6640000000 245.9880000000
-0.2052629459 -0.4553983707 2.7893912827 344.9000000000 142.9860000000
-0.2047895872 -0.6355984582 2.7839860560 365.6130000000 77.1777000000
-0.2038939786 -0.6281140924 2.7774569704 365.2760000000 77.4178000000
-0.2030628581 -0.2004105509 2.7792765517 315.5330000000 246.8540000000
-0.2011070759 -0.6275601905 2.7732826370 365.0350000000 77.1767000000
-0.2002301983 -0.5468350039 2.7744600131 355.6900000000 108.6900000000
-0.1962038396 0.0643240699 2.2498720657 170.6140000000 327.7740000000
-0.1889806373 -0.6956339357 2.7670478954 375.2670000000 50.3533000000
-0.1883956954 -0.6973009932 2.7663254146 375.9720000000 49.4638000000
-0.1774704480 0.0698333873 2.7022922101 280.9080000000 355.8720000000
-0.1492318851 -0.7043090568 2.7633016987 391.3250000000 49.3795000000
-0.1061292165 0.0581556895 2.6961912612 308.9660000000 358.4820000000
-0.0991326591 0.0592351293 2.7532940019 321.9790000000 359.9300000000
-0.0759787554 -0.7095162702 2.7687336839 422.8020000000 54.1680000000
-0.0756563149 0.1190851701 2.7010077998 315.6290000000 388.7620000000
-0.0728019806 -0.5548893268 2.7106943940 396.6430000000 109.9560000000
-0.0723805335 0.1652356373 2.7006866972 308.6960000000 409.5190000000
-0.0705087731 -0.7084539559 2.7660578291 422.8060000000 56.4786000000
-0.0691820843 0.3064362118 2.6941576116 294.3300000000 470.0430000000
-0.0687250483 0.1190862405 2.6965391223 316.4090000000 388.9620000000
-0.0685476391 0.1684166934 2.6985460134 310.3910000000 409.9840000000
-0.0669172408 0.3098425749 2.6926591329 293.0850000000 469.4830000000
-0.0271331673 0.0212518794 2.7920938960 360.7560000000 355.1410000000
-0.0124824076 0.4295389103 2.3218472071 221.9680000000 538.1330000000
-0.0112051151 0.4272885164 2.3176916047 223.3760000000 537.7320000000
-0.0107800823 0.2432030879 2.6954687804 325.4540000000 446.0210000000
-0.0066890750 -0.4059994159 2.6467147066 398.4080000000 169.6130000000
-0.0057522047 0.1533240698 2.4981298432 303.3610000000 406.9790000000
-0.0056591652 0.4218110417 2.3105417208 225.3540000000 537.5390000000
-0.0031460827 -0.4057425339 2.6494494302 397.9260000000 168.8910000000
-0.0021323860 -0.4072811504 2.6624407051 403.5470000000 171.7030000000
0.0003794175 -0.8117981427 2.8113332917 467.5290000000 27.0429000000
0.0012443233 0.0838200802 2.4873622036 311.8650000000 372.9010000000
0.0013227660 0.0835474106 2.4856469807 313.3910000000 373.9430000000
0.0105611439 -0.3182126487 2.7535348288 410.0150000000 218.1930000000
0.0129634995 0.0271569824 2.7999609090 377.6130000000 361.9550000000
0.0149109063 -0.3197432376 2.7473803629 408.6120000000 218.7930000000
0.0164178675 -0.6627637358 2.9094836445 467.6390000000 101.6350000000
0.0200347401 0.4128335490 2.4394751068 267.0380000000 530.0270000000
0.0257753851 0.4088037117 2.4189700317 265.3010000000 530.6040000000
0.0285398642 0.1345363583 2.2461713585 268.2020000000 391.9490000000
0.0293418178 0.1631474002 2.1845972645 250.1200000000 407.9650000000
0.0295853206 -0.7946833757 2.7742191862 472.5500000000 31.4638000000
0.0337802581 0.1614669634 2.1803774416 249.6770000000 407.4840000000
0.0358561863 0.1703181558 2.7047272379 353.7920000000 421.9230000000
0.0381103263 0.3110413579 2.6966729151 338.4990000000 483.0500000000
0.0403243286 -0.3184936134 2.7530531750 421.2820000000 220.9920000000
0.0431925773 -0.8186269241 2.8400987305 485.5900000000 35.4956000000
0.0531505032 0.1090004087 1.9763354882 213.9110000000 371.8920000000
0.0551774632 -0.7018499463 2.7593681922 473.3660000000 67.2414000000
0.0599252323 -0.8013623092 2.7955992657 486.5920000000 35.4972000000
0.0702457365 -0.6469253514 2.8159357619 480.6270000000 99.0062000000
0.0732897889 0.4046909229 2.7789286905 353.5390000000 524.4720000000
0.0736242708 0.4045651578 2.7793033102 353.7800000000 524.2310000000
0.0754227127 0.4026010804 2.7824875774 354.5420000000 525.0720000000
0.0760558200 -0.1816276560 2.7835579193 423.0620000000 282.1330000000
0.0768636605 -0.1812714997 2.7877590113 424.5060000000 283.0950000000
0.0799358094 0.5887469171 2.0598221569 174.2670000000 656.9750000000
0.0840924822 0.0657877625 2.6956293317 386.6470000000 381.9760000000
0.0850884353 0.5664918330 1.7779315608 77.0071000000 678.7610000000
0.0911661043 0.2190160367 2.6906790004 369.6840000000 449.3040000000
0.0915019240 0.2191187895 2.6910536201 369.6040000000 448.0230000000
0.0937442903 0.2190880172 2.6873609405 369.3950000000 449.3040000000
0.1018938736 0.5725686992 2.0146644318 174.8460000000 656.9750000000
0.1043968681 0.5711665513 2.0156384430 174.9920000000 656.7340000000
0.1063526504 0.5734784898 1.7319336174 68.7017000000 695.5780000000
0.1266088710 -0.6057653534 2.8456109913 497.7350000000 124.7200000000
0.1353123562 0.2627456580 2.6946927825 383.6440000000 472.8370000000
0.1359625889 -0.6139936068 2.8267729737 499.4120000000 119.2310000000
0.1415305075 0.1910517489 2.6931943039 393.6740000000 442.0190000000
0.1434498981 0.1343733987 2.6995628382 402.8980000000 417.6050000000
0.1486865459 -0.4474243235 2.7831030240 482.7640000000 182.8050000000
0.1501662936 0.0671551243 2.6933280966 413.7230000000 389.9890000000
0.1540628733 0.0620964208 2.6919901692 414.4440000000 388.7880000000
0.1661917202 -0.5950753136 2.8452898887 511.7710000000 132.7500000000
0.1883370942 -0.6110769251 2.8282179353 520.7800000000 125.7470000000
0.1918178461 -0.6107370916 2.8268532494 521.6400000000 127.6230000000
0.1938159068 0.1901874478 2.6893945901 415.8920000000 447.8620000000
0.2034872487 0.5340310389 2.0412276421 244.3790000000 648.2420000000
0.2048984945 0.5352458769 2.0430097614 245.2470000000 648.2400000000
0.2079016063 -0.8445746878 3.1962282411 578.7060000000 86.1339000000
0.2106467657 0.0618588049 2.6968869834 439.7860000000 394.9960000000
0.2240273775 -0.1816809055 2.7841466073 482.2420000000 298.0210000000
0.2266609537 0.2243308194 2.6921239620 426.9570000000 466.8280000000
0.2288995738 -0.3338155578 2.8504542884 508.8590000000 243.9050000000
0.2319880454 0.2444928499 2.6899832782 424.7500000000 476.0320000000
0.2338702416 0.2049782350 2.6923112718 431.7690000000 459.0250000000
0.2339331242 -0.1846853552 2.7795441371 489.4550000000 296.5840000000
0.2415662675 -0.1883344183 2.7851901907 490.8570000000 296.9440000000
0.2441760287 0.1584309386 2.6762026261 438.9860000000 436.3360000000
0.2524369275 -0.5792235500 2.8396973523 541.8350000000 145.8020000000
0.2547702729 0.0643243375 2.6961109856 457.0230000000 400.8010000000
0.2578582093 0.2933539579 2.6987333232 431.7600000000 500.0370000000
0.2586039700 0.1389541945 2.6986530476 449.8090000000 433.0140000000
0.2616461493 0.2063645953 2.6915352739 442.1590000000 463.1290000000
0.2618358674 0.2655376448 2.6937829919 436.0930000000 488.1930000000
0.2663717088 0.2063908187 2.6868525281 443.3130000000 463.7050000000
0.2715885552 0.2250741718 2.6934886479 444.7540000000 472.3470000000
0.2814865420 0.1934768760 2.7008204899 452.8130000000 459.0220000000
0.2891368108 -0.5380100349 2.8327936470 554.2690000000 165.4420000000
0.3223361408 -0.2714253281 2.8684895495 539.9210000000 276.9510000000
0.3234038069 -0.2712513975 2.8684360324 539.9210000000 277.1510000000
0.3342062326 0.2096023796 2.6901170709 472.6470000000 472.8220000000
0.3344577629 0.2099828861 2.6892875559 472.8470000000 473.0210000000
0.3349661753 0.1501992066 2.6954420219 480.8650000000 447.0160000000
0.3405480084 0.3097596235 2.6866919768 461.8150000000 517.0290000000
0.3474410103 -0.5360111714 2.8527555235 577.9030000000 173.8710000000
0.3558271391 -0.5505303593 2.8430154122 580.5090000000 167.4810000000
0.3563034412 0.1131148030 2.6908127931 493.8070000000 433.4520000000
0.3586715727 0.1143612161 2.6926858915 494.2880000000 434.4120000000
0.3611949037 0.2553624395 2.6932745795 478.6510000000 495.6220000000
0.3743012404 0.0747780993 2.6984657378 506.9070000000 419.0080000000
0.3758345052 -0.5492967903 2.8576790963 590.3130000000 171.4780000000
0.3780153268 0.1660488295 2.6986798061 495.8870000000 458.0150000000
0.3784809255 -0.5475146710 2.8502669786 590.3130000000 171.2370000000
0.3863372351 -0.8335127042 3.1508992614 639.4940000000 100.6170000000
0.3883949674 0.3540958611 2.0827301495 388.4230000000 568.8730000000
0.4024940462 0.1936510742 2.6952279535 503.8950000000 474.0140000000
0.4065854281 0.1124891881 2.6920704449 516.9180000000 440.0100000000
0.4075621151 0.1147460040 2.6988403574 516.5900000000 440.6500000000
0.4662382584 -0.1671330859 2.7599568803 578.8550000000 328.3100000000
0.4668644084 0.0606763447 2.7223611208 549.9550000000 423.0050000000
0.4688953822 -0.1924488126 2.7562642007 581.7350000000 318.2270000000
0.4712474585 -0.1885688232 2.7568528887 582.9760000000 318.9880000000
0.4776320480 -0.2618002785 2.7557557883 593.9750000000 288.9780000000
0.4779959642 -0.2647702097 2.7548727562 593.9750000000 287.9770000000
0.4821810011 0.2501678027 2.6499016496 526.9510000000 508.3240000000
0.4823362007 0.2458765344 2.6495002714 528.6810000000 508.0350000000
0.4833851357 0.0771818197 2.7123801825 554.3580000000 432.0050000000
0.4927934411 -0.2953635248 2.7545784122 603.0490000000 276.4540000000
0.4929432890 -0.4257365207 2.7535615874 618.5880000000 222.8580000000
0.4931948193 -0.4253217632 2.7552741344 618.9640000000 222.9460000000
0.4932269296 -0.5567704527 2.7547657220 632.3400000000 167.9020000000
0.4940350377 -0.5573564649 2.7569064058 632.9400000000 167.9020000000
0.5123592911 0.4870376775 2.1281126463 443.6780000000 663.0400000000
0.5194262236 0.2957301169 2.1307109013 477.8240000000 554.0210000000
0.5245049959 0.1794711846 2.6767110385 557.9480000000 481.9970000000
0.5275420911 -0.2947908919 2.7551671002 619.1860000000 280.7810000000
0.5284144197 -0.0344406591 2.7549262733 588.9850000000 391.0010000000
0.5292599898 -0.0335102644 2.7536418630 589.1850000000 391.2020000000
0.5323960916 0.2775236011 2.1337961618 488.8460000000 545.0160000000
0.5326984632 0.2794609199 2.1353535093 489.4460000000 545.7760000000
0.5473648232 -0.9600057106 2.9226756085 702.5820000000 35.7552000000
0.5476404362 0.1162005987 2.7069214388 577.1680000000 455.9970000000
0.5491763768 0.1936446521 2.6831063314 565.1500000000 490.7930000000
0.5495349414 0.0512728559 2.7618032200 588.9410000000 427.6790000000
0.5653545947 0.1156905808 2.7116309432 583.9710000000 457.9950000000
0.5661787580 -0.9327066403 2.9148353541 707.8720000000 47.7826000000
0.5673266997 -0.0325185926 2.7624186666 606.2320000000 396.0000000000
0.5677093469 -0.1640545150 2.7660043120 620.3960000000 339.5980000000
0.5682846557 -0.1638816547 2.7644523163 620.9970000000 339.9980000000
0.5685094275 -0.6885268654 2.7592611580 678.9250000000 122.8780000000
0.5686860339 -0.4262770433 2.7649339701 650.3770000000 230.3650000000
0.5950672861 0.2880316828 2.1281099705 521.8790000000 560.9940000000
0.5974568244 0.2141660499 2.6800023399 584.9550000000 504.9800000000
0.5987733449 0.4633483353 2.1250113306 495.3620000000 664.7870000000
0.6034079254 -0.0328803682 2.7702589211 621.5950000000 399.5980000000
0.6048288042 -0.0323989819 2.7639171453 620.9950000000 399.9980000000
0.6056449399 -0.2953474697 2.7665394830 651.5940000000 289.1920000000
0.6057600017 -0.2945661201 2.7616159102 650.8740000000 289.4320000000
0.6059098496 -0.4260736784 2.7651212800 665.9800000000 234.9730000000
0.6085669733 -0.5576481330 2.7683055471 680.3570000000 179.9400000000
0.6092412887 0.4209547682 2.1305075363 509.5620000000 642.7950000000
0.6111572008 0.4197238750 2.1237724099 508.6030000000 640.7810000000
0.6125245625 0.2918019621 2.1255304465 530.3800000000 566.7710000000
0.6159630359 -0.2429633313 2.7356868775 649.1970000000 309.5960000000
0.6219061094 -0.2116247906 2.7410385871 646.9990000000 324.9990000000
0.6253231759 -0.1272401051 2.7753162866 641.0000000000 363.0000000000
0.6266905377 0.0361186876 2.7736572567 622.9900000000 430.9910000000
0.6267601099 -0.1247705587 2.7672887223 640.8000000000 362.4000000000
0.6281033890 0.0327717285 2.7749684255 623.7980000000 430.2630000000
0.6299631080 -0.1211894623 2.7642917650 640.8000000000 362.8800000000
0.6312555459 -0.6091101719 2.7788484149 696.3310000000 160.6350000000
0.6355743755 0.1978259428 2.6984389792 603.9620000000 502.9720000000
0.6364493800 0.2137392511 2.6924985816 601.1580000000 509.9700000000
0.6368079445 -0.2920026512 2.7623383910 663.5950000000 293.9950000000
0.6439578285 -0.8129005949 2.7842268830 722.7770000000 81.9306000000
0.6503557972 -0.4802838201 2.7479690509 689.9710000000 214.7700000000
0.6508668855 -0.4805540814 2.7554882028 689.7320000000 215.9700000000
0.6524055020 -0.6492319382 2.7952246461 709.8590000000 149.6870000000
0.6531574172 -0.6457051616 2.7675563078 710.1460000000 148.5340000000
0.6553221837 -0.2820003061 2.7694294061 670.9950000000 299.9970000000
0.6728784668 -0.5393559899 2.7545248951 705.5590000000 191.9610000000
0.6729052253 -0.1965361808 2.7490661514 668.3980000000 337.2000000000
0.6731166178 -0.4134918093 2.7985962231 694.9800000000 250.9890000000
0.6760011893 -1.0376777469 3.0983454738 760.1800000000 41.2814000000
0.6795466968 0.1145332736 2.7586724700 634.9770000000 470.9730000000
0.6832554315 -0.3634667044 2.7530531750 691.1850000000 267.5930000000
0.6855299081 -0.4013006150 2.7525180040 696.9400000000 251.9890000000
0.6935280380 0.4262636641 2.1257552183 554.2280000000 658.7300000000
0.6993988633 0.0306834914 2.8850798491 658.3530000000 438.8910000000
0.7012773134 -0.4766767678 2.7521701429 712.9670000000 222.9810000000
0.7025751030 0.0315579608 2.8792464857 659.5040000000 439.1790000000
0.7044482013 -0.5522937476 2.7810693744 721.1540000000 191.9660000000
0.7048923932 0.0328132042 2.8818688233 659.9840000000 438.9790000000
0.7054115090 0.2861425293 2.1265419196 584.3120000000 578.3460000000
0.7054730537 -1.0387909025 3.0768583601 775.7270000000 43.0223000000
0.7057861287 0.2864796870 2.1258515490 583.9120000000 577.9460000000
0.7061768035 0.3212497438 2.1259559074 578.7740000000 598.9790000000
0.7130350192 -1.0396685828 3.0849394415 776.0140000000 41.5800000000
0.7131072673 -1.0449266374 3.0920304566 776.8530000000 41.8210000000
0.7156573569 -0.1779098233 2.7439552688 684.2810000000 347.3270000000
0.7197460630 -0.1872389234 2.7510195253 685.9920000000 345.9990000000
0.7206076882 0.1560724402 2.9173774161 655.1660000000 490.7540000000
0.7208833013 0.4272671096 2.1238928233 570.8330000000 662.9110000000
0.7224192419 0.4253619010 2.1243503945 571.8030000000 661.7340000000
0.7224674073 0.1558396408 2.9076640633 654.9650000000 491.9540000000
0.7226466895 0.4229884178 2.1178400399 571.5140000000 662.3100000000
0.7288065072 0.3430445809 2.1271306076 588.8850000000 614.9210000000
0.7379632822 -0.1861356685 2.7423497559 693.5890000000 347.9990000000
0.7508394953 -0.2797686432 2.7836649535 710.9810000000 312.0010000000
0.7511820048 -0.2782086199 2.7764401456 711.3410000000 312.4810000000
0.7516930930 0.2854601863 2.1268549946 609.8950000000 587.4420000000
0.7528437106 0.2848527673 2.1240721056 611.9130000000 585.5210000000
0.7535902740 -0.5081555233 2.7519293160 736.7530000000 214.7840000000
0.7547569467 0.3397720105 2.1223809654 602.9570000000 618.5310000000
0.7551770559 -0.1018481165 2.9019912512 697.9810000000 389.9880000000
0.7554874551 -0.5097744154 2.7585386772 737.2320000000 214.5440000000
0.7562955632 -0.5158646609 2.7580302648 737.9510000000 211.1820000000
0.7563169701 0.3411821860 2.1228947295 604.8840000000 619.9050000000
0.7584870883 -0.8345776944 2.7615088760 773.8760000000 79.0771000000
0.7643391826 -0.9246897794 2.9537690409 781.7880000000 71.8711000000
0.7650375807 -0.0861055277 2.9089484736 698.9790000000 397.9850000000
0.7726530634 -0.7339227415 2.7559163396 768.8590000000 120.8850000000
0.7814646531 -0.6955830945 2.9679510711 767.9160000000 163.1620000000
0.7837096953 -0.3425281409 2.7512335937 731.9670000000 287.0010000000
0.7874987056 0.2593783623 2.2999720944 645.5250000000 565.1110000000
0.7909077446 -0.2707590403 2.7774569704 726.9710000000 320.0000000000
0.7919994933 0.4239169394 2.1227823436 611.5430000000 675.5080000000
0.8026065816 0.2017003129 2.8461194037 682.4980000000 521.2000000000
0.8034013105 -0.4160017610 2.7472733287 747.9520000000 257.9990000000
0.8047740240 -0.4104654175 2.7439017517 748.7520000000 260.4000000000
0.8050924507 0.2017958409 2.8419718288 682.7360000000 523.1180000000
0.8071261003 -0.5109705225 2.7469522261 760.2560000000 217.4300000000
0.8071822933 -0.5179732344 2.7505646300 760.9360000000 215.9900000000
0.8076077542 -0.3619601982 2.7491464270 743.9570000000 280.8020000000
0.8078887189 -0.7371444707 2.7397274182 786.8870000000 122.9350000000
0.8088413232 0.2133485763 2.7921741716 680.9340000000 527.9160000000
0.8113780336 -0.1691715520 2.7603582585 725.7270000000 364.5990000000
0.8140752952 -0.0118081725 2.8443265810 709.8810000000 433.4050000000
0.8142064120 -0.0121657737 2.8423999656 709.9610000000 432.9650000000
0.8145087836 -0.1683489943 2.7590738482 725.7270000000 365.7510000000
0.8146238454 -0.0123665431 2.8491163610 710.1690000000 433.6930000000
0.8197186729 0.2649604630 2.1280885636 651.5080000000 585.4910000000
0.8283590079 -0.2658319889 2.7889899045 743.9560000000 327.5980000000
0.8292928812 0.2616729078 2.7268833154 682.4760000000 554.5810000000
0.8299912793 0.2619255085 2.7299070312 682.7160000000 554.2930000000
0.8313800479 -0.1543727372 2.7613750833 730.9610000000 371.9870000000
0.8314255374 0.2633589639 2.7387105934 682.9160000000 554.8930000000
0.8379385679 -0.3932703748 2.7507519399 758.5360000000 269.5700000000
0.8421423358 -0.3907738023 2.7543108267 761.9410000000 272.4020000000
0.8486714214 -0.7467936029 2.7525982797 804.8720000000 123.9420000000
0.8555992094 -0.3692947161 2.7516617305 765.9380000000 284.0020000000
0.8630541408 -0.1568190037 2.7676365834 746.9460000000 375.9820000000
0.8666879515 -0.0886331401 2.7827284043 738.6660000000 406.0500000000
0.8671348193 -0.0864549944 2.7796244128 739.1450000000 406.7700000000
0.8688473663 -0.0838813572 2.7816848209 739.5290000000 406.0500000000
0.8710683258 -0.7391058722 2.7461494697 812.0260000000 128.1080000000
0.8740599314 -0.3942871996 2.7608131538 775.1280000000 276.0020000000
0.8751249216 -0.4823201455 2.7588865383 783.5180000000 237.5990000000
0.8806960512 -0.2527352853 2.7760922845 764.3350000000 338.3930000000
0.8829116590 -0.3965697037 2.7544981365 779.9230000000 275.0020000000
0.8829571485 -0.2582178441 2.7892039728 764.9350000000 335.9940000000
0.8909392233 -0.3224485267 2.7526785553 775.1270000000 306.0000000000
0.8956433760 -0.5296346095 2.7511533181 800.2970000000 219.5970000000
0.8984289408 -0.5321418854 2.7666197586 799.8980000000 219.9970000000
0.9021644340 -0.2920989820 2.7786075880 776.0840000000 322.5560000000
0.9039197947 -0.2935118333 2.7817383380 777.9220000000 322.9950000000
0.9062986296 -0.4147762196 2.7506984228 791.9100000000 267.8420000000
0.9076713431 -0.4171470269 2.7520095916 792.9080000000 269.0020000000
0.9189902088 -0.9165150431 2.9698776866 840.7840000000 90.6395000000
0.9227551364 -0.9661441214 2.7405569332 855.1510000000 37.8685000000
0.9243445942 -0.9670940499 2.7284353111 859.4650000000 32.9661000000
0.9367043673 -0.5853218230 2.7422159632 825.8480000000 200.4420000000
0.9406057636 -0.5914950199 2.7559966152 826.8630000000 199.9940000000
0.9525427517 -0.0802159714 2.8757946330 773.9020000000 419.9490000000
0.9668184368 0.0942575193 2.8284587622 760.6810000000 495.4950000000
0.9909038056 -0.1751199772 2.9235853991 800.5170000000 387.3210000000
0.9927876073 -0.1736279206 2.9174041746 799.9420000000 387.0330000000
0.9961083431 -0.1734058246 2.9229967111 801.8750000000 387.9600000000
1.0058056408 -0.0761783741 2.9125876361 795.8680000000 427.9340000000
1.0109780680 -0.3409841727 2.9800191761 825.4570000000 325.1860000000
1.0130866416 0.0506277073 2.8362187411 787.8540000000 479.8940000000
1.0131615655 0.1427662172 2.8417845190 775.7170000000 521.7160000000
1.0133007100 0.1463986900 2.8385199762 776.0040000000 522.5790000000
1.0137850397 -0.3393090876 2.9542239362 825.8570000000 325.9860000000
1.0144352724 0.0476575085 2.8335964034 787.8210000000 480.2770000000
1.0147028579 0.1503295207 2.8363525338 775.8440000000 522.8590000000
1.0187781847 -0.4032539889 2.9701720306 833.8490000000 299.9940000000
1.0620333770 0.0979978291 2.8341583329 801.6070000000 507.8890000000
1.0727046858 0.4269700897 2.7289437235 771.5740000000 659.2290000000
1.0727635546 -0.1696473190 2.9129622557 832.7190000000 397.3820000000
1.0741309163 0.4267854557 2.7303619266 772.1480000000 659.8040000000
1.0767532540 0.4284926511 2.7391387302 771.3350000000 658.5100000000
1.0822360804 -0.0715684115 2.9158789374 827.8130000000 437.6710000000
1.0840850961 -0.0717749875 2.9148621126 827.8130000000 437.9110000000
1.1071322332 0.4198121782 2.6605087379 790.7000000000 664.6830000000
1.1096609159 -0.1646362458 2.9115172941 848.7920000000 402.9310000000
1.1102576315 -0.1667718455 2.9065134457 849.3910000000 403.1300000000
1.1232167962 -0.3670015086 2.7632214231 881.7630000000 312.9780000000
1.1381667967 0.2747674707 2.7663521731 819.0780000000 595.9010000000
1.1580965630 -0.0666381491 2.9139790805 857.9920000000 447.7250000000
1.1597877032 -0.0658685733 2.9151296981 858.9500000000 448.6840000000
1.1899793725 -0.3546658181 2.7291577919 912.0820000000 323.0990000000
1.1979882059 -0.3643898743 2.7724798806 912.6570000000 323.9620000000
1.1986919557 0.1398203687 2.1866335900 891.5950000000 568.7140000000
1.1987829347 -0.1771161648 2.8826983383 890.1090000000 406.7080000000
1.1999041179 -0.3601085067 2.7622581154 914.0940000000 323.9610000000
1.2038804380 0.3857779815 2.6748085058 838.4210000000 660.8390000000
1.2072306082 0.3870757710 2.5434240368 844.8750000000 673.5350000000
1.2114745139 0.1400108896 2.2470303079 892.9690000000 568.2260000000
1.2173881529 0.1258754192 2.4813120960 885.2240000000 550.5440000000
1.2195341884 0.3765543101 2.7339475719 843.4580000000 653.4030000000
1.2195555953 0.3772152462 2.7394598328 842.8830000000 654.5540000000
1.2196144641 -0.0094754425 2.8334893692 883.8400000000 479.3550000000
1.2216213551 0.1275119719 2.5039043378 883.6290000000 549.7470000000
1.2251775661 0.2171662183 2.8171666551 861.2530000000 578.1280000000
1.2252792486 0.2147710607 2.8271743520 860.7730000000 578.6070000000
1.2283350747 -0.7278993924 2.9594150944 952.9280000000 194.3860000000
1.2308022128 0.0949992662 2.7124336996 881.6490000000 528.7760000000
1.2318779064 -0.3068777279 2.7861802570 922.7040000000 351.2990000000
1.2322123883 0.0044014332 2.7626059765 888.6640000000 486.8230000000
1.2412862118 -0.1977879456 2.9047473816 908.6700000000 403.9010000000
1.2443554172 0.1065945477 2.6991079429 889.5460000000 537.1670000000
1.2464318805 0.1064599522 2.7118717701 889.5460000000 536.8790000000
1.2611116198 -0.1051436992 2.9147550784 905.6550000000 442.8620000000
1.2630756972 -0.8559818566 2.8267997323 989.5860000000 128.9570000000
1.2632228692 0.0027812299 2.7144138322 906.8210000000 490.6060000000
1.2671965135 0.0023667507 2.7449453350 908.6160000000 491.8030000000
1.2707955382 -0.8613228627 2.8554581368 990.3050000000 128.1170000000
1.2713976055 -0.8646757088 2.8565819958 989.5860000000 128.3570000000
1.2754194152 0.1537187583 2.1470362912 941.2160000000 592.9170000000
1.2809049175 -0.3203399532 2.7470860188 949.6020000000 350.9270000000
1.2872252864 0.2330091516 2.0596134402 942.5990000000 649.9510000000
1.2887639029 0.1589240986 2.1536162181 945.0440000000 594.8310000000
1.2894890595 -0.3339948401 2.7526250382 952.8760000000 346.9690000000
1.2898904378 -0.3305322840 2.7500027005 953.5940000000 346.9280000000
1.2912604754 -0.3546738457 2.7420554119 958.6260000000 338.3330000000
1.2970751078 0.3977015903 2.7706602993 875.6320000000 670.0520000000
1.3017391227 -0.2070215177 2.7938332016 940.3970000000 403.0840000000
1.3052284373 -0.2921846094 3.2763165743 921.2520000000 382.9540000000
1.3111768624 -0.8159457176 3.2431359752 971.6090000000 192.9420000000
1.3168657296 -0.6365376832 3.2619472342 955.7840000000 259.1780000000
1.3177300307 -0.6378568796 3.2658272236 955.6250000000 258.9780000000
1.3195148259 -0.8322523766 3.3299407037 970.7460000000 193.5180000000
1.3209517599 0.1081773158 2.7573077840 918.7520000000 544.5260000000
1.3210882285 -0.5472363821 2.7506449057 990.7440000000 256.7660000000
1.3218026817 -0.1542499155 2.7561036494 948.5620000000 427.8530000000
1.3221023774 -0.0231359755 2.7552741344 933.5610000000 485.7930000000
1.3223432043 -0.0229919074 2.7588597798 934.1200000000 485.0730000000
1.3230924437 -0.4164165185 2.7545516536 977.5520000000 313.1420000000
1.3247434461 -0.5492887627 2.7630073547 990.2660000000 256.2860000000
1.3251234174 -0.6794530419 2.7553008930 1005.5300000000 200.9710000000
1.3255863403 0.1636713326 2.0540770967 978.5410000000 613.0130000000
1.3264158553 0.1610275880 2.0540824484 979.3390000000 612.5730000000
1.3277939205 0.1643694631 2.0606222374 978.5410000000 612.7730000000
1.3385508567 0.1155262833 2.3184756301 961.4250000000 568.6550000000
1.3397683706 -0.3196040931 2.7529728993 973.5410000000 356.9100000000
1.3580578379 0.1084692515 2.7558360639 935.5080000000 548.7060000000
1.3584913264 -0.0226450096 2.7561036494 950.5150000000 490.7740000000
1.3593261931 0.3695596257 2.7613215662 906.6700000000 666.2820000000
1.3594599858 -0.4164620081 2.7531334506 993.1120000000 316.7320000000
1.3600700807 -0.5472497614 2.7541770340 1006.9300000000 260.8860000000
1.3603938591 -0.1544532805 2.7558093054 965.5170000000 431.8380000000
1.3633212442 -0.6796028898 2.7581372990 1021.8900000000 204.4450000000
1.3749986744 -0.2786367567 2.5124403145 1009.8400000000 373.0740000000
1.3809069617 0.1519045288 2.1310320039 1007.2700000000 610.5510000000
1.3818836487 -0.3077607599 2.7595287435 990.6910000000 367.0910000000
1.3842009389 -0.0835385803 2.7639439039 970.0430000000 464.9140000000
1.3877196880 -0.8120068594 2.7683590642 1044.9000000000 152.0130000000
1.3895205382 -0.0990695089 2.5079047407 996.4160000000 460.7810000000
1.3913695539 -0.0943321756 2.1228385366 1048.2700000000 463.7380000000
1.3976283782 -0.8400578449 2.7989173256 1050.6500000000 143.9440000000
1.3997770895 -0.2586149410 2.7782062098 991.3460000000 393.8480000000
1.4004861910 -0.1657130097 2.7756106306 982.2740000000 431.8270000000
1.4008875693 -1.1887886172 3.1394466030 1043.5000000000 54.5958000000
1.4010106586 -1.2236282462 3.0122097090 1064.4800000000 21.8201000000
1.4011578306 -0.1667450869 2.1171041798 1066.0500000000 420.9820000000
1.4018187667 -0.1653124343 2.7810961329 982.7050000000 431.8260000000
1.4060733758 -0.6544605584 2.7751022182 1036.2500000000 220.7570000000
1.4096322626 0.0055825823 2.7781259341 968.5740000000 509.4950000000
1.4097259176 0.0078733013 2.7793835858 967.8560000000 509.7350000000
1.4135871760 -0.0924644290 2.1249364067 1061.9500000000 467.7230000000
1.4142347328 0.2090813907 2.0451290383 1032.5000000000 659.5490000000
1.4142748707 0.1631623850 2.0545962125 1039.5600000000 629.4930000000
1.4145718905 0.1618100080 2.0481340232 1039.1600000000 629.4940000000
1.4154014055 0.2097626633 2.0461806493 1031.6300000000 660.4120000000
1.4168329878 0.1606088168 2.0507617126 1038.8400000000 628.7750000000
1.4172022558 0.2109159567 2.0476443418 1031.1500000000 660.6520000000
1.4187328447 0.1628431555 2.0605366101 1037.6900000000 631.9390000000
1.4339022654 -0.6004029405 2.7365163925 1050.6000000000 244.7430000000
1.4524352355 -0.6781258180 2.8056337211 1053.4900000000 218.8290000000
1.4750381807 -0.7179318334 2.7148152104 1082.3500000000 194.9360000000
1.4765527145 -0.7585860949 2.7157250010 1086.5500000000 177.5330000000
1.4812809498 -0.7597741744 2.7229230503 1086.5500000000 177.0530000000
1.4880134004 0.1566143008 2.0444226127 1089.3800000000 640.5220000000
1.4908364272 0.1558720187 2.0436492907 1091.0000000000 639.4350000000
1.5070895690 -0.3837871455 2.2351869747 1137.8800000000 317.7920000000
1.5184780069 -0.5543407765 2.7477549825 1081.7100000000 273.5110000000
1.5221974450 -0.5540812186 2.7598766046 1081.0300000000 276.3900000000
1.5295052044 -0.3678470787 2.2514561717 1144.7600000000 329.8720000000
1.5477625615 -0.6604865834 2.7139321783 1110.9400000000 228.8720000000
1.5490844337 -0.6515599319 2.6973686373 1110.3700000000 228.0090000000
1.5502243478 -0.4352652395 2.2093810314 1174.0900000000 293.5910000000
1.5621185223 0.1540082858 2.0333980910 1142.4500000000 653.3750000000
1.5634858841 0.1323905904 2.0860856714 1131.9000000000 632.4140000000
1.5663998899 0.1318428429 2.0906399762 1132.8900000000 631.8140000000
1.5689874415 -0.0367962140 2.1098793719 1154.9100000000 526.5620000000
1.5728915136 -0.0322039121 2.1061759889 1156.6700000000 528.3260000000
1.5731376922 -0.0357644044 2.1170908005 1155.7100000000 527.5590000000
1.5782351955 -0.5296372853 2.7605990854 1103.7200000000 292.2050000000
1.5882696509 0.0893821119 2.0951675224 1153.2500000000 610.2320000000
1.5891152210 -0.0155031800 2.1039523536 1167.6600000000 544.3240000000
1.5893587238 0.0500523986 2.0989431535 1158.8600000000 584.4680000000
1.5986706984 -0.6470751993 2.7567726131 1127.2100000000 242.8960000000
1.6011619191 -0.6483167959 2.7599301217 1127.2100000000 243.4960000000
1.6119456139 -1.2208801434 3.0562007613 1144.3200000000 48.8059000000
1.6134708511 -1.2209764741 3.0630509495 1144.1200000000 47.3241000000
1.6200347228 -0.3359535657 2.1262261687 1225.2700000000 354.9320000000
1.6208160724 -0.3359856760 2.1306279498 1224.8700000000 354.7320000000
1.6507562114 0.0247294202 2.0898800334 1203.5400000000 580.2430000000
1.6548609726 -0.3333232005 2.1284605074 1246.8100000000 361.7050000000
1.6604133712 -1.2425304843 3.0097746811 1171.4500000000 34.3189000000
1.6695942289 -1.2616066529 2.9417812115 1188.2800000000 21.7193000000
1.6759627632 -0.0145120167 2.0893876761 1226.3000000000 559.8580000000
1.6809505565 -0.4223783229 2.2260194963 1247.8500000000 320.7420000000
1.6943672923 -1.1778095851 2.9575419961 1188.4400000000 54.9709000000
1.6986085221 -1.1814487475 2.9677370028 1188.1000000000 56.7977000000
1.7499528234 -0.9547877938 2.9441359637 1194.3300000000 149.6040000000
1.7643890598 -1.2317173552 2.9654090091 1220.3300000000 44.3572000000
1.7707228080 -1.2145356917 3.0020949779 1217.2000000000 54.9369000000
1.7756303257 -1.2566375906 3.0024160805 1222.0100000000 40.5089000000
1.7781964704 -1.2493111002 3.0174543843 1220.9000000000 44.6449000000
1.7866842817 -1.0471797072 2.9545450388 1217.1300000000 115.0010000000
1.7902672512 -0.9131140317 2.9659709386 1203.8900000000 170.2400000000
1.7946824116 -0.9186905130 2.9699044451 1204.3700000000 171.2000000000
1.8032719054 -0.5838527787 2.7937796845 1207.1200000000 295.0000000000
1.8447877921 -0.8170749283 2.9831766848 1217.2600000000 217.2660000000
1.8472576060 -0.8179338777 2.9826415138 1215.5300000000 215.8280000000
1.8552771428 -1.0203060977 2.9541169020 1243.2200000000 132.2610000000

gimbalangles:
0.1022415283 -0.2590391341 -1.6064618719

end: