T_CW:
0.9623573352 0.0411048804 0.2686610283 -0.6800181440
-0.0480566459 0.9986572106 0.0193477278 0.1607327899
-0.2675049871 -0.0315303757 0.9630404547 -0.2040847208
0.0000000000 0.0000000000 0.0000000000 1.0000000000


target_points_pix:
-2.8527555235 -1.1782698321 3.3027005022 199.1920000000 370.2630000000
-2.1638620660 -0.3041403284 1.7753841470 -75.2874000000 508.9920000000
-2.1453772613 -1.8096003019 2.2254762978 81.1896000000 125.2280000000
-2.1320220701 -1.2422361402 3.2871002690 300.0050000000 342.8140000000
-2.1176875161 -1.6456747632 3.3081057289 304.3900000000 271.6830000000
-2.0419849090 -1.3203684235 3.1896723970 299.8100000000 322.4020000000
-1.9942610393 -1.7729196848 3.2044431153 302.7230000000 235.1210000000
-1.9911650753 -1.7762029586 2.8438716857 249.3820000000 203.5290000000
-1.9707563310 -0.0346400103 1.7889105929 -27.8062000000 592.9680000000
-1.9680778004 -1.6703755785 2.5108883187 185.8990000000 187.5620000000
-1.9463177494 -0.0877067592 1.7211472468 -50.0503000000 578.1950000000
-1.9202522482 -1.7282944549 2.3817381885 164.4970000000 158.0960000000
-1.8264876213 0.2612180125 1.7446546309 -11.6391000000 694.8450000000
-1.7949821073 -0.3360311655 3.4639207518 377.1440000000 507.8730000000
-1.6625406757 -1.7167133555 2.7715165728 289.3520000000 194.8210000000
-1.5419238464 -0.3087561779 3.1375735047 378.3010000000 507.4290000000
-1.5015692806 0.6283682986 1.5110551858 -33.6058000000 866.7980000000
-1.5015077360 -1.6971876432 1.7579830635 65.8583000000 26.3744000000
-1.4933998961 -1.6903026689 1.7459631239 65.8583000000 26.3744000000
-1.4769540927 -1.9472623262 2.5568247175 286.5750000000 105.3220000000
-1.4764269493 -1.5463630894 3.3374866142 407.9340000000 272.5530000000
-1.4729750966 -1.7868127227 2.0811808296 176.8840000000 67.0627000000
-1.4724238705 -1.7856219674 2.1587110455 198.7940000000 81.9483000000
-1.4675190288 -1.7815894542 2.3133486924 238.0210000000 109.6870000000
-1.4668473892 -2.1816029831 2.0559769536 170.6270000000 -50.7314000000
-1.4652231454 -1.7836926761 1.9573770572 143.2980000000 42.3350000000
-1.4645408024 -1.7821620872 2.2299690579 219.1160000000 95.5782000000
-1.4637755079 -1.8276997836 3.1353793038 384.0390000000 202.0050000000
-1.4635400327 -2.1794034304 2.0536676909 171.3670000000 -50.9278000000
-1.4634918673 -1.9072663250 2.4060376256 259.7030000000 91.9728000000
-1.4632135784 -2.3712515137 3.3435608045 405.6420000000 118.4600000000
-1.4627720624 -1.5334815246 3.2974023098 406.9690000000 272.1920000000
-1.4627024902 -1.8249463290 1.8167180756 97.4945000000 -3.0692400000
-1.4621726709 -1.7772893556 2.5396403782 287.7190000000 143.8250000000
-1.4568316648 -1.9662127296 2.1354525159 194.3530000000 26.7622000000
-1.4561118599 -2.3080799344 2.3660443003 249.9660000000 -13.5113000000
-1.4560556670 -2.3984462257 2.3524643374 247.5550000000 -42.2401000000
-1.4551432005 -1.9018049054 2.3922409185 258.8640000000 90.9384000000
-1.4542681960 -2.6471749536 2.9214714739 349.4940000000 7.4609000000
-1.4539256866 -1.9654260283 2.0250280173 165.2210000000 1.9231600000
-1.4535296601 -1.9009780663 2.1013086091 187.1830000000 36.0368000000
-1.4529409720 -1.8168144064 1.8137906905 98.2884000000 -2.7520700000
-1.4528901308 -2.6256503779 2.7239131166 318.1820000000 -21.9680000000
-1.4522693325 -2.3609655280 3.3147150901 405.3950000000 118.1500000000
-1.4519107679 -1.9650085950 2.7018640733 316.8900000000 122.9000000000
-1.4516886720 -1.9032605704 2.2267767632 220.6090000000 61.4753000000
-1.4516351549 -1.9599324985 2.1301141857 193.7620000000 25.9293000000
-1.4515575551 -1.5331577461 3.2948334892 407.9060000000 272.9030000000
-1.4494436298 -2.3513538576 3.3054833912 403.8040000000 118.7350000000
-1.4493499749 -1.9628732629 2.0248647902 167.1200000000 3.1398900000
-1.4486622802 -1.6209739478 1.8670134418 121.0160000000 72.5510000000
-1.4469363539 -1.7712553031 1.7521925138 77.8117000000 -3.3376100000
-1.4468266439 -2.6149255520 2.7150560373 318.1340000000 -22.5041000000
-1.4463931554 -1.8952999025 2.7808285474 334.5340000000 148.7480000000
-1.4455984265 -1.6174525230 1.8627695361 118.2560000000 71.8021000000
-1.4439179897 -1.9579149040 2.6085222315 304.0560000000 112.4110000000
-1.4408461085 -1.9228879651 2.2805748233 234.8560000000 64.8935000000
-1.4344909534 -1.8863705751 2.7659775535 334.9010000000 149.1230000000
-1.4344267329 -1.7613573164 1.6382867282 34.8954000000 -31.0917000000
-1.4231319499 -1.9995565558 1.8671900482 125.8010000000 -48.2137000000
-1.4212080103 -1.9998027345 1.8646265793 124.0030000000 -49.2998000000
-1.4156957495 -1.9944403215 1.8611131820 124.5670000000 -48.4896000000
-1.4109247005 -1.6288650435 3.1958536215 401.8220000000 245.1620000000
-1.3957392247 -1.7405632490 1.8558417481 125.7550000000 29.2194000000
-1.2769285973 -0.9165498292 1.3665617043 -48.8471000000 214.6110000000
-1.2671162378 -0.9104836665 1.3627218527 -48.7339000000 215.4310000000
-1.2653020083 -0.9082787622 1.3647555024 -48.4355000000 215.9310000000
-1.2548340645 -0.8616359377 1.3811451128 -37.2119000000 239.2550000000
-1.2186832666 -0.8809903953 1.3651595564 -35.1030000000 226.3460000000
-1.2109473705 -0.6030145747 1.3710170025 -30.8539000000 349.3970000000
-1.2095318433 -0.6045692463 1.3666071939 -31.7434000000 347.6630000000
-1.1889518443 -0.2703763930 1.6267537941 101.7710000000 501.2890000000
-1.1870600150 -0.2715029279 1.6244258005 102.5500000000 501.6140000000
-1.1828161093 -0.4859887424 1.6403069985 110.2060000000 420.6530000000
-1.1811517277 -0.4870992221 1.6356938249 110.3060000000 419.2290000000
-1.1662846786 -0.5286258122 1.7048459396 139.0720000000 406.7370000000
-1.1622254069 -0.5144330786 1.7169461548 144.5150000000 411.5910000000
-1.0944513574 -0.2655264063 2.8319373734 421.3610000000 509.6870000000
-1.0914544001 -0.4700165653 1.4020060766 25.1818000000 406.3260000000
-1.0576610303 -0.2678637654 2.7688139595 420.1310000000 509.6860000000
-1.0366528945 -0.1839363834 1.4057629766 45.5829000000 534.7360000000
-1.0169291690 0.0473356032 1.3706370311 35.3422000000 645.5540000000
-0.9889638109 -0.3294753214 1.6305749147 166.1560000000 475.4070000000
-0.9882894955 -0.3313163094 1.6336708787 166.1470000000 474.7760000000
-0.9774094700 -0.4469052077 2.7654156240 433.6650000000 466.0500000000
-0.9651941930 -0.5093168443 1.7966304339 229.7910000000 412.9430000000
-0.9649908280 -0.5060282188 1.7907194707 229.8500000000 414.7130000000
-0.9566608922 -0.8632334230 2.7642382479 435.1150000000 366.9640000000
-0.9547182216 -0.6378354728 2.7763866285 438.1770000000 420.3590000000
-0.9546379460 -0.1853797395 2.7841733659 442.7320000000 528.7600000000
-0.9535301421 -0.8610927392 2.7665394830 436.5910000000 367.5460000000
-0.9511620106 -0.7236046455 2.7675027907 439.0830000000 400.3490000000
-0.9503137647 -0.7177070616 2.7662718975 439.0880000000 400.5560000000
-0.9487269828 -0.6380067275 2.7648804530 437.3380000000 420.9630000000
-0.9318048772 -0.2068117307 2.7629270790 445.4820000000 525.2110000000
-0.9286527203 -1.4737778531 2.7783400025 439.4190000000 222.8800000000
-0.9136625819 -0.4400469920 1.6166310355 182.7970000000 428.4470000000
-0.9120918552 -0.2733626469 1.6129544111 181.8670000000 496.2860000000
-0.9112302300 0.0139373233 2.6387513628 434.5150000000 580.4140000000
-0.9087202782 -0.4241872008 1.6347331930 191.6460000000 435.3880000000
-0.9071254688 -0.6253151483 2.7966963662 450.5600000000 423.3150000000
-0.9050383020 -0.6267333513 2.7919065861 451.1850000000 424.5070000000
-0.9049259161 0.0154705614 2.6356473713 434.7350000000 579.7960000000
-0.9026300327 -0.6261740977 2.7894983169 450.9100000000 423.0240000000
-0.9001013500 -0.2701141593 1.6009210922 181.1370000000 496.9090000000
-0.8949556813 0.1541201366 1.6198982542 194.9290000000 673.6620000000
-0.8948887849 -0.4362178438 1.5993476896 181.6760000000 427.7870000000
-0.8901097083 -0.3659900355 1.6481392254 202.2690000000 458.8790000000
-0.8894380688 -0.3900780801 2.0568385788 323.0890000000 464.6950000000
-0.8837037120 0.0620255107 1.6242117321 199.0260000000 633.6360000000
-0.8804471967 0.0782559078 1.6250492746 198.8030000000 639.1280000000
-0.8797166884 0.0818883806 1.6181455693 198.4260000000 639.4590000000
-0.8764360905 0.0605495092 1.6192560491 199.2780000000 633.6270000000
-0.8739100836 -0.3027408564 1.6394346699 203.8960000000 483.7990000000
-0.8732625267 -0.4074309982 1.7135665503 230.6950000000 444.5870000000
-0.8731902786 0.0896981303 2.0267753505 325.9140000000 621.8190000000
-0.8714402696 -0.4068530136 1.7127718214 231.6930000000 445.3830000000
-0.8601107005 0.1985203271 1.9928374845 320.2230000000 659.8040000000
-0.8594872264 -0.1072166839 1.6260794787 206.1130000000 563.7520000000
-0.8529474373 0.1641706471 1.6123416404 203.7810000000 677.3890000000
-0.8521098948 -0.8483315879 2.8946058920 474.5180000000 375.9070000000
-0.8508897050 -0.4047123298 1.7486175718 249.9420000000 446.8180000000
-0.8498782319 -1.0027765732 2.7935923747 459.7110000000 328.7900000000
-0.8492012407 -0.0490944425 1.6230263284 209.3390000000 587.5240000000
-0.8459045876 -1.0093618518 2.7665127244 459.4410000000 330.0010000000
-0.8369485017 -1.0194819345 2.7644255577 460.5800000000 326.6120000000
-0.8109044073 -0.2673138772 1.7846345770 274.7160000000 498.3860000000
-0.8065561433 -0.4119585445 2.7987032573 474.6650000000 472.4540000000
-0.8064009437 -0.4147735437 2.7991313940 475.2880000000 472.2540000000
-0.7948706855 -1.0819979294 2.7904883831 471.1620000000 312.0500000000
-0.7942953767 -1.0808259050 2.7887223190 471.7970000000 312.0690000000
-0.7877529118 -1.0781982156 2.7828621970 471.4230000000 312.3130000000
-0.7856149039 -0.1976827845 1.4631493579 160.8310000000 525.1800000000
-0.7692707830 -0.4193893932 2.8004693214 485.0300000000 470.4860000000
-0.7616526245 -0.4198496402 2.7999073919 485.2340000000 469.8790000000
-0.7606812892 -0.8087048546 2.7765739383 475.1150000000 375.6200000000
-0.7565925831 -0.4150250741 2.7932980306 483.2480000000 470.3540000000
-0.7273883042 0.2139204064 1.3355003822 123.5210000000 738.5050000000
-0.6950238408 -0.6397487089 2.8021015928 497.6380000000 416.2870000000
-0.6922409518 -0.6373779016 2.8045633792 497.9730000000 416.7000000000
-0.6770795588 -1.4881793034 2.7651480385 488.3880000000 208.5140000000
-0.6734056102 -0.8395360532 2.7772696606 497.5900000000 365.6500000000
-0.6731647832 -0.8384014908 2.7722658122 498.3430000000 365.9130000000
-0.6697985579 -0.8356614155 2.7679844446 497.1670000000 365.2270000000
-0.6631276520 -0.8307672772 2.7684928570 498.3650000000 367.1080000000
-0.6611662505 -1.5076996639 2.8048844818 496.9330000000 206.4630000000
-0.6396068886 -0.5875053205 2.8030113834 509.9350000000 427.5840000000
-0.6335353742 -0.6104561268 2.8097010203 512.0540000000 422.5730000000
-0.6313197664 -0.6139775517 2.8136345268 512.4580000000 421.9660000000
-0.6243571923 0.3209687791 1.5841274277 274.5700000000 755.9350000000
-0.6241886135 0.3346825347 1.5826878178 274.5030000000 756.9130000000
-0.6159336015 -0.1299820535 1.6811084320 308.1180000000 550.3770000000
-0.6129179132 -0.9143342215 2.7892039728 512.1500000000 345.9440000000
-0.6069561088 -0.1261213302 1.6796447394 307.1130000000 551.2950000000
-0.6000524035 -0.0923804072 2.8897893535 532.2710000000 548.2210000000
-0.5997714387 -0.0920681349 2.8821096503 530.5990000000 548.8720000000
-0.5144892715 0.3631322226 1.9350925387 413.5090000000 725.5950000000
-0.5059399155 -0.4021301299 2.8825110285 550.3210000000 470.1900000000
-0.5051532142 0.3597098043 1.9159066600 412.8800000000 724.9720000000
-0.5046501535 -0.2558596133 2.5835163688 518.9120000000 505.3850000000
-0.5023061048 -0.4109845334 2.8722357462 550.7630000000 471.5440000000
-0.4744798911 0.0176159012 2.1886699155 471.2150000000 590.4180000000
-0.4743675052 0.0184985586 2.1902941593 470.6630000000 590.4730000000
-0.4712608378 0.0173534266 2.1867593552 472.2480000000 591.2230000000
-0.4608035974 0.4009527538 1.2717133563 203.2620000000 866.7070000000
-0.4295362344 0.6658730790 1.1736298999 163.3810000000 1071.6200000000
-0.4201332808 -1.4354462336 3.0163305253 571.9740000000 235.3680000000
-0.4195633237 -1.4378759097 3.0128786726 572.2010000000 234.0480000000
-0.4161997743 -1.4259630043 3.0050919353 572.8830000000 236.0200000000
-0.3972814811 -0.9061942713 2.7484507048 554.3040000000 339.8870000000
-0.3953361347 0.0408546830 2.4287904187 527.7040000000 591.6700000000
-0.3938055458 -0.9833338125 2.7196049904 555.4770000000 318.7820000000
-0.3912126425 0.0407733370 2.4226386286 528.8850000000 591.0770000000
-0.3657331534 -0.9226989435 2.7789822076 568.7320000000 335.5680000000
-0.3441068952 0.6413033805 1.1895110980 217.2330000000 1058.6600000000
-0.3241744531 -1.0260083443 2.8381721150 584.4200000000 313.0980000000
-0.3225849953 -1.0281329729 2.8515513889 583.4380000000 313.0870000000
-0.3094866863 -1.5191523223 3.3385837146 619.1160000000 242.7670000000
-0.3064335360 -1.5113548815 3.3048144275 617.6930000000 242.2750000000
-0.2929284970 0.0116604920 2.6473622635 580.0670000000 576.2340000000
-0.2927893525 -1.4922011131 3.2656666723 618.2890000000 242.5420000000
-0.2880557655 0.0115282780 2.6324416973 580.7520000000 576.2320000000
-0.2833971023 -0.1763326745 2.7540699998 592.6270000000 525.3290000000
-0.2823802775 -2.3249966882 3.2998908547 613.7930000000 72.5931000000
-0.2820003061 0.3842821787 1.6416021122 423.1070000000 779.9140000000
-0.2817996170 0.0013359526 2.7594752264 594.2930000000 568.6560000000
-0.2813714802 0.4375102816 1.6493380083 426.3250000000 803.6950000000
-0.2813340183 -0.0009187253 2.7543643438 594.5820000000 568.9440000000
-0.2812724736 0.0043288908 2.7624989423 594.8630000000 569.1450000000
-0.2802931108 -0.1775370768 2.7557557883 591.7600000000 524.1760000000
-0.2786554877 -0.1767918512 2.7568796473 592.9240000000 524.0150000000
-0.2745801609 -0.3779511063 2.7630073547 593.8930000000 472.9210000000
-0.2739352799 -0.3710928905 2.7711687117 593.1720000000 473.6830000000
-0.2713397007 -0.3743815160 2.7595019849 594.3310000000 475.1290000000
-0.2581822553 -0.3047771819 2.7589400554 596.9300000000 489.9690000000
-0.2560603024 -0.6971431178 2.7534813117 592.5610000000 389.0210000000
-0.2450459491 0.4207139413 1.6481231703 440.7880000000 798.0320000000
-0.2333216914 -0.3638547034 2.8300642751 607.6280000000 476.5930000000
-0.2221572226 0.4386796302 1.6480000810 449.7280000000 807.8910000000
-0.2218064180 -0.5685923790 2.7606526025 603.8030000000 421.5950000000
-0.2203135586 -0.5693041564 2.7571739913 603.4020000000 421.9980000000
-0.2198629447 0.4385190789 1.6456720873 451.0390000000 806.5320000000
-0.2180289138 0.8156861597 1.5617224958 434.0290000000 1013.3500000000
-0.2151617355 -0.3506279533 2.7608399123 607.9510000000 477.9570000000
-0.2142878013 -2.3243277245 3.3358811013 632.4520000000 71.8576000000
-0.2134783552 -2.3188395464 3.3275056759 631.8080000000 72.6035000000
-0.2132385986 -0.3557816496 2.7634622500 608.2060000000 476.8830000000
-0.2108000922 -0.3395017492 2.7742459447 609.5600000000 482.3680000000
-0.2101105244 0.4505283151 1.4186097554 389.0120000000 867.2200000000
-0.2071205243 0.0834117447 2.7899264536 616.2200000000 592.0870000000
-0.2047895872 -0.6355984582 2.7839860560 609.7880000000 406.4130000000
-0.2030628581 -0.2004105509 2.7792765517 612.9810000000 517.0020000000
-0.2025474885 -0.4965209068 2.7791427589 611.6160000000 443.9140000000
-0.2011070759 -0.6275601905 2.7732826370 610.5930000000 406.2130000000
-0.1996677336 -0.6277983415 2.7753430452 610.3540000000 406.9430000000
-0.1995558829 -0.3391137502 2.7458818842 609.9600000000 481.9680000000
-0.1990472029 -0.2019919811 2.7725869147 613.1810000000 516.0020000000
-0.1964797202 0.0313925929 2.7796244128 615.5250000000 578.5510000000
-0.1921001487 0.5588442401 1.4331102123 402.7570000000 924.4590000000
-0.1897558324 -0.7114348581 2.7694829232 610.7150000000 385.0270000000
-0.1888529990 -0.7096928766 2.7694294061 611.7230000000 384.9490000000
-0.1883956954 -0.6973009932 2.7663254146 610.5200000000 386.6610000000
-0.1861907911 0.8978001149 1.6379522463 468.6070000000 1030.4000000000
-0.1815112563 0.8875703221 1.6210301408 468.3640000000 1030.6800000000
-0.1779965210 0.3903965068 1.6613418928 469.1370000000 781.6580000000
-0.1758480772 0.3804931683 1.6465792021 469.4330000000 781.9650000000
-0.1710524103 0.3774159353 1.7198842434 484.9040000000 769.9760000000
-0.1357787577 -0.8794383995 2.8773466288 630.5020000000 343.5100000000
-0.1304503281 -0.8895290478 2.8694528572 632.2480000000 341.7200000000
-0.0756563149 0.1190851701 2.7010077998 646.2660000000 599.8980000000
-0.0483735673 -0.1882308628 2.7772964191 653.7600000000 518.4000000000
-0.0112051151 0.4272885164 2.3176916047 633.7480000000 716.5630000000
-0.0056591652 0.4218110417 2.3105417208 634.8080000000 716.3490000000
0.0012443233 0.0838200802 2.4873622036 646.9960000000 599.2760000000
0.0013227660 0.0835474106 2.4856469807 646.5550000000 599.3170000000
0.0037754973 0.0837020750 2.4815368678 646.7960000000 599.0740000000
0.0039721191 -0.6103597960 2.6987868403 657.0480000000 401.4000000000
0.0042773538 -0.7060510383 2.7681985129 661.0970000000 381.0070000000
0.0086408167 -0.6163992002 2.7056370285 658.1340000000 401.1550000000
0.0095275147 -0.3163154676 2.7540967583 665.0080000000 482.9850000000
0.0150825089 0.4120441718 2.4193071894 651.5090000000 704.5320000000
0.0200209059 0.8730538100 1.6559794799 561.6980000000 1027.5000000000
0.0200347401 0.4128335490 2.4394751068 652.3850000000 702.7230000000
0.0257753851 0.4088037117 2.4189700317 653.0760000000 703.9380000000
0.0272195974 0.3661050972 1.6760564182 558.8410000000 772.4150000000
0.0284421955 -0.6150933831 2.6872003892 660.1600000000 402.0310000000
0.0323168332 0.4033877817 2.3905578058 652.8720000000 702.4720000000
0.0401637773 0.3639349790 1.6687513347 565.4550000000 774.0350000000
0.0403243286 -0.3184936134 2.7530531750 672.4960000000 482.3800000000
0.0455641874 0.2664024811 2.6010485692 670.6430000000 647.3360000000
0.0498495688 -0.7136852519 2.8126444606 673.3990000000 379.3430000000
0.0664454876 0.5476431121 2.7754768379 690.7750000000 716.4940000000
0.0679501207 0.4054187554 2.7649072116 689.9950000000 679.4550000000
0.0732897889 0.4046909229 2.7789286905 690.5120000000 676.3740000000
0.0736242708 0.4045651578 2.7793033102 690.5160000000 676.9950000000
0.0745297800 0.5448067060 2.7493604954 690.7760000000 716.7040000000
0.0745618903 -0.1830977706 2.7817383380 682.5780000000 518.4030000000
0.0759046342 0.5432868205 2.7410921042 690.2300000000 715.5780000000
0.0760558200 -0.1816276560 2.7835579193 684.0200000000 518.4030000000
0.0764178631 -0.8385513387 2.7527855895 675.9970000000 343.4760000000
0.0787054514 0.5360646885 2.7168756185 690.5300000000 716.4920000000
0.0799358094 0.5887469171 2.0598221569 637.5490000000 806.6460000000
0.0805731980 0.5697001829 1.7912840761 604.2100000000 850.8300000000
0.0810923138 0.5694058389 1.7881105123 604.5200000000 850.1640000000
0.0857461604 0.5734918691 1.5895754680 574.4850000000 898.5440000000
0.0862663466 -0.8325360172 2.7888561117 679.5850000000 345.9500000000
0.0903566582 0.5673855685 1.5837340771 574.4710000000 899.2310000000
0.1010293049 0.5673213480 1.9970573075 640.8230000000 812.7390000000
0.1018938736 0.5725686992 2.0146644318 640.5260000000 811.4530000000
0.1043968681 0.5711665513 2.0156384430 643.0180000000 809.8430000000
0.1066346855 -0.8431297262 3.3059650451 712.5840000000 373.5740000000
0.1422050905 0.1307848099 2.7017035220 701.8310000000 605.2510000000
0.1433128943 0.1329115793 2.6977967741 702.2660000000 605.2530000000
0.1434498981 0.1343733987 2.6995628382 702.2710000000 606.4680000000
0.1464254486 0.5351923598 2.0658187474 664.5140000000 788.6200000000
0.1478752267 0.2725946766 2.6893945901 704.5030000000 646.1880000000
0.1883159549 -0.6140765583 2.8392156984 712.4390000000 404.2570000000
0.1918178461 -0.6107370916 2.8268532494 714.1250000000 403.5880000000
0.2079016063 -0.8445746878 3.1962282411 731.0210000000 364.1650000000
0.2091108251 -0.8408472221 3.1805209737 730.6140000000 364.1700000000
0.2170554379 0.8112709994 1.5868942615 643.5790000000 1038.0300000000
0.2183644660 0.8087851303 1.5844619096 644.0230000000 1037.2300000000
0.2190559069 0.6623275714 1.5875873079 640.4440000000 955.5640000000
0.2191059454 0.6617656419 1.5866668139 641.5240000000 955.3120000000
0.2204291556 0.6602618116 1.5827333074 640.2280000000 955.6150000000
0.2210483484 0.7980710078 1.5764798348 643.2260000000 1037.2300000000
0.2222658623 0.6616933939 1.5841006692 642.4020000000 957.4080000000
0.2339331242 -0.1846853552 2.7795441371 728.8670000000 515.5270000000
0.2362645965 0.2607441186 2.6909465859 729.4460000000 642.0790000000
0.2415662675 -0.1883344183 2.7851901907 727.7050000000 516.6820000000
0.2459139963 -0.5901784994 2.9092963347 730.2030000000 410.8500000000
0.2524369275 -0.5792235500 2.8396973523 730.6050000000 411.2540000000
0.2547702729 0.0643243375 2.6961109856 732.4520000000 586.3930000000
0.2575237274 0.2611845643 2.6992952527 736.9400000000 643.3800000000
0.2614385029 0.2612453062 2.6937027163 736.5210000000 642.1460000000
0.2616461493 0.2063645953 2.6915352739 735.1670000000 627.4080000000
0.2626704665 0.7183064531 1.5896450402 665.4540000000 988.4830000000
0.2663717088 0.2063908187 2.6868525281 736.7890000000 627.0140000000
0.2834131574 0.7157483360 1.5874187291 676.8190000000 990.3760000000
0.2908493578 0.6294841300 2.0086758689 714.9280000000 840.6370000000
0.2972847885 0.6753001153 1.5920158476 683.9120000000 968.4810000000
0.3097676510 0.5832935251 1.7990306756 710.1430000000 862.7470000000
0.3162057576 0.7765517838 1.5864286628 694.1260000000 1026.2100000000
0.3194060799 0.7223389662 1.5996714680 696.5180000000 992.1990000000
0.3217715355 0.6839859399 1.5825914871 695.8570000000 977.3690000000
0.3222826238 0.7140705750 1.5905307482 695.2090000000 992.4840000000
0.3264462538 -0.8687028702 2.8213142300 744.7260000000 333.8320000000
0.3409922003 -1.3168657296 3.3195316287 758.1730000000 263.5530000000
0.3423488586 -2.3156766861 3.2862172369 747.7300000000 41.2237000000
0.3431542909 -1.3135128836 3.2941110084 758.5200000000 263.6490000000
0.3434325798 -1.3096837355 3.2953954187 757.9340000000 263.0370000000
0.3474410103 -0.5360111714 2.8527555235 755.7260000000 420.4030000000
0.3558271391 -0.5505303593 2.8430154122 758.2040000000 416.7220000000
0.3625248036 -0.9752179450 2.7600906730 752.5240000000 295.9510000000
0.3727813549 -0.9659032945 2.7175445822 754.2380000000 297.1960000000
0.3758345052 -0.5492967903 2.8576790963 763.1460000000 417.2620000000
0.3784809255 -0.5475146710 2.8502669786 764.1200000000 417.0730000000
0.3821843085 -0.8645071299 2.7877322527 756.6900000000 326.0920000000
0.3883949674 0.3540958611 2.0827301495 753.3610000000 719.6330000000
0.3898559841 0.1740814779 2.7004458703 771.7780000000 617.4840000000
0.3922963637 0.1708675088 2.6926056158 772.3780000000 616.1430000000
0.4295282069 0.6934584658 1.5765226485 755.3230000000 992.3370000000
0.4310855543 0.7200350553 1.6251509571 755.9600000000 992.3620000000
0.4382862795 0.7914027777 1.6073056817 761.5050000000 1039.6800000000
0.4410932512 -0.9624139799 2.8451828545 775.9860000000 304.4000000000
0.4465573466 -0.9609315564 2.8412761066 776.1850000000 304.8210000000
0.4467339530 0.5926536651 1.7242833486 767.2910000000 892.1630000000
0.4505791563 0.5870985906 1.7087553634 767.7120000000 894.4550000000
0.4515103538 -0.8827858938 2.8655728678 780.5080000000 325.9370000000
0.4524602822 0.5809120144 1.6396219797 765.7340000000 910.0680000000
0.4525485854 0.5817335018 1.6443983804 766.6930000000 910.2970000000
0.4589412025 -0.2061812993 2.7767344896 790.9400000000 509.7320000000
0.4627409162 0.6604972868 1.5880207964 772.4290000000 973.1970000000
0.4643223464 0.8158841730 1.5962784842 776.9180000000 1059.9200000000
0.4644534633 0.7537936390 1.6010655884 774.4350000000 1024.6300000000
0.4644588150 0.7327908550 1.5966959175 775.1400000000 1009.9600000000
0.4650983443 -0.1964920292 2.7602512243 791.8280000000 508.2790000000
0.4658288526 -0.8313613169 2.8056872382 784.0640000000 334.6410000000
0.4659492661 -0.8297022870 2.7849761223 782.0800000000 336.7960000000
0.4661793896 0.7310221150 1.5926981905 775.0010000000 1012.0900000000
0.4662222033 0.7486131842 1.5972846056 775.5910000000 1021.2800000000
0.4662382584 -0.1671330859 2.7599568803 791.8280000000 516.9950000000
0.4666958296 0.7359510394 1.5964604423 775.1520000000 1010.2700000000
0.4667332915 0.0609233261 2.7196049904 793.6220000000 583.9910000000
0.4668644084 0.0606763447 2.7223611208 793.6220000000 583.9910000000
0.4674290138 0.6658837824 1.5981917204 773.4390000000 972.1670000000
0.4678892608 -0.4362660092 2.7553811686 787.6860000000 443.3750000000
0.4685716038 0.6608531755 1.5930540792 773.6870000000 972.8880000000
0.4688953822 -0.1924488126 2.7562642007 792.0740000000 509.9730000000
0.4696820835 -0.1703521391 2.7672619638 792.2800000000 517.0360000000
0.4712474585 -0.1885688232 2.7568528887 792.2790000000 510.9820000000
0.4821810011 0.2501678027 2.6499016496 800.2790000000 640.0230000000
0.4823362007 0.2458765344 2.6495002714 800.5370000000 640.5220000000
0.4829168611 0.2481057890 2.6453848068 800.5470000000 641.1400000000
0.4848648834 0.5928061888 2.0887642020 796.5690000000 819.4210000000
0.4927934411 -0.2953635248 2.7545784122 797.4870000000 480.6790000000
0.4928817443 -0.0331249413 2.7549530318 800.6270000000 555.4530000000
0.4929432890 -0.4257365207 2.7535615874 795.6630000000 444.2250000000
0.4945889396 -0.3032599722 2.7539362070 798.3260000000 477.2370000000
0.4947628702 0.2576864194 2.1324314759 795.0090000000 678.3860000000
0.5178474692 0.2974132296 2.1308473699 806.5960000000 693.1120000000
0.5201727870 0.2943252932 2.1322414902 805.8310000000 692.5890000000
0.5314461632 0.1932673566 2.6795474446 814.7990000000 622.8440000000
0.5326984632 0.2794609199 2.1353535093 810.8740000000 688.1670000000
0.5476404362 0.1162005987 2.7069214388 818.6310000000 599.3320000000
0.5491763768 0.1936446521 2.6831063314 820.2110000000 622.3120000000
0.5544959761 0.1233973101 2.7078579880 821.8300000000 599.2570000000
0.5569229764 0.1175805370 2.7289972406 822.1260000000 598.9660000000
0.5610304134 0.5889556338 1.7305207661 827.1540000000 894.8900000000
0.5620204797 0.5746023488 1.6514492577 828.7960000000 913.9390000000
0.5622024378 0.5877033337 1.7297688509 826.9220000000 894.6390000000
0.5644394524 -0.9268572218 2.8844376439 810.8660000000 313.7300000000
0.5655740148 0.5758439454 1.6438819405 829.2370000000 914.2840000000
0.5656596422 0.5813080409 1.6522065246 828.1220000000 913.2020000000
0.5661787580 -0.9327066403 2.9148353541 810.8520000000 314.2400000000
0.5677093469 -0.1640545150 2.7660043120 821.2010000000 517.0520000000
0.5686860339 -0.4262770433 2.7649339701 817.4050000000 443.0050000000
0.5705511047 -0.5586034132 2.7687604424 815.8110000000 405.1930000000
0.5731038701 0.5648461823 2.0217447435 835.6270000000 821.0750000000
0.5805427464 -0.0725215510 2.7660845877 826.8870000000 542.8150000000
0.5973390868 -0.1432451952 2.7379345955 830.5790000000 522.8590000000
0.5982997186 0.5790763780 1.9984460761 842.9630000000 830.9480000000
0.5987733449 0.4633483353 2.1250113306 839.9710000000 761.5860000000
0.6003654785 0.5882170979 2.0209928284 843.6720000000 830.2980000000
0.6059098496 -0.4260736784 2.7651212800 828.4650000000 441.6670000000
0.6125245625 0.2918019621 2.1255304465 843.8030000000 693.5990000000
0.6137982694 0.4551682472 2.0770118479 847.3050000000 765.5200000000
0.6142237303 0.4647317522 2.0986113475 848.3750000000 765.3450000000
0.6200544179 -0.1982522064 2.7335194352 835.5920000000 505.0820000000
0.6230058857 -0.2105940514 2.7319674394 836.8510000000 502.8470000000
0.6232146023 0.6258208849 1.6458272869 862.1930000000 944.6200000000
0.6235999254 0.6243518406 1.6410589137 863.3890000000 945.8570000000
0.6253231759 -0.1272401051 2.7753162866 839.3740000000 528.2370000000
0.6259867879 -0.3157749450 2.7696434745 835.8180000000 472.8470000000
0.6267601099 -0.1247705587 2.7672887223 838.9550000000 528.2360000000
0.6281033890 0.0327717285 2.7749684255 841.3210000000 572.0140000000
0.6304715205 0.0312060859 2.7714362972 841.3980000000 571.2390000000
0.6320422472 -0.7201741997 2.7768682824 832.1680000000 357.3830000000
0.6322803983 -0.6117084268 2.7833973680 834.2870000000 389.8270000000
0.6323660256 0.7174528554 1.6462206375 870.7670000000 999.0190000000
0.6364493800 0.2137392511 2.6924985816 845.2130000000 625.9560000000
0.6379665897 0.6530637622 1.6490169058 872.2520000000 960.3490000000
0.6392376207 0.6765363602 1.6440317883 873.2640000000 975.6080000000
0.6466711452 0.0763068152 2.7436074076 847.7950000000 586.3940000000
0.6484345335 0.6356466236 1.6436866031 877.4570000000 953.1980000000
0.6508668855 -0.4805540814 2.7554882028 840.6210000000 425.3510000000
0.6524055020 -0.6492319382 2.7952246461 839.5780000000 378.5240000000
0.6531574172 -0.6457051616 2.7675563078 839.3350000000 379.9840000000
0.6532483962 -0.4792188299 2.7634890085 841.7470000000 426.0330000000
0.6535133058 0.2302099399 2.6961645027 852.8200000000 633.8440000000
0.6537059674 0.5763229234 1.6491105607 878.1800000000 918.1280000000
0.6555737140 0.2307906004 2.6878961114 853.1970000000 631.5720000000
0.6563015465 -0.2790247556 2.7396739011 845.3160000000 481.4700000000
0.6587579812 -0.6540805870 2.7564247520 840.7880000000 378.7970000000
0.6623757368 0.6536096366 1.6447569450 886.1320000000 963.4050000000
0.6623784127 0.4646728834 1.6323008410 882.0470000000 859.5510000000
0.6660523613 -0.4012230152 2.7484239462 846.6470000000 447.8020000000
0.6670986205 0.6221897500 1.6403899500 888.4710000000 947.7710000000
0.6688004641 0.7845579412 1.6411793272 893.9750000000 1040.9300000000
0.6688245468 0.7622359608 1.6516285400 893.9930000000 1025.0900000000
0.6690038291 0.7716068042 1.6388058440 894.6950000000 1036.7000000000
0.6691911389 0.7847131408 1.6460627621 895.3980000000 1037.1400000000
0.6703364047 0.4706935566 1.6285118307 886.4150000000 865.2320000000
0.6706815900 -0.3630706779 2.7477549825 848.9540000000 456.8930000000
0.6792577045 0.6760332995 1.6422978344 898.7200000000 978.8650000000
0.6897898689 0.7650429324 1.6535417762 906.0140000000 1026.8800000000
0.6937314030 0.4201787703 2.1331057913 879.8110000000 745.9360000000
0.6957463216 -1.0429491808 3.0827719991 846.8270000000 296.4770000000
0.7028667711 0.7848067957 1.6409277968 915.7280000000 1043.5600000000
0.7049245034 0.7839531981 1.6404086810 914.2130000000 1045.2900000000
0.7054730537 -1.0387909025 3.0768583601 848.3390000000 295.8540000000
0.7071106768 -1.0373726994 3.0720953386 848.0730000000 296.1220000000
0.7130350192 -1.0396685828 3.0849394415 849.2210000000 295.1760000000
0.7190449890 0.7130296675 1.6246612757 924.4310000000 1007.1600000000
0.7201260344 0.6293423097 1.6267377390 920.4550000000 960.3790000000
0.7204337577 0.6245578814 1.6316479325 921.4600000000 956.8270000000
0.7224192419 0.4253619010 2.1243503945 892.5490000000 748.7130000000
0.7255687229 0.6319833784 1.6432424112 922.8830000000 955.8010000000
0.7379632822 -0.1861356685 2.7423497559 871.6810000000 509.9350000000
0.7432721781 0.5563449918 1.6268206905 932.2990000000 919.0930000000
0.7439277625 0.4737868447 1.6327129227 930.9520000000 870.7250000000
0.7511820048 -0.2782086199 2.7764401456 873.9050000000 482.3330000000
0.7513960731 -0.5088137836 2.7319406809 871.2650000000 413.9900000000
0.7526885110 0.3380728427 2.1252655368 903.6840000000 714.1600000000
0.7529641240 -0.5101650902 2.7526785553 870.9630000000 413.6980000000
0.7534190193 0.4691174781 1.6390413192 936.8840000000 867.0460000000
0.7546659677 0.7104046540 1.6442565601 943.9640000000 1004.6600000000
0.7547569467 0.3397720105 2.1223809654 903.6840000000 714.1600000000
0.7606170687 0.7814298670 1.6474756134 949.7960000000 1045.8300000000
0.7726530634 -0.7339227415 2.7559163396 873.6190000000 348.7390000000
0.7841083976 -0.4971149465 2.7511800766 881.7150000000 416.4790000000
0.7919994933 0.4239169394 2.1227823436 921.3070000000 749.4780000000
0.7935514891 0.3302085056 2.1238847958 919.5260000000 712.3400000000
0.7937468265 0.4272296476 2.1249444343 922.2440000000 750.3190000000
0.7981138215 0.1975596952 2.8581339916 893.6590000000 616.4690000000
0.7984429516 -0.3777905550 2.7665127244 887.3440000000 452.0540000000
0.8026065816 0.2017003129 2.8461194037 894.2750000000 618.1040000000
0.8034013105 -0.4160017610 2.7472733287 888.2840000000 440.0910000000
0.8047740240 -0.4104654175 2.7439017517 888.2900000000 439.6780000000
0.8058202832 -0.5110481223 2.7448650594 887.4840000000 412.3890000000
0.8071261003 -0.5109705225 2.7469522261 887.7250000000 411.1390000000
0.8110542551 -0.6451164736 2.9318805489 884.2650000000 383.7310000000
0.8130879047 0.2635799895 2.1318775740 926.2880000000 682.6010000000
0.8140752952 -0.0118081725 2.8443265810 896.4760000000 557.0000000000
0.8142064120 -0.0121657737 2.8423999656 895.4830000000 557.1560000000
0.8146238454 -0.0123665431 2.8491163610 896.4820000000 557.5930000000
0.8197186729 0.2649604630 2.1280885636 929.2120000000 683.3960000000
0.8204384778 0.2655504890 2.1391692782 928.9730000000 682.9590000000
0.8369137156 0.2763301699 2.6162260174 914.7930000000 651.0650000000
0.8623664461 0.2083150259 2.8484206388 912.3850000000 619.1240000000
0.8634153812 -0.0927389717 2.7816313039 911.9620000000 534.8720000000
0.8666879515 -0.0886331401 2.7827284043 912.4840000000 534.6270000000
0.8671348193 -0.0864549944 2.7796244128 912.7080000000 535.6580000000
0.8748412810 0.8978964457 1.7704177606 1008.5200000000 1068.1300000000
0.8806960512 -0.2527352853 2.7760922845 913.5650000000 485.9220000000
0.8829571485 -0.2582178441 2.7892039728 914.9130000000 487.2340000000
0.8945650065 -0.2888719012 2.7911573468 919.0000000000 475.7790000000
0.8970000343 -0.7542672653 2.7428849269 913.2140000000 338.4770000000
0.8972943783 -0.7479281654 2.7217456742 912.1530000000 338.5160000000
0.9010807128 -0.8925393844 2.7893912827 914.3660000000 301.2110000000
0.9021644340 -0.2920989820 2.7786075880 919.3770000000 475.8510000000
0.9039197947 -0.2935118333 2.7817383380 919.1630000000 475.2330000000
0.9042382215 -0.5410257232 2.7470057432 922.2180000000 400.3060000000
0.9047064960 -1.4866567420 3.2906323972 890.2060000000 201.4100000000
0.9086640852 -0.6300888732 2.9102864010 913.4870000000 382.3250000000
0.9155972249 -1.4871624786 3.2799824953 892.8390000000 200.2600000000
0.9208606313 -2.3049759429 3.3058580109 883.3060000000 11.3252000000
0.9227551364 -0.9661441214 2.7405569332 918.2520000000 274.2390000000
0.9227952743 -1.4937049435 3.3023793997 894.1170000000 200.8070000000
0.9229665290 -0.8394664810 2.7680647202 919.5550000000 313.7250000000
0.9235980307 -1.5014515430 3.3237862378 893.4730000000 200.3870000000
0.9243445942 -0.9670940499 2.7284353111 919.0460000000 273.5810000000
0.9312723822 -0.8630434374 2.8135810097 919.5660000000 313.4650000000
0.9318209324 0.2800736907 2.7515546963 942.3460000000 645.1380000000
0.9367043673 -0.5853218230 2.7422159632 928.3110000000 387.4380000000
0.9406057636 -0.5914950199 2.7559966152 928.8240000000 386.3110000000
0.9469689462 -0.9623310284 2.8466813332 922.9070000000 283.8230000000
0.9525427517 -0.0802159714 2.8757946330 937.5880000000 535.9900000000
0.9574957588 -0.9223751651 2.8661615559 925.6440000000 297.8150000000
0.9575760345 -0.1767509106 2.8759819429 934.0690000000 508.1550000000
0.9639365413 0.0966663237 2.8381453565 943.1130000000 587.8140000000
0.9770642847 0.9038448708 1.8030230509 1063.2200000000 1067.0800000000
0.9927876073 -0.1736279206 2.9174041746 943.5310000000 509.8860000000
1.0087089432 0.6617148007 2.8864445350 962.8910000000 748.0910000000
1.0104107868 -0.3341099018 2.9788685586 944.9120000000 467.3170000000
1.0130866416 0.0506277073 2.8362187411 958.6700000000 574.1540000000
1.0133007100 0.1463986900 2.8385199762 959.2010000000 601.3190000000
1.0138171499 0.1492334906 2.8359511556 960.0150000000 601.3370000000
1.0144352724 0.0476575085 2.8335964034 958.5680000000 573.4420000000
1.0269315141 0.9048055027 1.8175422389 1090.1100000000 1065.9500000000
1.0449346650 -0.0736657465 2.9180998969 963.1390000000 538.4320000000
1.0556755460 0.9191828703 2.7481831193 992.2150000000 844.2100000000
1.0580784636 0.0973154861 2.8355497774 973.6180000000 587.9920000000
1.0620333770 0.0979978291 2.8341583329 973.5800000000 588.3700000000
1.0641365988 0.9103124118 1.8851557371 1099.6100000000 1046.0400000000
1.0696568872 -2.2742678336 3.2761025059 924.0140000000 6.2538500000
1.0709305940 0.6781017353 2.4296493681 1020.0900000000 810.8500000000
1.0727046858 0.4269700897 2.7289437235 991.0520000000 692.4790000000
1.0727635546 -0.1696473190 2.9129622557 968.4910000000 508.6130000000
1.0740773992 0.7682459306 2.2730342645 1041.7000000000 874.2260000000
1.0741309163 0.4267854557 2.7303619266 993.2580000000 693.1920000000
1.0741844334 0.4692619743 2.5381044375 1006.5400000000 723.0950000000
1.0751370377 0.7585138468 2.4962487173 1017.1100000000 830.1800000000
1.0752815339 0.7547034296 2.4464751428 1022.3300000000 837.8900000000
1.0767532540 0.4284926511 2.7391387302 992.1970000000 692.0970000000
1.0773847557 0.7765838940 2.2775511074 1041.7000000000 874.2260000000
1.0780724504 0.7607428338 2.4540397842 1022.7000000000 838.2500000000
1.0800151210 0.5600858367 2.4346023752 1020.2900000000 766.2150000000
1.0805716988 0.7817135076 2.2810109876 1042.9700000000 875.2110000000
1.0807429535 0.7829417250 2.2815167241 1042.7400000000 875.4310000000
1.0817865368 0.9123433855 1.9163160658 1103.8700000000 1035.0600000000
1.0820862326 0.8843753515 2.1849478015 1059.8800000000 941.7570000000
1.0876573622 0.4230606659 2.1906848341 1047.7900000000 745.4530000000
1.0878446720 0.4201520118 2.1937620671 1047.7700000000 744.0550000000
1.0881363402 0.4233416307 2.1933259028 1048.2900000000 745.7110000000
1.0885189874 0.5330570277 2.1800643666 1052.1000000000 791.9580000000
1.0886126423 0.5330650553 2.1908320061 1051.5200000000 793.5760000000
1.0893672334 -0.3063291776 2.7736037396 981.0090000000 469.7830000000
1.0932498986 -0.3031984276 2.7733629126 982.4570000000 468.3570000000
1.0944513574 -0.3059197719 2.7844677099 981.0860000000 467.9530000000
1.0999395356 0.9102535430 1.9466361761 1107.8300000000 1026.1500000000
1.1010339602 0.8256135809 2.1757562404 1066.8300000000 919.3060000000
1.1014246349 0.8749884530 2.1847578158 1067.4700000000 938.0270000000
1.1049514115 0.6385900638 2.1821702643 1062.7800000000 838.9940000000
1.1055561547 0.6414532284 2.1861519362 1063.2100000000 838.3210000000
1.1086226843 0.5491522941 2.1896626576 1061.8400000000 800.2170000000
1.1086440911 0.8088547025 2.1831737098 1068.4700000000 908.3610000000
1.1091525035 0.8046643139 2.1870911612 1069.9800000000 908.5110000000
1.1185902433 0.5538430675 2.2007032344 1064.8800000000 800.6260000000
1.1240596904 0.9052416670 1.8467411661 1143.4800000000 1063.7400000000
1.1263528979 0.9062397608 1.8441669938 1144.1900000000 1064.2600000000
1.1526726054 0.4101764252 2.6150994826 1026.6200000000 696.3910000000
1.1560067204 -0.0663154411 2.9077978560 997.4720000000 537.5940000000
1.1678339985 0.4689141132 2.1912280326 1088.5400000000 767.6200000000
1.1738332649 -0.3947073088 2.9493271220 993.8900000000 445.4540000000
1.1740874711 0.5598851476 2.1910942399 1092.3100000000 806.1810000000
1.1804720606 0.8443954055 2.1805219377 1105.5000000000 929.2010000000
1.1816708435 0.8427765134 2.1847042987 1106.8400000000 928.5590000000
1.1826956959 0.5923138315 2.1923732985 1097.5200000000 819.1690000000
1.1843493741 0.5904942503 2.1873667742 1098.5800000000 819.6360000000
1.1880286744 0.8621925155 2.1854455105 1110.7100000000 936.4350000000
1.1891445059 0.9107298451 2.1047096205 1125.0600000000 981.7640000000
1.1908222668 0.8622406809 2.1835643846 1110.3000000000 937.3940000000
1.1969580018 -0.1685272062 2.9131763241 1007.7300000000 506.5400000000
1.1986919557 0.1398203687 2.1866335900 1093.1100000000 629.1340000000
1.2012045833 0.1578671360 2.6204271094 1040.0800000000 616.1300000000
1.2021438083 0.1404818400 2.1992422177 1093.5800000000 628.2740000000
1.2075543866 0.6875903163 2.1945166582 1113.5100000000 858.6530000000
1.2194860230 0.7965752050 2.1842226449 1122.8200000000 910.0720000000
1.2195341884 0.3765543101 2.7339475719 1039.7700000000 677.2900000000
1.2195555953 0.3772152462 2.7394598328 1039.5900000000 678.3850000000
1.2196144641 -0.0094754425 2.8334893692 1025.7800000000 554.3280000000
1.2196519260 0.5281521859 2.1885387986 1114.0800000000 793.9200000000
1.2200024630 0.1808005492 2.6878425943 1041.2000000000 618.4370000000
1.2216213551 0.1275119719 2.5039043378 1061.4100000000 608.5480000000
1.2261248187 -0.8800672254 2.9351718503 1003.9700000000 304.5620000000
1.2261408738 0.9120490415 1.9071138013 1191.5400000000 1052.6300000000
1.2263977559 0.0052644499 2.7339475719 1033.5900000000 560.9560000000
1.2300048081 0.8192289914 2.1870322924 1127.7400000000 920.4690000000
1.2315942658 0.3757194434 2.2175102782 1113.7300000000 727.1400000000
1.2322123883 0.0044014332 2.7626059765 1033.5700000000 560.0360000000
1.2347169884 0.1030062264 2.7003655946 1044.5900000000 592.5330000000
1.2350140082 -0.1248816067 2.8950607873 1021.2600000000 518.7020000000
1.2363733425 0.7316241823 2.1824378497 1129.1100000000 883.6690000000
1.2393114310 0.6581880241 2.1843109481 1129.7600000000 851.4860000000
1.2417678657 0.6585064508 2.1902379664 1128.1700000000 851.0520000000
1.2443259828 -0.3655404919 2.7938867187 1027.7500000000 447.1730000000
1.2443554172 0.1065945477 2.6991079429 1046.6300000000 593.0950000000
1.2448103125 0.4793874087 2.1912280326 1124.6600000000 772.5310000000
1.2453187249 0.6499169570 2.1816912863 1130.7900000000 851.2930000000
1.2464318805 0.1064599522 2.7118717701 1046.3300000000 592.5730000000
1.2468707207 -0.3657492086 2.8007904240 1027.0700000000 446.8790000000
1.2474834914 0.9373144622 1.9565716249 1189.8700000000 1048.6400000000
1.2480186624 0.9124076061 2.1707764747 1142.6900000000 965.7920000000
1.2531001106 0.9144171730 2.1692298306 1147.1400000000 968.0900000000
1.2713976055 -0.8646757088 2.8565819958 1024.6500000000 301.7910000000
1.2714778811 0.0038722027 2.7483169120 1049.3300000000 559.9490000000
1.2754194152 0.1537187583 2.1470362912 1140.0000000000 637.9400000000
1.2757886831 0.5279622003 2.1870563751 1142.6800000000 796.2350000000
1.2770195763 0.7712455638 2.1876049253 1150.3700000000 901.6770000000
1.2799175270 0.2655809937 2.2905878718 1118.4800000000 671.7620000000
1.2835352827 0.3834098500 2.7477014654 1062.8700000000 681.3970000000
1.2887639029 0.1589240986 2.1536162181 1146.1000000000 639.9610000000
1.2894890595 -0.3339948401 2.7526250382 1049.5600000000 454.2450000000
1.2912604754 -0.3546738457 2.7420554119 1051.2700000000 446.4130000000
1.2921328040 -0.8065775501 3.2166717715 1006.8300000000 345.7610000000
1.2970751078 0.3977015903 2.7706602993 1063.9000000000 680.8120000000
1.2980384155 0.5633022141 2.1898847536 1155.5100000000 810.7590000000
1.2982845942 -0.8157262975 2.7703124382 1042.2100000000 307.4440000000
1.2985200694 0.7561805015 2.1684752396 1164.6000000000 900.5840000000
1.2998098314 0.5633343244 2.1906179378 1154.3700000000 812.0870000000
1.3019264325 -0.8198819000 2.8010847680 1043.9300000000 309.6410000000
1.3021993697 0.5609314068 2.1854481864 1156.2800000000 812.2470000000
1.3042116125 -0.8152553471 3.0383260515 1022.0700000000 331.0860000000
1.3050812653 0.6880585909 2.1874095879 1161.5500000000 866.6760000000
1.3055067262 0.6902634952 2.1905403380 1162.4400000000 866.1160000000
1.3064566546 -0.3178995736 2.7549530318 1054.5000000000 459.6300000000
1.3111768624 -0.8159457176 3.2431359752 1007.0900000000 346.2190000000
1.3117896332 0.4123733020 2.8182369970 1064.5900000000 681.7730000000
1.3119849705 -0.5875909478 3.2849328266 1008.9500000000 404.3210000000
1.3137296279 0.4601774474 2.1906794824 1158.4600000000 767.0260000000
1.3210882285 -0.5472363821 2.7506449057 1056.4700000000 387.2160000000
1.3240825099 -0.4173610953 2.7593414337 1059.9300000000 427.3770000000
1.3247434461 -0.5492887627 2.7630073547 1056.6700000000 386.8950000000
1.3259154705 0.2112060194 2.0513289938 1188.9200000000 672.2830000000
1.3264158553 0.1610275880 2.0540824484 1188.2100000000 649.3280000000
1.3282675468 0.7548131397 2.1651411245 1180.4900000000 902.0890000000
1.3288107453 0.7542030448 2.1626151176 1182.0800000000 901.7460000000
1.3300362868 0.8952928390 2.0747400472 1205.8900000000 990.8050000000
1.3337343181 -0.0441813056 2.2712387660 1141.1300000000 549.2350000000
1.3346976258 -1.3497064952 2.9249233265 1031.2600000000 168.8200000000
1.3471430263 0.7693403552 2.1489067137 1194.7600000000 913.3020000000
1.3492569516 -1.3630830931 2.9607262633 1031.8500000000 169.4550000000
1.3534794504 0.5649318097 2.1912253568 1182.6600000000 813.0300000000
1.3584913264 -0.0226450096 2.7561036494 1079.5400000000 549.8020000000
1.3600192394 -0.5484458685 2.7555149613 1070.2700000000 385.3880000000
1.3600700807 -0.5472497614 2.7541770340 1069.9700000000 386.7100000000
1.3639179598 0.8380241953 2.1043457043 1214.6900000000 957.4130000000
1.3713461327 -1.2317307344 3.3093366221 1016.1800000000 245.6240000000
1.3749986744 -0.2786367567 2.5124403145 1112.9900000000 460.0710000000
1.3806795141 -0.0811621536 2.7566120618 1085.8300000000 531.3100000000
1.3818863246 0.6861132444 2.1911798673 1201.4700000000 866.4470000000
1.3842009389 -0.0835385803 2.7639439039 1085.9300000000 531.2240000000
1.3851481915 -0.3352846021 2.5089242413 1117.7000000000 441.8850000000
1.3877196880 -0.8120068594 2.7683590642 1073.2200000000 305.5930000000
1.3882468314 -0.1602154661 2.1254153847 1194.5100000000 499.6800000000
1.3907246729 -0.8121700866 2.7738980836 1076.0100000000 305.8010000000
1.3923917304 -0.0517012603 2.3823723661 1145.1500000000 545.2680000000
1.3931195629 -0.0954084044 2.1129459015 1201.0200000000 528.3730000000
1.3990224985 -0.2669288217 2.7785273123 1086.0500000000 474.1350000000
1.3991000983 -0.0552467678 2.4083388607 1144.8200000000 544.2090000000
1.3992767047 -0.2507968961 2.7745135302 1088.5000000000 477.3480000000
1.4004861910 -0.1657130097 2.7756106306 1091.2700000000 507.9220000000
1.4018187667 -0.1653124343 2.7810961329 1089.7800000000 504.5560000000
1.4038524163 -1.2469991617 3.0314223462 1045.1900000000 209.1330000000
1.4054525775 -0.6536096366 2.7688139595 1083.1700000000 352.9150000000
1.4066968500 0.4992583062 2.1832780681 1207.6600000000 787.3560000000
1.4096322626 0.0055825823 2.7781259341 1097.0300000000 557.7990000000
1.4129503225 0.8614459521 2.0910065683 1246.2700000000 976.1620000000
1.4135871760 -0.0924644290 2.1249364067 1210.0200000000 528.6380000000
1.4140768574 -0.6603287079 2.8201903710 1083.8500000000 353.5190000000
1.4142347328 0.2090813907 2.0451290383 1240.2300000000 672.2340000000
1.4142748707 0.1631623850 2.0545962125 1237.4300000000 650.6790000000
1.4145718905 0.1618100080 2.0481340232 1238.2500000000 650.5110000000
1.4154014055 0.2097626633 2.0461806493 1240.8600000000 673.6490000000
1.4187328447 0.1628431555 2.0605366101 1237.3900000000 650.0160000000
1.4232443358 0.1301971922 2.5545368617 1134.9300000000 604.2600000000
1.4264312788 0.5024158148 2.2111042818 1213.4100000000 785.2800000000
1.4289358789 0.1604065222 2.0608603885 1244.5200000000 648.9840000000
1.4291124853 0.8198765483 2.1174975305 1246.7300000000 948.7980000000
1.4335169423 0.6009836009 2.2190355154 1218.5200000000 827.4990000000
1.4386759903 0.6541260766 2.2159181446 1222.0100000000 850.7570000000
1.4398801249 0.4310802026 2.7667000343 1115.2300000000 694.7010000000
1.4427272344 -0.1591839241 2.7469789846 1110.9400000000 508.4070000000
1.4515629068 -0.6811629131 2.7984624303 1096.2000000000 345.8770000000
1.4520820226 0.5777170438 2.2196295551 1227.7200000000 816.4100000000
1.4524352355 -0.6781258180 2.8056337211 1096.2000000000 345.8770000000
1.4524539664 0.8592490753 2.1002222121 1264.4400000000 973.7080000000
1.4535457152 0.5722743552 2.2135660682 1228.3000000000 816.2640000000
1.4549264562 0.5778294297 2.2223723063 1228.2700000000 818.1830000000
1.4579474963 0.3262428888 2.1484919562 1241.5100000000 718.8760000000
1.4635105983 0.4975109730 2.2183023312 1232.2800000000 783.3890000000
1.4669544234 0.6795895105 2.2207667934 1236.5600000000 862.9170000000
1.4671176505 0.3269573420 2.1544617882 1242.2700000000 717.8370000000
1.4697426641 -1.1873650624 3.0136546705 1067.6700000000 220.0650000000
1.4744976580 0.7850797329 2.1481039573 1260.5000000000 926.2880000000
1.4938735223 0.5364312806 2.2265011502 1243.1200000000 799.4260000000
1.4939029567 0.7520784161 2.1607018815 1268.6500000000 909.6140000000
1.5018743281 0.6676364673 2.2224177958 1255.1300000000 857.9560000000
1.5031828211 -1.2816835912 3.0898897728 1070.1600000000 203.8140000000
1.5031988762 0.6675240814 2.2209755101 1255.9200000000 856.6730000000
1.5122619963 0.5360272265 2.2216337703 1256.0000000000 800.1340000000
1.5221974450 -0.5540812186 2.7598766046 1129.3000000000 379.5740000000
1.5285820345 0.5448334646 2.2150779262 1266.7600000000 804.7480000000
1.5446906802 0.1417052408 2.0967221941 1299.2000000000 635.6820000000
1.5469945911 0.4158224788 2.2298968099 1267.8400000000 747.5970000000
1.5477625615 -0.6604865834 2.7139321783 1141.1100000000 340.8320000000
1.5486429177 0.4712019690 2.2347053209 1266.8000000000 771.4170000000
1.5523409490 0.5500808157 2.2283929795 1276.1400000000 805.8910000000
1.5606387746 0.7795701480 2.2221903481 1287.8500000000 910.4810000000
1.5609491737 0.6967363879 2.2123110923 1288.5500000000 874.2270000000
1.5660038634 0.6796216208 2.2191907149 1289.0300000000 866.4420000000
1.5663998899 0.1318428429 2.0906399762 1311.7200000000 632.3590000000
1.5671009638 0.6975311167 2.2171222792 1289.5900000000 873.8100000000
1.5686690147 0.6934718450 2.2185806201 1291.3800000000 875.4010000000
1.5718907439 0.5380929864 2.2188963709 1287.0900000000 802.5490000000
1.5760811324 0.5398215886 2.2267446529 1288.4200000000 805.9790000000
1.5773173773 0.5393158520 2.2217274253 1287.4400000000 803.4870000000
1.5821740537 -0.5602008985 2.7690012694 1149.9900000000 378.1600000000
1.5838785732 0.0865012866 2.0861177816 1323.1800000000 611.5520000000
1.5986706984 -0.6470751993 2.7567726131 1156.4700000000 346.7960000000
1.6011619191 -0.6483167959 2.7599301217 1154.8600000000 347.3320000000
1.6092724349 -1.2523455195 3.0003556723 1112.8600000000 192.9300000000
1.6181509211 0.1959804057 2.0562044012 1357.5400000000 667.2440000000
1.6208160724 -0.3359856760 2.1306279498 1314.0400000000 414.2310000000
1.6265343740 0.0447413620 2.0904232319 1344.6400000000 589.8030000000
1.6266815460 0.1087437942 2.0761743053 1352.3500000000 622.9660000000
1.6331490870 0.6488278841 2.2109918959 1327.0500000000 856.5730000000
1.6373635583 0.6498420331 2.2135446614 1328.1000000000 854.8810000000
1.6472428141 -0.3670496740 2.1147761862 1331.6800000000 396.1750000000
1.6499213447 0.0717717765 2.0856789414 1361.7000000000 604.3560000000
1.6506732599 0.0069423446 2.0925772950 1356.8300000000 572.5610000000
1.6528754883 0.5352967182 2.2047116648 1336.7100000000 806.4960000000
1.6534855832 0.4127452458 2.2002724218 1334.4900000000 751.3960000000
1.6598300349 0.5393051486 2.2135794475 1336.8200000000 808.2410000000
1.6676488825 -0.3710500768 2.1458722944 1333.8300000000 396.0990000000
1.6705254264 -1.2582350759 2.9363759849 1144.0400000000 178.0700000000
1.6965400864 -0.3384100004 2.1115410777 1363.7700000000 407.0340000000
1.7056353167 -0.4287575607 2.2533881388 1321.0700000000 378.9370000000
1.7233521511 0.7752834286 2.2979732309 1355.0800000000 900.0480000000
1.7305716073 -1.3833526930 3.0011851873 1154.9600000000 147.8590000000
1.7422704443 -1.3904945494 3.0199161707 1155.6000000000 148.2870000000
1.7499528234 -0.9547877938 2.9441359637 1177.1500000000 265.1990000000
1.7506057319 -1.2918224049 3.0836817897 1149.7800000000 185.9750000000
1.7593209909 -1.0220935687 2.9734098149 1174.5200000000 246.8160000000
1.7681111738 -0.5644795902 2.8122430824 1214.7200000000 371.2460000000
1.7716111918 -1.1573259168 2.9348775062 1184.4800000000 201.4790000000
1.7856995672 -1.2069496435 2.9312383438 1186.4700000000 188.6860000000
1.7866842817 -1.0471797072 2.9545450388 1186.4400000000 238.0530000000
1.7946824116 -0.9186905130 2.9699044451 1189.1200000000 277.4620000000
1.7994641641 -0.9256744940 2.9779320094 1192.4200000000 276.2090000000
1.7998628664 -1.2382731993 2.9591475090 1187.6800000000 181.8070000000
1.8045643433 -0.5124930839 2.8078814391 1229.5800000000 387.0800000000
1.8447877921 -0.8170749283 2.9831766848 1207.4800000000 305.3300000000
1.8472576060 -0.8179338777 2.9826415138 1207.2000000000 305.3480000000
1.8477125013 -1.3269162401 3.0579133083 1186.2200000000 164.4450000000
1.8552771428 -1.0203060977 2.9541169020 1211.0300000000 241.6930000000
1.8889822094 -0.6520067996 2.8081757831 1258.5300000000 339.6070000000
1.8898144002 -1.3265844341 3.0847788902 1195.1200000000 168.5030000000
1.8910399417 -1.3338574074 3.0982384396 1195.5000000000 167.3970000000
1.8914707543 -1.3286823043 3.0921107322 1195.4400000000 167.9870000000
1.9005151434 -1.0211570196 2.9540901435 1229.3200000000 237.4250000000
1.9176834276 -0.6555121693 2.8090052981 1271.1100000000 335.9570000000
1.9222323807 -0.6527881492 2.8041620010 1271.8800000000 336.5920000000
1.9295321125 -1.3405550719 2.9592545432 1230.2900000000 142.3930000000
1.9370271817 -1.3385936703 3.0647634965 1216.0800000000 159.2880000000
1.9395451610 -0.6628279563 2.8594986775 1268.2700000000 335.3740000000
1.9410998326 -1.3512397600 2.9697706524 1230.7800000000 141.2850000000
1.9775342711 -1.2448959399 3.0451494811 1234.2200000000 183.5720000000
1.9853156568 -1.1786150174 3.0191936899 1245.0700000000 196.3640000000
2.0039636886 -0.5954954228 2.8398579035 1301.1000000000 355.4380000000
2.0079854983 -0.9263354301 2.9595488872 1271.2800000000 264.6160000000
2.0104258779 -0.9184710930 2.9531803528 1272.9600000000 263.4750000000
2.0123391140 -1.0499652720 2.9434670000 1271.6000000000 222.7380000000
2.0160639039 -1.1747617865 2.9990445035 1259.5100000000 191.7200000000
2.0213942066 -1.0324812369 2.9140861147 1280.7800000000 224.4880000000
2.0236151660 -1.2396967541 2.9647668040 1266.5300000000 167.2740000000
2.0243242675 -0.8133019731 2.8699077525 1295.4300000000 286.9600000000
2.0328227823 -1.0689665166 2.9295793138 1278.8400000000 214.6820000000
2.0383564499 -1.0733923804 2.9458217522 1280.0600000000 214.2460000000
2.0491240895 -0.6082217881 2.9086808881 1302.4100000000 356.2250000000
2.0498117842 -1.2598031268 3.0073128947 1265.2900000000 166.6870000000
2.0590675658 -1.2792325082 3.0181501065 1269.6600000000 161.0540000000
2.0929733215 -0.6251385419 2.9747477422 1302.4800000000 355.0500000000
2.0962806780 -0.6976836404 2.7523574527 1353.9700000000 308.7430000000
2.0965322084 -0.8094166320 2.8547356560 1326.7600000000 283.9990000000
2.1026438607 -0.8133314075 2.8722357462 1325.4100000000 284.3580000000
2.1352919646 -1.1524719163 2.9588264064 1312.6400000000 188.9130000000

gimbalangles:
0.1022415283 -0.2590391341 -1.6064618719

end: