T_CW:
0.1044940875 -0.1121658627 -0.9881800468 -0.1216912382
0.0152057146 0.9936836541 -0.1111826507 0.0995574393
0.9944092578 -0.0034080542 0.1055396288 -1.0768584439
0.0000000000 0.0000000000 0.0000000000 1.0000000000


target_points_pix:
1.9502539318 0.3131980968 0.9536104177 20.5943000000 745.7770000000
1.9505215173 0.3115979357 0.9553416958 19.9400000000 745.5910000000
1.9508774059 0.4158706442 0.9575626552 11.1045000000 814.9280000000
1.9512787842 0.4151187290 0.9576429309 11.2018000000 813.7640000000
1.9551801804 0.4128281973 0.9594812431 12.7395000000 814.3450000000
1.9739058121 0.2937259017 0.9193434216 59.4731000000 731.1310000000
2.0110761106 0.3866074964 0.8814399389 102.2190000000 786.8450000000
2.0156759049 0.2698653048 0.8788256288 110.9780000000 712.0260000000
2.0236044626 0.7410137567 0.8461293594 98.4801000000 1013.9100000000
2.0258173945 0.7432186610 0.8493484127 99.8614000000 1013.0200000000
2.0263258069 0.3763937588 0.8620667504 121.7750000000 777.8980000000
2.0291568612 0.7482091301 0.8558587673 98.0517000000 1014.4900000000
2.0360739458 0.3203774152 0.8585827875 132.4340000000 740.4030000000
2.0370319018 0.3791819995 0.8651707419 121.8970000000 776.4860000000
2.0444172610 0.3164733431 0.8611623115 136.2970000000 735.1860000000
2.0751494529 0.2021140000 1.2869657285 -67.3272000000 628.0200000000
2.0761582502 0.8541569237 0.8806130997 102.4850000000 1056.4300000000
2.0870382757 0.2313940056 0.5086987218 364.5780000000 708.2110000000
2.0881808656 0.2323947753 0.5084471915 363.7870000000 708.4150000000
2.0906694106 -0.1024030888 0.5203413659 383.3530000000 499.1670000000
2.1138851265 -0.0791924569 0.4723151246 417.4090000000 516.9340000000
2.1259345005 0.1271539426 0.9490668163 143.2940000000 605.7970000000
2.1260736450 0.5725098304 -0.5029723926 995.5570000000 1026.2600000000
2.1323592278 0.5740163366 -0.2956605447 850.3890000000 995.7410000000
2.1328301783 0.5757048010 -0.5036547356 995.1000000000 1025.0900000000
2.1350377584 0.6740611946 0.3525010516 436.0220000000 980.0130000000
2.1418264020 0.5774655134 -0.2947106163 849.2940000000 995.6640000000
2.1605627370 0.4877762134 -0.3898158463 912.3130000000 939.5840000000
2.1672764566 0.4887020591 -0.3893743303 916.3820000000 937.8000000000
2.2210878960 -0.1904330912 0.5818833496 393.8100000000 450.3600000000
2.2230733802 -0.1888492528 0.5815140817 393.0350000000 450.5980000000
2.2251766021 -0.2143870755 0.5870049357 391.5050000000 435.7040000000
2.2303704362 -0.1947904531 0.5890011233 392.2330000000 448.8540000000
2.2446648523 -0.1052507334 0.4686973689 451.6950000000 502.6180000000
2.2477367336 -0.1075535740 0.4712099966 450.7870000000 500.8610000000
2.2553522162 0.4884210944 -0.2642066747 821.0900000000 892.6990000000
2.2573403763 -0.2278814111 0.4356692936 478.8210000000 439.5930000000
2.2685762905 0.0776680225 -1.0087116190 1313.5800000000 714.7680000000
2.2685923456 0.1685025883 0.8914262288 229.9610000000 618.4220000000
2.2735533803 0.0364515640 -0.8768695789 1225.6200000000 677.9060000000
2.2830366096 0.0404190538 -0.5740939364 1033.7700000000 653.8490000000
2.2946819296 0.0698192053 0.0108576553 691.3140000000 626.6570000000
2.2951395007 0.0660960210 0.0127587699 691.5130000000 626.1870000000
2.3007561199 0.0381306628 -0.5314247563 1001.5300000000 648.3690000000
2.3017809723 0.4820338291 -0.0923975326 720.2480000000 858.6550000000
2.3036487189 0.0370258024 0.3427395334 519.0400000000 585.5370000000
2.3096800955 0.1727927863 0.9240850363 230.3020000000 618.7230000000
2.3111197054 0.0817262238 0.5271969058 422.0530000000 596.1380000000
2.3152860113 0.0366110449 0.3381611459 520.9400000000 584.5780000000
2.3249057091 0.0257081141 0.5587880472 415.1370000000 567.4670000000
2.3294305796 0.0257719065 0.5620285073 414.1180000000 566.9850000000
2.3312180505 0.0247471344 0.5673507824 413.1890000000 567.8780000000
2.3477789157 -0.0239176997 0.4444407455 479.1840000000 547.5250000000
2.3497082070 0.5672785343 0.5422539406 396.3680000000 836.8300000000
2.3497617241 -0.0238707652 0.4462041338 479.4320000000 547.5240000000
2.3515518709 -0.0246616943 0.4441999186 480.3720000000 548.1040000000
2.3957703709 -0.1896223072 0.4590562642 489.4690000000 467.4680000000
2.4220472647 0.3608309875 -0.9300414890 1176.0400000000 837.2370000000
2.4431463795 0.0356394420 0.3697014460 525.2120000000 576.4020000000
2.4473688783 0.4598697241 0.9919500648 233.5600000000 734.4110000000
2.4487201850 0.1234984574 1.4391683475 70.2892000000 559.1330000000
2.4609970066 0.0339512453 -0.7560734673 1088.1900000000 646.6310000000
2.4634213311 0.0335268547 -0.7498521049 1079.8200000000 644.6920000000
2.4921707146 0.4738537411 -0.0825905249 714.6330000000 808.7770000000
2.4951864030 0.2470515022 0.8773913706 304.2880000000 641.1170000000
2.5007949946 0.2469979851 0.8799896256 304.7870000000 640.2240000000
2.5012605933 0.8924457295 0.1915783571 567.3450000000 979.9060000000
2.5031711536 0.4900720968 -0.4892693404 911.0530000000 843.8970000000
2.5033370566 0.4918274575 -0.3656341468 849.7650000000 835.5630000000
2.5051084724 0.4901042070 -0.2534767647 793.3060000000 824.5110000000
2.5075622313 0.4910032942 -0.3651417895 849.1980000000 834.7110000000
2.5094139228 0.4920361742 -0.4885923491 911.3550000000 845.0750000000
2.5145569156 0.0302989711 0.2484715783 586.6540000000 579.7710000000
2.5187446283 -0.0192359439 0.4452515295 507.0090000000 548.0070000000
2.5313826904 -0.1095278197 -0.9773345461 1186.4700000000 583.7070000000
2.5326804799 0.4897563459 -0.3966392760 862.1810000000 831.2930000000
2.5330363686 -0.0221276064 -0.5007086195 938.3790000000 598.0320000000
2.5362902080 0.4900159038 -0.2891047005 810.1710000000 822.2610000000
2.5384121608 0.4870617602 -0.2056255242 771.5570000000 814.3720000000
2.5411656154 -0.0214315095 0.3566405989 542.1640000000 549.6430000000
2.5441946830 -0.0207764603 -0.5020545744 939.0290000000 597.0000000000
2.5538491670 0.0237487195 -0.5508915997 959.4230000000 621.4740000000
2.5541140766 -0.0852591549 0.9161511269 319.2680000000 495.8800000000
2.5562226502 -0.0821259965 1.0810480009 256.1150000000 489.3410000000
2.5565571320 -0.1061468772 1.0402465675 274.6440000000 481.9310000000
2.5573090472 -0.0727671945 0.4186909951 522.9180000000 523.6150000000
2.5577398598 -0.0815549691 1.0815403582 256.5880000000 489.1330000000
2.5587192227 0.0427649757 1.0354728426 266.5510000000 546.3150000000
2.5590189184 -0.1057449638 0.9800826489 297.0210000000 484.4170000000
2.5602765701 -0.0831174007 0.9146205379 321.0800000000 496.0980000000
2.5608518789 -0.1468447550 1.0373593202 278.1930000000 464.1800000000
2.5630353764 -0.0663167790 1.0987782146 250.2070000000 495.6690000000
2.5633564790 -0.1241005247 1.0635077729 267.7550000000 472.5020000000
2.5634260512 -0.1622999570 1.0556808977 272.2660000000 458.1340000000
2.5642502145 -0.1524209688 1.0340198534 280.4570000000 463.7480000000
2.5648362266 -0.0185490787 0.3672637423 542.4540000000 550.2210000000
2.5656764450 -0.0170971867 0.3656823122 542.5760000000 550.1400000000
2.5669367726 -0.1640668239 0.9365545195 318.9080000000 462.0310000000
2.5677207981 -0.1634361249 1.0460986618 275.9720000000 457.5850000000
2.5677315015 -0.1494732472 0.9363752372 317.6370000000 468.2920000000
2.5691978699 0.4894914363 0.9705459025 274.3110000000 731.4760000000
2.5700701986 -0.1728818922 0.9517399952 314.7600000000 458.2000000000
2.5701531501 -0.1697856607 0.9509104803 313.8350000000 457.3480000000
2.5728075980 0.0689931689 1.0306910901 272.5730000000 555.9900000000
2.5739475121 -0.2285024770 1.0439900883 280.9970000000 430.9680000000
2.5746994273 -0.2509788542 0.9176656607 331.2190000000 428.3060000000
2.5749268750 -0.0132667541 0.8741402071 337.4170000000 527.3720000000
2.5758179346 -0.2162170926 1.0639359097 274.1280000000 437.1850000000
2.5760025686 -0.0132236194 0.8765136902 338.0570000000 529.1640000000
2.5761524164 -0.2303488168 0.9366802846 323.6260000000 435.4930000000
2.5794249868 -0.2142840551 0.9754159582 307.7840000000 439.3780000000
2.5817342495 -0.0113762895 0.8780924446 337.9960000000 528.3670000000
2.5826333367 -0.0126694231 0.8780710377 338.2200000000 528.3670000000
2.6312054524 -0.0524165162 -0.0119025499 708.6590000000 554.7820000000
2.6326049244 0.4875541175 1.0262277643 268.7150000000 722.2320000000
2.6399528216 -0.0502126823 -0.0070272227 708.1750000000 554.4920000000
2.6430568131 -0.0496839333 -0.0071682403 708.6580000000 554.4930000000
2.6434314328 -0.0497080160 -0.0061631357 708.1760000000 555.0940000000
2.6696414302 0.3520943217 0.0250597277 674.5200000000 719.1260000000
2.6725607878 0.3482517942 -0.1753779296 758.8470000000 728.6190000000
2.6731200414 0.3482116564 -0.1757397051 758.8550000000 729.0440000000
2.6784503441 0.3551715547 0.0285082891 673.5850000000 719.4570000000
2.6785038612 0.3546684940 0.0283822563 673.7840000000 718.6170000000
2.6819021968 0.0301774873 0.1782376156 625.5130000000 578.9790000000
2.6831063314 0.0300688476 0.1754793445 626.3800000000 577.5320000000
2.6832401241 0.0294164742 0.1803716097 627.9820000000 578.0940000000
2.6860230131 -0.3457338149 0.2401285308 619.9240000000 423.6280000000
2.7036568960 0.0257338558 -0.0119184177 704.3910000000 583.4320000000
2.7049680648 0.0275457841 -0.0105777609 705.2400000000 584.2410000000
2.7089818470 0.0254132349 -0.0112731353 704.6330000000 583.4330000000
2.7606258439 -0.5559569928 -0.8297798868 1075.3500000000 381.7710000000
2.7621778397 -0.2120970790 -0.7254911232 1010.7700000000 521.1410000000
2.7640509380 -0.5523659957 -0.8265849162 1071.7700000000 384.7030000000
2.7649874872 -0.5507524553 -0.8246583007 1071.5100000000 384.9320000000
2.7680379616 -0.2128489942 -0.7252395928 1011.0100000000 520.9300000000
2.7692153377 -0.2145925811 -0.7256597020 1011.7900000000 520.2200000000
2.7705265066 -0.2465907200 -0.7758293030 1032.1200000000 508.4040000000
2.7761725601 -0.2484887038 -0.8393915571 1059.9100000000 510.6760000000
2.7779653828 -0.2635917633 -0.7583559714 1025.2300000000 501.8480000000
2.7805074449 -0.2464325770 -0.8851888114 1077.6300000000 513.2170000000
2.7806679961 -0.2624622850 -0.7955557043 1040.5400000000 503.0520000000
2.7879195625 -0.3156250971 -0.8268203914 1055.4200000000 483.2520000000
2.7879998382 0.6284191398 0.7837498331 384.5560000000 767.1280000000
2.7975526397 -0.6313946903 -0.9092955870 1100.7500000000 357.7350000000
2.7976061568 -0.3113838673 -0.7950847539 1039.4900000000 483.8770000000
2.8040014497 -0.3450380927 -0.7928370359 1038.4800000000 470.0220000000
2.8051788258 -0.5855144845 -0.9615095410 1120.3900000000 380.0500000000
2.8060350993 0.6327112109 0.7977552569 384.8360000000 766.8490000000
2.8081222660 -0.5912434896 -0.9554754885 1117.5000000000 376.1740000000
2.8096742618 -0.3502693887 -0.8624761561 1065.1900000000 470.7160000000
2.8134739756 -0.3682109949 -0.7577833385 1023.1000000000 460.6650000000
2.8140894222 -0.3677855340 -0.8174602514 1047.0500000000 462.4100000000
2.8204311979 -0.4077601284 -0.7220660291 1008.1100000000 442.8710000000
2.8215015399 -0.4078243489 -0.7224406487 1009.0400000000 443.4890000000
2.8231338113 -0.2475261988 -0.5947221008 946.0830000000 500.4440000000
2.8242576703 -0.4054267830 -0.7212204590 1009.6000000000 443.7330000000
2.8272546276 -0.3870222539 -0.9023570956 1081.4600000000 459.6680000000
2.8362187411 -0.1768426925 -0.5999266383 944.3060000000 528.3690000000
2.8365130851 -0.5094747197 -0.8759892227 1074.2800000000 407.7630000000
2.8439519613 -0.2488622531 -0.5975424517 946.5710000000 501.3570000000
2.8440589955 -0.1763704041 -0.5981231122 944.4420000000 528.8680000000
2.8444336152 -0.1762532017 -0.5967958882 943.6350000000 528.3680000000
2.8517386987 -0.2498911193 -0.5992710539 947.6950000000 500.9360000000
2.8699612696 -0.7100701721 -0.8375559207 1059.7900000000 331.0430000000
2.8751256693 -0.5256315308 -0.7744753205 1024.6600000000 402.8920000000
2.8802097934 -0.5171410436 -0.7829631318 1025.7400000000 405.8690000000
2.8887992872 -0.5177297316 -0.7638361219 1017.4400000000 406.6440000000
2.8993421550 -0.6814197952 -0.8469294400 1057.3300000000 348.2120000000
2.9038643495 0.4720100771 -0.8802251008 1017.8100000000 789.3590000000
2.9179928627 -0.6655011352 -0.7380007442 1007.7600000000 352.5990000000
2.9308904826 -0.6650729984 -0.7401869175 1007.8000000000 352.7280000000
2.9441092052 -0.0092921733 -0.1223703170 746.5530000000 569.1000000000
2.9456076839 0.0251283902 0.1502527237 648.0110000000 572.4690000000
2.9726873341 -0.0156404246 -0.0697509710 728.7750000000 562.9880000000
2.9948434115 0.4865185617 -1.0131909999 1053.8300000000 790.6080000000
2.9962080975 0.3880096443 -0.9224795234 1023.2700000000 746.8890000000
3.0077142729 -0.0169457868 -0.8400899552 1006.2300000000 594.5130000000
3.0080086170 -0.5217916792 -0.7209796320 981.0180000000 411.6760000000
3.0083029610 0.4864730721 -1.0164715979 1052.5800000000 789.6880000000
3.0090254418 0.7764046118 -1.5950904047 1270.5200000000 929.0030000000
3.0129054312 -0.7915981151 2.7406372089 -86.1587000000 233.9930000000
3.0169727304 0.4846989804 -1.7906124365 1362.2300000000 828.4010000000
3.0169994890 0.7777880287 -1.6009451749 1270.4800000000 929.1480000000
3.0170797646 0.3902680658 -0.9399073655 1024.3900000000 746.4210000000
3.0174276257 0.4470497039 -1.7932160432 1363.2000000000 815.4050000000
3.0179092796 0.7790028667 -1.6010120713 1271.7500000000 928.4970000000
3.0182838993 0.2729907031 -1.5534326977 1271.5400000000 734.5270000000
3.0183374164 0.3755080509 -1.7560243378 1352.0700000000 786.0000000000
3.0183641749 0.4441544290 -1.6329858599 1297.4500000000 806.7860000000
3.0205316173 0.3694766742 -0.8986804711 1010.6400000000 737.4660000000
3.0206118929 0.4472744757 -1.7357574138 1339.0100000000 812.7960000000
3.0214949250 -0.0247675244 -0.8432902775 1006.5400000000 593.2970000000
3.0231539549 0.4846427875 -1.6379870324 1297.0000000000 820.1930000000
3.0241975383 0.4867968506 -1.6351265437 1297.1200000000 821.9370000000
3.0248397434 0.4887234660 -1.7555988769 1345.9400000000 826.4270000000
3.0250270533 0.6114488689 -1.7178238352 1323.3000000000 871.2940000000
3.0252411217 0.4904493923 -1.6351800608 1295.7600000000 821.1260000000
3.0257495341 0.3449979549 -1.5642244200 1272.4400000000 763.4120000000
3.0259100853 0.4474377028 -1.7984687461 1362.7100000000 816.3490000000
3.0259636024 0.4477213434 -1.6877204691 1318.0000000000 809.2300000000
3.0279437350 0.5733339937 -1.5984833885 1275.0600000000 851.1670000000
3.0283986303 0.6366714759 -1.6133584652 1278.7700000000 874.5450000000
3.0302984872 0.4499503304 -1.6363627886 1297.9500000000 806.0960000000
3.0311547607 0.3773650941 -1.7628852294 1351.8500000000 786.9510000000
3.0320110342 0.6561195884 -1.7272107337 1322.7000000000 887.5830000000
3.0322518611 0.6721104965 -1.6628055854 1294.3300000000 890.2610000000
3.0323588953 0.7113171205 -1.6115415598 1272.9000000000 902.0180000000
3.0332954445 0.5756512839 -1.5989061736 1275.3100000000 850.9430000000
3.0356769552 0.6339367524 -1.7975990933 1351.5200000000 883.6600000000
3.0377908805 0.3457739527 -1.5665203034 1271.2300000000 763.4320000000
3.0391020493 0.6509284301 -1.6369648559 1285.4100000000 881.1100000000
3.0422060409 0.2584530518 0.8252229061 425.7230000000 615.6440000000
3.0502068466 -0.5167209344 -0.7225690898 977.2050000000 414.8580000000
3.0509025689 0.2738175422 -1.5740474828 1271.2100000000 734.5080000000
3.0509293274 0.2732609645 -1.5714037383 1272.1000000000 735.9150000000
3.0558261416 -0.2929231453 -0.4166787523 857.5870000000 481.6620000000
3.0936092109 -0.4378447635 -0.1864270691 780.6650000000 426.9220000000
3.0953752750 -0.4381792453 -0.1828743367 780.4680000000 426.1090000000
3.1025198073 -0.4750605516 -0.2592732013 807.8740000000 418.4130000000
3.1048210424 -0.4367316079 0.0192837079 712.4520000000 421.4010000000
3.1074166215 -0.5223107950 -0.3603573612 842.0890000000 404.2720000000
3.1083799292 -0.5224686704 -0.3595679840 841.4500000000 404.4910000000
3.1093164784 -0.4367235803 0.0232261518 712.0520000000 420.5920000000
3.1118852989 -0.4715685611 -0.0182932670 726.6990000000 411.1430000000
3.1227225107 -0.6137715109 -0.3554551953 843.9840000000 375.5800000000
3.1252110557 -0.6165570757 -0.3595760116 843.1400000000 375.3910000000
3.1267898100 -0.5209487849 0.1449935987 677.0740000000 392.2050000000
3.1285558741 -0.5161268946 0.1405136827 677.2760000000 392.0810000000
3.1328104832 -0.0399135848 -1.7399986436 1324.0300000000 623.7540000000
3.1370383337 -0.6672618476 -0.2898806984 822.3480000000 357.5460000000
3.1371453679 -0.5261131846 0.1446278094 677.6580000000 391.3200000000
3.1378143316 0.8972435371 0.8719567096 403.7640000000 806.9350000000
3.1424168018 -0.6611742780 -0.1725284118 781.5290000000 355.6760000000
3.1451194151 -0.6626192396 -0.1214891580 767.8940000000 354.6770000000
3.1460827228 0.0060664571 -0.6345655782 911.6680000000 589.2570000000
3.1464841011 -0.6119251711 0.1411928146 679.6250000000 364.3740000000
3.1488388533 -0.0724201361 -1.8438057534 1358.1500000000 615.2790000000
3.1490796802 -0.6127894722 0.1423388832 680.4350000000 364.3700000000
3.1504978832 -0.6641739112 -0.1645500833 780.6950000000 355.9000000000
3.1536018747 -0.6599754951 0.0916196616 697.7630000000 350.8090000000
3.1542440799 -0.6622339165 0.0893213700 697.9680000000 350.6000000000
3.1545116654 -0.6728891702 -0.0019186012 728.3420000000 349.4510000000
3.1560904197 -0.0725266351 -1.8512526572 1359.8500000000 616.2560000000
3.1565185564 -0.6775986746 -0.0002846708 728.5520000000 349.0330000000
3.1579367595 -0.6730550732 0.0766362129 702.8830000000 346.6110000000
3.1611745437 -0.6763222919 0.0774694741 702.8810000000 346.8190000000
3.1695767277 0.0239753108 -1.5229894980 1226.1400000000 632.1710000000
3.1722793410 -0.7246803392 -0.0023322242 731.2070000000 333.9720000000
3.1740721637 -0.7272250770 -0.0029705734 731.6200000000 333.7570000000
3.1750354714 0.0207593883 -1.5217050878 1226.1500000000 632.3990000000
3.1751692641 -0.7245090845 0.0798255642 705.4580000000 333.0330000000
3.1753298154 -0.6239263797 -0.5185057295 892.4370000000 380.3960000000
3.1754368496 -0.6855861010 -0.2403947783 802.8220000000 352.7280000000
3.1772296723 -0.7248997593 0.0005957898 730.7920000000 335.5350000000
3.1847220657 -0.3214290261 -0.5235202814 881.9600000000 480.2630000000
3.1946762454 0.0791103082 2.8531569017 -80.9480000000 490.0500000000
3.1952381749 -1.1176724251 2.9439754124 -63.3944000000 163.7310000000
3.1974858929 -1.0798278111 2.8676600345 -49.1923000000 174.6510000000
3.1986632690 -0.0031941946 2.8942312724 -87.5359000000 467.1540000000
3.2011518139 -0.0795820614 -1.7737786342 1313.2300000000 607.0420000000
3.2053529059 -0.6336370566 -0.5240286938 892.8670000000 380.5940000000
3.2057275256 -0.0475973018 -1.5188767093 1215.6500000000 608.0130000000
3.2364730968 -1.3444725233 2.8565284787 -26.2531000000 112.5660000000
3.2475243770 -1.1356434657 2.8878092209 -36.7671000000 166.6320000000
3.2487552702 -0.7614305285 2.8738680176 -44.0246000000 267.0530000000
3.2573715225 -0.0786773549 -1.8124474114 1311.3100000000 605.0010000000
3.2605022726 -0.8474325007 2.8531569017 -34.1248000000 245.7320000000
3.2607966166 -1.1416400562 2.9043995205 -36.1301000000 167.9030000000
3.2659877749 -1.1454397700 2.9137382536 -37.4428000000 166.2920000000
3.2713127258 -0.8472050530 2.7668070685 -10.5309000000 248.7410000000
3.2717676212 -0.7299972626 2.8082293002 -24.9759000000 279.4760000000
3.2753265080 -0.7710662815 2.8955424412 -42.6404000000 266.8950000000
3.2860834441 -0.9001067017 2.8339977816 -19.9413000000 235.0740000000
3.2904450874 -1.0221711685 2.8376904612 -15.8516000000 203.3340000000
3.2931477007 -0.8522410117 2.7907024515 -10.5309000000 248.7410000000
3.2946729379 -1.0159792406 2.8279235913 -12.5955000000 206.7840000000
3.2962249337 -1.0201268155 2.8367003949 -12.2871000000 206.5140000000
3.2978572051 -0.1390111902 -0.6470992820 906.7820000000 540.6480000000
3.3013358163 -0.1377746777 -0.6460556986 907.8740000000 540.6530000000
3.3095239319 0.2363095508 2.7544981365 -31.8940000000 536.6520000000
3.3099253101 -0.9697110358 2.7180262361 16.5885000000 222.9380000000
3.3110759277 -0.7363845279 2.8605957780 -25.0170000000 278.8990000000
3.3175247376 -0.9419811529 2.7824875774 1.7494500000 229.1200000000
3.3353994475 -1.0246088722 2.8023691783 4.1543000000 208.7130000000
3.3417679818 -1.0874700523 2.8973620224 -13.7983000000 191.5330000000
3.3422763942 -0.8996464547 2.7493872539 16.8103000000 243.4720000000
3.3436143216 -0.9406351980 2.7450523692 16.3729000000 231.8960000000
3.3485646529 -0.0044684099 2.7928698939 -20.0517000000 472.7590000000
3.3514545761 -1.0364200951 2.7359009459 25.5767000000 212.4980000000
3.3592145549 -0.8824085983 2.7372121148 20.6974000000 247.5000000000
3.3643254375 -0.7832494483 2.4616499152 84.8297000000 281.2010000000
3.3690349419 -1.0427351124 2.7468719505 25.9604000000 209.4470000000
3.3747612711 0.4071232749 2.7361417728 -11.7114000000 581.2750000000
3.3859195854 -1.1848952485 2.5648736886 76.4974000000 179.0930000000
3.3889165428 -1.1851226961 2.5700701986 77.2805000000 179.1640000000
3.3984425857 -0.8314282133 2.7308435804 32.3250000000 267.2450000000
3.4019211969 -0.4689863612 2.8142499734 4.0577700000 357.4320000000
3.4268869219 0.2342082021 2.7357939117 7.2164900000 536.4700000000
3.4762832008 -0.1119149497 -0.8148726999 939.7420000000 552.0250000000
3.5040853319 0.2431827514 2.8209931274 7.6278100000 536.1380000000
3.5801331243 -0.9382429838 2.5159108981 125.4850000000 260.6540000000
3.5994260371 -1.1491618840 2.5292420066 133.0730000000 215.4210000000
3.5995865884 -1.1456725693 2.5303471346 132.6910000000 215.3870000000
3.5998006568 -1.1444978691 2.5314495867 132.0530000000 215.8550000000
3.6067043621 -0.8070270937 2.4991868058 133.8100000000 295.5530000000
3.6247931403 -0.5106788543 2.8264518712 59.0375000000 361.4390000000
3.6415975082 -0.3094679553 2.8509627008 51.7161000000 406.7680000000
3.6529163739 -0.8220707492 2.5374140670 133.8750000000 293.0240000000
3.6857223533 -0.3987424978 2.7585654358 83.9734000000 390.2520000000
3.6958103258 -0.4687482102 2.7647199017 85.5751000000 373.9600000000
3.7356805618 -0.3209500481 2.8310008243 77.7278000000 408.8260000000
3.7647671031 -0.2618053626 2.7277395889 101.8140000000 425.8970000000
3.7695033660 -0.4137861533 2.7324223347 107.6310000000 389.8690000000
3.7705737079 -0.3967302550 2.7346165356 105.2470000000 393.8280000000
3.7853711847 -0.3936878082 2.7511265595 105.6330000000 396.3200000000
3.8166519270 -0.4289020569 2.7688407181 106.5970000000 388.4740000000
3.8260976943 -0.8126517404 2.5198363771 171.2730000000 310.5900000000
3.8632117999 -0.8011000754 2.7366769438 135.1180000000 312.8480000000
3.8766981079 -0.3077848426 2.7360614972 122.4320000000 421.3280000000
3.8773938301 -1.1846597733 2.5430173069 182.9660000000 234.3630000000
3.8876423539 -0.8078191467 2.7524109698 135.3480000000 312.4050000000
3.8879099393 -0.8091597500 2.7458818842 137.2880000000 313.0770000000
3.9133840767 -0.5727560090 2.7928163768 127.6400000000 363.7280000000
3.9412664834 -0.2994896929 2.8128585290 121.3350000000 420.4010000000
4.0049518268 -0.7986168822 3.2515381591 61.9136000000 314.9600000000
4.0093402286 -0.5532195934 0.2384767256 666.8370000000 421.5080000000
4.0184916519 -0.8013596333 3.2628302662 63.9396000000 314.1080000000
4.0240039127 -0.8248964518 0.4412163405 627.7150000000 358.2820000000
4.0573183045 -0.6030386574 2.7830227483 155.4250000000 364.8530000000
4.0594322298 -0.6072317218 2.7792497931 157.4820000000 364.6390000000
4.0871808437 -0.0287057672 2.8885317017 123.9280000000 477.0180000000
4.1113438122 -0.6165543998 2.8312416512 155.9710000000 364.2450000000
4.1341153363 -0.8179365536 2.7333321253 182.8630000000 327.2740000000
4.1587867172 -0.8279228436 2.7467649163 182.4750000000 326.9280000000
4.2478926809 -0.2708446676 2.7118985287 191.6710000000 438.9010000000
4.2545555592 -0.2693435131 2.7151630715 192.6440000000 437.8370000000
4.2779157713 -0.0272260195 3.0706771356 127.1080000000 477.3260000000
4.2934892461 -0.8049372511 2.6956828488 208.4280000000 338.5780000000
4.3119258854 -0.5390268597 1.0112081915 515.9290000000 421.4030000000
4.3215054455 -0.5620793485 2.7194711977 205.6960000000 385.8860000000
4.3272317747 -0.5592563217 2.7188289925 205.9450000000 385.8960000000
4.3400758775 -0.7593620928 2.7034695862 215.2820000000 350.0130000000
4.3598772028 -1.3530004724 -2.8033324860 1358.8500000000 323.1220000000
4.3599574784 -0.9972000919 1.4518010579 446.6590000000 327.9320000000
4.3610813374 -0.8669822956 1.4663844663 438.4120000000 351.3610000000
4.3615629913 -0.9976870974 1.4517876786 447.9040000000 326.9500000000
4.3852443060 -0.5464817911 1.0228561873 516.7330000000 419.9850000000
4.3969913084 -0.4100453083 0.8685102086 543.7590000000 448.8730000000
4.4230808923 -0.9416065333 1.0729428368 518.7940000000 345.8460000000
4.4348278948 -0.6512388293 1.0765043995 513.4520000000 401.5660000000
4.4410893949 -1.3812789055 -2.8691317547 1359.6600000000 323.3270000000
4.4527561217 -0.7822112166 3.0004091894 182.5200000000 346.1120000000
4.4555122521 -0.6494727651 1.0784872079 513.9880000000 401.7770000000
4.4763571607 -0.5230894687 -2.9088681979 1340.3500000000 509.6220000000
4.4814145262 -1.5608983325 -2.8732525710 1355.9600000000 287.6440000000
4.5043198430 -0.7932437658 3.1278333933 167.1810000000 345.5220000000
4.5228902751 -0.7484660122 1.0119360240 531.4860000000 385.7470000000
4.5554554276 -0.5670885486 0.6754740459 590.1900000000 430.1830000000
4.5696909749 -0.7672933263 1.0191447768 531.6860000000 385.3790000000
4.6582350091 -0.6939508230 0.6933514316 591.3000000000 406.0990000000
4.6877229286 -0.7940170878 1.0465990467 531.4890000000 385.9930000000
4.6925394672 -0.5797694244 0.6957971628 590.1860000000 429.2120000000
4.6959378027 -0.7870625413 1.0539656748 532.7330000000 387.4460000000
4.7160602306 -1.0058350752 1.0489511230 538.3540000000 347.6190000000
4.7243821389 -1.0233833307 1.0392163634 538.3460000000 347.1190000000
4.7279677843 -2.2564493167 3.3076508336 195.9990000000 112.3610000000
4.7500971032 -0.7257480052 2.8542272436 244.1210000000 371.7340000000
4.9223418744 -1.2104389581 3.1048745595 231.7240000000 298.1710000000
4.9819599186 -1.2400446152 3.2468554133 216.7560000000 295.3240000000
5.0395443131 -1.1372971439 -2.8874078427 1253.0300000000 400.5320000000
5.0973427760 -0.9281844458 -2.8807984814 1237.4400000000 439.6420000000
5.1085813660 -0.9533508598 3.2022489144 236.0880000000 345.0950000000
5.1414676211 -0.5184254539 -2.9124003262 1229.3300000000 513.3650000000
5.2376913584 -0.8134009798 3.2279906372 244.3780000000 370.0030000000
5.3647677012 -0.8191968812 3.3199597655 246.9170000000 372.1650000000
5.5091835829 -0.8169732459 3.2249669213 269.8270000000 378.6180000000
5.5289581496 -1.5536146558 -2.8910202466 1194.8300000000 349.4460000000
5.6167529445 -1.3379380859 -2.8887725286 1179.8600000000 386.9540000000
5.6317912482 -3.6639141370 -2.6782630343 1180.8600000000 27.4781000000
5.7598844158 -3.7457685342 -2.7297999971 1180.3200000000 27.7821000000
5.8503015483 -2.4328443387 3.2473638257 320.3570000000 182.5380000000
5.8627710315 -1.4073042690 3.2594854478 305.7380000000 313.3400000000
5.8757221686 -2.4337594810 3.2534647746 320.3310000000 182.1970000000
5.8939714981 -2.4491376183 3.2637935740 320.8190000000 182.4710000000
5.9101871780 -1.2224481943 3.1849628926 315.7680000000 339.4800000000
5.9173049517 -3.2500129219 -2.7430454781 1158.4800000000 116.8010000000
5.9475421105 -1.0628602161 3.2550435289 307.7360000000 360.0690000000
5.9581652539 -1.2006319504 3.2500129219 310.2690000000 344.6460000000
6.0154285459 -0.9782443367 -2.8391889398 1123.9700000000 448.7980000000
6.0174621955 -1.2522893266 3.2601276529 315.0890000000 339.6660000000
6.0181846763 -0.6134450566 -2.8442730639 1118.7600000000 501.5820000000
6.0263995504 -0.9789775209 -2.8462264379 1124.7100000000 450.0990000000
6.2286138950 -1.0771813908 -2.5462764980 1064.7200000000 436.2410000000
6.2835759519 -1.0002933800 3.2340648275 332.1620000000 378.7140000000
6.3138666278 -0.9978128626 3.2472032744 333.0740000000 378.9570000000
6.8545230831 -3.1009945701 -2.8200298197 1087.8600000000 205.9550000000
6.8788466029 -1.5307307459 3.1903146021 379.5440000000 335.6530000000
6.8905400882 -2.4148679463 3.2290074620 387.2970000000 241.9880000000
6.9075050074 -2.4175464770 3.2370617849 388.3970000000 241.8250000000
6.9426924976 -1.5197196035 0.6601467498 649.1020000000 360.3490000000
6.9679525666 -1.5537805588 3.2435373534 379.5520000000 335.8680000000
6.9743478595 -1.5570905912 3.2493974753 378.2590000000 336.5370000000
6.9778799878 -2.9584250282 2.8971211955 430.6700000000 190.9950000000
6.9821078383 -2.4456777381 3.2758081619 387.2100000000 242.5130000000
6.9907240906 -2.3964848241 -2.8831799922 1076.8100000000 297.7840000000
6.9921690522 -2.3973999664 -2.8858290884 1077.4100000000 297.7450000000
7.1567073617 -3.0391823250 2.9745069153 430.8900000000 191.0070000000
9.1990802696 -0.9388049133 -2.2683729255 904.7380000000 476.7860000000

gimbalangles:
0.1022415283 -0.2590391341 -1.6064618719

end: