T_CW:
0.9601525653 0.2641956857 0.0911465360 -0.9266934945
-0.2702066810 0.9608487425 0.0613028846 0.2184704940
-0.0713820768 -0.0834885248 0.9939488243 -0.1935634832
0.0000000000 0.0000000000 0.0000000000 1.0000000000


target_points_pix:
-0.8171097145 -0.0752145312 2.8845446781 51.7102000000 570.2900000000
-0.8138558751 -0.0741342887 2.8795675883 52.4368000000 570.5300000000
-0.7810846818 -0.0167985881 2.8080152318 51.2482000000 598.2470000000
-0.7616526245 -0.4198496402 2.7999073919 20.4379000000 429.9310000000
-0.6313197664 -0.6139775517 2.8136345268 54.1035000000 339.2920000000
-0.6129179132 -0.9143342215 2.7892039728 28.9535000000 218.1220000000
-0.6085268355 -0.0668693430 2.7274987620 93.1225000000 560.1090000000
-0.6000524035 -0.0923804072 2.8897893535 131.5930000000 541.3790000000
-0.5997714387 -0.0920681349 2.8821096503 132.3990000000 540.1760000000
-0.5641317291 -0.2013925896 2.8208593347 121.3310000000 496.0970000000
-0.5470731550 -0.3823475357 2.8015129048 105.3360000000 421.5720000000
-0.5469206313 -0.3801051694 2.7970977444 105.2000000000 422.9430000000
-0.5406430760 0.0500981557 2.6802164083 118.2480000000 603.9050000000
-0.5059399155 -0.4021301299 2.8825110285 136.6720000000 407.7300000000
-0.5022980772 -0.2547186289 2.5823042066 79.2103000000 473.5250000000
-0.5017816372 -0.2530874278 2.5828902187 81.0097000000 474.0540000000
-0.4920950430 -0.4446949517 2.8649306627 135.4150000000 390.8860000000
-0.4497309104 -0.0098458076 2.6689590873 148.2550000000 570.4600000000
-0.4490753259 -0.0074968620 2.6690126044 149.5030000000 571.2200000000
-0.4357442175 -0.8784376298 2.7559698567 91.8556000000 210.3360000000
-0.4340584290 -1.0421544519 2.7665394830 77.9920000000 145.4590000000
-0.4292847041 -1.0394652179 2.7652283141 78.2354000000 145.9420000000
-0.4224719779 -0.9032642103 2.7832903338 99.9047000000 199.7140000000
-0.4194000966 -1.4003818327 3.0689378300 122.1320000000 45.3860000000
-0.4137406638 -0.9109064515 2.7583246088 97.2300000000 193.6870000000
-0.4000509908 0.0423809905 2.4329353177 113.9890000000 605.1110000000
-0.3944477509 -0.9831036889 2.8067575801 108.7920000000 166.2510000000
-0.3912126425 0.0407733370 2.4226386286 119.2150000000 603.6630000000
-0.3863800488 -1.0301907052 2.8300910336 113.6890000000 147.7600000000
-0.3820906536 -0.1993672351 2.7877590113 184.5250000000 478.1390000000
-0.3815795653 -0.3746276947 2.7838255048 166.2510000000 406.0110000000
-0.3786441527 -1.0206860691 2.7848423296 108.2700000000 149.1450000000
-0.3774293146 -0.3730542921 2.7775640046 167.1210000000 406.0120000000
-0.3731640021 -0.8520296191 2.7699110600 120.7910000000 213.6710000000
-0.3567342538 -1.0126156912 2.8175680333 126.4310000000 154.0030000000
-0.3293120942 -0.9019236071 2.8138218367 144.6500000000 192.5730000000
-0.3241744531 -1.0260083443 2.8381721150 137.7810000000 144.6330000000
-0.3184320687 -0.8964354290 2.8003622872 143.6820000000 192.3310000000
-0.2971536717 -0.9165391258 2.8067308215 153.0950000000 182.9580000000
-0.2951895943 -1.0149142504 2.7978469837 143.5830000000 143.2000000000
-0.2933325510 -0.1993471662 2.7768147653 218.9660000000 468.0430000000
-0.2927947042 -1.0461361238 2.8498120833 151.7880000000 134.7870000000
-0.2817996170 0.0013359526 2.7594752264 238.0880000000 550.2200000000
-0.2815641418 -0.1999235453 2.7632214231 219.2880000000 466.6010000000
-0.2812724736 0.0043288908 2.7624989423 239.0520000000 552.1420000000
-0.2596020638 -0.4372293169 2.7599836388 203.3270000000 367.0770000000
-0.2593615045 -0.5682712764 2.7605455683 190.7300000000 313.7610000000
-0.2590256847 -0.0418091604 2.7600371559 243.0820000000 530.1160000000
-0.2581822553 -0.3047771819 2.7589400554 216.9480000000 420.9740000000
-0.2575333605 -0.4353990322 2.7578161964 203.8500000000 366.8770000000
-0.2563177197 -0.0432792750 3.2571306956 324.4420000000 512.0730000000
-0.2252162597 -0.0424240718 2.7651747970 256.9110000000 525.7060000000
-0.2199726547 -0.0417901618 2.7582710918 257.1520000000 526.9070000000
-0.2151617355 -0.3506279533 2.7608399123 228.8300000000 399.1120000000
-0.2052629459 -0.4553983707 2.7893912827 226.9720000000 352.6660000000
-0.2038939786 -0.6281140924 2.7774569704 210.0170000000 284.1160000000
-0.2011070759 -0.6275601905 2.7732826370 210.4990000000 283.3940000000
-0.2002301983 -0.5468350039 2.7744600131 219.2220000000 316.5930000000
-0.1996677336 -0.6277983415 2.7753430452 211.3680000000 283.1070000000
-0.1990472029 -0.2019919811 2.7725869147 253.1430000000 459.0320000000
-0.1909045768 -0.7988764401 2.7690547865 196.6440000000 213.1220000000
-0.1897239897 -0.8137220823 2.7717841583 195.6320000000 209.5100000000
-0.1889806373 -0.6956339357 2.7670478954 206.7640000000 254.6430000000
-0.1685258683 -0.6955857703 2.7671014125 214.8100000000 252.8490000000
-0.1242819477 -1.2598165061 3.2759419546 268.8440000000 87.2672000000
-0.1061292165 0.0581556895 2.6961912612 303.3400000000 561.1170000000
-0.0927063263 -0.8197240246 2.8073730267 242.8940000000 196.5470000000
-0.0759787554 -0.7095162702 2.7687336839 250.9900000000 234.8520000000
-0.0756563149 0.1190851701 2.7010077998 324.2730000000 582.4550000000
-0.0743090220 -0.8081830630 2.7780991756 243.6980000000 196.8290000000
-0.0728019806 -0.5548893268 2.7106943940 255.8810000000 296.1850000000
-0.0723805335 0.1652356373 2.7006866972 330.6180000000 602.0460000000
-0.0704049499 -0.7083817078 2.7778048315 251.2790000000 234.6600000000
-0.0691820843 0.3064362118 2.6941576116 346.7440000000 665.4240000000
-0.0687250483 0.1190862405 2.6965391223 324.4100000000 581.1180000000
-0.0685476391 0.1684166934 2.6985460134 331.4200000000 603.1260000000
-0.0669172408 0.3098425749 2.6926591329 346.4550000000 665.4240000000
-0.0539227549 -0.6872825930 2.7419483777 255.0170000000 239.6680000000
-0.0483735673 -0.1882308628 2.7772964191 317.6640000000 444.9800000000
-0.0279575982 -0.4182521549 2.6991347014 287.2680000000 348.3760000000
-0.0117120558 0.1442590766 2.7069749559 352.5050000000 585.1020000000
-0.0107800823 0.2432030879 2.6954687804 362.5040000000 628.1120000000
-0.0099219624 0.1432842627 2.6985995305 352.3040000000 585.7020000000
-0.0066890750 -0.4059994159 2.6467147066 286.0630000000 347.8950000000
-0.0054556665 0.0854494081 2.5054054923 315.3830000000 570.1170000000
-0.0026949871 0.3101315673 2.6986530476 374.5130000000 657.1110000000
0.0003794175 -0.8117981427 2.8113332917 276.2570000000 187.9740000000
0.0012443233 0.0838200802 2.4873622036 316.1860000000 570.1160000000
0.0029046671 0.0771424846 2.2390830193 264.1550000000 585.1610000000
0.0042773538 -0.7060510383 2.7681985129 285.7160000000 228.6400000000
0.0095275147 -0.3163154676 2.7540967583 322.2300000000 386.3610000000
0.0105611439 -0.3182126487 2.7535348288 322.4310000000 385.9610000000
0.0125131532 -0.7033912387 2.7670211368 285.1520000000 227.6780000000
0.0129634995 0.0271569824 2.7999609090 366.5790000000 528.0690000000
0.0164178675 -0.6627637358 2.9094836445 315.3150000000 253.7630000000
0.0285398642 0.1345363583 2.2461713585 284.2260000000 611.1680000000
0.0293418178 0.1631474002 2.1845972645 275.1660000000 633.7960000000
0.0295853206 -0.7946833757 2.7742191862 284.0970000000 189.5890000000
0.0337802581 0.1614669634 2.1803774416 275.1660000000 634.1960000000
0.0381103263 0.3110413579 2.6966729151 391.8220000000 653.2760000000
0.0397345702 0.3121036722 2.6985460134 392.6870000000 653.8510000000
0.0400562079 -0.3190154051 2.7555417199 335.4780000000 379.9580000000
0.0420622962 -0.3136155302 2.7614286004 335.4780000000 381.5600000000
0.0531505032 0.1090004087 1.9763354882 226.9390000000 621.2290000000
0.0599252323 -0.8013623092 2.7955992657 298.1560000000 183.5940000000
0.0702457365 -0.6469253514 2.8159357619 325.9420000000 245.1340000000
0.0732897889 0.4046909229 2.7789286905 426.4380000000 680.8920000000
0.0736242708 0.4045651578 2.7793033102 428.0230000000 682.8580000000
0.0768636605 -0.1812714997 2.7877590113 368.6010000000 434.0140000000
0.0840924822 0.0657877625 2.6956293317 383.6240000000 541.0670000000
0.0862663466 -0.8325360172 2.7888561117 303.2860000000 168.9090000000
0.0905073088 0.2189769692 2.6912409299 403.6370000000 607.0720000000
0.0909354456 -0.8992263455 2.8327936470 310.1960000000 146.3980000000
0.0911661043 0.2190160367 2.6906790004 404.2780000000 607.7520000000
0.0915019240 0.2191187895 2.6910536201 404.0380000000 607.2720000000
0.0937442903 0.2190880172 2.6873609405 403.9890000000 608.3280000000
0.0996793362 -0.8965585183 2.8299572409 312.3650000000 145.9200000000
0.1353123562 0.2627456580 2.6946927825 427.3630000000 620.6950000000
0.1415305075 0.1910517489 2.6931943039 421.6940000000 589.0560000000
0.1434498981 0.1343733987 2.6995628382 417.3000000000 563.0950000000
0.1661917202 -0.5950753136 2.8452898887 369.5240000000 258.8210000000
0.1918178461 -0.6107370916 2.8268532494 373.5280000000 247.8070000000
0.1938159068 0.1901874478 2.6893945901 444.9480000000 583.2400000000
0.2240273775 -0.1816809055 2.7841466073 428.3060000000 416.4540000000
0.2266609537 0.2243308194 2.6921239620 462.0120000000 594.7480000000
0.2338702416 0.2049782350 2.6923112718 463.4610000000 584.6680000000
0.2361808422 0.0629350337 2.7003388361 447.3370000000 521.8910000000
0.2382669386 0.2924682500 2.6957096073 475.7730000000 623.0140000000
0.2415662675 -0.1883344183 2.7851901907 434.7760000000 412.0050000000
0.2470977945 -0.5802323472 2.8110924648 400.6180000000 252.8380000000
0.2524369275 -0.5792235500 2.8396973523 402.8260000000 254.2420000000
0.2547702729 0.0643243375 2.6961109856 455.9950000000 520.1600000000
0.2564092339 0.1510929421 2.6894481072 467.8050000000 558.0260000000
0.2578582093 0.2933539579 2.6987333232 484.5890000000 620.4070000000
0.2586039700 0.1389541945 2.6986530476 466.8070000000 552.0270000000
0.2616461493 0.2063645953 2.6915352739 476.7330000000 582.3550000000
0.2618358674 0.2655376448 2.6937829919 482.1950000000 608.4110000000
0.2624601443 0.2797579398 2.6949603680 483.7930000000 614.0090000000
0.2663717088 0.2063908187 2.6868525281 476.4450000000 581.7790000000
0.2679039032 0.2122504055 2.6903846564 477.8060000000 584.0180000000
0.3234038069 -0.2712513975 2.8684360324 466.8370000000 369.9870000000
0.3339627298 0.2085167853 2.6899565196 506.1550000000 575.4250000000
0.3342062326 0.2096023796 2.6901170709 506.8520000000 576.0000000000
0.3349661753 0.1501992066 2.6954420219 499.8590000000 549.0100000000
0.3361194687 0.1725219898 2.6957363659 503.8590000000 558.0060000000
0.3409922003 -1.3168657296 3.3195316287 420.3860000000 26.3598000000
0.3431542909 -1.3135128836 3.2941110084 420.5850000000 25.7583000000
0.3558271391 -0.5505303593 2.8430154122 447.2950000000 253.8910000000
0.3563034412 0.1131148030 2.6908127931 505.3160000000 529.9300000000
0.3586715727 0.1143612161 2.6926858915 506.2770000000 530.4090000000
0.3625248036 -0.9752179450 2.7600906730 394.1800000000 75.0601000000
0.3702847824 0.2253372084 2.6942111287 523.8710000000 576.9880000000
0.3758345052 -0.5492967903 2.8576790963 457.6870000000 253.8980000000
0.3780153268 0.1660488295 2.6986798061 520.8840000000 549.9980000000
0.3784809255 -0.5475146710 2.8502669786 458.1670000000 253.0820000000
0.3847477774 0.0588797758 2.6840963977 510.8950000000 503.0110000000
0.3928850517 0.1706537080 2.6961645027 527.8910000000 550.9930000000
0.4024940462 0.1936510742 2.6952279535 533.8910000000 559.9870000000
0.4065854281 0.1124891881 2.6920704449 525.9030000000 523.0010000000
0.4410932512 -0.9624139799 2.8451828545 440.1790000000 82.4957000000
0.4608035974 -0.5117037067 2.7757444234 488.8530000000 252.1890000000
0.4667332915 0.0609233261 2.7196049904 549.4420000000 492.4780000000
0.4670249597 0.0595377685 2.7165545160 549.5380000000 491.9980000000
0.4688953822 -0.1924488126 2.7562642007 523.5120000000 385.3440000000
0.4712474585 -0.1885688232 2.7568528887 525.5310000000 384.0000000000
0.4762539828 -0.8867461589 2.8266926981 458.9810000000 104.7510000000
0.4821810011 0.2501678027 2.6499016496 572.3070000000 578.3540000000
0.4833851357 0.0771818197 2.7123801825 556.9420000000 497.9940000000
0.4927934411 -0.2953635248 2.7545784122 522.6400000000 338.3830000000
0.4928817443 -0.0331249413 2.7549530318 551.9530000000 449.0040000000
0.4928844201 -0.2955133727 2.7582710918 522.9200000000 337.9820000000
0.4929432890 -0.4257365207 2.7535615874 507.9110000000 283.3330000000
0.4931948193 -0.4253217632 2.7552741344 507.8800000000 283.9420000000
0.4932269296 -0.5567704527 2.7547657220 494.2240000000 229.0780000000
0.4969704504 0.2294970922 2.6640783282 575.9150000000 568.7570000000
0.5194262236 0.2957301169 2.1307109013 551.8400000000 644.9380000000
0.5242240312 -0.2951895943 2.7537488972 537.5380000000 334.7840000000
0.5275420911 -0.2947908919 2.7551671002 537.0570000000 334.0640000000
0.5290940868 -0.5553843599 2.7461494697 508.8470000000 224.8830000000
0.5314461632 0.1932673566 2.6795474446 590.3350000000 545.7190000000
0.5315157354 0.1946117060 2.6737114053 589.9350000000 545.9590000000
0.5424466021 0.1299828562 2.7050215819 588.9110000000 515.4940000000
0.5473648232 -0.9600057106 2.9226756085 489.2620000000 80.2550000000
0.5476404362 0.1162005987 2.7069214388 588.9550000000 507.9770000000
0.5495349414 0.0512728559 2.7618032200 585.5660000000 477.5890000000
0.5653545947 0.1156905808 2.7116309432 597.5580000000 506.3740000000
0.5682846557 -0.1638816547 2.7644523163 568.9730000000 384.0020000000
0.5686860339 -0.4262770433 2.7649339701 539.9200000000 274.7490000000
0.5742732187 0.1946467597 2.6865849426 609.5430000000 539.9510000000
0.5879976778 0.1364134704 2.7104535671 608.3580000000 512.3660000000
0.5950672861 0.2880316828 2.1281099705 593.8750000000 627.5090000000
0.6034079254 -0.0328803682 2.7702589211 599.5990000000 435.4520000000
0.6048288042 -0.0323989819 2.7639171453 599.9830000000 435.5960000000
0.6056449399 -0.2953474697 2.7665394830 570.9680000000 324.9880000000
0.6057600017 -0.2945661201 2.7616159102 570.2070000000 324.8510000000
0.6059098496 -0.4260736784 2.7651212800 555.9370000000 270.9530000000
0.6085669733 -0.5576481330 2.7683055471 541.8900000000 215.8960000000
0.6125245625 0.2918019621 2.1255304465 604.6790000000 625.4370000000
0.6159630359 -0.2429633313 2.7356868775 577.9770000000 343.9950000000
0.6200544179 -0.1982522064 2.7335194352 584.9830000000 363.9990000000
0.6230058857 -0.2105940514 2.7319674394 584.9820000000 357.9990000000
0.6259867879 -0.3157749450 2.7696434745 575.9690000000 313.9840000000
0.6267601099 -0.1247705587 2.7672887223 597.9890000000 394.0010000000
0.6368079445 -0.2920026512 2.7623383910 583.1770000000 322.5490000000
0.6439578285 -0.8129005949 2.7842268830 528.5450000000 110.3180000000
0.6466711452 0.0763068152 2.7436074076 628.9750000000 477.9720000000
0.6503557972 -0.4802838201 2.7479690509 567.5350000000 241.1350000000
0.6508668855 -0.4805540814 2.7554882028 567.2950000000 241.8560000000
0.6524055020 -0.6492319382 2.7952246461 551.1040000000 174.3800000000
0.6531574172 -0.6457051616 2.7675563078 551.3920000000 174.0910000000
0.6564005531 -0.3661184765 2.7486647731 581.9670000000 287.9740000000
0.6583619547 0.2338967326 2.6880834213 649.9340000000 548.9200000000
0.6598978953 -0.3395793490 2.7486915317 587.9750000000 299.9810000000
0.6728784668 -0.5393559899 2.7545248951 569.9220000000 214.7120000000
0.6760011893 -1.0376777469 3.0983454738 541.1780000000 58.6722000000
0.6795466968 0.1145332736 2.7586724700 647.9670000000 491.9570000000
0.6832554315 -0.3634667044 2.7530531750 593.9750000000 286.9770000000
0.6855299081 -0.4013006150 2.7525180040 590.3670000000 269.9660000000
0.6900735095 -0.6484880506 2.8830461994 573.0220000000 179.8750000000
0.7001534544 -0.1903156212 2.7426440999 619.9970000000 357.0000000000
0.7012773134 -0.4766767678 2.7521701429 588.9510000000 236.9430000000
0.7025751030 0.0315579608 2.8792464857 652.9820000000 450.9760000000
0.7054115090 0.2861425293 2.1265419196 657.4850000000 610.6660000000
0.7054730537 -1.0387909025 3.0768583601 554.4370000000 49.7402000000
0.7057861287 0.2864796870 2.1258515490 657.8860000000 609.8660000000
0.7156573569 -0.1779098233 2.7439552688 629.2790000000 361.4400000000
0.7208833013 0.4272671096 2.1238928233 688.7880000000 691.7630000000
0.7226466895 0.4229884178 2.1178400399 688.5890000000 690.9640000000
0.7288065072 0.3430445809 2.1271306076 680.8460000000 640.8180000000
0.7321727325 0.3300827404 2.1257900044 677.8560000000 632.2290000000
0.7324938351 -0.2784494468 2.7782864854 625.1950000000 317.9950000000
0.7368206922 -0.1859807365 2.7482901535 637.0000000000 356.0000000000
0.7379632822 -0.1861356685 2.7423497559 636.4800000000 354.2400000000
0.7494721336 -0.7330236543 2.8030916591 581.6300000000 127.9700000000
0.7508394953 -0.2797686432 2.7836649535 633.5970000000 315.5960000000
0.7511820048 -0.2782086199 2.7764401456 633.5970000000 315.3560000000
0.7516930930 0.2854601863 2.1268549946 684.1640000000 604.6490000000
0.7528437106 0.2848527673 2.1240721056 683.8780000000 602.8500000000
0.7535902740 -0.5081555233 2.7519293160 607.1550000000 218.3360000000
0.7554874551 -0.5097744154 2.7585386772 606.1940000000 217.3750000000
0.7563169701 0.3411821860 2.1228947295 695.8400000000 635.8090000000
0.7610933708 -0.0422734212 2.9182069311 670.7880000000 413.9850000000
0.7631350480 -0.4904627716 2.7543108267 611.9610000000 225.9450000000
0.7726530634 -0.7339227415 2.7559163396 588.8320000000 122.2070000000
0.7762413846 -0.1762799602 2.7541502754 654.9990000000 354.0000000000
0.7874987056 0.2593783623 2.2999720944 703.8910000000 567.8660000000
0.7909077446 -0.2707590403 2.7774569704 650.9980000000 313.9970000000
0.7919994933 0.4239169394 2.1227823436 730.5620000000 681.3270000000
0.8026065816 0.2017003129 2.8461194037 714.1610000000 511.1090000000
0.8034013105 -0.4160017610 2.7472733287 637.9820000000 249.9720000000
0.8047740240 -0.4104654175 2.7439017517 640.7830000000 251.9740000000
0.8050924507 0.2017958409 2.8419718288 713.9210000000 511.1090000000
0.8071261003 -0.5109705225 2.7469522261 628.7610000000 207.5380000000
0.8071822933 -0.5179732344 2.7505646300 627.9600000000 206.9370000000
0.8078887189 -0.7371444707 2.7397274182 604.8810000000 114.8100000000
0.8094112803 -0.4099329224 2.7499224249 640.7830000000 251.9740000000
0.8113780336 -0.1691715520 2.7603582585 673.9160000000 354.2390000000
0.8140752952 -0.0118081725 2.8443265810 692.9040000000 421.6080000000
0.8142064120 -0.0121657737 2.8423999656 692.9760000000 419.9770000000
0.8145087836 -0.1683489943 2.7590738482 670.4610000000 354.2390000000
0.8146238454 -0.0123665431 2.8491163610 692.6160000000 420.4570000000
0.8197186729 0.2649604630 2.1280885636 721.3080000000 578.7230000000
0.8225577548 -0.3333686900 2.7501097347 656.3930000000 283.1910000000
0.8254717606 -0.2664626878 2.7924149986 669.5960000000 311.9990000000
0.8283590079 -0.2658319889 2.7889899045 665.2770000000 312.7670000000
0.8292928812 0.2616729078 2.7268833154 729.1050000000 539.0110000000
0.8299912793 0.2619255085 2.7299070312 729.9690000000 538.4350000000
0.8313800479 -0.1543727372 2.7613750833 680.9930000000 356.9980000000
0.8314255374 0.2633589639 2.7387105934 729.4890000000 538.6750000000
0.8365738820 -0.3540771301 2.7499224249 659.9910000000 271.9880000000
0.8393755020 -0.3410216347 2.7543375852 662.3920000000 278.3910000000
0.8421423358 -0.3907738023 2.7543108267 657.9870000000 255.9810000000
0.8473040596 -0.2524240834 2.7750487011 676.9950000000 315.0000000000
0.8555992094 -0.3692947161 2.7516617305 667.1880000000 262.7860000000
0.8630541408 -0.1568190037 2.7676365834 696.3710000000 352.5100000000
0.8666879515 -0.0886331401 2.7827284043 705.0030000000 380.1500000000
0.8671348193 -0.0864549944 2.7796244128 705.5780000000 382.7890000000
0.8688473663 -0.0838813572 2.7816848209 705.5780000000 383.0290000000
0.8740599314 -0.3942871996 2.7608131538 671.0250000000 251.9830000000
0.8751249216 -0.4823201455 2.7588865383 659.9720000000 214.7580000000
0.8806960512 -0.2527352853 2.7760922845 692.3900000000 312.0000000000
0.8829116590 -0.3965697037 2.7544981365 674.9840000000 248.9830000000
0.8956433760 -0.5296346095 2.7511533181 665.2420000000 191.4630000000
0.8984289408 -0.5321418854 2.7666197586 664.7630000000 191.9430000000
0.9021644340 -0.2920989820 2.7786075880 695.5070000000 290.8790000000
0.9033765962 -0.4103423282 2.7602244657 684.2680000000 240.1730000000
0.9062986296 -0.4147762196 2.7506984228 683.9800000000 240.4610000000
0.9097852684 -0.4101015013 2.7508054570 683.9800000000 239.9810000000
0.9189902088 -0.9165150431 2.9698776866 639.2150000000 57.3394000000
0.9406057636 -0.5914950199 2.7559966152 676.9480000000 160.9210000000
0.9444188566 0.6747488892 2.8966930587 826.6100000000 691.6110000000
0.9525427517 -0.0802159714 2.8757946330 740.9510000000 376.9830000000
0.9580657159 -0.9003234459 2.8472165041 651.4510000000 45.3273000000
0.9639365413 0.0966663237 2.8381453565 768.8550000000 449.2100000000
0.9644288985 0.0963072240 2.8333020594 767.8970000000 448.7310000000
0.9668184368 0.0942575193 2.8284587622 767.4180000000 447.7720000000
0.9686353422 0.2779999032 2.7397541768 796.4180000000 528.6070000000
0.9909038056 -0.1751199772 2.9235853991 748.7510000000 335.5160000000
0.9927876073 -0.1736279206 2.9174041746 748.1760000000 335.2280000000
0.9961083431 -0.1734058246 2.9229967111 748.9510000000 334.9960000000
1.0046737542 0.6596356615 2.8758749087 853.2040000000 680.4290000000
1.0058056408 -0.0761783741 2.9125876361 764.3280000000 373.1800000000
1.0087089432 0.6617148007 2.8864445350 853.4910000000 680.7170000000
1.0093565000 0.6643558693 2.8958635438 853.5710000000 680.5970000000
1.0109780680 -0.3409841727 2.9800191761 739.1600000000 270.0000000000
1.0130866416 0.0506277073 2.8362187411 782.8890000000 421.9440000000
1.0133007100 0.1463986900 2.8385199762 794.7320000000 463.5850000000
1.0144352724 0.0476575085 2.8335964034 783.2490000000 421.8640000000
1.0147028579 0.1503295207 2.8363525338 794.7330000000 463.0090000000
1.0280981868 -0.2325299060 2.9916591444 755.9470000000 310.8000000000
1.0312021783 -0.1686885602 2.9142466660 764.3360000000 332.3950000000
1.0407362489 -0.0742884179 2.9130157728 778.9120000000 369.9770000000
1.0620333770 0.0979978291 2.8341583329 810.5610000000 437.6790000000
1.0727046858 0.4269700897 2.7289437235 859.3310000000 584.3610000000
1.0741309163 0.4267854557 2.7303619266 860.1940000000 583.7850000000
1.0767532540 0.4284926511 2.7391387302 858.8520000000 584.1220000000
1.0788992895 0.5581431662 2.4288787219 898.0390000000 676.9320000000
1.0822360804 -0.0715684115 2.9158789374 796.2100000000 365.7350000000
1.0840850961 -0.0717749875 2.9148621126 796.6900000000 365.9750000000
1.0876573622 0.4230606659 2.1906848341 899.5270000000 624.5890000000
1.0878446720 0.4201520118 2.1937620671 898.0900000000 625.1650000000
1.0881363402 0.4233416307 2.1933259028 898.5290000000 625.6280000000
1.0917059304 -0.3636647177 2.7851901907 767.9330000000 239.9980000000
1.1096609159 -0.1646362458 2.9115172941 796.8980000000 324.9920000000
1.1102576315 -0.1667718455 2.9065134457 796.6990000000 325.1920000000
1.1130619273 0.5189017560 2.1892853621 929.4040000000 678.5220000000
1.1232167962 -0.3670015086 2.7632214231 780.9200000000 231.9980000000
1.1236449329 0.1100364996 2.4599132855 853.6860000000 437.6570000000
1.1296201166 0.4723686417 2.1902914835 930.6300000000 648.7640000000
1.1300857153 0.1115486252 2.5045358395 855.1230000000 438.8080000000
1.1522819306 0.5495402931 2.1927960835 958.1220000000 689.4780000000
1.1569325662 0.5102988830 2.1898392640 953.3560000000 666.7150000000
1.1597877032 -0.0658685733 2.9151296981 828.8430000000 359.9680000000
1.1655809288 0.4537420166 2.1914287218 948.4020000000 631.5720000000
1.1723000001 0.5588977572 2.1865238800 971.2840000000 693.4590000000
1.1892649193 0.5480873039 2.1922154231 978.4750000000 683.4670000000
1.1899793725 -0.3546658181 2.7291577919 812.0440000000 224.6390000000
1.1986919557 0.1398203687 2.1866335900 915.6290000000 446.8520000000
1.1987829347 -0.1771161648 2.8826983383 833.8480000000 307.1910000000
1.1999041179 -0.3601085067 2.7622581154 813.8820000000 224.9990000000
1.2038804380 0.3857779815 2.6748085058 915.5530000000 552.7170000000
1.2049320490 -0.1651101397 2.9025531807 836.8420000000 313.9880000000
1.2053468065 0.2027473749 2.6960307099 888.8750000000 469.0440000000
1.2114745139 0.1400108896 2.2470303079 915.4710000000 444.8140000000
1.2173881529 0.1258754192 2.4813120960 900.8700000000 434.2750000000
1.2195341884 0.3765543101 2.7339475719 918.2750000000 542.6090000000
1.2195555953 0.3772152462 2.7394598328 918.8480000000 544.0460000000
1.2196144641 -0.0094754425 2.8334893692 863.7770000000 372.9080000000
1.2196519260 0.5281521859 2.1885387986 994.0490000000 667.8750000000
1.2200024630 0.1808005492 2.6878425943 894.8710000000 454.6560000000
1.2200078147 -0.8262236758 2.9783601462 764.2700000000 59.8431000000
1.2216213551 0.1275119719 2.5039043378 899.6730000000 433.8760000000
1.2227398624 0.5515177498 2.1919157273 998.0110000000 680.2850000000
1.2232322197 0.4545715316 2.1949769052 982.1220000000 623.5540000000
1.2251775661 0.2171662183 2.8171666551 894.8620000000 469.0400000000
1.2252792486 0.2147710607 2.8271743520 894.6630000000 468.8400000000
1.2283350747 -0.7278993924 2.9594150944 780.3590000000 93.4993000000
1.2285892809 0.1158540755 2.6974756715 889.6980000000 427.8870000000
1.2308022128 0.0949992662 2.7124336996 887.7080000000 417.8980000000
1.2315113143 -0.3057137310 2.7786611051 833.8550000000 246.0020000000
1.2443554172 0.1065945477 2.6991079429 898.2440000000 420.3700000000
1.2448103125 0.4793874087 2.1912280326 999.7750000000 635.4230000000
1.2464318805 0.1064599522 2.7118717701 896.5200000000 419.7960000000
1.2495706582 0.1070165300 2.7047539965 898.6830000000 419.8900000000
1.2508925304 0.5461499851 2.1890258042 1015.8300000000 673.3670000000
1.2510985712 0.5651940435 2.1908159510 1019.1700000000 683.4290000000
1.2540794734 0.5480792764 2.1907677856 1016.1800000000 673.4460000000
1.2552755805 -0.3054595248 2.7638368697 844.8390000000 242.0010000000
1.2562201572 0.4556499011 2.1931171861 1001.5100000000 618.7430000000
1.2590512116 -0.1051086455 2.9179928627 863.7910000000 332.6130000000
1.2611116198 -0.1051436992 2.9147550784 864.9890000000 332.3730000000
1.2632228692 0.0027812299 2.7144138322 891.3230000000 371.9370000000
1.2633299034 0.3861097875 2.1971470234 993.3320000000 577.6140000000
1.2671965135 0.0023667507 2.7449453350 890.7240000000 371.9370000000
1.2749939543 -0.3282765384 2.7662183804 850.6300000000 232.8010000000
1.2796178313 -0.4078778660 2.9655160433 836.2510000000 212.3980000000
1.2865911088 0.2339226884 2.0653344177 998.1720000000 492.2170000000
1.2872252864 0.2330091516 2.0596134402 998.9870000000 490.5380000000
1.2898904378 -0.3305322840 2.7500027005 858.8170000000 226.0000000000
1.2912604754 -0.3546738457 2.7420554119 858.0590000000 214.5590000000
1.2970751078 0.3977015903 2.7706602993 953.3240000000 542.2930000000
1.2980384155 0.5633022141 2.1898847536 1044.5400000000 676.7920000000
1.3113133310 -0.7272518356 3.2867524078 806.2690000000 120.9000000000
1.3113588205 -0.7508421712 3.3017104360 803.8700000000 114.9330000000
1.3115996475 0.5639872330 2.1854160761 1055.0700000000 676.4080000000
1.3137296279 0.4601774474 2.1906794824 1037.1800000000 613.5200000000
1.3177300307 -0.6378568796 3.2658272236 817.0660000000 148.7660000000
1.3195148259 -0.8322523766 3.3299407037 796.4720000000 84.5675000000
1.3201436517 0.3682671879 2.7543108267 960.4620000000 526.7170000000
1.3218026817 -0.1542499155 2.7561036494 893.1210000000 297.1980000000
1.3221023774 -0.0231359755 2.7552741344 909.6910000000 354.9420000000
1.3223432043 -0.0229919074 2.7588597798 910.4900000000 353.9420000000
1.3230924437 -0.4164165185 2.7545516536 861.4130000000 185.9920000000
1.3251234174 -0.6794530419 2.7553008930 830.2300000000 75.4976000000
1.3255863403 0.1636713326 2.0540770967 1011.9900000000 443.8870000000
1.3259154705 0.2112060194 2.0513289938 1020.5900000000 471.4930000000
1.3264158553 0.1610275880 2.0540824484 1010.3900000000 441.7950000000
1.3277939205 0.1643694631 2.0606222374 1011.7100000000 443.3120000000
1.3284655600 -0.5470597757 3.2480863065 830.8550000000 176.9850000000
1.3385508567 0.1155262833 2.3184756301 974.5070000000 411.8550000000
1.3541992553 0.5640594810 2.1879982759 1079.0100000000 668.9990000000
1.3556094308 0.5643886112 2.1889401768 1080.0100000000 668.3990000000
1.3584913264 -0.0226450096 2.7561036494 926.6560000000 349.9380000000
1.3593261931 0.3695596257 2.7613215662 977.1810000000 522.4300000000
1.3594599858 -0.4164620081 2.7531334506 876.7490000000 181.4310000000
1.3600192394 -0.5484458685 2.7555149613 860.9270000000 125.2370000000
1.3600700807 -0.5472497614 2.7541770340 861.4070000000 125.9580000000
1.3606293343 -0.5435865162 2.7474606385 860.8080000000 125.9580000000
1.3633212442 -0.6796028898 2.7581372990 845.8120000000 70.6968000000
1.3882468314 -0.1602154661 2.1254153847 982.3690000000 243.5730000000
1.3912250577 0.4605761497 2.1873186088 1083.0600000000 602.4990000000
1.3913695539 -0.0943321756 2.1228385366 996.5210000000 279.9530000000
1.3946019864 -0.3127619325 2.7611074978 904.5390000000 220.7960000000
1.3991509395 -0.2667284002 2.7757176648 911.7220000000 240.9930000000
1.3992767047 -0.2507968961 2.7745135302 913.7160000000 247.9920000000
1.4001704402 -0.2667776359 2.7807482718 911.7220000000 241.1930000000
1.4004861910 -0.1657130097 2.7756106306 924.1650000000 285.0980000000
1.4011578306 -0.1667450869 2.1171041798 989.5550000000 235.1730000000
1.4014120368 0.1532833968 2.1396429045 1040.9200000000 422.1980000000
1.4018187667 -0.1653124343 2.7810961329 924.1650000000 285.0980000000
1.4047515035 -0.2958879923 2.6453928343 919.7100000000 219.9930000000
1.4140768574 -0.6603287079 2.8201903710 867.2450000000 77.6717000000
1.4142347328 0.2090813907 2.0451290383 1077.4600000000 454.1940000000
1.4145718905 0.1618100080 2.0481340232 1069.1600000000 426.0130000000
1.4154014055 0.2097626633 2.0461806493 1077.7500000000 454.7690000000
1.4168329878 0.1606088168 2.0507617126 1068.4400000000 425.7740000000
1.4172022558 0.2109159567 2.0476443418 1079.1900000000 455.7260000000
1.4187328447 0.1628431555 2.0605366101 1068.8700000000 426.5890000000
1.4339022654 -0.6004029405 2.7365163925 889.6820000000 92.0921000000
1.4414133897 0.6189867518 2.2242989217 1132.8600000000 682.3390000000
1.4597082087 0.3211587647 2.1397606421 1110.2500000000 510.8210000000
1.4642411067 0.3954940101 2.1903423247 1115.2900000000 554.2380000000
1.4704116278 0.4003239280 2.1985732540 1117.0000000000 554.5480000000
1.4750381807 -0.7179318334 2.7148152104 891.7480000000 33.8571000000
1.4880134004 0.1566143008 2.0444226127 1117.1300000000 409.2950000000
1.4908364272 0.1558720187 2.0436492907 1117.1100000000 408.7590000000
1.4924232091 0.5895389701 2.2131646900 1161.8000000000 661.3500000000
1.4938735223 0.5364312806 2.2265011502 1152.0500000000 625.8090000000
1.4969935690 0.5431904897 2.2371376729 1147.9700000000 628.4000000000
1.5122619963 0.5360272265 2.2216337703 1160.9000000000 624.3650000000
1.5184780069 -0.5543407765 2.7477549825 929.7010000000 100.7440000000
1.5221974450 -0.5540812186 2.7598766046 929.9400000000 100.7440000000
1.5295052044 -0.3678470787 2.2514561717 1011.1400000000 119.9460000000
1.5399999068 0.6156900987 2.2197526444 1191.5200000000 666.5250000000
1.5408775871 0.4319632347 2.7597428119 1069.0800000000 528.1080000000
1.5469945911 0.4158224788 2.2298968099 1158.0900000000 550.3220000000
1.5477625615 -0.6604865834 2.7139321783 929.3630000000 48.2684000000
1.5490469717 0.4160927401 2.2326823747 1158.3700000000 549.0280000000
1.5490844337 -0.6515599319 2.6973686373 932.6940000000 49.8868000000
1.5502243478 -0.4352652395 2.2093810314 1015.5500000000 73.9070000000
1.5634858841 0.1323905904 2.0860856714 1148.0500000000 382.7670000000
1.5663998899 0.1318428429 2.0906399762 1148.6400000000 382.5660000000
1.5731376922 -0.0357644044 2.1170908005 1115.2100000000 282.8830000000
1.5782351955 -0.5296372853 2.7605990854 957.2520000000 106.5070000000
1.5821740537 -0.5602008985 2.7690012694 955.6560000000 93.9366000000
1.5881144513 0.6683482447 2.2150859537 1230.6200000000 691.2750000000
1.5882696509 0.0893821119 2.0951675224 1154.6500000000 352.5940000000
1.5891152210 -0.0155031800 2.1039523536 1134.3500000000 290.2650000000
1.5893587238 0.0500523986 2.0989431535 1146.0900000000 328.8240000000
1.5909695883 -0.3237864541 2.1035670305 1078.2100000000 110.3130000000
1.5921228818 -0.3910413878 2.1545902292 1059.0600000000 81.4988000000
1.5986706984 -0.6470751993 2.7567726131 951.6640000000 53.8926000000
1.6011619191 -0.6483167959 2.7599301217 951.5050000000 54.6136000000
1.6172384546 0.5359415992 2.2168439903 1223.8700000000 608.9870000000
1.6200347228 -0.3359535657 2.1262261687 1089.3900000000 101.9010000000
1.6208160724 -0.3359856760 2.1306279498 1088.9900000000 101.9010000000
1.6266815460 0.1087437942 2.0761743053 1188.1600000000 358.5610000000
1.6313723194 0.0062677081 2.0940704220 1165.0700000000 295.8360000000
1.6499213447 0.0717717765 2.0856789414 1190.9700000000 330.7860000000
1.6548609726 -0.3333232005 2.1284605074 1109.3500000000 97.0843000000
1.6676488825 -0.3710500768 2.1458722944 1109.6000000000 77.6265000000
1.6759627632 -0.0145120167 2.0893876761 1189.9100000000 274.8690000000
1.6965400864 -0.3384100004 2.1115410777 1137.3000000000 84.8532000000
1.6990366589 -0.0895346356 2.1631395852 1170.3100000000 232.6660000000
1.7158410268 -0.0157869544 2.0865646494 1216.9700000000 267.4090000000
1.7230310486 -0.3987264427 2.1743781752 1129.3400000000 59.8324000000
1.7372130788 -0.3472349694 2.1784026608 1145.5300000000 81.9236000000
1.7513817298 -0.0879045049 2.1178293364 1216.0200000000 220.8270000000
1.7979790647 -0.3455973463 2.1177918745 1195.0000000000 63.7110000000
1.7980780713 -0.3472751073 2.1227636126 1192.9800000000 63.1365000000
1.8032719054 -0.5838527787 2.7937796845 1044.9400000000 58.9205000000
1.8557855552 -0.5444294105 2.7657367265 1075.9800000000 62.0779000000
1.8591116426 -0.5557723588 2.7673689980 1076.5600000000 63.2309000000
1.9005820398 -0.3493060810 2.1728288553 1241.8900000000 52.9809000000

gimbalangles:
0.1159805019 0.2609490700 -1.6045813983

end: