T_CW:
-0.9984263155 -0.0387270706 0.0405599137 0.9235208492
-0.0383865242 0.9992211475 0.0091418339 0.0070072116
-0.0408823599 0.0075704934 -0.9991352863 0.5290439589
0.0000000000 0.0000000000 0.0000000000 1.0000000000


target_points_pix:
-0.9352995436 -0.1851557705 -2.6818486797 1243.0400000000 294.9660000000
-0.9185540445 0.1851852049 -2.5854831220 1252.7400000000 424.6280000000
-0.9175452472 0.0682514220 -2.6084526593 1248.7900000000 380.6830000000
-0.9144760418 0.0678966036 -2.6022286211 1249.1900000000 381.2820000000
-0.8608733191 -0.5715652537 -2.7907827271 1205.0900000000 167.8380000000
-0.8517486544 -0.9868017202 -2.8140359051 1200.4500000000 30.9207000000
-0.8119239079 0.1809054428 -2.4085475774 1251.5400000000 424.4290000000
-0.7109960179 -0.4301035157 -2.4654228704 1212.9700000000 194.2330000000
-0.6164313105 -0.1667865627 -2.2423020725 1222.3600000000 288.3670000000
-0.6021930873 -0.5020064090 -2.5331246718 1163.1800000000 172.8780000000
-0.5901035755 -0.5005721509 -2.5134812220 1163.1800000000 172.6780000000
-0.5830687533 -0.3098666576 -2.3825222139 1182.2800000000 235.0550000000
-0.5305791862 0.0561319406 -2.1301623511 1208.4900000000 376.4280000000
-0.5118562304 -0.1312338183 -2.1236894584 1205.1100000000 298.7440000000
-0.4027455765 -0.3302914571 -2.1673701116 1156.9200000000 214.4420000000
-0.3693589366 -0.2787464667 -2.3356037765 1110.4500000000 242.3080000000
-0.3672075494 -0.3248487685 -2.1925793393 1135.2100000000 218.8980000000
-0.3644862051 -0.2809808055 -2.3322321995 1109.4900000000 241.8290000000
-0.3644273363 -0.3406416633 -2.1797673467 1138.2400000000 213.0170000000
-0.3534509801 -0.3382360699 -2.1584568393 1137.9600000000 212.4410000000
-0.3492311571 -0.3251136781 -2.1707684471 1135.6000000000 219.4970000000
-0.3450140100 -0.3252287398 -2.1679989374 1135.3700000000 218.7780000000
-0.3432078080 -0.3218678663 -2.5247706533 1070.7200000000 233.2160000000
-0.3292853357 -1.0018480516 -2.8626294276 1027.5400000000 21.8348000000
-0.3015902389 -0.2487897375 -2.0340188894 1137.9300000000 243.5360000000
-0.2971483199 -0.1641190031 -2.2979892861 1087.6800000000 285.5000000000
-0.2791986862 -0.3034258752 -2.4936237038 1050.4100000000 238.9450000000
-0.2690170588 -0.1325171583 -2.2985967051 1076.9000000000 298.6980000000
-0.2523170492 0.3833376019 -1.5253629812 1231.0900000000 556.2600000000
-0.2522461391 -0.3303610293 -2.4006029646 1055.2100000000 224.5870000000
-0.2508209788 -0.2426497211 -2.2745862603 1075.7300000000 255.5240000000
-0.2505798843 0.3829763615 -1.5260827862 1230.6900000000 556.4600000000
-0.2463785247 0.4343661523 -1.5080475250 1232.6700000000 586.4150000000
-0.2416617955 -0.2504396695 -2.3153234732 1064.9600000000 251.9320000000
-0.2309840647 0.3929680032 -1.4989255361 1229.8900000000 565.3680000000
-0.2263850731 0.5126482834 -1.5460660695 1209.7400000000 624.3340000000
-0.2182975697 -0.2759207641 -2.4060429773 1042.2200000000 244.7470000000
-0.2080822265 0.4133606924 -1.4859556681 1220.7000000000 576.4370000000
-0.2074839054 0.4111959259 -1.4848237815 1221.2600000000 576.8760000000
-0.2056913503 -0.3501810855 -2.3604089502 1044.4300000000 214.9540000000
-0.2049316751 0.1607870287 -1.5269738458 1212.8300000000 437.6450000000
-0.2045870250 0.3574941966 -1.4884950543 1220.4200000000 545.5320000000
-0.2009668611 0.5034915084 -1.5024175266 1210.0300000000 623.1830000000
-0.1971810618 -0.5756004426 -2.2881448164 1057.8400000000 122.3300000000
-0.1963986418 -0.6086552766 -2.3794476568 1043.1900000000 117.4380000000
-0.1952750504 -0.6086285180 -2.3751368548 1043.4800000000 116.3330000000
-0.1835962823 -0.4493375597 -2.3156258448 1044.6500000000 172.7540000000
-0.1833431464 -0.3689281240 -2.3235677818 1042.2400000000 205.1560000000
-0.1808942042 -0.5432413310 -2.3462563543 1042.2700000000 139.1450000000
-0.1688552660 0.3896098055 -1.4997951889 1197.7700000000 561.4760000000
-0.1607225406 -0.0574746845 -1.6851810829 1152.2800000000 321.4260000000
-0.1582032233 -0.3721632324 -2.3257807137 1033.3800000000 203.0000000000
-0.1569720626 -0.0563302214 -1.6869016575 1152.0800000000 320.8270000000
-0.1470813006 -0.2944189481 -2.3877882961 1018.2900000000 236.3610000000
-0.1458453233 0.0567575554 -1.6730353781 1144.7200000000 379.9330000000
-0.1434750511 0.2924628982 -1.4602139453 1196.8100000000 511.5520000000
-0.1413913630 0.2913657978 -1.4563660661 1196.8900000000 510.7530000000
-0.1397550778 -0.0388649174 -1.7025393528 1138.1500000000 329.5900000000
-0.1351844503 -0.0378662884 -1.7019105269 1137.8700000000 329.8780000000
-0.1314334371 -0.9799113942 -2.8657869362 964.4450000000 26.2526000000
-0.1311053773 0.1929574926 -1.4761887982 1188.0800000000 455.6400000000
-0.1254261432 -0.9246683726 -2.8845179196 959.6510000000 45.8817000000
-0.1181702954 0.4836125834 -1.4764911698 1174.7900000000 615.4090000000
-0.1151262430 0.4818411675 -1.4723542983 1174.7900000000 615.0100000000
-0.1101882206 -0.7766400870 -2.8272278690 958.4510000000 89.9327000000
-0.1069309026 -0.4609052799 -2.3999875180 1004.6600000000 172.7690000000
-0.1069279592 0.1740132436 -1.5158636968 1164.1500000000 442.4780000000
-0.1052756188 0.0422469302 -1.7077385386 1119.1400000000 368.8050000000
-0.1047706851 0.1892345759 -1.5124546578 1162.9500000000 452.0650000000
-0.1029189936 -0.4668510291 -2.4224727256 1000.0600000000 172.7710000000
-0.1027458658 -0.5133011920 -2.2781317679 1020.4800000000 143.9560000000
-0.1025791600 0.1758122208 -1.5182719661 1163.6300000000 443.7720000000
-0.1011205516 -0.4670329873 -2.3040608005 1014.7200000000 164.3640000000
-0.0964051603 0.2559546062 -1.5098082375 1158.4200000000 486.9150000000
-0.0944723904 0.0162507871 -1.7465518119 1105.1100000000 354.0710000000
-0.0873669257 -0.4430091632 -2.3101938596 1010.5300000000 173.9680000000
-0.0860819802 0.2549985233 -1.4928352907 1156.9400000000 488.6180000000
-0.0762950414 0.2487723444 -1.4654666482 1158.9300000000 487.6170000000
-0.0691638885 0.1747598071 -1.5681632782 1130.8900000000 440.3470000000
-0.0673255762 -0.0206368877 -1.8098598598 1079.2700000000 337.0650000000
-0.0657259503 0.2575694845 -1.5639996482 1129.1300000000 485.2130000000
-0.0607922092 0.2579334008 -1.5580164369 1128.0200000000 483.6480000000
-0.0595187700 -0.0605928581 -1.8664702432 1065.3200000000 318.8900000000
-0.0583887565 -0.0611050167 -1.8637087611 1064.9200000000 319.5700000000
-0.0491602686 -0.3756257885 -2.3366286289 991.4350000000 200.4240000000
-0.0294429652 -0.3931419338 -2.4437537985 969.2120000000 199.1830000000
-0.0271666155 0.3651096793 -1.5970839165 1099.0600000000 537.5890000000
-0.0148538036 -0.4848969937 -2.8821631674 918.9160000000 185.9900000000
-0.0139972090 -0.5344350929 -2.7997200821 926.1040000000 167.9840000000
-0.0133122704 0.2012408686 -1.6454205570 1083.1800000000 448.7330000000
-0.0120124205 0.4102754318 -1.6180840247 1083.4100000000 558.2890000000
-0.0098096568 0.3590408407 -1.6432825490 1079.1300000000 529.5370000000
-0.0072044981 0.4515344365 -1.6047127784 1083.8700000000 581.5320000000
-0.0051097052 0.1277613616 -1.8363454703 1043.0400000000 407.6230000000
-0.0043067347 0.3577831889 -1.6270561657 1079.1300000000 528.8180000000
0.0006357483 0.1311982295 -1.8276088045 1040.9300000000 407.8160000000
0.0017985544 0.4251531843 -1.6341284499 1073.1200000000 564.7670000000
0.0056198569 0.4881026677 -1.5704083203 1084.8100000000 602.8570000000
0.0088721443 0.0755043263 -2.1976527599 978.7160000000 377.8880000000
0.0148251184 0.4100640393 -1.6715716856 1059.0100000000 552.5580000000
0.0168913064 0.0020382467 -2.2009520889 977.2970000000 345.5180000000
0.0194778679 0.3226090780 -1.7394581210 1046.4100000000 504.2580000000
0.0199579430 0.3230800285 -1.7403358013 1046.1200000000 503.6830000000
0.0268340068 0.4102754318 -1.6970003334 1048.0000000000 549.2120000000
0.0473859093 -0.4549622064 -2.6433752399 918.4370000000 185.7500000000
0.0527322671 -0.4515237330 -2.6324791593 920.7370000000 184.8850000000
0.0546687832 -0.4507611144 -2.6302742549 918.7160000000 185.9900000000
0.0574942182 0.4494552973 -1.7590667847 1020.5200000000 561.2160000000
0.0585851642 0.4106955410 -1.7573114240 1022.2600000000 543.9620000000
0.0592495790 0.4093388827 -1.7530300563 1021.6800000000 543.9620000000
0.0594920114 0.4284257547 -1.7569046940 1021.2800000000 552.6290000000
0.0605564664 -0.2738228940 -2.6549215532 912.6790000000 246.2320000000
0.0611020732 0.1744817858 -1.8337766497 1010.2800000000 427.4930000000
0.0647243778 -0.4154879969 -2.6290460376 914.7220000000 197.9930000000
0.0721549589 -0.4135667332 -2.5981051289 915.5610000000 196.9840000000
0.0723064123 -0.2636024667 -2.2093328660 958.6650000000 236.1430000000
0.0757438153 0.3160345029 -1.9113443277 989.5580000000 488.7720000000
0.0766894624 0.6045612188 -1.7703615676 1005.8100000000 634.5550000000
0.0772594195 0.6724208956 -1.7386473370 1010.0800000000 671.9340000000
0.0779398893 0.3156384764 -1.9075446139 988.2180000000 488.1500000000
0.0786792280 -0.1079712749 -2.2745434466 944.8510000000 300.6350000000
0.0811137207 0.1910279337 -1.8721617863 995.4380000000 432.8170000000
0.0818099781 0.6019977499 -1.7544669903 1006.6700000000 635.4170000000
0.0824976727 0.2529223276 -1.8727932881 994.4210000000 460.7820000000
0.0860862616 -0.2353023591 -2.2167316044 953.4880000000 252.2680000000
0.0864921887 0.5409267166 -1.7776425685 1003.2500000000 604.3640000000
0.0865398190 0.2579687221 -1.8894237254 989.5770000000 462.8870000000
0.0869502951 0.5408865788 -1.7801498444 1001.5300000000 604.3660000000
0.0886986986 0.5390669975 -1.7635970068 1002.4800000000 603.1670000000
0.0893374251 -0.1084649701 -2.2785813115 939.6800000000 297.1830000000
0.0919825075 -0.1045970221 -2.2813374419 938.5280000000 302.3650000000
0.0973269923 -0.2597109711 -2.5741134151 906.9290000000 251.9920000000
0.1001877486 0.2815828728 -1.9241161824 977.2190000000 472.0990000000
0.1013678005 0.3601887824 -1.9044085121 977.4330000000 507.3310000000
0.1020217795 -0.4362151679 -2.6479375722 899.7500000000 191.5130000000
0.1021108854 -0.4364720500 -2.6444402301 900.0380000000 191.8010000000
0.1075377865 -0.3076430223 -2.1439938443 953.6410000000 214.9860000000
0.1121062733 0.4874417316 -1.4775615117 1051.4900000000 612.9490000000
0.1150770073 0.4829462956 -1.9176004761 966.4170000000 562.6600000000
0.1180728943 -0.2337484902 -2.2016585145 938.6650000000 248.9860000000
0.1227995241 -0.2609991276 -2.2053859802 939.2670000000 236.3880000000
0.1423589521 -0.7974716163 -2.8457983011 874.5810000000 80.3165000000
0.1474005301 0.5905638225 -1.9485065986 946.4300000000 606.6120000000
0.1496790204 -0.0118327368 -2.2028920836 924.1460000000 338.6360000000
0.1526446702 0.4575176477 -1.9527130423 945.4840000000 547.6990000000
0.1535876415 0.0881870751 -2.2042540936 918.9560000000 378.3510000000
0.1552568397 0.6478833074 -1.9040151614 948.3550000000 638.9220000000
0.1597843859 0.6438454426 -1.8854527569 948.0680000000 638.9220000000
0.1768745351 0.4463807402 -1.8822952483 945.0840000000 548.0990000000
0.1779352440 0.4447110068 -1.8754664670 945.5630000000 548.3380000000
0.1825840064 0.0853003630 -2.2085622198 908.3240000000 377.2050000000
0.2356411223 0.6819121525 -1.6416101398 948.5460000000 689.4870000000
0.2458602117 0.0910826176 -2.2068255901 882.9370000000 379.1350000000
0.2463159097 0.0908519589 -2.2111738541 883.7350000000 378.9350000000
0.2529292848 0.6656750657 -1.6151405844 944.0020000000 684.9380000000
0.2612142663 -0.4889402102 -2.7220132597 840.8420000000 173.9850000000
0.2619980242 0.0086180719 -2.2065044875 877.5850000000 345.5610000000
0.2715056037 -0.3293736389 -2.3351167709 867.8030000000 213.9980000000
0.2783664953 -0.4641832019 -2.6586570464 838.6450000000 178.7870000000
0.2803386003 -0.0740516048 -2.1425595862 878.1710000000 309.5800000000
0.2862415359 -0.0775101471 -2.1270449803 879.3210000000 309.2920000000
0.2883447578 -0.4686625828 -2.6763096603 834.4750000000 179.6990000000
0.2890993488 -0.3306125596 -2.2910909325 864.8080000000 209.9980000000
0.2897549332 -0.7303799098 -2.8546553804 825.4440000000 100.7260000000
0.2899235121 -0.3119083348 -2.2506641187 866.6850000000 215.9980000000
0.2907289444 -0.7281027574 -2.8445674079 824.8440000000 100.9260000000
0.2977022219 0.6602912460 -1.6541010298 917.0030000000 676.9130000000
0.3044587552 0.6619556276 -1.6477806609 913.4420000000 678.5380000000
0.3088498328 -0.0872518639 -2.2717230957 855.1730000000 305.8440000000
0.3146029206 -0.2101394236 -2.3222004200 850.0050000000 259.2000000000
0.3153441323 0.1562174715 -2.2230733802 852.7850000000 402.9290000000
0.3160666131 0.1540326361 -2.2161857300 852.2660000000 403.1290000000
0.3176239606 -0.0856974599 -2.1956993860 855.1730000000 305.2680000000
0.3190796256 0.1363096472 -2.2171436860 852.2690000000 395.9350000000
0.3224538785 -0.2110591149 -2.2935232845 850.6280000000 258.0000000000
0.3266951083 0.4697810901 -2.1900800910 844.7220000000 532.7990000000
0.3317926116 0.4686946931 -2.1793285065 846.4390000000 532.0220000000
0.3664395791 0.5488285157 -1.9780881731 848.0750000000 582.9320000000
0.3766238823 0.5443330797 -1.9360157086 847.6760000000 582.7330000000
0.3835008291 0.5287917152 -1.8990059613 847.8360000000 582.9330000000
0.3956839958 0.6761135752 -1.6957185990 860.6790000000 677.8330000000
0.3957696232 0.6746498826 -1.6942094169 861.8300000000 676.9690000000
0.3985792707 -0.1368025397 -2.2280772286 825.8480000000 283.3910000000
0.4142972416 0.4565944778 -2.1990896939 811.9470000000 525.1440000000
0.4169115517 0.4771664493 -2.1806610822 809.7820000000 536.2210000000
0.4198603436 0.4518154012 -2.1776882075 809.0710000000 525.4330000000
0.4334911478 0.6008257255 -1.7250245604 842.0400000000 634.4700000000
0.4578200193 0.5561362751 -1.7086135431 831.9980000000 614.5850000000
0.4612076514 0.6789954708 -1.7143666308 826.1890000000 674.9930000000
0.4618070429 -0.5745541834 -2.8916892103 764.3150000000 151.1520000000
0.4665566851 0.6723432958 -1.6926841797 827.3390000000 675.2790000000
0.4906420539 0.5297148851 -1.6965400864 816.7160000000 602.7350000000
0.4909069635 0.5299904982 -1.7036525084 817.0600000000 602.8060000000
0.4926382415 0.5277802421 -1.6988921627 816.9160000000 602.1350000000
0.5172373744 0.5985753317 -1.7356075660 798.9190000000 631.8750000000
0.5319492239 -0.1475998813 -2.2404289742 770.6210000000 276.4820000000
0.5559917789 0.5837216619 -1.7561822132 779.0890000000 620.1000000000
0.5585258134 -0.0951244962 -2.2081554899 758.5370000000 297.2180000000
0.5605193252 0.5793546669 -1.7349011403 780.2410000000 618.9480000000
0.5626038160 -0.0921786477 -2.2077112980 758.9440000000 298.0010000000
0.5633182693 0.6745053865 -1.7363353985 775.8790000000 667.8540000000
0.5637865439 0.4504747980 -1.9930943666 760.1760000000 535.5370000000
0.5638079507 -0.0937587399 -2.2096941064 757.3860000000 296.6420000000
0.5644528317 0.6741762563 -1.7287466743 776.1170000000 669.2920000000
0.5646856311 0.4500653922 -1.9914513917 761.9020000000 535.5360000000
0.6142264062 0.6906702251 -1.7962504625 745.7600000000 666.7270000000
0.6150425419 0.6901457576 -1.7994534607 744.9620000000 665.7290000000
0.6183579259 -0.0938537328 -2.2339614332 731.9670000000 296.4020000000
0.6210498358 -0.0916418712 -2.2393827150 732.9260000000 296.6420000000
0.6228613895 -0.0970982067 -2.2188401780 732.6390000000 297.2180000000
0.6238434282 0.6065600823 -1.7365976322 746.1930000000 633.3630000000
0.6295858125 0.5960279179 -1.6916834100 745.7130000000 633.3640000000
0.6392697309 0.2065626086 -2.5176287969 710.1760000000 409.5130000000
0.6426975009 0.0610292900 -2.3945903189 713.9760000000 359.9940000000
0.6429303002 0.5025576351 -2.3246354478 709.9120000000 531.8940000000
0.6445170821 0.5030018270 -2.3221629580 710.1180000000 533.8440000000
0.6478913350 0.5000530351 -2.3072825297 710.3110000000 532.6930000000
0.6491998280 0.0350694850 -2.2864001591 717.0950000000 352.5080000000
0.6563737946 0.2948470848 -2.2131646900 712.7510000000 454.9910000000
0.6667025940 0.0628039168 -2.7542305511 692.9880000000 358.9970000000
0.6864851882 -0.1197744703 -2.7460691940 688.9900000000 293.9990000000
0.6869454353 -0.1214538368 -2.7501632518 689.9890000000 295.1990000000
0.7237598451 0.8734926502 -2.3702828542 672.0130000000 670.2650000000
0.7880312007 -0.5703129536 -2.8142232149 660.9340000000 142.8910000000
0.7986811027 0.2036499407 -2.2258402140 656.6310000000 416.1480000000
0.7991092395 0.1992072190 -2.2044012657 656.9910000000 414.9880000000
0.8045679832 0.0792965477 -2.2180641801 656.3990000000 364.7990000000
0.8098929342 -0.4207594308 -2.1994429068 662.9450000000 159.9120000000
0.8126410370 -0.5758412696 -2.2009119510 663.9020000000 95.8289000000
0.8408445462 0.8237592135 -2.1960071093 631.0360000000 669.4440000000
0.8588664281 -0.2556570511 -2.1631743713 641.9740000000 226.7590000000
0.8637177528 -0.2649197900 -2.0569402613 637.8880000000 214.5080000000
0.8708007403 -0.3951996661 -2.0720882751 639.5380000000 159.4970000000
0.8746325643 0.5599734508 -2.2490104404 620.3330000000 557.9330000000
0.8932725686 0.6218472405 -2.2335600550 610.4730000000 584.5630000000
0.9051667431 -0.3840413517 -2.1945086306 622.9390000000 173.9020000000
0.9155597630 0.1144754751 -2.1196622970 613.4350000000 380.1600000000
0.9359979417 0.5777598574 -2.2391766742 593.9240000000 565.1460000000
0.9362655271 0.5804678225 -2.2416331089 593.2030000000 565.8670000000
0.9395140148 0.2282862679 -2.2703048927 599.0260000000 421.9180000000
0.9395595044 0.5493262247 -2.3027977971 593.9350000000 547.9560000000
0.9397227315 0.5945615495 -2.2316869567 593.1990000000 571.6230000000
0.9518844914 0.4552351436 -2.2656274985 589.2000000000 514.9180000000
0.9533669149 0.4567041879 -2.2645089912 590.3520000000 514.0540000000
0.9558340530 0.6206404300 -2.2254870012 584.9080000000 583.9420000000
0.9704549235 -0.2787919563 -2.0760726228 594.3740000000 210.7390000000
0.9720042434 -0.2740262589 -2.0705683896 591.9400000000 210.9210000000
0.9722423945 -0.2753240485 -2.0768700276 592.7410000000 211.1220000000
0.9762481490 0.2407340767 -2.2644099846 583.9780000000 427.0000000000
0.9795688848 0.7022754072 -2.2112915917 574.4370000000 617.6920000000
0.9805268408 0.2389618581 -2.2673266663 583.1780000000 426.2400000000
1.0009917781 0.2394031065 -2.2620472049 573.9730000000 427.0020000000
1.0016152522 0.6023670179 -2.2377370643 566.9070000000 573.9600000000
1.0058645096 0.3216912598 -2.2475975891 571.1640000000 460.7980000000
1.0162414744 0.6075849346 -2.2418739358 560.0620000000 574.5250000000
1.0185935507 0.6176274176 -2.2270389970 559.7700000000 580.5700000000
1.0191340734 0.6019094467 -2.2372768173 559.9030000000 573.9650000000
1.0351624434 -0.1415982066 -2.0631214858 563.2710000000 267.7940000000
1.0369927281 0.5581485179 -2.2357890421 551.9080000000 556.7770000000
1.0379078704 0.4010330295 -2.2567730951 554.3420000000 491.9960000000
1.0392591770 0.5614451709 -2.2430753946 552.8690000000 557.2570000000
1.0404793668 0.4012925874 -2.2626251895 554.6300000000 492.4760000000
1.0409503173 0.4044046065 -2.2616270957 553.9410000000 492.9960000000
1.0504950912 0.5415769493 -2.2629061542 548.9110000000 547.9820000000
1.0563578890 -0.3267780598 -2.0891040355 557.8910000000 187.8740000000
1.0611690759 0.2324648827 -2.2613033172 550.0350000000 423.3650000000
1.0758943046 -0.3387632132 -2.0974794610 551.1110000000 183.0310000000
1.0919253505 -0.5066142309 -2.1075112405 545.8070000000 111.3470000000
1.1036429185 -0.3526027341 -2.1035135135 539.8600000000 178.4080000000
1.1145095647 0.6233055814 -2.2670831635 522.5880000000 578.8690000000
1.1163344977 0.6253954240 -2.2656810156 521.8670000000 579.5890000000
1.1236690156 0.2683828812 -2.2649505073 523.5100000000 437.1930000000
1.1248945571 0.2247035660 -2.2578942783 523.1280000000 418.8070000000
1.1327508667 -0.2823428155 -2.0950257021 524.2580000000 206.2720000000
1.1345410135 -0.2825836425 -2.0996308482 524.0170000000 205.7910000000
1.1538526574 -0.5484699512 -2.1173048689 520.5420000000 92.0806000000
1.1624796131 -0.4111102985 -2.1257124046 515.7980000000 151.7870000000
1.1683424109 -0.1397334034 -2.0662228014 503.8640000000 266.3240000000
1.1706516736 -0.1400141006 -2.0664502491 503.8640000000 266.3240000000
1.1738359407 -0.1434576581 -2.0698913983 504.4410000000 266.0360000000
1.1774296137 -0.5498239337 -2.1194402010 510.7230000000 91.6679000000
1.1892595676 -0.3166258668 -2.1012363610 500.2050000000 190.6320000000
1.1979453922 -0.5064911416 -2.1131519423 499.1130000000 110.2850000000
1.2000111521 -0.5863654064 -2.1220518353 501.6850000000 76.6229000000
1.2014266792 -0.5885435521 -2.1248374001 501.2840000000 76.4219000000
1.2230395582 0.6841893049 -2.2000075121 473.2530000000 608.2740000000
1.2246343676 0.6900039373 -2.2233061796 475.7860000000 607.0160000000
1.2278641243 -0.5505597938 -2.1245885456 488.6750000000 90.6380000000
1.2318297411 0.2901964493 -2.1801312629 478.6620000000 446.4160000000
1.2518371071 -0.5918321776 -2.1285835967 479.1490000000 73.0239000000
1.2867141981 -0.2766807068 -2.0866984421 456.7260000000 204.8150000000
1.2887344685 -0.2775904975 -2.0885875956 456.2040000000 204.2940000000
1.2918893013 -0.2802128351 -2.0911216300 455.9150000000 203.7170000000
1.2945705077 0.1214862146 -2.1352304200 449.0830000000 376.6910000000
1.2976798510 -0.3225903470 -2.1159749691 455.9000000000 188.1400000000
1.3140293236 0.5251418493 -2.1546330429 435.3500000000 546.0430000000
1.3150916379 -0.4206818310 -2.2186983577 456.8730000000 152.1260000000
1.3161138145 0.5232607234 -2.1558666119 434.6290000000 544.3640000000
1.3282220573 0.1262995422 -2.2929907894 443.7910000000 376.7860000000
1.3403329759 -0.5079922962 -2.1926034220 443.1100000000 113.3900000000
1.3412320631 0.3972012055 -2.1139493470 424.5460000000 493.2370000000
1.3452511970 0.3953655691 -2.1131011011 419.6380000000 492.5180000000
1.3591148005 -0.2618706535 -2.0747748333 423.0050000000 210.6090000000
1.3623820192 -0.2396920988 -2.0859063891 423.2540000000 219.4070000000
1.3673912193 -0.5777518299 -2.2019876447 434.5240000000 83.5460000000
1.3711882572 -0.5825978029 -2.1858602680 431.5080000000 78.7291000000
1.3727081427 -0.4180969553 -2.1857880199 427.5910000000 148.6850000000
1.3734225960 -0.4792589677 -2.1922555609 430.3690000000 124.4370000000
1.3742092973 -0.5830634016 -2.1951401323 431.5110000000 81.1353000000
1.3742307041 -0.4195954340 -2.1861171500 427.9940000000 149.6880000000
1.3759780373 -0.6718750212 -2.1931385930 431.4520000000 44.0731000000
1.3771580892 -0.6751770260 -2.2024077539 431.4520000000 43.8324000000
1.3909200103 -0.7262457142 -2.2266376188 428.4070000000 23.3647000000
1.4068092359 0.2955240761 -1.8625849021 375.6220000000 462.0320000000
1.4094288977 0.2953207111 -2.0742236072 392.0700000000 450.0240000000
1.4121020766 0.2938329359 -2.0789197323 391.6690000000 450.0240000000
1.4121234834 0.3890452001 -2.0884404236 389.6580000000 491.0450000000
1.4129422950 0.5226292217 -2.0855371211 388.4330000000 550.1480000000
1.4154683019 0.2965596319 -2.0941614010 391.9250000000 451.0330000000
1.4194232152 0.6264577383 -2.0267860539 380.5820000000 598.0870000000
1.4253047440 0.4599580273 -2.1083568106 386.6410000000 519.0570000000
1.4302202892 0.4641296848 -1.9213600520 367.9810000000 535.2710000000
1.4306270191 0.5608805656 -1.9288176593 366.7540000000 578.9700000000
1.4323235110 0.5596068587 -1.9234017292 366.5530000000 579.0900000000
1.4328613578 0.4647424556 -1.9187885556 368.2220000000 534.3110000000
1.4512605352 -0.4056488790 -2.1561930662 391.1630000000 152.2880000000
1.4521194846 -0.2699000909 -2.1347755247 388.3380000000 207.3530000000
1.4557880815 -0.4099409500 -2.1660803496 391.8820000000 149.6430000000
1.4614876521 0.6256121682 -1.9327672209 350.4820000000 608.1130000000
1.4656833924 0.3253116913 -1.9310412946 354.7560000000 469.2380000000
1.4709253919 0.4323030683 -1.9200194488 348.0030000000 519.9110000000
1.4875692085 -0.4448742340 -2.1497148218 376.6870000000 133.5050000000
1.4888589705 -0.4472129310 -2.1585451425 378.4120000000 132.5850000000
1.5002447325 0.3213862124 -1.9290691896 338.5010000000 468.0390000000
1.5073437752 -0.3661050972 -2.1445771807 367.4170000000 165.6460000000
1.5209076830 -0.3587464966 -2.1368305811 359.3910000000 168.1210000000
1.5240865985 -0.3609674561 -2.1435630317 360.5950000000 167.6420000000
1.5281672770 -0.3230318631 -2.1327686336 357.0010000000 183.2710000000
1.5310545243 -0.4263118294 -2.1516146787 359.3530000000 140.5770000000
1.5491673852 0.4852100687 -1.9363020250 315.6220000000 542.6900000000
1.5510752697 0.4804738057 -1.9303562758 311.3820000000 541.2990000000
1.5518780261 0.3241985358 -1.9350524009 314.4120000000 468.0400000000
1.5558302636 0.4329987905 -1.9322454292 311.3910000000 517.2810000000
1.5575347831 0.2906620480 -2.1843430583 339.5050000000 442.0180000000
1.5652894102 -0.3160880200 -2.1348638279 340.3400000000 185.6550000000
1.5669644953 0.3032867308 -1.9310921358 307.7860000000 458.4320000000
1.5679572374 0.3049644917 -1.9308272262 307.3840000000 459.0330000000
1.5684817049 -0.3640848269 -2.1442159403 341.3170000000 165.2100000000
1.5813151044 0.4338630916 -1.9254300271 297.4140000000 518.4860000000
1.5846465435 0.3255953319 -2.1567309130 324.8920000000 455.0690000000
1.5895353302 -0.3008650822 -2.1340236095 330.5080000000 191.6560000000
1.5913763183 -0.3007366412 -2.1354551918 330.3070000000 191.6550000000
1.5947184609 -0.3604456644 -2.1433596668 330.2740000000 166.5980000000
1.6038939669 0.4348076683 -1.9233803224 285.8460000000 518.4900000000
1.6043595656 0.4343286903 -1.9247369807 286.1350000000 518.4900000000
1.6113141121 -0.3173135615 -2.1369777531 321.2600000000 184.6280000000
1.6114425532 -0.4065399386 -2.1484544942 323.2140000000 146.5390000000
1.6128232942 -0.4083086786 -2.1522943458 323.2120000000 144.9750000000
1.6129784938 0.3245865347 -1.9351861936 286.0950000000 466.8410000000
1.6277572397 -0.5076176765 -2.1485695560 317.0710000000 104.8220000000
1.6278107568 0.1683760204 -2.2097610028 314.4010000000 388.9610000000
1.6279525771 0.5342611624 -1.9436606256 277.4380000000 561.7320000000
1.6335638445 -0.3020531617 -2.1342644364 311.2240000000 190.4280000000
1.6570310908 -0.1424520719 -2.1522515321 300.4550000000 257.7550000000
1.6602314131 0.6460182366 -1.9417928790 260.1150000000 613.1900000000
1.6635093352 0.6459861264 -1.9418945615 259.5120000000 613.3910000000
1.6676274757 0.6463420151 -1.9443938099 256.5690000000 613.6340000000
1.6722219183 0.5370708099 -1.9349319874 253.5180000000 564.1470000000
1.6736454730 -0.2675737027 -2.1326482201 294.1650000000 204.6380000000
1.6894570988 -0.1608464327 -2.1559629427 287.1870000000 250.5270000000
1.6916218653 0.3272677412 -1.9438586389 252.1390000000 466.0400000000
1.6990232796 0.6505752173 -1.9490845833 241.4210000000 614.6080000000
1.6992507273 0.3254240772 -1.9338750248 245.1040000000 468.0430000000
1.7001846006 0.2869640167 -2.2992308827 293.3250000000 434.4070000000
1.7016429414 0.6529540522 -1.9517310036 241.0190000000 614.2080000000
1.7159400334 0.2656048088 -2.2063037984 275.2440000000 428.3970000000
1.7260708196 0.3306526975 -1.9477118698 234.0470000000 466.0400000000
1.7273686091 0.3285735583 -1.9446373126 234.2480000000 465.6400000000
1.7401030020 0.6494513583 -1.9412229220 220.0920000000 613.6660000000
1.7416657011 0.3379925671 -1.9421942572 228.0150000000 470.0460000000
1.7452834568 0.2550028046 -2.1346845456 252.3350000000 425.9900000000
1.7494176524 0.6495610683 -1.9477627110 220.9130000000 613.2250000000
1.7509000759 0.6453974383 -1.9459591849 220.6720000000 613.6650000000
1.7518954939 0.2503112285 -2.1223996964 252.5760000000 424.7880000000
1.7577743468 0.5125011114 -1.9405512824 216.1300000000 550.9520000000
1.7585637240 0.5145641955 -1.9417420378 215.9290000000 551.1520000000
1.7633213938 0.3286886201 -1.9362431562 214.9440000000 466.6010000000
1.7660775242 0.3284932827 -1.9394247476 214.9440000000 466.6010000000
1.7662889167 0.4234968302 -1.9196956704 210.9150000000 513.1050000000
1.7671532178 -0.4942517819 -2.0862355192 248.7580000000 100.2700000000
1.7693099567 -0.4960071427 -2.0913249950 249.3190000000 99.4928000000
1.7715897850 -0.4942571336 -2.0934282168 248.3550000000 100.0690000000
1.7792721640 0.2625602213 -2.2291555981 253.1550000000 425.0770000000
1.7794059568 -0.5490158256 -2.0991572219 246.3750000000 76.9436000000
1.8018617299 -0.4169971790 -2.2025870361 248.8380000000 142.4050000000
1.8094129921 -0.2633710052 -2.1610417150 236.4680000000 203.5560000000
1.8096511432 -0.2647217767 -2.1450401036 237.8760000000 203.5580000000
1.8175850525 -0.3257772901 -2.2283260831 244.8830000000 182.5130000000
1.8272769985 0.0610351768 -2.1738082181 227.9300000000 341.1260000000
1.8318045448 0.1372643922 -2.2018351209 227.9500000000 374.3040000000
1.8319196065 0.1400504922 -2.2142778456 229.3980000000 374.3050000000
1.8587504022 0.5135875085 -1.9387450804 166.6310000000 550.1760000000
1.8644392695 0.5939996200 -1.9489775491 166.6070000000 587.2340000000
1.8656862178 0.5085435222 -1.9356009511 166.6310000000 549.7750000000
1.8681533559 0.6308541677 -1.9417768239 162.7280000000 603.6230000000
1.8831595494 -0.5298700847 -2.1450508070 209.4920000000 89.1464000000
1.8886316724 0.2448214448 -2.1396910699 192.8080000000 418.9640000000
1.8995732425 -0.3755000233 -2.2158592758 208.6280000000 158.3810000000
1.9025327379 -0.5562700678 -2.1261806792 197.5790000000 74.6628000000
1.9038144723 -0.5545923069 -2.1215728573 195.3570000000 75.0911000000
1.9087139624 -0.2563474217 -2.1388749342 192.1380000000 205.1240000000
1.9087326934 -0.2554732199 -2.1432124947 193.0080000000 205.4150000000
1.9183925291 -0.6769618211 -2.1163281819 191.1930000000 20.8150000000
1.9190320584 0.2278046140 -2.1410102663 181.1330000000 411.5470000000
1.9332997160 -0.5322596230 -2.1341734574 184.3110000000 85.0721000000
1.9343887889 -0.5314622183 -2.1364452580 184.3120000000 85.4737000000
1.9364170868 -0.4969410160 -2.1387090312 184.3490000000 101.1340000000
1.9365990449 -0.6269527714 -2.1210644449 181.7870000000 43.2907000000
1.9709115306 -0.6431390169 -2.1185651965 166.5240000000 33.3631000000
1.9933432211 0.3182768692 -2.0732442444 132.8160000000 451.2090000000
1.9965622744 -0.3933640297 -2.1586066872 156.6480000000 146.1190000000
1.9993853011 -0.2565681797 -2.1078510740 145.2700000000 201.4030000000
1.9997652725 -0.3929492722 -2.1553796064 157.2290000000 146.1200000000
2.0020959420 -0.5712227442 -2.1267693672 154.0380000000 66.1164000000
2.0029334845 -0.5717953772 -2.1278718194 153.5520000000 65.1508000000
2.0113142617 -0.2617095670 -2.1477614478 152.1100000000 199.8580000000
2.0136636622 -0.6732504106 -2.1133553073 146.8500000000 20.6837000000
2.0143353017 0.3031475863 -2.0755989965 126.2390000000 444.0900000000
2.0169415842 0.1481920479 -2.1014156433 133.9950000000 374.2490000000
2.0173670451 -0.6067527438 -2.1210778241 146.5390000000 48.9303000000
2.0188200343 0.0785440973 -2.1344544221 138.4060000000 345.7870000000
2.0190180475 -0.6091422821 -2.1230365498 145.5200000000 48.0111000000
2.0272034873 0.3107095519 -1.9539492872 97.1424000000 453.0080000000
2.0463947176 -0.4937754798 -2.1356799636 134.4800000000 99.2309000000
2.0507617126 -0.4951776277 -2.1475768139 134.7720000000 99.8100000000
2.0726742873 0.2188648509 -2.0908915065 103.2980000000 405.9830000000
2.0791525317 -0.5135741292 -2.1385725626 120.8280000000 88.9274000000
2.0803994800 -0.6087007661 -2.1233148387 118.8920000000 46.7268000000
2.0806135484 -0.5145615196 -2.1403252475 121.4330000000 88.9290000000
2.0830325211 -0.4674905584 -2.1444219811 120.2780000000 109.8960000000
2.0853658664 -0.1372373661 -2.1434292390 115.1170000000 250.5060000000
2.0899362264 0.0349838576 -2.1238366304 106.1410000000 325.7070000000
2.0901101569 -0.1371629773 -2.1499690280 113.8850000000 251.7960000000
2.0949159921 -0.2622915654 -2.1596823808 113.7970000000 199.7890000000
2.1092585736 -0.5913371445 -2.1186240653 105.6040000000 56.7355000000
2.1110647756 -0.5870691562 -2.1202991504 104.3880000000 55.1240000000
2.2106788209 0.2467477927 -2.1204409707 47.6988000000 414.9000000000
2.2197713754 0.2488745621 -2.1315430921 48.1027000000 415.1010000000
2.2197767271 0.2739219006 -2.1270155459 46.0716000000 425.0150000000
2.2391499156 -0.1358349506 -2.1462201555 47.6324000000 249.9550000000
2.2447558314 -0.2592159380 -2.1455485160 46.6088000000 197.1960000000
2.2496553214 -0.4441169671 -2.0665224972 26.9840000000 110.3630000000
2.2504661054 -0.4426559504 -2.0662549117 26.9852000000 110.7650000000
2.2592589642 0.3757381744 -2.1476865239 31.1522000000 468.0390000000

gimbalangles:
-0.0058704772 0.0049052462 2.8788504508

end: