T_CW:
-0.9536627480 -0.2979787951 0.0416653423 0.8879086184
-0.2980096312 0.9545463572 0.0056135291 0.2506994768
-0.0414442133 -0.0070632597 -0.9991158529 0.5297783743
0.0000000000 0.0000000000 0.0000000000 1.0000000000


target_points_pix:
-1.0007375718 0.1872549785 -2.5875328268 1232.7400000000 599.8750000000
-0.9762989903 -0.1284776879 -2.6958434001 1235.6900000000 487.7170000000
-0.9744874366 -0.1245481952 -2.6938097505 1237.1300000000 486.7570000000
-0.9352995436 -0.1851557705 -2.6818486797 1231.1600000000 463.9940000000
-0.9185540445 0.1851852049 -2.5854831220 1207.1200000000 593.4210000000
-0.9180563355 0.0689182450 -2.6084259008 1215.2400000000 550.7110000000
-0.9175452472 0.0682514220 -2.6084526593 1214.7300000000 550.4800000000
-0.9144760418 0.0678966036 -2.6022286211 1214.1000000000 551.0000000000
-0.8748814188 -0.5872243557 -2.8283784866 1225.7700000000 329.8030000000
-0.8608733191 -0.5715652537 -2.7907827271 1226.4800000000 333.3510000000
-0.8119239079 0.1809054428 -2.4085475774 1206.8800000000 592.7020000000
-0.7109960179 -0.4301035157 -2.4654228704 1227.6500000000 362.1220000000
-0.6164313105 -0.1667865627 -2.2423020725 1211.8700000000 455.8130000000
-0.6021930873 -0.5020064090 -2.5331246718 1185.9900000000 326.7930000000
-0.5901035755 -0.5005721509 -2.5134812220 1185.7900000000 326.1940000000
-0.5514588810 0.2415435228 -1.7723738104 1251.3900000000 654.5110000000
-0.5502922083 0.2439574113 -1.9039937546 1216.9100000000 638.7090000000
-0.5470704791 -0.2788829353 -2.1975831877 1209.9000000000 402.8910000000
-0.5305791862 0.0561319406 -2.1301623511 1175.6100000000 536.9380000000
-0.5139380454 -1.1567211737 -2.6578703451 1200.1300000000 106.3730000000
-0.4027455765 -0.3302914571 -2.1673701116 1166.0100000000 367.7690000000
-0.3906774715 -0.1357629701 -2.2382695594 1128.0200000000 441.7870000000
-0.3693589366 -0.2787464667 -2.3356037765 1116.3400000000 380.1940000000
-0.3672075494 -0.3248487685 -2.1925793393 1146.0700000000 364.7880000000
-0.3644273363 -0.3406416633 -2.1797673467 1149.6200000000 358.3520000000
-0.3534509801 -0.3382360699 -2.1584568393 1149.9100000000 359.2150000000
-0.3492311571 -0.3251136781 -2.1707684471 1146.2700000000 364.5880000000
-0.3450140100 -0.3252287398 -2.1679989374 1145.3100000000 364.1100000000
-0.3432078080 -0.3218678663 -2.5247706533 1082.2500000000 361.8390000000
-0.3045042447 -0.3382467733 -2.3813796240 1093.6200000000 354.0790000000
-0.3015902389 -0.2487897375 -2.0340188894 1141.2700000000 390.2910000000
-0.2852675248 -0.2563161142 -2.0289909582 1140.2700000000 384.9700000000
-0.2827522213 -0.1627821460 -2.2623147903 1084.0000000000 416.1750000000
-0.2791986862 -0.3034258752 -2.4936237038 1059.3100000000 361.8540000000
-0.2690170588 -0.1325171583 -2.2985967051 1069.1600000000 426.0130000000
-0.2630916460 -0.1268199959 -2.2689696411 1070.2300000000 426.7720000000
-0.2522461391 -0.3303610293 -2.4006029646 1067.7700000000 349.7810000000
-0.2508209788 -0.2426497211 -2.2745862603 1077.8000000000 382.8590000000
-0.2360408950 0.0752073064 -1.7445930863 1141.1500000000 536.9640000000
-0.2182975697 -0.2759207641 -2.4060429773 1049.1000000000 365.6170000000
-0.2173404164 0.0560934083 -1.7271518649 1136.9600000000 526.5760000000
-0.2056913503 -0.3501810855 -2.3604089502 1060.3200000000 336.8780000000
-0.2049316751 0.1607870287 -1.5269738458 1166.4300000000 595.8450000000
-0.2039758598 0.1573209940 -1.5259356141 1165.2300000000 595.6060000000
-0.1971810618 -0.5756004426 -2.2881448164 1096.0800000000 251.9130000000
-0.1963986418 -0.6086552766 -2.3794476568 1084.5000000000 241.8450000000
-0.1952750504 -0.6086285180 -2.3751368548 1083.6400000000 243.2850000000
-0.1835962823 -0.4493375597 -2.3156258448 1072.1200000000 297.5020000000
-0.1582032233 -0.3721632324 -2.3257807137 1051.7600000000 322.6950000000
-0.1458453233 0.0567575554 -1.6730353781 1115.3200000000 521.4570000000
-0.1434750511 0.2924628982 -1.4602139453 1130.8800000000 663.3680000000
-0.1413913630 0.2913657978 -1.4563660661 1130.7200000000 663.2080000000
-0.1397550778 -0.0388649174 -1.7025393528 1122.2500000000 472.4690000000
-0.1359944316 0.1577946203 -1.4952007463 1141.9000000000 587.4760000000
-0.1351844503 -0.0378662884 -1.7019105269 1120.5300000000 473.1410000000
-0.1311053773 0.1929574926 -1.4761887982 1137.9000000000 607.4480000000
-0.1283492469 -0.5290111353 -2.2794108264 1065.3600000000 259.9280000000
-0.1254261432 -0.9246683726 -2.8845179196 1021.9100000000 152.3580000000
-0.1112192275 -0.3284665241 -2.3316435114 1027.5700000000 333.9800000000
-0.1069309026 -0.4609052799 -2.3999875180 1031.9100000000 286.4920000000
-0.1069279592 0.1740132436 -1.5158636968 1116.4100000000 588.4550000000
-0.1043259580 0.3191037083 -1.5045983482 1095.9700000000 665.3910000000
-0.1040227836 -0.0203691149 -1.7523824995 1091.1400000000 472.6930000000
-0.1027458658 -0.5133011920 -2.2781317679 1054.9000000000 263.4530000000
-0.0986777638 0.1777985078 -1.5129416634 1116.9900000000 588.7420000000
-0.0964051603 0.2559546062 -1.5098082375 1099.7200000000 630.1620000000
-0.0860819802 0.2549985233 -1.4928352907 1098.9900000000 631.4410000000
-0.0809775197 0.0985688565 -1.7131036274 1071.9500000000 528.1050000000
-0.0775724945 0.0215647403 -1.7661738549 1068.8200000000 488.7110000000
-0.0762950414 0.2487723444 -1.4654666482 1100.5800000000 630.6410000000
-0.0737620773 -0.4391800150 -2.3904721785 1019.4600000000 291.9360000000
-0.0700169510 0.3172948305 -1.5826476800 1060.0900000000 645.4510000000
-0.0691638885 0.1747598071 -1.5681632782 1086.2700000000 576.9770000000
-0.0673255762 -0.0206368877 -1.8098598598 1061.9500000000 464.8470000000
-0.0657259503 0.2575694845 -1.5639996482 1073.8900000000 618.1060000000
-0.0622371708 0.1886335789 -1.5658138777 1081.0800000000 585.5280000000
-0.0607922092 0.2579334008 -1.5580164369 1072.0700000000 619.4810000000
-0.0595187700 -0.0605928581 -1.8664702432 1053.2700000000 442.7630000000
-0.0583887565 -0.0611050167 -1.8637087611 1054.0700000000 442.5630000000
-0.0506263694 -0.3748952801 -2.3306962589 1012.0800000000 309.2400000000
-0.0294429652 -0.3931419338 -2.4437537985 991.9220000000 302.3420000000
-0.0271666155 0.3651096793 -1.5970839165 1029.1600000000 662.4510000000
-0.0264306484 -0.5283020338 -2.8083898515 962.6080000000 262.9740000000
-0.0241824220 0.3110038959 -1.6621928146 1023.9100000000 626.7750000000
-0.0139972090 -0.5344350929 -2.7997200821 958.4180000000 260.3760000000
-0.0120124205 0.4102754318 -1.6180840247 1010.0800000000 679.1230000000
-0.0098096568 0.3590408407 -1.6432825490 1012.9800000000 648.9270000000
-0.0070651396 0.4064436078 -1.6009772852 1011.1900000000 678.4430000000
-0.0043067347 0.3577831889 -1.6270561657 1013.2100000000 649.4850000000
0.0006357483 0.1311982295 -1.8276088045 1008.7800000000 522.4050000000
0.0025836769 0.4118515103 -1.6606408189 996.2410000000 670.4690000000
0.0088721443 0.0755043263 -2.1976527599 954.7140000000 477.3890000000
0.0089841289 -0.4370527105 -2.5958279765 964.3960000000 285.0840000000
0.0168913064 0.0020382467 -2.2009520889 961.5190000000 444.8250000000
0.0199579430 0.3230800285 -1.7403358013 987.1550000000 615.8810000000
0.0268340068 0.4102754318 -1.6970003334 978.4960000000 661.8990000000
0.0284627995 0.1293026540 -1.7730615051 1007.3400000000 522.6860000000
0.0473859093 -0.4549622064 -2.6433752399 948.3070000000 278.1810000000
0.0527322671 -0.4515237330 -2.6324791593 947.1580000000 276.4540000000
0.0546687832 -0.4507611144 -2.6302742549 946.6390000000 276.9740000000
0.0574942182 0.4494552973 -1.7590667847 948.0400000000 668.2540000000
0.0585851642 0.4106955410 -1.7573114240 954.0910000000 648.9810000000
0.0594920114 0.4284257547 -1.7569046940 951.3700000000 657.5310000000
0.0611020732 0.1744817858 -1.8337766497 972.8650000000 532.4990000000
0.0721549589 -0.4135667332 -2.5981051289 939.2520000000 287.9720000000
0.0779398893 0.3156384764 -1.9075446139 936.4740000000 585.6520000000
0.0786792280 -0.1079712749 -2.2745434466 942.7950000000 395.8900000000
0.0811064959 -0.2481293365 -2.2087548814 965.8080000000 341.2070000000
0.0811137207 0.1910279337 -1.8721617863 957.4630000000 534.7080000000
0.0824976727 0.2529223276 -1.8727932881 948.4640000000 561.6760000000
0.0847839231 -0.1805613278 -2.2186475164 953.5840000000 368.3100000000
0.0860862616 -0.2353023591 -2.2167316044 962.9310000000 348.4030000000
0.0865398190 0.2579687221 -1.8894237254 942.9670000000 561.2820000000
0.0893374251 -0.1084649701 -2.2785813115 937.9120000000 393.8790000000
0.0919825075 -0.1045970221 -2.2813374419 935.6140000000 393.0170000000
0.0975712978 -0.4706507429 -2.6560106261 931.3550000000 266.3830000000
0.0997555981 -0.4673647933 -2.7154841741 923.6910000000 267.9840000000
0.1001877486 0.2815828728 -1.9241161824 929.1710000000 568.1950000000
0.1020217795 -0.4362151679 -2.6479375722 928.4780000000 277.1800000000
0.1021108854 -0.4364720500 -2.6444402301 927.0410000000 277.9000000000
0.1054937010 -0.4685475211 -2.7189360267 920.7220000000 266.0980000000
0.1075377865 -0.3076430223 -2.1439938443 972.5640000000 313.9440000000
0.1227995241 -0.2609991276 -2.2053859802 951.7350000000 329.9900000000
0.1423589521 -0.7974716163 -2.8457983011 931.6940000000 164.9830000000
0.1474005301 0.5905638225 -1.9485065986 864.5380000000 690.5720000000
0.1526446702 0.4575176477 -1.9527130423 879.5630000000 633.6350000000
0.1624112725 0.5214812800 -2.8075603365 798.1010000000 582.1120000000
0.1778137602 0.4458188107 -1.8798709239 879.4040000000 633.2360000000
0.1779352440 0.4447110068 -1.8754664670 879.1630000000 634.4340000000
0.1825840064 0.0853003630 -2.2085622198 886.1510000000 459.5040000000
0.1862654474 0.0850252852 -2.2030660141 887.6850000000 458.2560000000
0.2413184834 -0.0802098169 -2.0887802571 896.7030000000 388.9200000000
0.2458602117 0.0910826176 -2.2068255901 861.3420000000 453.4770000000
0.2463159097 0.0908519589 -2.2111738541 862.7390000000 453.8760000000
0.2612142663 -0.4889402102 -2.7220132597 874.7890000000 244.9980000000
0.2619980242 0.0086180719 -2.2065044875 866.6300000000 418.9480000000
0.2668648688 -0.2487570920 -2.0793612483 909.7050000000 317.9660000000
0.2715056037 -0.3293736389 -2.3351167709 889.7530000000 290.9850000000
0.2783664953 -0.4641832019 -2.6586570464 872.4330000000 250.5580000000
0.2862415359 -0.0775101471 -2.1270449803 875.8440000000 385.2770000000
0.2883447578 -0.4686625828 -2.6763096603 867.2580000000 248.8310000000
0.2897549332 -0.7303799098 -2.8546553804 878.1870000000 169.9060000000
0.2899235121 -0.3119083348 -2.2506641187 888.2360000000 292.3050000000
0.2907289444 -0.7281027574 -2.8445674079 878.7860000000 170.9870000000
0.3088498328 -0.0872518639 -2.2717230957 853.4270000000 374.9260000000
0.3146029206 -0.2101394236 -2.3222004200 860.3420000000 328.2960000000
0.3153441323 0.1562174715 -2.2230733802 826.7980000000 468.8820000000
0.3160666131 0.1540326361 -2.2161857300 827.5090000000 468.1700000000
0.3176239606 -0.0856974599 -2.1956993860 853.7140000000 375.7890000000
0.3190796256 0.1363096472 -2.2171436860 829.2370000000 462.1270000000
0.3224538785 -0.2110591149 -2.2935232845 861.3960000000 328.7760000000
0.3266951083 0.4697810901 -2.1900800910 785.7760000000 592.7740000000
0.3317926116 0.4686946931 -2.1793285065 784.2900000000 592.4800000000
0.3488966752 -0.7748445884 -2.8413028651 863.8070000000 149.7350000000
0.3599051417 -0.0759316603 -2.1223702620 847.9640000000 377.2310000000
0.3664395791 0.5488285157 -1.9780881731 774.4670000000 641.9660000000
0.3835008291 0.5287917152 -1.8990059613 774.7470000000 641.7260000000
0.3985792707 -0.1368025397 -2.2280772286 830.7240000000 347.0150000000
0.4142972416 0.4565944778 -2.1990896939 752.9550000000 575.8200000000
0.4224826813 0.5201701112 -1.9877506846 754.9270000000 623.5740000000
0.4278290391 0.5138925559 -1.9559401232 754.3540000000 621.8490000000
0.4338390089 0.6008417806 -1.7267397833 755.7220000000 690.8900000000
0.4618070429 -0.5745541834 -2.8916892103 806.2890000000 203.0330000000
0.4906420539 0.5297148851 -1.6965400864 740.7800000000 652.7470000000
0.4909069635 0.5299904982 -1.7036525084 739.9420000000 652.0690000000
0.4926382415 0.5277802421 -1.6988921627 740.1810000000 652.5480000000
0.5172373744 0.5985753317 -1.7356075660 715.4620000000 676.5490000000
0.5605193252 0.5793546669 -1.7349011403 699.6540000000 659.8780000000
0.5623817201 0.2042196302 -2.2231161939 726.9370000000 458.9420000000
0.5626038160 -0.0921786477 -2.2077112980 763.1360000000 342.7120000000
0.5633503795 0.2056461283 -2.2362091512 725.9380000000 458.3430000000
0.5637865439 0.4504747980 -1.9930943666 704.0470000000 572.9820000000
0.5638079507 -0.0937587399 -2.2096941064 761.9850000000 342.1360000000
0.5646856311 0.4500653922 -1.9914513917 704.9100000000 573.5560000000
0.5750251339 0.7622145540 -2.7885885262 640.9730000000 616.7720000000
0.5819770045 -0.4320006967 -2.8266391810 758.3410000000 233.9950000000
0.6142264062 0.6906702251 -1.7962504625 655.8010000000 695.7960000000
0.6183579259 -0.0938537328 -2.2339614332 738.6800000000 334.0770000000
0.6228613895 -0.0970982067 -2.2188401780 737.8170000000 335.2290000000
0.6295858125 0.5960279179 -1.6916834100 664.6310000000 664.6130000000
0.6322161778 -0.8920202686 -2.8491698781 787.8710000000 86.8945000000
0.6327245902 -0.8899892948 -2.8477784336 788.2710000000 86.2939000000
0.6362834770 0.0435845900 -2.4587573162 708.4550000000 385.3310000000
0.6392697309 0.2065626086 -2.5176287969 685.9900000000 438.8820000000
0.6417101105 0.5107725093 -2.3571203247 655.1270000000 557.9100000000
0.6445170821 0.5030018270 -2.3221629580 655.1270000000 557.1900000000
0.6563737946 0.2948470848 -2.2131646900 678.9590000000 483.9470000000
0.6667025940 0.0628039168 -2.7542305511 683.9890000000 384.9920000000
0.6864851882 -0.1197744703 -2.7460691940 697.1880000000 321.6010000000
0.6869454353 -0.1214538368 -2.7501632518 696.9880000000 321.0010000000
0.7237598451 0.8734926502 -2.3702828542 582.1550000000 680.7210000000
0.7915767083 0.3652060100 -2.2611722004 616.7690000000 490.7720000000
0.7986811027 0.2036499407 -2.2258402140 633.5900000000 430.5490000000
0.7991092395 0.1992072190 -2.2044012657 633.9910000000 428.9890000000
0.8098929342 -0.4207594308 -2.1994429068 705.9560000000 184.9560000000
0.8103852914 -0.4212598157 -2.2133680550 706.7560000000 185.9570000000
0.8121620590 -0.2327776901 -2.2055331522 682.9850000000 258.9890000000
0.8125125960 -0.4130181830 -2.2180561525 703.2550000000 190.0380000000
0.8126410370 -0.5758412696 -2.2009119510 724.9220000000 123.9070000000
0.8523560734 0.7308267776 -2.2028894077 549.8490000000 632.9460000000
0.8542773371 0.5434232891 -2.2628312303 571.1230000000 553.1670000000
0.8576622934 0.5441992870 -2.2589405375 570.1620000000 552.9280000000
0.8588664281 -0.2556570511 -2.1631743713 668.7180000000 241.8980000000
0.8692433928 0.7224112143 -2.2099295816 541.8500000000 624.9570000000
0.8699016531 0.7222988284 -2.2153374841 542.2500000000 625.1560000000
0.8708007403 -0.3951996661 -2.0720882751 683.9570000000 178.7410000000
0.8932725686 0.6218472405 -2.2335600550 545.6470000000 581.7320000000
0.8980784038 -0.4943989539 -2.5171578464 669.9490000000 164.9210000000
0.9303732949 0.6980100947 -2.2089421912 521.7000000000 609.9630000000
0.9313767405 0.6232413609 -2.2360486000 531.4780000000 577.1830000000
0.9395140148 0.2282862679 -2.2703048927 577.1750000000 422.4020000000
0.9451948545 0.3550993066 -2.2630265677 557.9520000000 470.4000000000
0.9518844914 0.4552351436 -2.2656274985 544.2470000000 508.0290000000
0.9558340530 0.6206404300 -2.2254870012 520.8690000000 573.9910000000
0.9582797843 0.6208304157 -2.2232018212 519.7080000000 574.5520000000
0.9704549235 -0.2787919563 -2.0760726228 627.2280000000 215.9440000000
0.9720042434 -0.2740262589 -2.0705683896 625.9630000000 214.9430000000
0.9795688848 0.7022754072 -2.2112915917 502.3860000000 604.7960000000
0.9805268408 0.2389618581 -2.2673266663 560.3640000000 421.2040000000
1.0009917781 0.2394031065 -2.2620472049 550.9560000000 419.0050000000
1.0016152522 0.6023670179 -2.2377370643 506.2610000000 560.4040000000
1.0058645096 0.3216912598 -2.2475975891 539.9410000000 450.7260000000
1.0161719021 0.6999045999 -2.2095710171 487.1050000000 599.6250000000
1.0162414744 0.6075849346 -2.2418739358 499.5330000000 558.7280000000
1.0191340734 0.6019094467 -2.2372768173 498.8520000000 559.0080000000
1.0351624434 -0.1415982066 -2.0631214858 583.1580000000 262.0380000000
1.0369927281 0.5581485179 -2.2357890421 496.6600000000 538.8130000000
1.0372870721 0.7247178011 -2.2093730038 476.4270000000 606.2560000000
1.0375626851 -0.2321250492 -2.0178032095 593.9480000000 221.9330000000
1.0379078704 0.4010330295 -2.2567730951 515.4290000000 476.6510000000
1.0392591770 0.5614451709 -2.2430753946 497.5240000000 540.8760000000
1.0404793668 0.4012925874 -2.2626251895 516.5820000000 476.9390000000
1.0409503173 0.4044046065 -2.2616270957 514.9080000000 478.0110000000
1.0458926210 0.4597091728 -2.2685682629 507.8930000000 497.0120000000
1.0474794029 0.4575684890 -2.2648488248 507.9250000000 497.6760000000
1.0504950912 0.5415769493 -2.2629061542 494.8620000000 530.0150000000
1.0580115672 -0.5081769301 -2.1064837122 619.8910000000 111.8180000000
1.0581346566 -0.5103202898 -2.1062883748 620.5320000000 112.1390000000
1.0611690759 0.2324648827 -2.2613033172 528.7030000000 409.5420000000
1.0758943046 -0.3387632132 -2.0974794610 590.3190000000 179.8880000000
1.0919253505 -0.5066142309 -2.1075112405 607.0770000000 107.8000000000
1.1145095647 0.6233055814 -2.2670831635 460.5960000000 552.9910000000
1.1152347214 -0.5502172843 -2.1132884109 601.8520000000 86.7586000000
1.1163344977 0.6253954240 -2.2656810156 460.5950000000 553.2310000000
1.1236690156 0.2683828812 -2.2649505073 501.0190000000 414.7270000000
1.1241399660 0.2258862938 -2.2599573623 506.2100000000 399.1710000000
1.1248945571 0.2247035660 -2.2578942783 505.3450000000 398.8830000000
1.1327508667 -0.2823428155 -2.0950257021 561.4990000000 193.0830000000
1.1538526574 -0.5484699512 -2.1173048689 587.3530000000 83.2574000000
1.1547918824 -0.5501289811 -2.1170319317 587.8330000000 82.5365000000
1.1555116873 0.3893154615 -2.2149227266 470.7260000000 460.8200000000
1.1601917573 -0.4078377282 -2.1080785217 566.8620000000 138.8140000000
1.1683424109 -0.1397334034 -2.0662228014 527.8890000000 244.7170000000
1.1706516736 -0.1400141006 -2.0664502491 526.9270000000 244.7160000000
1.1738359407 -0.1434576581 -2.0698913983 526.9280000000 245.2930000000
1.1743657600 0.7452416072 -2.2467734259 420.6870000000 595.0570000000
1.1774296137 -0.5498239337 -2.1194402010 578.8200000000 80.7234000000
1.1787086723 -0.5059854051 -2.1195418835 572.8300000000 97.7497000000
1.1826956959 -0.2303332968 -2.0194274533 532.6690000000 204.3560000000
1.1892595676 -0.3166258668 -2.1012363610 541.8570000000 171.8410000000
1.1979453922 -0.5064911416 -2.1131519423 565.0170000000 94.5355000000
1.2207409989 0.6858322797 -2.2103068771 408.6760000000 569.0610000000
1.2230395582 0.6841893049 -2.2000075121 407.4810000000 568.5740000000
1.2246343676 0.6900039373 -2.2233061796 408.8760000000 568.8610000000
1.2269864439 -0.5481756072 -2.1210805000 557.0630000000 74.5666000000
1.2277570901 -0.5042086375 -2.1187578580 551.7940000000 90.9142000000
1.2518371071 -0.5918321776 -2.1285835967 552.7120000000 54.3567000000
1.2535362749 -0.5925091689 -2.1296512628 552.7510000000 53.6351000000
1.2867141981 -0.2766807068 -2.0866984421 495.7820000000 174.8050000000
1.2887344685 -0.2775904975 -2.0885875956 496.5830000000 173.8040000000
1.2918893013 -0.2802128351 -2.0911216300 493.9870000000 174.3300000000
1.2945705077 0.1214862146 -2.1352304200 444.9830000000 337.1580000000
1.3009631248 -0.4070269442 -2.1254287640 509.5160000000 122.4170000000
1.3140293236 0.5251418493 -2.1546330429 387.6510000000 496.0480000000
1.3150916379 -0.4206818310 -2.2186983577 509.5170000000 123.5710000000
1.3403329759 -0.5079922962 -2.1926034220 506.5840000000 83.1641000000
1.3412320631 0.3972012055 -2.1139493470 388.6600000000 445.0210000000
1.3420187644 -0.5029242272 -2.1801981593 506.7050000000 83.6453000000
1.3452511970 0.3953655691 -2.1131011011 388.4600000000 444.9810000000
1.3591148005 -0.2618706535 -2.0747748333 464.5440000000 170.8400000000
1.3622830126 -0.2423283510 -2.1044233041 460.5110000000 179.7790000000
1.3623820192 -0.2396920988 -2.0859063891 459.7090000000 179.7780000000
1.3673912193 -0.5777518299 -2.2019876447 506.6650000000 53.5742000000
1.3711882572 -0.5825978029 -2.1858602680 505.0940000000 48.5191000000
1.3734225960 -0.4792589677 -2.1922555609 491.6800000000 89.6396000000
1.3741771870 -0.4199272400 -2.1919371342 483.6920000000 113.6810000000
1.3742092973 -0.5830634016 -2.1951401323 504.8540000000 48.7594000000
1.3742307041 -0.4195954340 -2.1861171500 483.2910000000 113.6810000000
1.3761814022 -0.5139300179 -2.1645444089 493.6630000000 73.6052000000
1.4094288977 0.2953207111 -2.0742236072 369.3890000000 393.9660000000
1.4121020766 0.2938329359 -2.0789197323 369.1970000000 393.5820000000
1.4129422950 0.5226292217 -2.0855371211 339.1000000000 489.6540000000
1.4154683019 0.2965596319 -2.0941614010 369.6780000000 394.5430000000
1.4172664763 0.5076310558 -2.1020979863 341.5100000000 482.0490000000
1.4194232152 0.6264577383 -2.0267860539 319.4150000000 535.0910000000
1.4203704678 0.5312695568 -2.1144550836 338.1850000000 490.8070000000
1.4206434050 0.5110882601 -2.1183832384 342.2320000000 481.0080000000
1.4246090218 0.5311919570 -2.1247812071 339.3410000000 489.6540000000
1.4253047440 0.4599580273 -2.1083568106 346.5290000000 459.0320000000
1.4293693674 0.4613414442 -1.9115557202 322.5790000000 470.0580000000
1.4302202892 0.4641296848 -1.9213600520 323.4460000000 470.0420000000
1.4306270191 0.5608805656 -1.9288176593 310.4280000000 512.7180000000
1.4328613578 0.4647424556 -1.9187885556 322.0000000000 469.4810000000
1.4521194846 -0.2699000909 -2.1347755247 429.6100000000 159.7100000000
1.4614876521 0.6256121682 -1.9327672209 287.2850000000 536.1050000000
1.4638611353 -0.4639075889 -2.1578868823 451.9720000000 82.3685000000
1.4656833924 0.3253116913 -1.9310412946 327.7760000000 403.1810000000
1.4665744520 0.5566821495 -1.9326173730 294.8150000000 504.6510000000
1.4691325692 0.4196302201 -1.9126073311 310.3960000000 446.0200000000
1.4709253919 0.4323030683 -1.9200194488 307.5450000000 450.7450000000
1.4739598112 0.3242065633 -1.9329786134 324.6440000000 400.7770000000
1.4865791423 -0.2829662897 -2.1272135591 417.1620000000 149.6750000000
1.4906678483 0.3290632397 -1.9244961538 317.4170000000 403.1780000000
1.5067229769 -0.3650427829 -2.1422545387 420.5250000000 113.5990000000
1.5209076830 -0.3587464966 -2.1368305811 413.5030000000 113.5900000000
1.5281672770 -0.3230318631 -2.1327686336 405.4970000000 127.6110000000
1.5491673852 0.4852100687 -1.9363020250 267.0500000000 461.4110000000
1.5492985021 -0.5069219542 -2.1653257585 424.2440000000 52.7263000000
1.5518780261 0.3241985358 -1.9350524009 290.3010000000 390.9550000000
1.5531544088 -0.4019000064 -2.1450106691 407.4540000000 93.5310000000
1.5663383452 0.3022244164 -1.9292003065 286.0790000000 380.3400000000
1.5679572374 0.3049644917 -1.9308272262 284.2710000000 380.9400000000
1.5684817049 -0.3640848269 -2.1442159403 395.4340000000 106.5460000000
1.5714197934 -0.3001479531 -2.1342109193 384.6310000000 130.3890000000
1.5913763183 -0.3007366412 -2.1354551918 377.4030000000 128.5740000000
1.5947184609 -0.3604456644 -2.1433596668 384.3940000000 105.5270000000
1.6043595656 0.4343286903 -1.9247369807 248.2370000000 433.4390000000
1.6114425532 -0.4065399386 -2.1484544942 383.3550000000 83.4658000000
1.6127109083 -0.4234406373 -2.1520535189 386.3560000000 77.4538000000
1.6128232942 -0.4083086786 -2.1522943458 383.8360000000 82.9852000000
1.6212442092 -0.1678614535 -2.1468088436 350.3720000000 179.6550000000
1.6278107568 0.1683760204 -2.2097610028 310.3460000000 314.8610000000
1.6279525771 0.5342611624 -1.9436606256 228.8430000000 473.5220000000
1.6311448718 -0.1472223181 -2.1521953392 341.3440000000 185.6560000000
1.6330072667 -0.3583799045 -2.1404590402 369.1200000000 99.7113000000
1.6351452747 -0.3597633214 -2.1430974330 368.3250000000 99.4854000000
1.6358517003 -0.1479207162 -2.1618177129 340.6210000000 185.4150000000
1.6559072318 -0.4439323331 -2.1585933079 371.2760000000 64.1889000000
1.6570310908 -0.1424520719 -2.1522515321 331.0770000000 184.5370000000
1.6635093352 0.6459861264 -1.9418945615 197.8380000000 518.1160000000
1.6676274757 0.6463420151 -1.9443938099 195.8190000000 516.7870000000
1.6700732069 -0.4609026040 -2.1648414288 368.8540000000 56.9622000000
1.6722219183 0.5370708099 -1.9349319874 206.8980000000 469.0450000000
1.6736454730 -0.2675737027 -2.1326482201 339.2600000000 131.5250000000
1.6865270379 -0.1484149466 -2.1578199859 322.0570000000 179.6170000000
1.6916218653 0.3272677412 -1.9438586389 228.9950000000 372.9020000000
1.6990232796 0.6505752173 -1.9490845833 179.9310000000 513.7140000000
1.7144790167 -0.1656648444 -2.1535787561 311.1940000000 168.5760000000
1.7159400334 0.2656048088 -2.2063037984 263.1530000000 343.0730000000
1.7357360070 0.6618860554 -1.9472088091 161.6130000000 513.1190000000
1.7375181263 -0.2620485978 -2.1465760442 313.5380000000 125.4670000000
1.7401030020 0.6494513583 -1.9412229220 160.6070000000 508.9120000000
1.7422677685 0.6488252083 -1.9443295893 160.6070000000 508.1110000000
1.7560457447 0.5816130883 -1.9490337420 165.4440000000 474.0530000000
1.7577743468 0.5125011114 -1.9405512824 172.6880000000 445.2040000000
1.7585637240 0.5145641955 -1.9417420378 172.6890000000 446.0050000000
1.7633213938 0.3286886201 -1.9362431562 194.0540000000 364.4750000000
1.7660775242 0.3284932827 -1.9394247476 193.1840000000 364.1860000000
1.7671532178 -0.4942517819 -2.0862355192 322.9810000000 21.1469000000
1.7693046050 0.4291509114 -1.9303107862 176.3010000000 407.9390000000
1.7792721640 0.2625602213 -2.2291555981 240.9540000000 333.9230000000
1.7831494776 -0.4194536137 -2.1829302070 318.7220000000 59.7552000000
1.8018617299 -0.4169971790 -2.2025870361 313.4180000000 60.4669000000
1.8096511432 -0.2647217767 -2.1450401036 282.6490000000 114.5820000000
1.8175850525 -0.3257772901 -2.2283260831 298.0150000000 97.3569000000
1.8240900555 0.2504843563 -2.0922160546 204.4540000000 322.9290000000
1.8241596277 0.2511399407 -2.0939125466 202.8120000000 322.7910000000
1.8272769985 0.0610351768 -2.1738082181 239.4210000000 245.9030000000
1.8319196065 0.1400504922 -2.2142778456 232.9430000000 278.7280000000
1.8612657057 0.5120355127 -1.9395906505 124.3500000000 431.9680000000
1.8886316724 0.2448214448 -2.1396910699 184.6900000000 311.7510000000
1.8958511286 0.0458026060 -2.1798449465 213.0450000000 232.8780000000
1.8995732425 -0.3755000233 -2.2158592758 270.1030000000 66.5898000000
1.9087326934 -0.2554732199 -2.1432124947 242.0930000000 107.2800000000
1.9190320584 0.2278046140 -2.1410102663 175.6210000000 301.7190000000
1.9659692268 0.6757041694 -1.9441556588 55.3819000000 488.4900000000
1.9662314606 0.6347849983 -1.9418597754 61.1959000000 470.9270000000
1.9755380835 0.0804929224 -2.1507048881 172.5170000000 234.5450000000
1.9965622744 -0.3933640297 -2.1586066872 224.5510000000 39.3056000000
1.9993853011 -0.2565681797 -2.1078510740 195.3900000000 88.9694000000
1.9997652725 -0.3929492722 -2.1553796064 223.1000000000 38.7235000000
2.0025561890 -0.2610951908 -2.1358565700 200.4350000000 90.1295000000
2.0129839950 0.3027274771 -2.0802442804 113.1880000000 317.6930000000
2.0143353017 0.3031475863 -2.0755989965 113.3900000000 317.9340000000
2.0203292164 0.0962582559 -2.1334857627 148.3450000000 233.5060000000
2.0256060020 -0.3883842640 -2.1628987583 212.9510000000 37.8296000000
2.0272034873 0.3107095519 -1.9539492872 82.9412000000 319.6660000000
2.0357983328 0.0777437492 -2.1305289432 143.2940000000 224.4710000000
2.0726742873 0.2188648509 -2.0908915065 101.7250000000 276.0430000000
2.0853658664 -0.1372373661 -2.1434292390 154.1930000000 129.1720000000
2.0899362264 0.0349838576 -2.1238366304 125.1110000000 199.3600000000
2.0901101569 -0.1371629773 -2.1499690280 153.7120000000 130.2150000000
2.0914025948 -0.2177468787 -2.1045624485 155.3160000000 92.6318000000
2.2106788209 0.2467477927 -2.1204409707 44.3221000000 270.6620000000
2.2197713754 0.2488745621 -2.1315430921 44.5237000000 270.4610000000
2.2197767271 0.2739219006 -2.1270155459 40.7014000000 280.2890000000
2.2391499156 -0.1358349506 -2.1462201555 89.1927000000 111.2610000000
2.2447558314 -0.2592159380 -2.1455485160 102.7050000000 59.2189000000
2.2464095096 -0.1309678384 -2.1517966368 87.5958000000 111.9400000000
2.3284217823 -0.2584856972 -2.1412912310 66.2015000000 48.5698000000
2.3493362631 0.1446047970 -2.2104353182 23.6119000000 215.2190000000
2.4110575292 -0.2489607246 -2.1273714345 28.4492000000 40.1526000000

gimbalangles:
0.0096708945 -0.2566363036 2.8771377630

end: