T_CW:
0.9609175476 -0.1039407964 -0.2565809377 -1.0205680920
0.1037761081 0.9944990165 -0.0142206061 0.0001969102
0.2566475914 -0.0129621412 0.9664181273 -0.8592466681
0.0000000000 0.0000000000 0.0000000000 1.0000000000


target_points_pix:
-0.2971536717 -0.9165391258 2.8067308215 -74.5624000000 155.5060000000
-0.2927893525 -1.4922011131 3.2656666723 52.9903000000 58.7529000000
-0.2921524991 -1.0460906343 2.8489825683 -55.6243000000 117.4220000000
-0.2596020638 -0.4372293169 2.7599836388 -92.2318000000 327.0220000000
-0.2452736643 -1.4978551942 3.2928265982 71.6344000000 63.4809000000
-0.2218064180 -0.5685923790 2.7606526025 -70.9896000000 281.2000000000
-0.2206943328 -0.3045363549 2.7536686216 -82.0982000000 378.1800000000
-0.2151617355 -0.3506279533 2.7608399123 -77.0797000000 360.4030000000
-0.2038939786 -0.6281140924 2.7774569704 -54.6813000000 261.8550000000
-0.2025474885 -0.4965209068 2.7791427589 -59.5033000000 307.9790000000
-0.1996677336 -0.6277983415 2.7753430452 -54.3656000000 261.5840000000
-0.1995558829 -0.3391137502 2.7458818842 -74.8662000000 368.2280000000
-0.1951872824 -0.6985613208 2.7751557353 -48.9194000000 236.5800000000
-0.1897558324 -0.7114348581 2.7694829232 -47.8744000000 231.7970000000
-0.1897239897 -0.8137220823 2.7717841583 -43.0982000000 195.8930000000
-0.1888529990 -0.7096928766 2.7694294061 -49.1865000000 232.2980000000
-0.0756563149 0.1190851701 2.7010077998 -51.8006000000 544.4590000000
-0.0743090220 -0.8081830630 2.7780991756 10.8722000000 206.8010000000
-0.0723805335 0.1652356373 2.7006866972 -51.7731000000 561.6450000000
-0.0099219624 0.1432842627 2.6985995305 -21.2709000000 554.8250000000
0.0039721191 -0.6103597960 2.6987868403 16.5080000000 273.5660000000
0.0095275147 -0.3163154676 2.7540967583 22.2374000000 386.3470000000
0.0105611439 -0.3182126487 2.7535348288 21.0979000000 386.0700000000
0.0149109063 -0.3197432376 2.7473803629 21.3923000000 385.6470000000
0.0164178675 -0.6627637358 2.9094836445 71.1072000000 283.0390000000
0.0171749203 -0.5330061865 2.8036803471 48.0289000000 315.2230000000
0.0193555546 -0.6609307752 2.8998238088 69.2010000000 281.7770000000
0.0403243286 -0.3184936134 2.7530531750 33.6457000000 388.1390000000
0.0491701692 -0.7278699580 2.8388410787 73.8449000000 251.3970000000
0.0507339388 -0.4240721390 2.6051747372 5.2510900000 336.9390000000
0.0679501207 0.4054187554 2.7649072116 22.4504000000 650.2460000000
0.0732897889 0.4046909229 2.7789286905 24.1724000000 649.4860000000
0.0736242708 0.4045651578 2.7793033102 24.2051000000 648.7930000000
0.0745618903 -0.1830977706 2.7817383380 47.9230000000 439.4620000000
0.0909354456 -0.8992263455 2.8327936470 94.4928000000 196.4410000000
0.0911661043 0.2190160367 2.6906790004 19.6926000000 586.8860000000
0.0915019240 0.2191187895 2.6910536201 19.4214000000 586.4340000000
0.1001245984 -0.8437130625 3.2960643824 168.0490000000 271.9610000000
0.1066346855 -0.8431297262 3.3059650451 169.6220000000 272.3540000000
0.1066833860 0.1455699778 2.6948265753 30.3988000000 559.3040000000
0.1433128943 0.1329115793 2.6977967741 47.5958000000 555.8300000000
0.1434498981 0.1343733987 2.6995628382 48.0902000000 556.3680000000
0.1478752267 0.2725946766 2.6893945901 42.3214000000 608.2820000000
0.1883159549 -0.6140765583 2.8392156984 123.6450000000 300.6210000000
0.2121811008 -0.1822056406 2.8060618579 113.7110000000 447.8140000000
0.2240273775 -0.1816809055 2.7841466073 114.2510000000 448.0490000000
0.2335352246 0.1188839458 2.6960574685 88.6052000000 554.5550000000
0.2338247521 0.1240387125 2.6972616031 88.0426000000 555.9030000000
0.2339331242 -0.1846853552 2.7795441371 117.5160000000 446.5670000000
0.2382669386 0.2924682500 2.6957096073 83.7095000000 617.7230000000
0.2425054925 0.3065807080 2.6892875559 83.4909000000 623.3710000000
0.2543870905 0.2060030874 2.7007937314 96.1003000000 586.6280000000
0.2547702729 0.0643243375 2.6961109856 100.1740000000 534.3880000000
0.2616461493 0.2063645953 2.6915352739 94.4554000000 587.4700000000
0.2663717088 0.2063908187 2.6868525281 96.8999000000 587.0580000000
0.2719364163 -0.4484438242 2.6705806553 124.5990000000 350.0120000000
0.2777028834 -0.4438360023 2.6648864363 123.6420000000 349.9610000000
0.3339627298 0.2085167853 2.6899565196 126.2330000000 589.7490000000
0.3409922003 -1.3168657296 3.3195316287 256.6050000000 159.6020000000
0.3431542909 -1.3135128836 3.2941110084 256.7030000000 160.6500000000
0.3434325798 -1.3096837355 3.2953954187 256.9680000000 160.3570000000
0.3445323561 -0.5569577625 2.8570904082 186.7720000000 332.9270000000
0.3558271391 -0.5505303593 2.8430154122 186.8360000000 332.3480000000
0.3563034412 0.1131148030 2.6908127931 137.2900000000 556.3850000000
0.3625248036 -0.9752179450 2.7600906730 194.1910000000 179.7100000000
0.3784809255 -0.5475146710 2.8502669786 198.5700000000 336.4860000000
0.3922963637 0.1708675088 2.6926056158 153.4770000000 577.5010000000
0.3974125980 0.0540062416 2.7139856954 159.9460000000 535.6730000000
0.4138958633 0.3545427288 2.0797760058 7.0923600000 707.9230000000
0.4355622594 -0.9641211752 2.8577861305 231.1880000000 205.6180000000
0.4410932512 -0.9624139799 2.8451828545 234.3750000000 205.5520000000
0.4465573466 -0.9609315564 2.8412761066 235.3400000000 204.7880000000
0.4650983443 -0.1964920292 2.7602512243 206.5050000000 453.2370000000
0.4651545372 0.0660457149 2.7347503284 191.0190000000 540.8060000000
0.4667332915 0.0609233261 2.7196049904 192.2260000000 540.4350000000
0.4668644084 0.0606763447 2.7223611208 191.0240000000 540.1830000000
0.4688953822 -0.1924488126 2.7562642007 208.0030000000 453.7850000000
0.4712474585 -0.1885688232 2.7568528887 208.2660000000 454.4380000000
0.4875674967 0.0798247614 2.7132096975 196.3630000000 547.9220000000
0.4925713451 0.2579489207 2.1409621009 80.1184000000 654.4890000000
0.4927934411 -0.2953635248 2.7545784122 220.3360000000 419.0630000000
0.4928817443 -0.0331249413 2.7549530318 210.2010000000 508.2930000000
0.4932055227 0.2571761339 2.1390221062 78.9370000000 654.5390000000
0.4935828182 0.2344225381 2.6552613867 186.5280000000 603.0100000000
0.4945889396 -0.3032599722 2.7539362070 221.4810000000 418.1100000000
0.4947628702 0.2576864194 2.1324314759 78.8610000000 653.4500000000
0.5242240312 -0.2951895943 2.7537488972 230.4230000000 422.7260000000
0.5275420911 -0.2947908919 2.7551671002 233.1430000000 422.6730000000
0.5284144197 -0.0344406591 2.7549262733 224.9300000000 509.1530000000
0.5314461632 0.1932673566 2.6795474446 206.8690000000 590.1530000000
0.5569229764 0.1175805370 2.7289972406 226.0950000000 562.0570000000
0.5598343064 0.1602577446 2.7000712506 220.8230000000 578.6230000000
0.5686860339 -0.4262770433 2.7649339701 255.1510000000 379.9980000000
0.5705511047 -0.5586034132 2.7687604424 260.6900000000 336.8740000000
0.5707812282 -0.5776849335 2.7798384812 261.3680000000 331.8570000000
0.5732082285 0.1304489901 2.7115239090 230.3970000000 567.1400000000
0.5879976778 0.1364134704 2.7104535671 234.2260000000 570.2950000000
0.5961563589 0.4636105690 2.1270503320 123.2000000000 761.0130000000
0.6059098496 -0.4260736784 2.7651212800 268.8220000000 382.8950000000
0.6088532898 0.4210350439 2.1297261867 134.7140000000 735.2900000000
0.6097095633 0.2916922521 2.1313183203 142.4600000000 675.0650000000
0.6111572008 0.4197238750 2.1237724099 134.6100000000 736.6740000000
0.6125245625 0.2918019621 2.1255304465 142.6770000000 671.1770000000
0.6144779365 0.2858481853 2.1225602477 145.1660000000 671.4630000000
0.6195192469 -0.1967258989 2.7395936255 262.3710000000 455.8250000000
0.6230058857 -0.2105940514 2.7319674394 263.2290000000 456.0960000000
0.6244535231 -0.2047392811 2.7345630185 262.7640000000 456.5120000000
0.6253231759 -0.1272401051 2.7753162866 265.0690000000 484.1210000000
0.6259867879 -0.3157749450 2.7696434745 271.3340000000 419.5320000000
0.6267601099 -0.1247705587 2.7672887223 265.5410000000 484.1260000000
0.6269929093 0.0180941567 2.7723996049 261.2470000000 533.6460000000
0.6281033890 0.0327717285 2.7749684255 260.9560000000 534.9180000000
0.6299631080 -0.1211894623 2.7642917650 266.2100000000 484.8940000000
0.6300594388 -0.6116870200 2.7540432412 284.9900000000 322.5330000000
0.6304715205 0.0312060859 2.7714362972 260.5580000000 534.8690000000
0.6312555459 -0.6091101719 2.7788484149 284.8870000000 324.9400000000
0.6322803983 -0.6117084268 2.7833973680 284.4680000000 323.2960000000
0.6332356784 0.2083672050 2.6906522418 247.3070000000 595.7000000000
0.6347983776 0.1984462059 2.6901438294 248.3580000000 595.0600000000
0.6476745907 0.6040019651 1.6446793452 -19.3767000000 992.7540000000
0.6479635831 0.6388630010 1.6491373192 -19.0653000000 1015.8700000000
0.6484345335 0.6356466236 1.6436866031 -19.5041000000 1017.6700000000
0.6503557972 -0.4802838201 2.7479690509 285.7770000000 366.9440000000
0.6508668855 -0.4805540814 2.7554882028 285.7490000000 366.2960000000
0.6524055020 -0.6492319382 2.7952246461 293.9910000000 312.7240000000
0.6531574172 -0.6457051616 2.7675563078 294.3310000000 313.7970000000
0.6532483962 -0.4792188299 2.7634890085 284.9460000000 367.1700000000
0.6587579812 -0.6540805870 2.7564247520 294.9660000000 312.1420000000
0.6634915683 0.4614029888 1.6270534899 -2.1756600000 895.3800000000
0.6701785293 0.0239299016 2.8590705408 282.1030000000 533.5600000000
0.6703364047 0.4706935566 1.6285118307 2.6353300000 902.4070000000
0.6706815900 -0.3630706779 2.7477549825 291.0910000000 405.3550000000
0.6745455243 0.0739841732 2.7658972778 274.9840000000 549.6290000000
0.6760011893 -1.0376777469 3.0983454738 334.7490000000 227.7020000000
0.6855299081 -0.4013006150 2.7525180040 295.0010000000 394.5310000000
0.6949917305 0.2427984986 2.7055835114 269.4750000000 611.7810000000
0.6993988633 0.0306834914 2.8850798491 295.9940000000 535.8130000000
0.7054115090 0.2861425293 2.1265419196 195.4540000000 676.3700000000
0.7071106768 -1.0373726994 3.0720953386 343.7000000000 230.1510000000
0.7201260344 0.6293423097 1.6267377390 32.6861000000 1017.6900000000
0.7208833013 0.4272671096 2.1238928233 196.9880000000 740.5470000000
0.7224192419 0.4253619010 2.1243503945 197.2710000000 739.3960000000
0.7226466895 0.4229884178 2.1178400399 197.9500000000 740.0040000000
0.7312709695 0.3409119246 2.1253698952 206.1720000000 699.8410000000
0.7324938351 -0.2784494468 2.7782864854 308.8960000000 437.9270000000
0.7352205311 -0.2779035725 2.7804539278 308.9050000000 438.3480000000
0.7379632822 -0.1861356685 2.7423497559 305.9910000000 466.6750000000
0.7411047357 0.5550257954 1.6209766237 57.8447000000 963.8900000000
0.7416586376 0.6135788493 1.6250198402 54.0371000000 1007.6600000000
0.7418700302 0.6296473572 1.6257690796 51.4702000000 1016.3300000000
0.7511820048 -0.2782086199 2.7764401456 317.1490000000 440.1110000000
0.7516930930 0.2854601863 2.1268549946 220.9550000000 673.9180000000
0.7547569467 0.3397720105 2.1223809654 217.6920000000 701.0930000000
0.7566808863 -0.2701034558 2.7662986560 317.8170000000 440.7290000000
0.7584870883 -0.8345776944 2.7615088760 338.9760000000 259.4100000000
0.7627443732 0.3285869376 2.1225522201 223.4850000000 695.3870000000
0.7726530634 -0.7339227415 2.7559163396 339.4290000000 289.3570000000
0.7747214991 0.4561850720 2.0779269902 217.6760000000 764.1210000000
0.7782108137 -0.6846870138 2.9590939919 350.5130000000 323.3240000000
0.7841083976 -0.4971149465 2.7511800766 334.5510000000 367.5120000000
0.7863775225 0.2580704045 2.2992442619 265.6280000000 645.6060000000
0.7919994933 0.4239169394 2.1227823436 234.6320000000 740.2620000000
0.7935514891 0.3302085056 2.1238847958 239.0510000000 697.1190000000
0.7937468265 0.4272296476 2.1249444343 235.2810000000 741.4780000000
0.7965109845 0.7209368183 2.1128575983 217.6530000000 885.8160000000
0.7981138215 0.1975596952 2.8581339916 321.8160000000 592.3740000000
0.8018948043 0.8506381747 2.1218457944 214.6360000000 944.3370000000
0.8026065816 0.2017003129 2.8461194037 322.6870000000 592.3080000000
0.8034013105 -0.4160017610 2.7472733287 339.4460000000 394.8340000000
0.8045010868 0.7241291131 2.1246741729 222.5900000000 883.0200000000
0.8045893900 0.7198932350 2.1172352967 223.3190000000 883.1920000000
0.8047740240 -0.4104654175 2.7439017517 338.9840000000 394.3980000000
0.8050924507 0.2017958409 2.8419718288 322.6700000000 593.1470000000
0.8058202832 -0.5110481223 2.7448650594 341.9780000000 363.9400000000
0.8071822933 -0.5179732344 2.7505646300 342.8050000000 362.0500000000
0.8094112803 -0.4099329224 2.7499224249 340.4460000000 398.2400000000
0.8140752952 -0.0118081725 2.8443265810 335.8100000000 525.8800000000
0.8146238454 -0.0123665431 2.8491163610 334.1940000000 527.3790000000
0.8262878963 0.2629626698 2.7281944842 319.9270000000 617.8450000000
0.8283590079 -0.2658319889 2.7889899045 341.6020000000 446.5840000000
0.8292928812 0.2616729078 2.7268833154 320.7510000000 617.5720000000
0.8312837171 0.2638058316 2.7446242325 322.0900000000 618.3820000000
0.8671348193 -0.0864549944 2.7796244128 348.8950000000 504.7380000000
0.8688473663 -0.0838813572 2.7816848209 348.6240000000 503.4940000000
0.8693531029 0.9006579278 2.1313370513 251.1940000000 963.1650000000
0.8806960512 -0.2527352853 2.7760922845 359.2600000000 451.3600000000
0.8911532917 0.9224955785 2.1036713889 255.6100000000 980.4580000000
0.8945650065 -0.2888719012 2.7911573468 368.5920000000 441.0430000000
0.8956433760 -0.5296346095 2.7511533181 373.9480000000 363.1260000000
0.8992825384 -0.1916142135 2.7713560216 365.8580000000 470.8390000000
0.9021644340 -0.2920989820 2.7786075880 369.3720000000 440.5160000000
0.9039197947 -0.2935118333 2.7817383380 367.9700000000 441.6300000000
0.9047064960 -1.4866567420 3.2906323972 420.8620000000 149.4780000000
0.9062986296 -0.4147762196 2.7506984228 372.8360000000 398.8970000000
0.9076713431 -0.4171470269 2.7520095916 372.4020000000 399.0950000000
0.9155972249 -1.4871624786 3.2799824953 422.1500000000 148.9980000000
0.9173980752 -0.9238335059 2.8426943096 398.1060000000 249.8500000000
0.9183854656 -0.9076151502 2.9031953858 397.1580000000 262.5870000000
0.9227551364 -0.9661441214 2.7405569332 398.2400000000 222.3600000000
0.9339321818 -0.8737522081 2.8447814763 403.7550000000 268.3080000000
0.9362655271 -0.7298634698 2.7594752264 394.2900000000 303.4100000000
0.9367043673 -0.5853218230 2.7422159632 391.9290000000 348.0740000000
0.9406057636 -0.5914950199 2.7559966152 391.7710000000 346.5400000000
0.9531662258 -0.1747469630 2.9197054097 388.1760000000 480.1970000000
0.9574957588 -0.9223751651 2.8661615559 414.3980000000 253.5400000000
0.9594437811 -0.0821728240 2.9211236128 387.0250000000 509.7790000000
0.9644288985 0.0963072240 2.8333020594 380.0350000000 564.3410000000
0.9685925286 0.9080486386 2.1049825577 296.1830000000 970.7580000000
1.0009596678 -0.0759482506 2.9240938115 398.9340000000 512.5040000000
1.0021932368 -0.0760914089 2.9088414394 399.9650000000 512.2590000000
1.0027471388 -0.0763493613 2.8964789904 399.3200000000 511.8490000000
1.0104107868 -0.3341099018 2.9788685586 412.6350000000 439.1280000000
1.0109780680 -0.3409841727 2.9800191761 412.1790000000 437.2680000000
1.0130866416 0.0506277073 2.8362187411 397.2850000000 550.3850000000
1.0131615655 0.1427662172 2.8417845190 392.6680000000 578.7450000000
1.0133007100 0.1463986900 2.8385199762 394.4130000000 580.0090000000
1.0138171499 0.1492334906 2.8359511556 393.5420000000 580.6380000000
1.0139616461 -0.3266763773 2.9801262103 412.1980000000 438.5040000000
1.0144352724 0.0476575085 2.8335964034 397.0670000000 550.7970000000
1.0275737193 -0.4069439927 2.9567124811 419.5290000000 417.5870000000
1.0449346650 -0.0736657465 2.9180998969 411.2720000000 513.9890000000
1.0580784636 0.0973154861 2.8355497774 410.0140000000 567.5140000000
1.0620333770 0.0979978291 2.8341583329 409.5060000000 567.0260000000
1.0703900714 0.4240480563 2.7164742403 401.1030000000 676.2440000000
1.0727046858 0.4269700897 2.7289437235 400.0700000000 676.0220000000
1.0727635546 -0.1696473190 2.9129622557 424.1960000000 486.5820000000
1.0741309163 0.4267854557 2.7303619266 401.6890000000 677.4420000000
1.0814707860 0.9038582501 2.1756492062 360.8040000000 943.7710000000
1.0825999967 0.9089905395 2.1873373398 359.5070000000 944.7140000000
1.0832689604 0.9077596463 2.1826492423 360.3180000000 944.0600000000
1.0840850961 -0.0717749875 2.9148621126 423.0160000000 515.9560000000
1.0843098679 -0.0713888617 2.9135777023 423.8640000000 515.9570000000
1.0878446720 0.4201520118 2.1937620671 388.9120000000 730.2330000000
1.1036241876 0.7323011735 2.1861572879 377.4670000000 865.4690000000
1.1055561547 0.6414532284 2.1861519362 383.2710000000 826.9160000000
1.1081918716 0.7969177144 2.1836366327 376.8680000000 894.2420000000
1.1086226843 0.5491522941 2.1896626576 388.8450000000 787.0900000000
1.1086440911 0.8088547025 2.1831737098 376.2330000000 900.0470000000
1.1096609159 -0.1646362458 2.9115172941 435.6250000000 489.0890000000
1.1240596904 0.9052416670 1.8467411661 356.9170000000 1061.6400000000
1.1287638431 0.1113428519 2.4577324638 426.1800000000 584.5620000000
1.1500368885 0.4056381755 2.2614424617 416.9600000000 713.9290000000
1.1523274201 0.5500968709 2.1942490727 408.7180000000 786.0760000000
1.1678339985 0.4689141132 2.1912280326 420.1460000000 752.6190000000
1.1689150438 0.4736102383 2.1924482224 420.0180000000 752.5810000000
1.1696723107 0.6931962320 2.1897242023 409.8490000000 848.3020000000
1.1804720606 0.8443954055 2.1805219377 407.1090000000 913.5130000000
1.1816708435 0.8427765134 2.1847042987 408.4330000000 913.0730000000
1.1823692416 0.8422119080 2.1841236382 408.2180000000 912.2170000000
1.1826956959 0.5923138315 2.1923732985 420.9760000000 803.9960000000
1.1891445059 0.9107298451 2.1047096205 405.8260000000 965.3930000000
1.1965726787 0.5118803131 2.1917605277 430.0820000000 770.7410000000
1.1969580018 -0.1685272062 2.9131763241 462.4740000000 492.1330000000
1.1987829347 -0.1771161648 2.8826983383 464.7140000000 488.6130000000
1.2021438083 0.1404818400 2.1992422177 450.0830000000 613.7740000000
1.2049320490 -0.1651101397 2.9025531807 463.2760000000 492.8660000000
1.2112390386 0.6923693929 2.2341246604 429.8100000000 837.5210000000
1.2154963236 0.5242347346 2.1874363464 437.1320000000 778.3940000000
1.2194860230 0.7965752050 2.1842226449 426.8470000000 892.2910000000
1.2195341884 0.3765543101 2.7339475719 449.1470000000 662.9040000000
1.2195555953 0.3772152462 2.7394598328 448.2210000000 663.5250000000
1.2196144641 -0.0094754425 2.8334893692 463.2920000000 539.0740000000
1.2196519260 0.5281521859 2.1885387986 440.5710000000 777.9930000000
1.2214715073 0.8322791351 2.1840085765 426.4150000000 907.3940000000
1.2216213551 0.1275119719 2.5039043378 459.1820000000 590.3280000000
1.2276982213 0.0070947613 2.7249031828 465.7560000000 547.3770000000
1.2315113143 -0.3057137310 2.7786611051 476.8970000000 450.1190000000
1.2389261079 0.3755267819 2.2005293038 455.4970000000 711.1570000000
1.2448103125 0.4793874087 2.1912280326 452.7160000000 757.6140000000
1.2455140623 0.9121962135 2.1719725818 434.2570000000 944.6870000000
1.2480186624 0.9124076061 2.1707764747 434.5120000000 944.1760000000
1.2552755805 -0.3054595248 2.7638368697 485.3900000000 451.6170000000
1.2615183497 0.4604102467 2.2095710171 458.8400000000 746.7860000000
1.2630756972 -0.8559818566 2.8267997323 505.1590000000 289.4550000000
1.2632228692 0.0027812299 2.7144138322 477.7010000000 546.0740000000
1.2697626582 0.7965029569 2.1884130334 450.5100000000 891.6210000000
1.2707955382 -0.8613228627 2.8554581368 505.9700000000 290.1630000000
1.2752294295 -0.3281480974 2.7587795042 492.2510000000 444.1200000000
1.2757886831 0.5279622003 2.1870563751 464.0970000000 779.2610000000
1.2898904378 -0.3305322840 2.7500027005 495.1970000000 441.9520000000
1.2998098314 0.5633343244 2.1906179378 472.6760000000 793.1870000000
1.3019933289 0.6163563866 2.1831362478 471.8350000000 815.6940000000
1.3039921924 0.6935869068 2.1903209179 469.0070000000 845.2170000000
1.3050812653 0.6880585909 2.1874095879 469.7300000000 844.8550000000
1.3055067262 0.6902634952 2.1905403380 468.5740000000 845.2370000000
1.3055281330 0.4652695990 2.1983431305 482.2580000000 752.2610000000
1.3098844246 0.9132799347 1.8888617959 462.0900000000 1036.4200000000
1.3104918436 -0.8277783474 2.8329006811 515.1590000000 298.0980000000
1.3110698282 0.9121159379 1.8842272155 462.7360000000 1037.3900000000
1.3115996475 0.5639872330 2.1854160761 477.4490000000 793.0990000000
1.3128733543 0.4730402812 2.1887769497 483.3310000000 755.2880000000
1.3141363578 0.4752692682 2.1905992068 482.8960000000 755.7330000000
1.3210882285 -0.5472363821 2.7506449057 514.1750000000 378.9690000000
1.3224154524 -0.1537310673 2.7555417199 500.8630000000 498.8410000000
1.3230924437 -0.4164165185 2.7545516536 509.7550000000 418.8930000000
1.3247434461 -0.5492887627 2.7630073547 514.1660000000 378.3510000000
1.3255863403 0.1636713326 2.0540770967 505.7990000000 638.8250000000
1.3262231938 0.8923119368 2.0663780010 470.0140000000 963.6280000000
1.3264158553 0.1610275880 2.0540824484 506.5300000000 639.5540000000
1.3269965158 0.1675858405 2.0511309806 504.4350000000 641.0610000000
1.3277939205 0.1643694631 2.0606222374 505.1840000000 638.6280000000
1.3282675468 0.7548131397 2.1651411245 476.2840000000 877.3300000000
1.3288107453 0.7542030448 2.1626151176 477.0250000000 878.2330000000
1.3300362868 0.8952928390 2.0747400472 470.9430000000 962.8250000000
1.3346976258 -1.3497064952 2.9249233265 539.0300000000 164.5590000000
1.3414434557 0.2325320467 2.0576600662 508.8240000000 670.5360000000
1.3490455590 0.7693911964 2.1480049506 484.4120000000 888.0580000000
1.3492569516 -1.3630830931 2.9607262633 539.5550000000 165.0770000000
1.3520264613 0.6004163197 2.1883327578 492.8720000000 808.0970000000
1.3538380149 0.5636126133 2.1877628007 495.4920000000 792.4760000000
1.3600192394 -0.5484458685 2.7555149613 525.2860000000 380.9790000000
1.3600700807 -0.5472497614 2.7541770340 525.4940000000 381.1880000000
1.3691439042 -1.2307299648 3.3071959382 531.8500000000 240.6820000000
1.3713461327 -1.2317307344 3.3093366221 532.6100000000 240.9660000000
1.3749986744 -0.2786367567 2.5124403145 528.2400000000 455.5720000000
1.3791168149 0.6841464912 2.1890766454 501.6910000000 840.5990000000
1.3809069617 0.1519045288 2.1310320039 526.8290000000 628.7500000000
1.3818863246 0.6861132444 2.1911798673 499.4360000000 843.6380000000
1.3834757823 -0.2966425834 2.5795641313 528.4430000000 455.5730000000
1.3845835862 0.1523591565 2.1372025249 526.8250000000 629.1580000000
1.3849475024 -0.3345273352 2.5055553402 534.2310000000 438.4160000000
1.3877196880 -0.8120068594 2.7683590642 541.3580000000 303.4900000000
1.3878293980 0.8759196505 2.0792408349 498.2560000000 949.7070000000
1.3907246729 -0.8121700866 2.7738980836 542.1230000000 304.7790000000
1.3931195629 -0.0954084044 2.1129459015 545.4090000000 524.1830000000
1.4004861910 -0.1657130097 2.7756106306 524.9490000000 497.8850000000
1.4089071060 0.1661323162 2.0490197312 543.3480000000 640.5980000000
1.4116685881 0.7350144903 2.1797111537 513.3650000000 864.1540000000
1.4129503225 0.8614459521 2.0910065683 510.6550000000 940.5220000000
1.4142748707 0.1631623850 2.0545962125 545.0680000000 639.5990000000
1.4145718905 0.1618100080 2.0481340232 545.0720000000 639.1900000000
1.4146013249 0.7360393426 2.1866790795 512.9830000000 862.7800000000
1.4152087440 0.7902762429 2.1386688934 513.1280000000 896.5020000000
1.4259068113 -1.2263897283 3.0396104617 554.7820000000 214.3070000000
1.4384913563 0.4970159399 2.2160733441 532.6540000000 759.9610000000
1.4423686698 -1.3660800505 3.0368275728 564.4790000000 181.1920000000
1.4537142940 0.8600625351 2.0950444331 527.1230000000 936.1870000000
1.4542762235 0.6030520367 2.2186501923 533.4810000000 803.7110000000
1.4545277539 0.8614727106 2.0986274027 527.3320000000 936.4240000000
1.4549264562 0.5778294297 2.2223723063 534.9380000000 792.8600000000
1.4732078960 0.8094674732 2.1315752024 536.5470000000 906.5250000000
1.4744976580 0.7850797329 2.1481039573 536.9400000000 892.8310000000
1.4746662368 0.7847265201 2.1432606601 537.7100000000 892.8070000000
1.4862366328 0.1570017646 2.0464295038 578.4030000000 640.3130000000
1.4880134004 0.1566143008 2.0444226127 578.4030000000 640.3130000000
1.4892710521 0.6606391071 2.2112193436 547.1820000000 827.7760000000
1.4902664701 0.1567226729 2.0463304971 579.1300000000 640.5530000000
1.4903253389 0.8899223985 2.0725271153 544.4150000000 957.1220000000
1.4932553999 0.8910489333 2.0663271598 544.9180000000 957.7520000000
1.4938735223 0.5364312806 2.2265011502 551.7750000000 775.6940000000
1.4946655754 0.4774554416 2.2174647886 556.9000000000 753.9890000000
1.5018743281 0.6676364673 2.2224177958 549.2260000000 828.4220000000
1.5031828211 -1.2816835912 3.0898897728 571.9450000000 214.3180000000
1.5031988762 0.6675240814 2.2209755101 550.7570000000 827.4680000000
1.5082696210 -0.3621769424 2.2552746164 591.7830000000 425.5770000000
1.5184780069 -0.5543407765 2.7477549825 574.4160000000 386.8170000000
1.5221974450 -0.5540812186 2.7598766046 574.2100000000 386.4060000000
1.5329410019 0.5460509785 2.2225810229 566.8170000000 780.8760000000
1.5418221639 0.5930603950 2.2233489932 568.6210000000 798.3870000000
1.5440377716 -1.3336112288 3.0019611852 590.7160000000 193.7510000000
1.5446906802 0.1417052408 2.0967221941 598.7930000000 631.4070000000
1.5453007751 -0.6765818498 2.7384162494 586.8560000000 352.1400000000
1.5457904565 -1.3484060298 3.0446410687 589.8710000000 193.0570000000
1.5463951997 -0.4327365567 2.2078798769 614.8430000000 397.2250000000
1.5474066728 -0.7643231275 2.7247961486 590.1380000000 321.5160000000
1.5477625615 -0.6604865834 2.7139321783 587.3490000000 352.9310000000
1.5486429177 0.4712019690 2.2347053209 572.0880000000 750.2990000000
1.5490844337 -0.6515599319 2.6973686373 587.3510000000 353.1380000000
1.5502243478 -0.4352652395 2.2093810314 614.7250000000 398.1210000000
1.5525844517 0.7822326235 2.2141922182 566.2330000000 874.2410000000
1.5534005874 -0.4366272496 2.2492057778 613.2760000000 398.4110000000
1.5562503728 -1.3576591355 3.0945457601 589.7290000000 195.1010000000
1.5606387746 0.7795701480 2.2221903481 568.0260000000 873.4590000000
1.5609491737 0.6967363879 2.2123110923 573.1730000000 839.6600000000
1.5686690147 0.6934718450 2.2185806201 573.1900000000 838.6620000000
1.5716071033 0.5481113866 2.2195546312 582.3300000000 780.6530000000
1.5717061099 0.1562824948 2.0501275350 613.8280000000 641.8260000000
1.5718907439 0.5380929864 2.2188963709 582.7760000000 777.8180000000
1.5731376922 -0.0357644044 2.1170908005 615.5790000000 556.8330000000
1.5751419074 -0.5275099808 2.7482633949 589.6380000000 396.1090000000
1.5821740537 -0.5602008985 2.7690012694 591.2230000000 390.1950000000
1.5880743135 0.6077347825 2.2287836543 585.1560000000 803.6610000000
1.5882696509 0.0893821119 2.0951675224 620.3290000000 609.9390000000
1.5892249310 -1.3302557069 2.8808787571 609.4320000000 180.2540000000
1.5893587238 0.0500523986 2.0989431535 620.9520000000 594.1960000000
1.6011619191 -0.6483167959 2.7599301217 598.6000000000 362.6380000000
1.6092724349 -1.2523455195 3.0003556723 607.1910000000 214.2310000000
1.6099012608 -0.0144095314 2.1060154377 630.9910000000 567.0500000000
1.6211532301 -1.2726044160 3.0371486754 608.8300000000 213.1700000000
1.6247094411 0.0935623322 2.0836640228 634.9820000000 614.3750000000
1.6253436187 0.8390811579 2.1764599902 593.5160000000 901.7600000000
1.6309816446 0.0072431107 2.0920822619 641.0020000000 578.0900000000
1.6518559877 0.8277729957 2.2151796087 601.9650000000 890.0210000000
1.6528754883 0.5352967182 2.2047116648 616.2440000000 779.7160000000
1.6598300349 0.5393051486 2.2135794475 617.1360000000 779.0850000000
1.6676488825 -0.3710500768 2.1458722944 665.3810000000 425.8820000000
1.6743920365 0.0501104646 2.0809587336 657.6510000000 597.8230000000
1.6787563556 0.1503404917 2.0677453628 657.1130000000 640.7880000000
1.6822938356 -1.3266379512 2.9327368224 630.3350000000 193.7940000000
1.6893848507 0.7404678823 2.2065580046 620.7340000000 859.1810000000
1.6897273602 0.7692520520 2.2125893812 619.0100000000 867.7170000000
1.6900805730 0.7474572149 2.2134563582 618.2160000000 859.4710000000
1.6939685900 -1.1749731790 2.9426910022 630.4310000000 237.2730000000
1.6986085221 -1.1814487475 2.9677370028 629.6870000000 237.0070000000
1.7053222417 -0.4157234721 2.2189311570 674.1000000000 412.7320000000
1.7098471121 -0.3347922448 2.0967221941 687.0520000000 438.9140000000
1.7137672394 -0.0142522179 2.0812236433 675.0620000000 572.0940000000
1.7155894965 0.5902882094 2.2141467287 635.7810000000 800.4640000000
1.7172993677 -0.0077542525 2.0979851975 673.9850000000 575.5320000000
1.7186988397 0.5877033337 2.2100874570 636.9150000000 798.8950000000
1.7228196560 0.9293457667 1.9499676153 651.3690000000 1004.9900000000
1.7305716073 -1.3833526930 3.0011851873 642.3590000000 190.5310000000
1.7321583892 -0.0343946344 2.0803218802 685.2810000000 564.0810000000
1.7328701665 0.1331066491 2.0612751460 679.2530000000 634.7410000000
1.7352677324 -0.0351746461 2.0811460435 684.0770000000 564.5610000000
1.7372130788 -0.3472349694 2.1784026608 687.1700000000 439.7200000000
1.7390861772 -0.0353595476 2.0864469118 685.0800000000 564.0810000000
1.7422704443 -1.3904945494 3.0199161707 642.9600000000 191.8410000000
1.7480155045 -1.4050083856 3.0591977186 641.0640000000 189.9850000000
1.7481546490 -0.4058682990 2.1715712035 692.2930000000 416.4360000000
1.7499528234 -0.9547877938 2.9441359637 637.9710000000 298.6370000000
1.7543653079 0.9138284849 2.2039169359 637.8810000000 923.1520000000
1.7563267094 0.5128195381 2.2013507912 655.3320000000 774.0530000000
1.7579241947 0.9105639421 2.2128007738 637.7970000000 922.0900000000
1.7593209909 -1.0220935687 2.9734098149 639.3580000000 281.0940000000
1.7630297256 0.5973979556 2.1878002627 656.5630000000 805.5480000000
1.7691895433 0.1406164355 2.0644433580 693.9890000000 636.8470000000
1.7795825632 0.9247647034 2.0453056448 667.0350000000 968.7610000000
1.7840539165 -0.3576841823 2.0977122603 715.8020000000 435.0090000000
1.7856995672 -1.2069496435 2.9312383438 655.4310000000 234.3950000000
1.7927879064 0.5766119157 2.1982146894 665.8200000000 795.6740000000
1.7946824116 -0.9186905130 2.9699044451 645.7110000000 311.9690000000
1.7994641641 -0.9256744940 2.9779320094 645.2240000000 310.1970000000
1.8016316064 0.6127038448 2.2185244271 664.3930000000 808.1720000000
1.8096056536 0.6856904594 2.2035503438 666.0690000000 836.8950000000
1.8120433573 0.9214145332 2.0182340221 681.4470000000 975.6140000000
1.8138201249 -0.3504406434 2.1557970397 716.3820000000 441.6190000000
1.8149653907 0.9253346604 2.0187210277 682.2670000000 975.2230000000
1.8154550721 0.8385326077 1.7041341622 741.0620000000 1046.6300000000
1.8157119542 0.9238575886 1.8179623481 713.1410000000 1044.4100000000
1.8174405564 0.8747850881 2.2020786237 663.3810000000 908.8350000000
1.8182754231 0.8726925696 2.2022043889 662.2620000000 906.6330000000
1.8334983608 0.5465219289 2.2065901149 680.2900000000 783.6010000000
1.8383657406 0.7702367665 2.2106600900 672.3580000000 866.1870000000
1.8627186949 0.7644702995 2.2013802256 683.2090000000 866.3050000000
1.8699756130 0.5875481342 2.1901924769 695.8820000000 801.4700000000
1.8780700736 0.0899124663 1.7706853461 794.5120000000 641.3540000000
1.8797184002 -1.0063622186 2.9514678058 674.6800000000 291.7530000000
1.8832879904 0.5466824802 2.1972995471 700.2200000000 784.1400000000
1.8847971725 0.0214426678 1.8717925184 777.9250000000 603.3360000000
1.8880536878 0.5514160673 2.2036252678 700.2230000000 784.4020000000
1.8889822094 -0.6520067996 2.8081757831 675.3120000000 378.7890000000
1.8898144002 -1.3265844341 3.0847788902 671.1210000000 222.5020000000
1.8914707543 -1.3286823043 3.0921107322 670.7080000000 222.2820000000
1.8920193045 0.0695047923 1.9931452078 757.1600000000 616.9730000000
1.8936007347 -0.9989848870 2.9525381477 674.7530000000 293.2020000000
1.8952838474 -1.0088534394 2.9647400454 675.1650000000 292.7730000000
1.8961106865 0.0982710338 1.7404963526 810.2980000000 651.5730000000
1.8961775828 0.0670810031 1.9926314437 757.1490000000 615.8320000000
1.8981951773 0.6967363879 2.1912333844 700.6050000000 841.8250000000
1.8994608566 0.7866718665 2.2027689943 694.7700000000 873.8830000000
1.9054333645 -0.6558600305 2.7938064430 684.6950000000 378.9080000000
1.9066053889 0.7007073563 2.2003152354 701.0240000000 841.8320000000
1.9084811631 0.6971779039 2.1992127833 702.5280000000 841.5300000000
1.9107690189 0.6947054141 2.2035556956 700.9990000000 840.1980000000
1.9110580112 0.8862805601 2.2041871973 695.3190000000 910.4260000000
1.9130006817 0.8866310971 2.2039222877 697.0220000000 910.2170000000
1.9139506102 0.2217569147 1.8515255944 787.8620000000 700.4980000000
1.9142556576 0.8864785734 2.2059907234 696.0030000000 910.4860000000
1.9173864077 -0.0982627387 1.9048660833 789.8810000000 548.6990000000
1.9176834276 -0.6555121693 2.8090052981 684.4120000000 377.4320000000
1.9195806086 -1.3330787337 2.9389180469 693.3150000000 208.6130000000
1.9201050762 0.0360194134 1.9546048716 774.4790000000 607.9830000000
1.9236746664 -0.3946885778 2.1683815847 756.0250000000 432.2430000000
1.9293581819 -1.0152326771 2.9498087758 685.0010000000 291.4170000000
1.9304927443 -0.3965509728 2.1763315492 758.0840000000 430.1950000000
1.9395451610 -0.6628279563 2.8594986775 685.4160000000 378.7400000000
1.9410998326 -1.3512397600 2.9697706524 694.1620000000 207.7020000000
1.9470214992 -0.4031308996 2.2233623725 757.0540000000 431.2190000000
1.9526300908 -1.2745925761 3.0302449701 689.6890000000 233.4090000000
1.9547333127 0.1061626647 1.9294143749 789.3100000000 639.8740000000
1.9611607158 -1.3722693025 3.0374965365 693.3100000000 209.0450000000
1.9613185912 0.5430459936 2.1981772275 728.8140000000 783.5650000000
1.9629160765 -1.2944420667 3.0692589325 690.0340000000 232.2110000000
1.9721129894 -0.1081767806 2.1261244862 768.9400000000 541.3670000000
1.9748236302 0.8263360617 1.7858734977 796.2530000000 1002.1100000000
1.9752597946 -0.3578821955 2.1694251680 772.2520000000 448.3400000000
1.9761642335 -0.1086528151 2.1309115904 768.4500000000 541.6080000000
1.9772693615 -1.2410213022 3.0552106950 692.9100000000 241.7050000000
1.9849169544 0.8335608696 1.7935746077 800.6360000000 1000.3000000000
1.9891019913 0.0781884762 1.7737117378 844.6220000000 642.2690000000
1.9897201137 0.0761548266 1.7723149416 842.7900000000 642.2310000000
1.9985263517 0.7483134884 1.7775542653 814.4860000000 965.0570000000
2.0007018217 -0.3826499072 2.1798449465 780.5410000000 439.1350000000
2.0026578715 0.5554994216 1.7844606464 825.0080000000 869.5220000000
2.0040573435 0.4200556810 2.1598991251 753.2030000000 744.6220000000
2.0043249290 0.8474084180 2.1926382081 731.3430000000 898.1540000000
2.0056601806 0.8587460146 2.1987311294 731.1410000000 900.3120000000
2.0059866348 0.8512696764 1.7658848626 816.1130000000 1017.5000000000
2.0087293860 0.5546377964 1.7893066194 826.0910000000 865.8850000000
2.0104258779 -0.9184710930 2.9531803528 702.4010000000 320.4810000000
2.0116728262 0.8601481625 2.2023462092 731.1150000000 899.2860000000
2.0144316325 0.7432026058 2.1622137394 742.9820000000 860.2310000000
2.0160639039 -1.1747617865 2.9990445035 705.9380000000 258.4200000000
2.0167863847 -1.3001416374 2.9768616675 709.5250000000 226.4710000000
2.0218276950 -0.8145649766 2.8715400240 709.5160000000 343.0090000000
2.0226010171 -0.1287369783 1.8321497300 853.0640000000 542.4590000000
2.0259217528 0.6040768891 2.1878404005 749.1540000000 806.9460000000
2.0273934730 0.7481047718 2.1928308697 743.8730000000 859.2610000000
2.0299596177 0.6543535242 2.1915651903 747.5940000000 826.9070000000
2.0312520555 0.6035765042 2.1887582187 750.1290000000 807.3280000000
2.0350945830 0.5898252866 2.1939654321 750.6460000000 803.8250000000
2.0383564499 -1.0733923804 2.9458217522 714.6860000000 282.0750000000
2.0444092334 -0.0309248535 1.7578787052 877.1830000000 591.0290000000
2.0484952636 -0.4087742773 2.1838881630 796.0620000000 433.8880000000
2.0519444404 -0.4056408514 2.1831282203 795.4680000000 435.2400000000
2.0542697582 -0.4022853295 2.1790181074 799.1670000000 433.8540000000
2.0764285115 -0.0980473324 2.0736188640 816.2760000000 553.4340000000
2.0914159741 0.1569958777 1.7980111749 874.7060000000 680.3070000000
2.0915390634 -0.8076157818 2.7805342034 736.0040000000 342.6830000000
2.1003105153 -1.2900269063 3.0530164941 724.0480000000 241.4720000000
2.1013032574 -0.6760466788 2.7644523163 737.3360000000 376.6850000000
2.1018892696 -0.8123306378 2.8759284258 728.5740000000 347.2850000000
2.1046213173 -0.3963529595 2.1821408299 815.1010000000 439.1820000000
2.1156806251 -0.4351876397 2.1804951792 821.1250000000 425.4010000000
2.1167268843 0.6789981466 2.1164673264 790.4710000000 847.9710000000
2.1173985238 -2.2535834762 3.2509494711 730.6600000000 39.5761000000
2.1270904698 -0.1198697307 2.1433569909 818.9180000000 540.2980000000
2.1270984974 0.8614700348 2.1332984528 782.4410000000 913.1220000000
2.1310079212 -1.1578771429 2.9567124811 736.0250000000 267.4570000000
2.1352919646 -1.1524719163 2.9588264064 737.2660000000 267.6920000000
2.1461505833 -2.3026961146 3.3251241652 731.9070000000 40.2751000000
2.1463566241 -0.2445699145 2.1280403982 833.0350000000 498.6920000000
2.1477667996 -0.2426807610 2.1267452845 834.2580000000 499.0860000000
2.1488719276 -0.6684980925 2.7580035063 750.2340000000 381.0230000000
2.1525940416 -0.6707832725 2.7573880597 750.4360000000 381.2260000000
2.1528964131 0.7691503695 2.1311979069 795.1590000000 879.2660000000
2.1542851818 0.7711305020 2.1331245223 795.4580000000 880.2370000000
2.1553341168 0.5480685730 2.1384815835 803.3340000000 795.9160000000
2.1553635512 0.5446729133 2.1383638459 801.4850000000 791.9620000000
2.1678062759 -1.4607116542 3.2475778941 723.1320000000 223.6790000000
2.1694198163 -1.4613939972 3.2513776078 724.4020000000 222.8500000000
2.2022284716 -1.4882328205 3.3135644726 723.7280000000 223.9870000000
2.2179598218 -1.1492394837 2.9301680019 758.6430000000 270.4190000000
2.2219575488 0.9064217189 1.8567649180 876.8930000000 1006.1900000000
2.2270978658 0.7620513268 2.1000991228 827.9250000000 882.0450000000
2.2454756363 0.6100360176 2.1175751302 834.8440000000 821.2780000000
2.2637169382 -0.8395280257 2.7620440470 782.1160000000 338.8500000000
2.2750277763 -0.8629845685 2.8012988364 781.8820000000 338.0990000000
2.2778160170 -0.6749308474 2.7653888654 780.9900000000 386.7650000000
2.2828171895 -0.6668123040 2.7725066391 781.1770000000 387.9980000000
2.2829804167 -0.6798838545 2.7913981737 779.7500000000 386.7840000000
2.3112534981 -0.6806732317 2.7879730796 787.1740000000 387.9040000000
2.3156686585 0.8518342817 2.0800328879 857.5040000000 917.2370000000
2.3204370317 0.4732249152 2.0853845974 875.1290000000 774.1340000000
2.3270142827 0.6503103077 2.0581176374 874.9710000000 844.2380000000
2.3338002504 0.8672338259 2.1057558797 856.3800000000 920.7050000000
2.3462884646 -0.8231544704 2.7641579722 802.7170000000 348.1240000000
2.3487127890 0.4851003586 2.1158973693 875.1140000000 773.8160000000
2.3564112231 -1.1407195622 2.9183942409 794.8390000000 277.1320000000
2.3572006003 0.6625844535 2.0980708249 873.9720000000 843.5160000000
2.3601734749 -0.9174542681 2.9843808194 784.1870000000 340.0140000000
2.3604357087 0.5920489219 2.0687274015 885.3670000000 818.9300000000
2.3648696001 -1.1451775362 2.9251641534 795.7510000000 277.1030000000
2.3716716229 -1.1504650252 2.9237994675 796.0280000000 276.3140000000
2.4384850405 -0.7740953491 2.7834776436 821.1450000000 367.5590000000
2.4435477577 -0.6093376195 2.7865816352 818.2420000000 411.3640000000
2.4440080047 -0.6047485286 2.7782597268 818.1720000000 413.1320000000
2.4478585597 -0.8125045684 2.7622581154 825.3480000000 358.9800000000
2.4513157641 -0.8170240871 2.7689477523 826.6580000000 357.1890000000
2.4755376014 -0.8275054102 2.7886955604 831.5100000000 355.8090000000
2.4797092590 -1.3776210121 3.1039112517 805.1260000000 242.7090000000
2.6066732159 0.2157798579 1.5169153077 1189.7400000000 756.0850000000
2.7066538533 -0.2879995725 2.7573613011 875.1360000000 503.6640000000
2.7230300845 -0.4440099329 2.8400719719 869.2280000000 465.3530000000
2.7361685314 -0.4505256392 2.8597930215 869.2380000000 464.3690000000
2.7430454781 -0.4046347300 2.6344940779 908.0430000000 473.8660000000
2.8294488285 -0.3852107003 2.7295056530 909.2760000000 482.5260000000
2.8324457858 -0.4107089203 2.7462029868 908.0300000000 475.1050000000
2.8336499205 -0.3814538002 2.6865046670 917.8280000000 482.8730000000
2.8362722582 -0.4293730073 2.7676901005 906.4690000000 473.8810000000
2.8413563822 -0.4157609341 2.7587259871 908.0240000000 475.7250000000
2.8550300001 -0.2751073042 2.7870900476 903.1110000000 512.4730000000
2.8572242010 -0.8281342361 2.7655494167 918.1890000000 371.4840000000
2.8682219640 -0.5341353972 2.7450791278 918.2990000000 445.5700000000
2.8688374106 -0.6660924991 2.7479690509 921.2310000000 411.1020000000
2.9021785610 -0.2666216336 2.7434200978 919.8810000000 515.9210000000
2.9467583014 -0.8443552677 2.7860999813 934.2880000000 369.4230000000
2.9474272651 -0.5322248369 2.7427778927 935.9770000000 448.4070000000
2.9567392397 -0.8527413965 2.8216085740 934.2070000000 371.7210000000
3.0037807664 -0.2717410789 2.7399414866 942.0590000000 515.9080000000
3.0076072388 -0.2958879923 2.7443298884 943.1830000000 510.7160000000
3.0105239204 -0.7723720986 2.7422427217 958.3760000000 386.0720000000
3.0129054312 -0.7915981151 2.7406372089 956.7240000000 385.0030000000
3.0224047156 -0.5647016862 2.7540699998 951.6510000000 441.8240000000
3.0227793353 -1.2514116462 2.9134974267 940.9050000000 283.8290000000
3.0274353226 -0.3204844493 2.7596090191 944.9900000000 504.6880000000
3.0332151689 -0.2553961553 2.7726671904 942.4960000000 518.3990000000
3.0425806605 -0.5555904007 2.7635425256 953.9410000000 447.0610000000
3.0575386887 -1.2070406225 2.9035700055 949.0710000000 294.1060000000
3.0761091207 -1.0652979198 2.8931074134 948.9530000000 328.6840000000
3.0762964306 -1.1182584373 2.9080386830 948.7010000000 316.9710000000
3.0807115909 -1.0889203656 2.9099920569 947.3310000000 321.5750000000
3.1043661471 -1.0666385230 2.9036235226 953.3390000000 329.1370000000
3.1720920312 0.0763638109 2.8230000185 954.0160000000 604.8320000000
3.1946762454 0.0791103082 2.8531569017 954.2600000000 605.6770000000
3.2166985301 0.0015971187 2.9204814076 946.9260000000 584.9510000000
3.2193208678 0.1601592732 2.8375834270 959.9960000000 626.4540000000
3.2206320366 0.1617671943 2.8369679804 959.3270000000 626.8590000000
3.2433500436 -1.1452818945 2.8997702917 984.2560000000 317.5720000000
3.2475243770 -1.1356434657 2.8878092209 984.9290000000 318.8970000000
3.2713127258 -0.8472050530 2.7668070685 1006.7400000000 381.9860000000
3.2828724184 -1.0391307360 2.8803703447 992.0500000000 342.0360000000
3.2860834441 -0.9001067017 2.8339977816 998.7050000000 371.9470000000
3.2931477007 -0.8522410117 2.7907024515 1006.3900000000 383.8080000000
3.2946729379 -1.0159792406 2.8279235913 1002.7900000000 344.4660000000
3.2962249337 -1.0201268155 2.8367003949 1003.0400000000 344.9770000000
3.3040651882 -1.0082567237 2.8318570978 1004.5200000000 347.4360000000
3.3095239319 0.2363095508 2.7544981365 989.9290000000 650.1150000000
3.3184345283 0.1953143855 2.7582710918 993.4820000000 638.8950000000
3.3242143745 -0.0635860692 2.9424769338 966.9970000000 571.0830000000
3.3436143216 -0.9406351980 2.7450523692 1026.2000000000 360.4040000000
3.3475478281 -0.4076209839 2.8197622343 1002.6700000000 493.0940000000
3.3485646529 -0.0044684099 2.7928698939 997.7040000000 589.2580000000
3.3506785782 -0.9105585904 2.7622581154 1025.8000000000 369.0390000000
3.3511869906 0.4043163033 2.4370079687 1068.1200000000 719.6210000000
3.3514545761 -1.0364200951 2.7359009459 1034.3200000000 337.1540000000
3.3619439267 -0.0030766711 2.8061956506 997.7140000000 589.7660000000
3.3634959225 -2.2531526636 3.2292750475 972.3930000000 111.9450000000
3.3666534311 -1.0420902314 2.7441960957 1034.8500000000 337.2160000000
3.3690349419 -1.0427351124 2.7468719505 1033.2200000000 338.1600000000
3.3788820874 -0.9356206461 2.5356587063 1079.3400000000 352.3890000000
3.3798186366 -0.8189507025 2.5636695540 1073.3100000000 383.3270000000
3.3803538075 -0.0046833345 2.7669676197 1009.2100000000 590.9630000000
3.3873913056 -0.8228681539 2.5759544032 1072.4400000000 382.8360000000
3.3914318462 -0.0061550814 2.7762260772 1008.9700000000 590.7460000000
3.3925824638 -0.0052412235 2.7771358678 1009.5500000000 591.5220000000
3.3929035664 -0.8607957194 2.7371585977 1039.0300000000 382.5840000000
3.3933852202 -0.8339863305 2.7183473387 1041.2000000000 388.7530000000
3.3954723869 -1.1002873967 2.8860431568 1013.6800000000 330.5940000000
3.3963821776 -2.2859425879 3.2844511727 972.9670000000 111.8920000000
3.3973454853 -1.1825913375 2.5683014586 1081.6100000000 289.3160000000
3.3977736220 -0.8611114702 2.7377205272 1039.8800000000 381.8130000000
3.4197156311 -0.4242407179 2.8195214073 1015.3700000000 490.4650000000
3.4200099751 -0.4671774834 2.8145175589 1018.0700000000 479.8470000000
3.4268869219 0.2342082021 2.7357939117 1018.2200000000 651.8440000000
3.4942381863 -0.9652557377 2.6642923966 1078.9500000000 353.0460000000
3.5040853319 0.2431827514 2.8209931274 1019.3400000000 651.3670000000
3.5994260371 -1.1491618840 2.5292420066 1134.1000000000 307.7400000000
3.5995865884 -1.1456725693 2.5303471346 1135.3900000000 307.1100000000
3.5998006568 -1.1444978691 2.5314495867 1134.3400000000 307.9530000000
3.6247931403 -0.5106788543 2.8264518712 1055.8100000000 475.9960000000
3.6415975082 -0.3094679553 2.8509627008 1049.6800000000 522.2350000000
3.6702559128 -0.2709409984 2.7615891517 1072.2100000000 533.0080000000
3.6864983512 -1.1783206733 2.5792109184 1142.1400000000 304.4820000000
3.6911810970 -0.4114501321 2.7688139595 1080.0500000000 502.8660000000
3.7356805618 -0.3209500481 2.8310008243 1072.1800000000 522.2570000000
3.7512272779 -0.5396583614 2.7087410201 1104.9400000000 473.3180000000
3.7695033660 -0.4137861533 2.7324223347 1099.9000000000 499.6450000000
3.7705737079 -0.3967302550 2.7346165356 1100.1600000000 506.6710000000
3.8554518210 -0.8006130698 2.7326899202 1127.2000000000 412.5920000000
3.8681086141 0.0978073082 2.6486975150 1129.8400000000 627.7610000000
3.8773938301 -1.1846597733 2.5430173069 1186.2900000000 308.5590000000
3.8804978216 -0.8073080585 2.7496548394 1128.2700000000 411.6720000000
3.8876423539 -0.8078191467 2.7524109698 1129.4800000000 412.4280000000
3.8879099393 -0.8091597500 2.7458818842 1128.7400000000 412.1340000000
3.8991485294 -0.7991306463 3.0380317074 1068.7700000000 424.2310000000
3.9109758074 -0.8028099466 3.0484942996 1071.7400000000 423.9310000000
3.9412664834 -0.2994896929 2.8128585290 1110.8100000000 531.4320000000
3.9483039814 -0.3002362563 2.8171934137 1110.8100000000 530.9100000000
3.9527191418 -0.4475795231 2.8287531063 1112.4000000000 497.4790000000
4.0573183045 -0.6030386574 2.7830227483 1146.4100000000 466.1850000000
4.0594322298 -0.6072317218 2.7792497931 1147.4000000000 465.0820000000
4.0609842255 -0.6039645032 2.7849493638 1146.9500000000 465.5140000000
4.0734269502 -0.6178414860 2.7805877205 1148.5100000000 466.0170000000
4.1268370113 -0.8220145562 2.7429652025 1174.2900000000 416.6130000000
4.1423569689 -0.8231143325 2.7477282240 1175.3500000000 416.8030000000
4.2467688219 -0.5422432371 2.7120590800 1194.0200000000 484.3920000000
4.2478926809 -0.2708446676 2.7118985287 1191.2100000000 546.4710000000
4.2496052279 -0.5431797863 2.7137983856 1196.2100000000 482.9360000000
4.2545555592 -0.2693435131 2.7151630715 1190.2400000000 545.6590000000
4.3215054455 -0.5620793485 2.7194711977 1206.2700000000 482.0110000000
4.3272317747 -0.5592563217 2.7188289925 1206.0200000000 480.6670000000
4.3582984485 -0.2900064636 2.7606258439 1195.2400000000 543.5990000000
4.3690018675 -0.2504897080 2.7294521359 1204.2900000000 551.9620000000
4.4527561217 -0.7822112166 3.0004091894 1165.4700000000 441.4220000000
4.4778556394 -0.7881864003 2.9235586406 1186.9000000000 439.7730000000
4.4950881441 -0.7950713746 3.0384598442 1166.2000000000 441.7160000000
4.5033832938 -0.7994945625 2.7104535671 1243.4500000000 433.7950000000
4.5075576273 -0.4898633801 2.7042723426 1242.6600000000 500.6920000000
4.5223551041 -0.8009288207 2.8561806176 1210.0300000000 436.9350000000
4.5355738267 -0.0452559289 2.7260002833 1228.3800000000 602.4550000000
4.6460063528 0.1389060291 2.6662778808 1259.9900000000 647.3520000000
4.6479597268 0.1409613532 2.6665374387 1260.0300000000 648.2750000000
4.6613390006 -0.0282639835 2.7300140654 1246.8200000000 608.3950000000
4.6681624303 -0.0257185232 2.6417429684 1272.0400000000 611.8110000000
4.7433004321 -0.5314060253 2.8622815665 1241.4600000000 500.3720000000
4.9819331600 -1.2401596769 3.2875016472 1195.9200000000 375.9380000000
5.4861712319 -0.6083234706 3.2244049918 1262.2100000000 500.5200000000
5.5023333947 -0.8175084168 3.2321382121 1266.0900000000 464.0110000000
5.5091835829 -0.8169732459 3.2249669213 1268.8900000000 464.1010000000
5.5660187381 -0.6275414595 3.2834878650 1261.9400000000 500.5760000000
5.5753307127 -0.9877543245 3.2141564681 1280.8500000000 435.1340000000
5.5873720591 -0.9905639720 3.2266794684 1282.0100000000 434.1840000000
5.7428124624 -2.2028305389 3.2381588853 1318.3500000000 228.8150000000
5.7578775248 -2.2083481514 3.2442330756 1318.3700000000 228.5240000000
5.7661726745 -2.2073982230 3.2405671546 1317.3000000000 228.3960000000
5.7876865468 -1.4240631474 3.2571842127 1306.6900000000 365.0260000000
5.8066583571 -1.4271216494 3.2651047428 1306.1000000000 365.7540000000
5.8375912382 -2.4299410362 3.2393095029 1330.3500000000 194.6430000000
5.8432640503 -2.4310916538 3.2420656333 1331.8600000000 195.2560000000
5.8627710315 -1.4073042690 3.2594854478 1316.7100000000 369.4690000000
5.8647779226 -1.4065898158 3.2571306956 1315.7000000000 370.0620000000
5.9101871780 -1.2224481943 3.1849628926 1332.6700000000 401.1440000000
5.9315672576 -0.0128367710 3.2242979576 1309.4900000000 612.3190000000
5.9581652539 -1.2006319504 3.2500129219 1325.3400000000 409.5560000000
6.0174621955 -1.2522893266 3.2601276529 1330.7700000000 400.7320000000
6.1380362112 -0.6085402148 3.2413699110 1340.0500000000 512.6530000000
6.1541448569 -0.6090914409 3.2519127788 1339.9200000000 514.2200000000
6.1848636696 -0.2590267550 3.2636865398 1333.6500000000 572.7300000000
6.1875930415 -0.6128858029 3.2640611594 1340.7300000000 513.2110000000
6.1912322040 -0.2585282433 3.2642484693 1335.0800000000 573.6810000000
6.3138666278 -0.9978128626 3.2472032744 1362.2100000000 449.7340000000

gimbalangles:
0.1304605576 0.3508262967 -1.8219480289

end: