T_CW:
0.0923666682 0.0286453051 0.9953129383 -0.3174188526
-0.0419353130 0.9988111395 -0.0248543184 0.1709227648
-0.9948416096 -0.0394430490 0.0934581069 0.6488791234
0.0000000000 0.0000000000 0.0000000000 1.0000000000


target_points_pix:
-3.9734570162 -4.0599674007 2.0216377094 811.2460000000 8.7984600000
-3.2166450130 -1.4819686445 -0.2629377844 494.9570000000 312.7120000000
-3.1651348088 -0.7131634603 -2.1509216323 147.1880000000 446.2230000000
-3.1567861419 -0.7218840709 -2.1485856111 146.9150000000 445.7760000000
-3.1216521688 -1.4839862390 -0.5466075563 442.8950000000 306.8600000000
-3.0762161549 -0.6377230869 -1.8559327272 193.4010000000 455.4670000000
-3.0084635123 -1.8215961588 -1.9584019095 164.3410000000 237.5090000000
-2.9707607186 -3.0623284687 -0.1516572798 504.9020000000 20.7097000000
-2.9044262790 -3.2858426172 -0.1234856133 506.8210000000 -27.1790000000
-2.8411423138 -3.2523409156 -0.0519739299 517.5890000000 -29.5997000000
-2.8253012536 -1.7693929082 -0.3643229780 463.7410000000 234.5180000000
-2.8146245931 -1.8323611226 -0.8684593674 364.6150000000 219.9840000000
-2.7842268830 -1.8241944138 0.6616398768 655.4530000000 222.7820000000
-2.6205207643 -1.8458313754 -0.8401862860 357.7660000000 199.0990000000
-2.5932002872 -1.8369742962 -1.2939657646 257.0900000000 196.6600000000
-2.5884961345 -1.8244031305 -0.8298173487 357.7500000000 198.8670000000
-2.3272684889 -1.7926755205 -0.0758773405 506.2160000000 179.4300000000
-2.3246943166 -1.8150831283 -1.1234041060 266.4450000000 170.4770000000
-2.3221709856 -1.8310124918 -0.7204310818 362.5220000000 169.1050000000
-2.2121933547 -0.3042607419 1.7197638299 907.2480000000 492.6290000000
-2.1791331691 -0.0738171999 -0.8770836473 313.7460000000 560.1430000000
-2.1743460649 -0.3107550414 1.7756624359 921.4190000000 491.8220000000
-2.1638620660 -0.3041403284 1.7753841470 922.5640000000 491.3210000000
-2.1568486506 -0.3122401408 1.7563427645 920.7860000000 491.8250000000
-2.1505925022 -0.4719672634 -2.1412912310 -23.7914000000 471.8150000000
-2.1492304921 -0.4888706380 1.6643977190 896.7070000000 449.2670000000
-2.1443042435 -0.4926890827 1.6573816278 896.7110000000 448.9690000000
-2.1355006813 -1.2444838582 3.2892677113 1221.5800000000 287.3400000000
-2.1333760526 -1.2980892568 3.2885987476 1221.7800000000 275.1670000000
-2.1320220701 -1.2422361402 3.2871002690 1221.8900000000 287.6010000000
-2.1312380447 -0.5128409450 1.7618041841 920.8740000000 443.7440000000
-2.1176875161 -1.6456747632 3.3081057289 1223.9700000000 203.5560000000
-2.1168446219 -1.8432652307 2.9506918079 1154.6800000000 157.1720000000
-2.1079126187 -1.6374331305 3.2983388590 1225.0800000000 201.4850000000
-2.0987050024 -1.8463023259 -1.2501620221 209.1230000000 130.5130000000
-2.0831957482 -0.7141508507 -2.3300219435 -90.2888000000 407.7910000000
-2.0792702693 -1.8317430001 -0.0349581694 506.0200000000 140.1390000000
-2.0419849090 -1.3203684235 3.1896723970 1221.5300000000 263.6370000000
-1.9978975259 -1.8277773833 -0.5615441776 372.8730000000 122.6780000000
-1.9914139298 -1.7775569411 2.8479122264 1155.2700000000 157.6040000000
-1.9911650753 -1.7762029586 2.8438716857 1155.3200000000 157.1120000000
-1.9707563310 -0.0346400103 1.7889105929 953.7930000000 552.3120000000
-1.9680778004 -1.6703755785 2.5108883187 1091.6400000000 175.7380000000
-1.9679413318 -0.1361298298 1.6242197597 912.6810000000 529.4760000000
-1.9659424683 -0.1354908357 1.6216509391 912.4630000000 529.6820000000
-1.9655277108 -1.7957902155 0.9941442657 755.1420000000 138.6140000000
-1.9599378502 -1.7623045689 -1.9680831521 -14.3205000000 125.2420000000
-1.9586133021 -1.7141472107 0.9052657497 734.6170000000 155.9400000000
-1.9584607784 -1.7612128202 -1.9699375194 -14.5848000000 125.2260000000
-1.9583296615 -0.1337616983 1.6132487551 911.9420000000 530.4210000000
-1.9574171950 -0.1795089142 1.7838318205 950.2340000000 517.1500000000
-1.9533017304 -1.7482001385 2.5102782238 1092.2900000000 156.3840000000
-1.9478831245 -1.7836712692 -0.6581933758 345.4440000000 127.0900000000
-1.9396040298 -1.7785657384 0.9887443908 755.3490000000 138.8440000000
-1.9353306898 -0.3305858011 -2.1207299630 -72.6069000000 505.0560000000
-1.9231180886 -1.7867351230 0.9568080642 747.5500000000 134.2970000000
-1.9202522482 -1.7282944549 2.3817381885 1070.8400000000 157.2290000000
-1.9160217218 -0.3331251873 -2.1094164491 -73.2843000000 503.9280000000
-1.9082001983 -0.0171830549 -2.0918200281 -73.2969000000 590.9870000000
-1.9067231265 -0.1885396564 -2.0698191503 -65.9326000000 543.0230000000
-1.9056367294 0.2588993843 -2.0863505810 -73.8578000000 670.3020000000
-1.8997980143 -0.1881101817 -2.0698459088 -66.4963000000 543.2610000000
-1.8941867469 -0.0194812663 -2.0829335145 -73.9836000000 591.8450000000
-1.8812623684 -0.4541407190 -2.1127452124 -82.9684000000 469.7400000000
-1.8752523986 -0.1177250331 1.6549037862 934.1130000000 532.8910000000
-1.8747279310 -0.0130829229 -2.1139252643 -89.4680000000 592.8890000000
-1.8737512441 0.2977316563 -2.1112226510 -87.7413000000 682.8340000000
-1.8690925809 -1.8441241801 -0.6953984605 328.2100000000 97.6448000000
-1.8372632885 -1.8280503205 -0.5276839114 371.1150000000 99.6049000000
-1.8338649529 -1.8258694989 -0.4031603340 403.0650000000 97.4478000000
-1.8222570950 -1.8122841843 0.4222712888 619.8040000000 108.6850000000
-1.8201993626 -1.8098143703 0.4218565313 620.3210000000 109.1550000000
-1.7949821073 -0.3360311655 3.4639207518 1348.2800000000 468.6420000000
-1.7809017596 -1.7899729072 3.0237158844 1239.6300000000 125.7010000000
-1.7696337352 0.3449310585 1.5254860705 921.2600000000 653.3700000000
-1.7409699789 0.0156444384 3.1857121319 1310.2600000000 553.8170000000
-1.7305528763 -2.1562198248 -1.4780645724 79.1003000000 -20.6464000000
-1.7258701305 -2.0209821249 -0.4597653657 376.9810000000 25.3194000000
-1.7185302608 0.1951083447 1.7504291255 982.2440000000 614.9480000000
-1.5655891059 -0.0638673015 0.6400162944 699.0980000000 556.0830000000
-1.5580886850 -0.0879473186 0.5275768772 668.0160000000 551.0300000000
-1.5440725577 0.6361148982 1.5333878697 957.7830000000 746.9190000000
-1.5407304151 -2.1055926526 1.5457690497 927.9930000000 -10.7572000000
-1.5324513205 -2.0224725760 -0.4043805238 376.9180000000 -18.2701000000
-1.5310839587 0.6346217712 1.5267731567 958.5940000000 746.6980000000
-1.5209371174 -1.7190654318 -1.3510016089 70.8492000000 55.7105000000
-1.5174049891 -0.7965457706 0.8146104661 744.5950000000 340.1410000000
-1.5089064744 -1.1060297810 0.8121353004 741.6720000000 252.4150000000
-1.5065008810 -1.0525554994 0.3677320169 611.0360000000 265.7360000000
-1.5037447506 -1.1066264966 0.8104307810 743.0180000000 251.6870000000
-1.5030811386 -1.7142703001 0.7946084517 732.1960000000 80.1132000000
-1.5024870988 -1.1057006509 0.8107411801 742.5640000000 252.7110000000
-1.4994232451 -1.6965829001 1.7420510242 993.3100000000 93.3635000000
-1.4975715536 -1.6555888051 1.9222163256 1035.8700000000 105.2830000000
-1.4972317201 -0.8041237913 0.4235637266 631.7840000000 337.6950000000
-1.4960650474 -0.9574770279 0.5795901421 676.1710000000 294.3430000000
-1.4951445534 -1.0201187879 0.6045853015 682.4260000000 275.0670000000
-1.4945264309 -1.8466849731 0.3038566878 590.2740000000 34.7500000000
-1.4933998961 -1.6903026689 1.7459631239 993.7710000000 93.5682000000
-1.4919094449 -0.8462096350 0.4230981279 632.1580000000 324.7580000000
-1.4917141075 -0.9475067930 0.3668623641 614.3190000000 296.6470000000
-1.4904591317 -1.1166770071 0.3025856568 593.0220000000 245.1870000000
-1.4891613421 -1.8046954601 -0.4156672792 367.1360000000 35.1117000000
-1.4860359437 -1.0176998152 0.5984549182 681.8090000000 275.2860000000
-1.4847863196 -1.0472064657 0.3543286604 610.0070000000 265.5550000000
-1.4844919755 -0.5208604817 0.3542135987 612.8570000000 422.6350000000
-1.4821077889 -1.8004247959 -0.1897571703 440.9730000000 38.5033000000
-1.4807002893 -0.5175129874 0.3474089000 613.0560000000 422.0280000000
-1.4802320148 -1.7881961397 -1.4120271526 39.5642000000 26.0322000000
-1.4784445438 -1.8033602086 -1.2728586222 85.6321000000 21.8628000000
-1.4778451523 -1.7922687906 1.5752088038 950.2740000000 61.2206000000
-1.4775106705 -0.8018091769 0.4213855808 631.9430000000 336.0300000000
-1.4771922437 -1.8018804609 -1.1165913798 137.8780000000 23.6953000000
-1.4769139548 -1.7890042478 2.1993305209 1114.3300000000 67.3147000000
-1.4765580662 -1.7958250016 -0.1088575180 465.0450000000 40.1288000000
-1.4741658520 -1.7967214129 -0.5352164425 330.2980000000 32.9675000000
-1.4736868740 -1.7965769168 -0.3038406327 404.4820000000 37.0130000000
-1.4724238705 -1.7856219674 2.1587110455 1104.4300000000 66.8342000000
-1.4706524547 -1.7845757082 0.7088901202 709.3480000000 51.5520000000
-1.4701600974 -1.7852981889 0.5933627666 675.1690000000 51.0923000000
-1.4701413664 -1.7873532454 0.4376119641 629.7250000000 47.6062000000
-1.4680622273 -1.6740441754 1.6560651072 972.5800000000 90.6689000000
-1.4679284345 -1.6122185510 0.2428035828 573.3020000000 97.6489000000
-1.4678990001 -1.7826223342 2.5056811054 1189.4100000000 70.3529000000
-1.4672032779 -1.7818516880 0.8665541588 753.6860000000 54.2711000000
-1.4670293473 -1.7831682086 0.8649941355 753.9400000000 53.2455000000
-1.4664968522 -1.6108378100 0.2422547650 572.2860000000 98.5043000000
-1.4664647420 -1.6782639983 1.6524634067 972.8280000000 91.7227000000
-1.4656807165 -1.9103275028 2.6687048811 1231.1900000000 39.6638000000
-1.4640083073 -1.7799063416 0.7491991964 720.8880000000 52.7935000000
-1.4635400327 -2.1794034304 2.0536676909 1073.4200000000 -41.0697000000
-1.4634918673 -1.9072663250 2.4060376256 1166.5700000000 35.2799000000
-1.4634222951 -1.7805886846 2.3850080830 1163.0800000000 69.8968000000
-1.4632403370 -1.9384855225 2.3070524062 1139.4900000000 24.9026000000
-1.4629807791 -1.7806127673 1.9581423516 1052.8000000000 64.9261000000
-1.4627024902 -1.8249463290 1.8167180756 1016.0300000000 50.9205000000
-1.4622770293 -1.7772144317 2.4230266275 1173.8800000000 68.8282000000
-1.4609578329 -2.1941821763 2.0919966345 1082.3900000000 -45.8986000000
-1.4609417778 -1.1038650145 0.3067787212 593.5310000000 246.2450000000
-1.4607839023 -1.9089574652 2.6565056592 1230.5800000000 38.8556000000
-1.4602219728 -2.1948671951 2.0893207798 1081.4800000000 -45.8105000000
-1.4599383322 -1.9030812881 2.0711570776 1082.3700000000 30.8284000000
-1.4577387796 -2.0262936966 1.8930548603 1035.0500000000 -4.7565600000
-1.4573695116 -2.2867399926 2.2039811565 1110.8900000000 -66.9051000000
-1.4561118599 -2.3080799344 2.3660443003 1150.2200000000 -70.0916000000
-1.4550977109 0.0717781986 0.8965478149 783.3650000000 595.6030000000
-1.4548301255 -2.1083247003 1.8866247813 1032.8800000000 -28.2651000000
-1.4529409720 -1.8168144064 1.8137906905 1016.3600000000 50.1195000000
-1.4500751316 -1.6214181397 1.6021118476 963.1010000000 103.8840000000
-1.4493499749 -1.9628732629 2.0248647902 1071.9000000000 12.7889000000
-1.4491091480 -2.1063204851 1.8844038219 1032.3300000000 -27.6794000000
-1.4462326041 -2.1090926706 1.8802723021 1033.3000000000 -29.5794000000
-1.4456412402 -1.8892524707 2.9984558155 1315.6700000000 45.9986000000
-1.4439179897 -1.9579149040 2.6085222315 1219.5800000000 22.9168000000
-1.4432115641 -1.7735271038 -0.0544290266 477.4450000000 40.8972000000
-1.4431446677 -0.1883593038 -0.6036915660 307.1290000000 528.7230000000
-1.4429439786 -1.7672495486 1.0574710446 810.0100000000 55.4022000000
-1.4326312343 -1.8068629025 1.3844872554 903.5010000000 47.5068000000
-1.4312237347 -1.9463792941 2.2376835472 1129.6300000000 18.4407000000
-1.4292810642 -1.5988125187 0.9662003144 787.0660000000 99.0082000000
-1.4282374808 -1.6484897624 -1.4204962330 22.8384000000 57.8782000000
-1.4280769295 -1.6284636653 1.8644580005 1036.4400000000 99.5590000000
-1.4260111696 -1.7577342090 0.6350980733 687.1380000000 50.7420000000
-1.4231319499 -1.9995565558 1.8671900482 1034.4900000000 -5.0124100000
-1.4212080103 -1.9998027345 1.8646265793 1033.8800000000 -5.4223400000
-1.3957392247 -1.7405632490 1.8558417481 1039.9800000000 64.3699000000
-1.3730319212 -1.6960825152 0.2138318356 560.4560000000 52.3824000000
-1.3702945217 -1.7261805296 0.2184859498 563.8770000000 41.0010000000
-1.3597677091 -1.7408228069 0.1536807612 542.7480000000 33.8376000000
-1.3597088403 -0.5083829709 -0.9518818156 172.3090000000 422.7850000000
-1.3578678522 -1.4937477572 1.3677417563 915.1360000000 119.4680000000
-1.3520880059 -1.7337531986 0.1567973292 542.7310000000 33.3209000000
-1.3492837101 -1.4855382348 0.9692481130 797.4570000000 116.7850000000
-1.3488207872 -1.6729363715 0.1751871411 549.9280000000 52.0302000000
-1.3473785015 -1.6698163249 0.1788404856 549.9280000000 52.0302000000
-1.3437232839 -1.4832691099 1.3685177542 915.3120000000 120.1840000000
-1.3433272574 -1.2282440957 1.3650284396 918.5390000000 192.6410000000
-1.3415531657 -1.7257764756 0.1575192749 543.8230000000 34.2915000000
-1.3297312394 -0.5023141323 -0.9299933236 172.9340000000 423.0670000000
-1.3237453522 -1.1675155718 1.3850839710 927.1890000000 211.3280000000
-1.3214467930 -1.4859396130 1.0049145811 812.1340000000 111.6850000000
-1.3031332430 -1.4344053260 1.0019310031 813.4450000000 122.9420000000
-1.3026997545 -1.1441553597 1.3797590200 929.0960000000 216.9220000000
-1.2863315509 -0.9280961425 1.3641534350 932.8230000000 279.5140000000
-1.2769285973 -0.9165498292 1.3665617043 934.5490000000 281.5920000000
-1.2671162378 -0.9104836665 1.3627218527 934.3230000000 281.6040000000
-1.2641139288 -0.1896578961 -0.4536617410 336.1590000000 527.6110000000
-1.2628669805 -1.1948547799 1.0116818178 821.2870000000 191.8690000000
-1.2540125771 -1.1835814038 0.9996592024 821.2730000000 192.2000000000
-1.2485511575 -1.1793374981 0.9959076540 821.5470000000 191.8570000000
-1.2395736648 -1.1396492203 1.0006519445 824.5030000000 203.8770000000
-1.2136499838 -0.6091101719 1.3634737679 949.9850000000 373.9800000000
-1.2122933254 -0.0977393415 -0.4964941482 314.6070000000 560.8880000000
-1.2109473705 -0.6030145747 1.3710170025 949.3360000000 374.0010000000
-1.2095318433 -0.6045692463 1.3666071939 950.6800000000 374.2110000000
-1.1960053975 -0.6064771308 0.3601138584 621.8520000000 373.1920000000
-1.1953765716 -0.5571664792 1.3853007153 958.3020000000 389.2480000000
-1.1945738152 -0.6076866171 0.9502201097 817.4020000000 368.5200000000
-1.1909774664 -0.5221341886 1.3861275544 958.2060000000 401.1830000000
-1.1889518443 -0.2703763930 1.6267537941 1038.3300000000 480.0160000000
-1.1870600150 -0.2715029279 1.6244258005 1038.5800000000 478.9060000000
-1.1834743696 -0.8825530944 0.9944091753 831.0120000000 278.3130000000
-1.1832281910 -0.5554646355 1.3810220235 957.8420000000 389.4740000000
-1.1828161093 -0.4859887424 1.6403069985 1041.1600000000 409.8480000000
-1.1811517277 -0.4870992221 1.6356938249 1041.1000000000 409.3670000000
-1.1797415522 -0.5267928517 1.7236277642 1068.9400000000 397.7320000000
-1.1701941024 -0.8385058492 0.9937000738 834.0910000000 291.3380000000
-1.1682193216 0.4788843480 0.7927942222 781.6330000000 748.7150000000
-1.1622254069 -0.5144330786 1.7169461548 1068.3100000000 397.2320000000
-1.1601168334 0.4750257654 0.7915847359 782.8890000000 748.7480000000
-1.1497960615 -0.4989933966 0.1364538758 540.1560000000 408.1870000000
-1.1447386960 -0.5637838680 1.3745223723 963.6900000000 382.7130000000
-1.0814895169 0.0349934907 0.2469741700 587.2140000000 602.3680000000
-1.0706790637 -0.4070215924 1.6387041615 1068.6800000000 429.7470000000
-1.0613108962 -0.6080665885 0.7383700121 760.0650000000 362.5620000000
-1.0453226639 -0.1870885404 1.4136995619 1007.7300000000 509.5760000000
-1.0429652359 -0.5642789011 0.7441899963 765.4330000000 372.9980000000
-1.0388417437 -0.1825914988 1.4109407556 1002.6900000000 509.5810000000
-1.0378864636 -0.6063433380 0.7260369975 756.1960000000 357.6470000000
-1.0344908039 0.4994215333 0.6916950775 759.7720000000 777.9040000000
-1.0270144656 -0.6040608339 0.7383833914 762.0650000000 360.5450000000
-1.0253875459 0.4986562389 0.6914034093 760.7930000000 776.8770000000
-1.0252992427 0.5157576267 0.6067500680 728.6530000000 784.9500000000
-1.0200679467 0.0315226395 1.3569420065 994.0310000000 588.1340000000
-1.0141114940 0.6017462196 0.8331969533 814.9250000000 815.3510000000
-1.0119734860 -0.1807515811 1.3875912469 1002.9700000000 507.3070000000
-1.0090514526 -0.5547769409 0.7340217481 766.3290000000 372.3910000000
-1.0060411160 0.5478892907 0.8232775597 814.1890000000 796.8280000000
-1.0054149660 -0.6220934192 0.2180818958 566.2100000000 350.5210000000
-1.0022788642 -0.6046976874 0.5189606248 683.1860000000 355.8670000000
-0.9935636052 0.5462811020 0.8255707672 815.1250000000 797.1860000000
-0.9919179545 -0.6714468845 -0.2825033668 364.3160000000 330.0340000000
-0.9882894955 -0.3313163094 1.6336708787 1091.9600000000 451.3150000000
-0.9877168626 -0.3132596415 0.8858577751 829.2550000000 464.3970000000
-0.9810673635 -0.6775076955 0.1738732964 548.9190000000 325.2400000000
-0.9774174976 -0.6732611140 -0.3455117190 333.3000000000 327.1360000000
-0.9761866044 -0.6751261848 0.1712739711 547.6070000000 326.5300000000
-0.9697565254 -0.6720944413 -0.3511176347 332.4270000000 326.0550000000
-0.9651941930 -0.5093168443 1.7966304339 1148.8300000000 385.8120000000
-0.9437472171 0.0993483330 -0.8984449959 79.7227000000 658.6610000000
-0.9410071418 -0.3054086836 0.8746084816 828.6430000000 465.8660000000
-0.9379325847 -0.5245290786 -1.0275924503 23.3294000000 386.2040000000
-0.9347081797 0.1000959668 -0.8882339341 79.8814000000 659.5860000000
-0.9224554407 -0.2781818614 -0.6017917091 213.8930000000 487.1230000000
-0.9222547516 -0.2742055412 0.3115176600 606.9520000000 480.9620000000
-0.9207295144 -0.2735820670 0.3110948750 604.7450000000 480.9200000000
-0.9159531136 -0.2728060691 0.3091789630 607.1520000000 481.1630000000
-0.9072458822 -0.2895810027 -0.6286010980 197.3990000000 481.3980000000
-0.9047894475 -0.4045357234 0.2271755206 569.7910000000 428.0570000000
-0.9044576416 -0.4450642196 1.8231989958 1179.3800000000 403.3790000000
-0.9043452557 -0.0178146904 -0.7598651535 135.4690000000 605.2320000000
-0.8983647203 -0.3839423451 0.2008745441 561.0900000000 435.1440000000
-0.8967672350 -0.7031504117 -0.5186288188 246.1880000000 301.6630000000
-0.8948887849 -0.4362178438 1.5993476896 1104.1500000000 407.5540000000
-0.8945837375 -0.5577444638 -0.7875334917 116.9230000000 364.7400000000
-0.8930611761 -0.5576160228 -0.7865380738 117.1660000000 364.2980000000
-0.8923922124 -0.0018780460 -0.6986977894 159.1810000000 609.0600000000
-0.8910328782 -0.2866616451 -0.6155991197 197.0370000000 481.3950000000
-0.8908937337 -0.3665680201 0.0986924810 517.7840000000 443.3500000000
-0.8901097083 -0.3659900355 1.6481392254 1123.6100000000 434.2450000000
-0.8896895991 0.1819776578 0.8968073728 855.1710000000 661.5960000000
-0.8894380688 -0.3900780801 2.0568385788 1265.7300000000 422.5270000000
-0.8893979309 -0.3483160148 0.1821772765 552.4150000000 448.9150000000
-0.8879128315 0.1565848664 0.8977599771 855.3450000000 651.5720000000
-0.8868157311 -0.0270732282 -0.8203608780 101.0520000000 604.0120000000
-0.8854430176 -0.0267084556 -0.8189266198 100.3170000000 602.7380000000
-0.8850737496 -0.0136947839 -0.7415623069 137.0670000000 604.7410000000
-0.8846482887 -0.3642427023 0.0760804378 506.0840000000 443.2560000000
-0.8844797099 -0.6900628061 -0.4584381418 269.8600000000 304.9240000000
-0.8837037120 0.0620255107 1.6242117321 1126.3900000000 600.5400000000
-0.8826333701 0.0661730856 -0.4312862435 282.8500000000 639.8230000000
-0.8821329852 0.0648437209 -0.4303068806 282.7970000000 637.1950000000
-0.8819965167 -0.0273855004 -0.8211556069 98.7126000000 602.2430000000
-0.8815844350 0.0222718349 -0.6873842755 161.2490000000 621.7350000000
-0.8811455948 0.0813045091 0.9017309455 854.6540000000 619.3960000000
-0.8808646301 -0.2168071186 0.2266149290 571.4840000000 506.8640000000
-0.8789406905 -0.3401680370 0.1433227950 537.8150000000 453.1960000000
-0.8784296023 0.1842558805 1.6143966968 1128.6300000000 649.9750000000
-0.8773057433 0.2146795464 -0.0220272083 469.1790000000 694.8980000000
-0.8767357862 0.0777841546 0.8938666084 854.2260000000 619.1820000000
-0.8760186571 -0.6971217109 -0.5053271448 245.3040000000 301.5560000000
-0.8755370033 -0.3049109746 0.1214666809 527.1340000000 467.6760000000
-0.8752346317 0.2106636236 0.0058555462 480.7910000000 693.5380000000
-0.8749536669 -0.2586478540 0.1654272285 545.5050000000 487.0750000000
-0.8737013669 0.6340143522 1.3235633941 1029.5700000000 837.1310000000
-0.8733882919 -0.2847323538 0.0551672949 498.4870000000 476.6320000000
-0.8730457825 -0.5030178821 -0.4365255671 277.4020000000 387.0290000000
-0.8726390525 -0.2991792937 0.1376481098 533.2590000000 470.1230000000
-0.8721895089 0.1878003177 -0.4795961254 255.5370000000 695.4890000000
-0.8706535683 -0.3053578424 1.6179636112 1119.1900000000 456.6610000000
-0.8688634215 0.2934369094 0.2630137786 592.8860000000 725.4850000000
-0.8680740443 -0.2632420290 0.1203709183 526.1840000000 485.8180000000
-0.8677556176 -0.1269596755 0.0030523475 477.3330000000 544.7250000000
-0.8666344344 -0.4929780751 0.5170821748 692.3320000000 388.0620000000
-0.8664444488 0.1270354022 1.6182044381 1131.2400000000 627.1790000000
-0.8662598148 0.0803141753 0.0053816523 479.3080000000 635.8490000000
-0.8659788500 -0.1968918019 0.4317786007 658.8010000000 511.2000000000
-0.8659654708 -0.6168888817 -0.5291930935 233.3600000000 336.4390000000
-0.8659440639 -0.2435905517 0.1641144541 545.5680000000 494.1200000000
-0.8658397056 -0.1832746446 0.5159101504 694.1220000000 515.5220000000
-0.8655640925 0.2912025707 0.4430252183 674.4050000000 720.9540000000
-0.8655319823 0.0762872814 0.8927347218 854.2170000000 618.6860000000
-0.8651787695 -0.5252007181 0.9189072573 852.4050000000 373.2370000000
-0.8646516261 -0.4150223982 -0.3164439087 331.8020000000 421.0700000000
-0.8644161508 -0.2426127943 0.0768061297 507.5920000000 494.2380000000
-0.8638783040 -0.1273096773 0.0032733196 477.8290000000 545.2100000000
-0.8630514649 0.2990909905 0.8839980560 852.0690000000 712.2270000000
-0.8629551341 -0.1979800720 0.5543300731 714.1240000000 509.9950000000
-0.8622487085 0.2911008882 0.4457171282 674.8910000000 720.1960000000
-0.8620025298 0.2920026512 0.3257906693 622.5150000000 723.9960000000
-0.8614432762 -0.5416411698 -0.9410017901 32.6253000000 367.3410000000
-0.8613603247 0.0055032699 -0.1260803896 417.6950000000 605.9800000000
-0.8609268362 0.1803389643 0.1875830383 561.5440000000 676.7740000000
-0.8601374591 -0.1282596058 0.0009314945 476.4270000000 546.4820000000
-0.8601107005 0.1985203271 1.9928374845 1273.4100000000 648.1300000000
-0.8599447975 -0.4923653043 0.0887971700 511.2080000000 386.9520000000
-0.8594470885 0.0809135667 0.0048093138 479.9270000000 636.2500000000
-0.8593052682 -0.4628131643 0.0115319707 476.4620000000 399.7420000000
-0.8588931866 -0.6811629131 -0.5820278458 205.4290000000 305.9160000000
-0.8587353112 -0.1900905818 -0.8763424355 64.7897000000 528.7650000000
-0.8576649693 -0.4628024609 0.0143569509 476.9670000000 399.9970000000
-0.8575766661 -0.1894828952 -0.8711191670 64.0622000000 528.4980000000
-0.8574723077 -0.6462617394 -0.7595172924 118.9300000000 319.7390000000
-0.8572635911 -0.3418725565 -0.0260243466 459.9960000000 451.7230000000
-0.8572341567 -0.6465828420 -0.7597581193 118.8440000000 321.2750000000
-0.8568782680 -0.2969048172 0.6048288042 733.3440000000 466.8140000000
-0.8565678688 0.1312651258 0.0959858539 518.7470000000 657.4910000000
-0.8564501312 -0.1854816896 0.2067480453 566.7660000000 519.0170000000
-0.8561076218 -0.6458095200 -0.7586262327 119.9310000000 320.3490000000
-0.8560995942 0.1317111908 0.1896811760 559.9360000000 656.7340000000
-0.8560487530 -0.2111803312 0.0185841324 482.0510000000 508.9520000000
-0.8560300220 0.1325993070 0.1994033592 564.9440000000 656.8870000000
-0.8558293329 -0.1353134265 -0.9282486663 32.0864000000 555.1890000000
-0.8558213053 0.1786997357 1.5985235263 1130.8900000000 648.2550000000
-0.8558079261 0.1425727529 1.6178886873 1135.1400000000 633.7520000000
-0.8554092237 0.0677689654 -0.4993813955 246.3990000000 639.7650000000
-0.8552540241 0.0657738481 -0.4981879643 245.7210000000 639.2690000000
-0.8551630451 -0.1346848682 -0.9295518075 33.4871000000 555.0810000000
-0.8541007307 -0.1912861537 0.0440641032 495.2770000000 515.5450000000
-0.8536137252 -0.7035785485 -0.6667775179 162.8420000000 295.0200000000
-0.8522303082 0.2704352618 0.8756600926 853.2280000000 700.6050000000
-0.8517834405 0.2935626746 0.1958225303 566.2100000000 726.6670000000
-0.8513740347 -0.5761356136 -0.5217649206 231.3150000000 350.6440000000
-0.8512429178 -0.4716970021 0.8881081689 844.3970000000 390.2490000000
-0.8512375661 -0.1924886829 -0.8724009015 64.3921000000 528.7670000000
-0.8510234977 -0.5397680715 -0.5097075191 238.5350000000 368.0360000000
-0.8506007127 -0.2998000920 0.6057011329 734.7600000000 466.3660000000
-0.8502020103 -0.3663887378 0.6338511250 743.6480000000 437.2780000000
-0.8499237214 -0.2552845721 -0.4778594956 254.2250000000 495.9560000000
-0.8489791447 -0.1811476076 0.1451940202 540.3230000000 520.1640000000
-0.8480666782 -0.1756056448 -0.3605794571 308.2800000000 528.7190000000
-0.8471221015 -0.3779109685 0.6797607652 762.9740000000 431.3070000000
-0.8469535227 -0.3624712865 0.8295015979 822.2600000000 436.8370000000
-0.8469347917 -0.4694840702 0.8880840862 844.1370000000 393.0620000000
-0.8464772205 -0.6462001948 -0.6447739642 170.8120000000 320.0860000000
-0.8463032899 -0.1938969852 -0.5056188130 239.7710000000 523.6680000000
-0.8462337177 -0.6063647449 -0.5747174106 202.7990000000 339.6470000000
-0.8449519833 -0.1945729061 -0.8070966659 90.0688000000 525.4280000000
-0.8446014463 0.0822766471 -0.4995472985 242.8830000000 648.3740000000
-0.8442375301 -0.3781464437 0.6793781180 762.9740000000 431.3070000000
-0.8439886756 0.6172313911 0.9719748090 899.5660000000 847.5020000000
-0.8439565653 -0.4931653849 -0.4863954723 249.3030000000 387.5840000000
-0.8438950207 -0.1865766493 0.3260341721 614.3830000000 517.2020000000
-0.8437665796 0.1309525860 0.1012358809 518.9400000000 658.3160000000
-0.8436247593 -0.2943413483 0.6058697117 733.3050000000 466.3710000000
-0.8434829390 0.0912097207 -0.3559636077 312.5960000000 650.1010000000
-0.8424661142 -0.4868985330 0.0957324504 511.6040000000 386.9580000000
-0.8413422552 0.1344769543 -0.2552337309 357.2970000000 668.7980000000
-0.8411067800 -0.1756497964 -0.3585886212 307.2820000000 529.5280000000
-0.8410666422 -0.4910782182 -0.4175002397 278.8130000000 388.3170000000
-0.8388991998 -0.4991031066 -0.9250804542 35.3135000000 384.6630000000
-0.8386423178 -0.4113832357 -0.0330631291 455.6670000000 420.1370000000
-0.8383506496 -0.5277213733 -0.9175479231 32.2224000000 370.5650000000
-0.8381285536 -0.4113645047 -0.0311678211 456.3260000000 419.2030000000
-0.8378556164 -0.2926796425 0.6058135188 733.5510000000 465.4050000000
-0.8370261015 -0.5814873231 -0.6488011256 166.9710000000 347.4490000000
-0.8356721190 0.0610234031 -0.2201733438 372.9260000000 632.3640000000
-0.8355356504 -0.5052468692 -0.6796216208 151.0590000000 381.5370000000
-0.8349121762 -0.1784498108 0.0904944647 512.5300000000 520.8620000000
-0.8343422191 -0.5794536735 -0.6490767386 167.8700000000 346.9570000000
-0.8326724858 -0.5027128347 -0.6063486897 183.2310000000 382.8360000000
-0.8317921296 -0.4713571686 -0.1348761918 408.1120000000 394.9100000000
-0.8304087126 -0.3857886849 -0.3409413590 314.2980000000 433.2390000000
-0.8301250720 -0.6814893674 -0.7794256518 99.1315000000 299.1410000000
-0.8254690847 -0.1779296247 0.1536135973 539.4460000000 520.0360000000
-0.8238930063 -0.5404209800 -0.6658704031 155.6160000000 364.3280000000
-0.8237859721 -0.6991339537 -0.9409616523 15.4587000000 291.0990000000
-0.8219610391 -0.1773990027 0.5080110271 694.8440000000 516.0030000000
-0.8176154510 -0.6928109089 -0.9031304176 31.8586000000 293.2170000000
-0.8149235411 -0.4638433684 0.6002263340 730.8250000000 393.4830000000
-0.8113191647 -0.6432299960 -0.9014553325 30.3381000000 314.5710000000
-0.8109044073 -0.2673138772 1.7846345770 1203.0300000000 467.9160000000
-0.8108294833 -0.6432594304 -0.9018995244 30.9095000000 314.8380000000
-0.8097163277 0.1371271209 0.0147760433 477.4890000000 664.4920000000
-0.8077549262 -0.3071640443 -0.2920454649 334.2460000000 468.1720000000
-0.8057533868 -0.2632719986 -0.2340535377 361.8380000000 487.2860000000
-0.8032808970 -0.4108453889 -0.1277420955 409.5240000000 420.4870000000
-0.8007094006 0.1320619954 0.0116097578 477.2430000000 664.2470000000
-0.8002357743 -0.4632841147 -0.1267100183 407.6050000000 395.3980000000
-0.7967277287 -0.4092586070 -0.1257314582 409.6760000000 419.3710000000
-0.7966206945 -0.3110868474 -0.2827254628 332.6190000000 464.5600000000
-0.7947797064 -0.4086886500 -0.1258917419 409.9440000000 419.8730000000
-0.7856149039 -0.1976827845 1.4631493579 1089.8100000000 498.0770000000
-0.7841859974 -0.2511891764 -0.0699958117 433.8230000000 490.5610000000
-0.7833216963 -0.2944992237 -0.0898800885 424.7510000000 468.2260000000
-0.7814111360 -0.2508332877 -0.0726510624 432.0410000000 490.5950000000
-0.7780957520 -0.5105236548 -0.8694119717 36.7243000000 372.4190000000
-0.7698460917 0.0867522818 -0.1764533556 382.8270000000 648.0690000000
-0.7638735839 0.1567154481 -0.1385108054 403.9650000000 684.1900000000
-0.7541441760 0.1139732172 -0.1326001098 405.9710000000 662.5550000000
-0.7536651980 0.1136826193 -0.1313496828 404.8720000000 663.0080000000
-0.7531193236 0.1123762671 -0.1292547562 406.7830000000 661.5200000000
-0.7385145083 0.1703976287 -0.3276156023 303.5780000000 696.8870000000
-0.6241886135 0.3346825347 1.5826878178 1217.3500000000 738.9060000000
-0.6069561088 -0.1261213302 1.6796447394 1252.0200000000 522.3200000000
-0.5056937369 0.2185742530 -0.0878964773 390.4320000000 750.5790000000
-0.4617321190 0.4661178449 1.0818052678 1054.1900000000 856.3620000000
-0.4608035974 0.4009527538 1.2717133563 1148.4800000000 816.8110000000
-0.4388482090 0.2166048239 -0.7408853156 -61.7449000000 786.3840000000
-0.4295362344 0.6658730790 1.1736298999 1120.9800000000 976.7820000000
-0.3770761018 0.2595817273 0.2875580565 611.8500000000 788.7420000000
-0.3741513925 0.6608959891 1.1802874266 1150.1800000000 999.0650000000
-0.3734262359 0.6763544021 1.1980711573 1159.1200000000 1004.9100000000
-0.3569831083 0.6671708686 1.1853046543 1164.4500000000 1009.1900000000
-0.3291863290 0.3803888100 1.2227131039 1188.9400000000 835.6980000000
-0.3227937120 0.2367829095 0.0477514310 449.8380000000 798.5050000000
-0.3116193425 0.2847992502 0.1173785100 498.1000000000 830.5730000000
-0.3088739155 0.3496111285 0.3448561345 654.0560000000 865.5260000000
-0.3087320952 0.3888552144 0.1587335778 528.0450000000 901.6780000000
-0.3080256696 0.3512541033 0.3429000847 653.2580000000 866.5010000000
-0.3072255890 0.2828217935 0.1174400546 499.0020000000 831.1940000000
-0.3066823905 0.3510774969 0.3432372424 654.3090000000 865.8060000000
-0.3066128182 0.3227375191 0.3060910266 629.9030000000 847.9610000000
-0.3064790255 0.2677995449 0.1497352134 518.2370000000 819.6020000000
-0.3057538689 0.3537158897 0.3775256454 675.7870000000 867.3090000000
-0.2974533674 0.3837657387 0.1279320811 502.6630000000 905.9020000000
-0.2893027138 0.4502928399 0.3571088735 666.5750000000 941.3750000000
-0.2882136409 0.4318829591 0.2066996123 560.5240000000 939.4220000000
-0.2877400146 0.4325599503 0.2072157847 561.8390000000 939.4720000000
-0.2867445966 0.4276872188 0.1485484718 519.0410000000 943.0710000000
-0.2866295349 0.4303363150 0.1480890275 518.7530000000 942.3710000000
-0.2857250960 0.3026686083 -0.1478283992 296.9750000000 865.1730000000
-0.2803332486 0.4966038583 0.3493301637 661.1660000000 981.4170000000
-0.2689421349 0.4342832008 -0.1958110241 260.5920000000 975.1270000000
-0.2670594035 0.3908353470 -0.0755158325 349.0700000000 932.3370000000
-0.2618235584 0.3567021436 -0.4906340263 12.7568000000 939.8500000000
-0.2595664749 0.4709986040 -0.3831556438 103.7770000000 1021.0300000000
-0.2575740335 0.3559636077 -0.4830238953 14.6154000000 940.0880000000

gimbalangles:
0.1304605576 0.3508262967 -1.8219480289

end: