T_CW:
0.0534571816 -0.0067957306 0.9985470183 -0.5644790178
-0.1363018798 0.9905678788 0.0140383443 0.0961939104
-0.9892240026 -0.1368542860 0.0520266961 0.8725935578
0.0000000000 0.0000000000 0.0000000000 1.0000000000


target_points_pix:
-3.9024665893 -0.2041620993 1.7679104847 871.7210000000 453.8710000000
-3.6419988864 -1.0043258931 2.2355990564 990.7420000000 263.9630000000
-3.5686537073 -1.4237607758 1.9428311107 925.6250000000 162.7020000000
-2.6793868933 0.3177443741 1.5688590004 910.5250000000 598.6560000000
-2.6358105984 0.2534018407 1.5787757182 917.5250000000 580.6750000000
-2.6152439787 -0.0745196118 1.5910819742 919.7610000000 475.0160000000
-2.5941528915 0.2504177275 1.5652653275 916.8070000000 579.9970000000
-2.5937755959 -0.0760009650 1.5842906549 919.6020000000 474.8160000000
-2.5883409349 0.1591354911 1.6123309369 930.7180000000 550.5070000000
-2.5784563274 -0.2193272386 1.5446906802 907.6580000000 429.8750000000
-2.5512107742 -0.0836972584 1.5353171609 909.2280000000 472.6260000000
-2.5447967503 -0.2167367436 1.5368183155 908.5840000000 430.1460000000
-2.5364159732 -0.3568626949 1.6193443523 934.4200000000 386.3040000000
-2.5156727470 -0.2383999286 1.6090155529 934.4000000000 422.2680000000
-2.5146933842 -0.3516581574 1.6127965357 934.6190000000 386.9030000000
-2.3116789590 -0.5903203197 1.5650111213 937.6510000000 299.9660000000
-2.2449056792 -0.6499651224 1.6058660718 957.6150000000 275.9710000000
-2.2121933547 -0.3042607419 1.7197638299 1004.5600000000 392.9770000000
-2.1879661657 -0.3291060534 1.6418750494 979.5100000000 384.8800000000
-2.1604851373 -0.4415561740 1.6320653658 979.5330000000 341.9200000000
-2.1506085573 -0.2402524228 1.7607231388 1027.7600000000 412.6190000000
-2.1270663871 -0.4348290752 1.6181616245 979.3110000000 340.3370000000
-2.1229188122 -0.6757175487 1.4842832589 928.4840000000 257.9860000000
-2.0267807022 0.1945319656 1.6521851178 1013.2800000000 572.6050000000
-2.0231147812 0.1972415361 1.5504491196 975.7040000000 572.7570000000
-2.0167730054 0.1484042432 1.5494082121 977.1560000000 554.0640000000
-2.0147072455 0.1492557002 1.6493487118 1012.1000000000 555.2330000000
-2.0141988331 0.1507964574 1.6503120195 1011.9100000000 556.0480000000
-2.0140623645 0.1936021060 1.5453516163 975.7030000000 573.3320000000
-2.0130428638 0.1969190956 1.6461082516 1011.8900000000 573.3010000000
-2.0071640109 0.3241557221 1.6888550315 1030.2300000000 623.0310000000
-2.0048065829 0.3236847716 1.6843890299 1030.8000000000 623.3190000000
-1.9994602251 0.0252083180 1.5285285174 969.0560000000 506.1390000000
-1.9981758148 0.1725407208 1.7058145990 1036.0200000000 564.0790000000
-1.9908867864 -0.0858558705 1.6284930997 1004.3900000000 465.7680000000
-1.9818236663 -0.1887285717 1.5403156576 971.5060000000 426.0800000000
-1.9756879313 -0.0878860415 1.6251937708 1005.0900000000 464.6010000000
-1.9691749008 -0.1851522919 1.5886068086 990.6550000000 427.0270000000
-1.9679413318 -0.1361298298 1.6242197597 1006.2000000000 446.1930000000
-1.9659424683 -0.1354908357 1.6216509391 1005.9600000000 446.1930000000
-1.9655357384 0.0226202045 1.6218195179 1008.5000000000 506.0130000000
-1.9594160585 -0.1353722953 1.5212742751 970.6310000000 445.6420000000
-1.9539599906 -0.1869863227 1.5221251970 968.5130000000 426.8410000000
-1.9505536275 -0.1876667926 1.5199764856 968.9200000000 426.6570000000
-1.9390126659 0.0224916029 1.8394039723 1092.3100000000 508.4390000000
-1.7753493609 0.3447464245 1.5331925323 1007.2400000000 643.1810000000
-1.7696337352 0.3449310585 1.5254860705 1003.2500000000 642.5050000000
-1.7669123909 0.3441550606 1.5219004252 1003.2200000000 642.3220000000
-1.7396507825 -0.9565297753 0.2586425023 487.6890000000 103.6650000000
-1.7375127746 0.3436546758 1.5223633480 1008.4300000000 643.8980000000
-1.6036531399 0.2165395331 0.7829042630 704.0330000000 591.6840000000
-1.5937926151 -0.1530353450 -0.6869534628 38.6144000000 419.9100000000
-1.5756877818 -0.0157710063 0.7603173729 694.7490000000 487.1380000000
-1.5747860187 -0.0214540134 0.7758105720 701.2250000000 485.2160000000
-1.5719041231 -0.0472885082 0.7760728058 701.2310000000 473.7040000000
-1.5703494515 -0.0788991833 0.6180555543 630.9820000000 458.9800000000
-1.5658647189 -0.0216425006 0.7776435325 700.7460000000 484.7360000000
-1.5651529416 -0.1515751311 0.2554346876 467.8440000000 425.0110000000
-1.5602695066 -0.1534150488 0.2560134750 467.8440000000 424.8110000000
-1.5589101724 -0.0858253657 0.5292947759 591.8160000000 455.0330000000
-1.5583188085 -0.1527190590 0.2562320923 468.1330000000 425.0990000000
-1.5508799323 -0.1681986112 0.3707450294 519.5230000000 416.4070000000
-1.5502082927 -0.1500555132 0.2601923574 467.8440000000 424.8110000000
-1.5382632770 -0.3760566011 0.4460623135 555.7940000000 323.9840000000
-1.5365239714 -0.7176588963 0.2856260893 486.4800000000 171.1500000000
-1.5237387374 -1.0059902748 0.5303276559 599.4310000000 53.2574000000
-1.5204768704 -0.8169598666 0.4205212797 549.3360000000 131.1130000000
-1.5199390236 -0.2012317707 0.3758211259 523.1280000000 400.8040000000
-1.5184780069 -0.7116623057 0.2845477199 486.9620000000 171.3910000000
-1.5112879852 -0.8845171718 0.8116215363 721.3520000000 105.0020000000
-1.5109588550 -0.8648121774 0.8139307990 720.4930000000 113.9410000000
-1.5104129806 -0.4613120098 0.3831984575 526.9470000000 283.6300000000
-1.5078334567 -0.8361591245 0.6522717092 649.6450000000 122.5450000000
-1.5068942316 -0.8002678846 0.5423556230 600.8960000000 136.8400000000
-1.5057596692 -0.8505846576 0.7400798833 689.9220000000 117.4780000000
-1.5049140991 -0.8408151118 0.6490740628 649.1140000000 119.8530000000
-1.4993322661 -0.5236781568 0.4639396992 564.4190000000 256.2660000000
-1.4975876088 -0.5232419925 0.4096225233 539.9110000000 256.2540000000
-1.4960650474 -0.9574770279 0.5795901421 621.9310000000 67.1335000000
-1.4918371969 -0.9481784326 0.3663459242 525.3250000000 70.4392000000
-1.4917141075 -0.9475067930 0.3668623641 525.7260000000 70.6401000000
-1.4906812276 -1.0196317823 0.6079461750 632.8340000000 41.7007000000
-1.4858218754 -0.8098929342 0.6060115320 630.6330000000 130.8950000000
-1.4847863196 -1.0472064657 0.3543286604 520.4540000000 25.9216000000
-1.4844919755 -0.5208604817 0.3542135987 513.8740000000 254.9190000000
-1.4733042268 -0.9297979862 0.2410517006 468.6030000000 73.5704000000
-1.4728627107 -0.5172239951 0.4146718612 542.9140000000 254.9340000000
-1.4658814056 -0.5157148130 0.3518267362 511.0700000000 256.2380000000
-1.4646665676 -0.4015548212 0.8879824038 758.3450000000 307.2000000000
-1.4642063206 -0.1931910947 0.5821643144 616.3140000000 403.1980000000
-1.4609551570 -0.0587879940 0.8998792540 764.8920000000 466.9180000000
-1.4559058191 -0.5024131390 0.2120063675 448.5490000000 257.8810000000
-1.4537410526 -0.1909273216 0.5195760714 587.9840000000 403.2010000000
-1.4475410971 -0.5010029635 0.2160329938 449.0300000000 257.6410000000
-1.4268861742 -0.1299702797 -0.0368205643 319.4300000000 429.0050000000
-1.3898871303 -0.1873031439 0.5202932005 589.2320000000 402.6250000000
-1.3544106478 -0.0198654655 0.2353339342 447.3980000000 482.4290000000
-1.3319629022 0.0370836008 0.2474456556 449.0730000000 509.7930000000
-1.3111233453 0.1361391953 0.4136282779 530.3820000000 563.3160000000
-1.2476868564 -0.8593266751 1.3699867984 1003.5700000000 76.9131000000
-1.2186966459 -0.5343896034 0.3486612000 502.8310000000 216.8690000000
-1.2110784874 -0.6032634292 1.3729061560 1015.9100000000 191.9680000000
-1.2109473705 -0.6030145747 1.3710170025 1014.7100000000 191.4880000000
-1.2108777983 -0.6380923548 0.9567251127 809.8790000000 170.9790000000
-1.2026816551 -0.5341407489 0.2234737431 437.6880000000 214.6130000000
-1.1953765716 -0.5571664792 1.3853007153 1026.2000000000 213.0820000000
-1.1890909888 0.2891475142 0.4563482992 553.0340000000 651.5340000000
-1.1890481751 -0.5270738165 0.3489100545 502.6790000000 217.5980000000
-1.1889518443 -0.2703763930 1.6267537941 1154.0500000000 356.7910000000
-1.1877717924 0.2899449189 0.4574694823 552.7950000000 650.8150000000
-1.1870600150 -0.2715029279 1.6244258005 1153.3600000000 355.7600000000
-1.1834743696 -0.8825530944 0.9944091753 830.2210000000 51.4640000000
-1.1832281910 -0.5554646355 1.3810220235 1026.6800000000 212.3620000000
-1.1826020410 -0.8841933934 0.9957123166 830.9880000000 51.7047000000
-1.1798699932 -0.4877762134 1.6332186592 1154.7400000000 247.0730000000
-1.1787220515 -0.8388323034 0.9986156190 831.4270000000 69.4902000000
-1.1783715146 -0.4865801063 1.6349312063 1155.1300000000 246.8730000000
-1.1738493200 -0.4319097176 1.3671825026 1026.1700000000 273.5430000000
-1.1535181755 -0.4261271955 1.3616675660 1026.4500000000 274.9420000000
-1.1487069886 -0.4990308585 0.3831476162 518.8640000000 226.8930000000
-1.1437673607 -0.5861299311 0.9955811997 838.6460000000 188.3910000000
-1.1433124654 -0.4880491506 0.1842869204 412.4320000000 229.0130000000
-1.1375968397 -0.4871420358 0.1236517839 378.2460000000 228.7400000000
-1.1288655256 -0.4848541800 0.1259214439 378.5270000000 228.7810000000
-1.1252531216 -0.4836527212 0.0643278161 345.0070000000 227.8410000000
-1.1250711635 -0.5805588015 0.9948159053 838.8460000000 187.9910000000
-1.1153337280 0.1553978572 0.3901958177 513.0720000000 580.6030000000
-1.1138486286 0.1538549594 0.3931927750 513.8590000000 577.9950000000
-1.1120905920 -0.1411847870 1.3682742514 1043.3100000000 420.2790000000
-1.1020828952 0.1209285665 0.5943421294 628.7300000000 561.5250000000
-1.0995328056 -0.3959007400 1.6298872200 1176.2500000000 286.6340000000
-1.0977587139 0.2159754629 0.6168166336 640.6860000000 615.4770000000
-1.0953905825 0.1544214378 0.3891415309 513.4580000000 578.3950000000
-1.0936593044 0.2155368903 0.6152806930 639.2470000000 615.0460000000
-1.0836703386 0.2146570692 0.6149488870 639.2470000000 614.7590000000
-1.0769459156 -0.0148554626 0.0186933608 301.7600000000 479.5720000000
-1.0751771756 -0.2817568033 0.9926538146 848.2170000000 338.3750000000
-1.0745831358 -0.0515409766 0.1713240096 389.6620000000 462.0310000000
-1.0744814533 0.0774330824 0.6116629373 639.9450000000 535.9350000000
-1.0742754125 -0.1924943022 0.9933709437 850.7950000000 387.9420000000
-1.0720517772 0.0213865551 1.3628235352 1053.3000000000 505.9780000000
-1.0706790637 -0.4070215924 1.6387041615 1188.4700000000 276.3100000000
-1.0705238641 -0.0150807161 0.2392615538 427.7560000000 482.0330000000
-1.0675697205 0.1227374443 0.5965068959 627.7690000000 562.9650000000
-1.0672272111 0.0236305805 1.3619619100 1055.2200000000 507.6700000000
-1.0672165076 0.0232865458 1.3619164205 1054.7400000000 506.5520000000
-1.0671362320 -0.2808041990 0.9906308684 847.8170000000 338.9740000000
-1.0661274347 0.1233033876 0.5949575760 627.9300000000 561.9250000000
-1.0657340841 -0.5037055768 1.6450833993 1191.3900000000 226.2170000000
-1.0648457003 -0.0157848673 0.2405879750 426.9540000000 481.2330000000
-1.0646048734 -0.0182857479 0.1734197390 388.6570000000 480.0400000000
-1.0604064573 -0.0195876047 0.1734869030 390.1900000000 478.6950000000
-1.0577707403 0.0179933037 0.2263189795 418.7300000000 501.0410000000
-1.0559136971 -0.1842676543 0.9916503691 851.7920000000 389.9400000000
-1.0504870636 -0.2778125934 0.9878346002 847.9770000000 338.3750000000
-1.0375198714 -0.5092874099 0.4481575078 550.8960000000 206.8920000000
-1.0341135083 -0.1309111103 1.4043287185 1081.6000000000 422.1690000000
-1.0295592035 -0.5057526057 0.4634286109 560.0670000000 207.2580000000
-1.0200679467 0.0315226395 1.3569420065 1063.6300000000 514.5970000000
-1.0182456896 -0.2697689740 1.6477619299 1209.9500000000 345.3550000000
-1.0095518374 -0.5119605888 -0.4405875146 36.8951000000 189.9460000000
-1.0076600081 0.0211594821 0.9880914822 857.7160000000 505.8220000000
-1.0072265197 -0.5124101324 -0.4634259350 23.1499000000 189.1110000000
-1.0022788642 -0.6046976874 0.5189606248 591.4980000000 149.8500000000
-0.9990464316 -0.5604470771 -0.2201324033 167.5630000000 163.7210000000
-0.9970234854 0.0215673359 0.9876044767 857.7160000000 506.2210000000
-0.9953323452 -0.6718616420 -0.2752143384 137.1950000000 101.0210000000
-0.9858892538 0.0965740067 0.9892019620 862.4710000000 552.9600000000
-0.9855520961 -0.5700453682 0.2416695555 432.6210000000 161.7170000000
-0.9823972633 0.0189876781 0.9825176768 857.9560000000 505.2620000000
-0.9810673635 -0.6775076955 0.1738732964 395.4270000000 101.7740000000
-0.9790123070 -0.6773685511 0.1766152448 396.6300000000 101.5350000000
-0.9741128169 -0.6730443698 -0.3500579962 86.3344000000 93.6543000000
-0.9533321288 0.2355916190 1.3926807227 1107.7600000000 637.3450000000
-0.9418206016 0.2362653992 1.3864459811 1106.6100000000 637.0580000000
-0.9380931359 0.2363312253 1.3881183903 1107.9600000000 638.4230000000
-0.9347590209 0.3213326953 0.9847520155 869.5260000000 691.5650000000
-0.9303839984 -0.6012083727 -0.2626755506 127.5840000000 128.7090000000
-0.9282379628 -0.4052448249 -0.2993692794 94.7025000000 241.3650000000
-0.9238602645 0.3195933897 0.9824802148 869.5270000000 690.7660000000
-0.9222547516 -0.2742055412 0.3115176600 464.2180000000 323.9550000000
-0.9207295144 -0.2735820670 0.3110948750 463.4970000000 323.9550000000
-0.9186637545 -0.4041905381 -0.2922247472 95.8644000000 241.3670000000
-0.9126725157 0.1422254270 1.6100270260 1239.3600000000 583.4790000000
-0.9100127160 0.1520043382 1.6155660453 1246.6300000000 588.6030000000
-0.9093972694 -0.2716046104 0.3134897650 463.8180000000 323.9550000000
-0.9047894475 -0.4045357234 0.2271755206 414.3710000000 244.6370000000
-0.9016827802 -0.4038881665 0.2282876058 414.3710000000 245.2140000000
-0.8986296299 -0.4055070587 0.0246420000 289.1850000000 239.7080000000
-0.8924778398 -0.3654040233 0.1844378386 385.5820000000 264.8430000000
-0.8915814284 -0.3660890421 0.0749886891 317.3320000000 262.7810000000
-0.8913941186 -0.2177990579 0.8929434385 813.7550000000 359.3970000000
-0.8908937337 -0.3665680201 0.0986924810 333.3970000000 262.7960000000
-0.8892373796 -0.3031582897 0.1802297894 381.1940000000 302.2910000000
-0.8875890531 -0.3656769605 0.0537164465 305.2810000000 262.5690000000
-0.8838482082 -0.3227856844 0.1619676158 369.5480000000 288.8650000000
-0.8833237406 -0.3221755896 0.1619403221 369.1470000000 289.0650000000
-0.8822641021 0.2848072778 0.2981838757 442.4630000000 674.4420000000
-0.8818092068 0.2086066940 0.8991594491 824.0840000000 623.7010000000
-0.8817851241 -0.3412865443 0.1129357883 341.5840000000 276.3050000000
-0.8815710557 0.2702185176 0.3807179401 492.9590000000 664.7900000000
-0.8812338980 -0.3020103481 0.0935441364 327.0020000000 299.8500000000
-0.8779292174 -0.2835068124 1.5962570774 1228.6500000000 325.1970000000
-0.8752346317 0.2106636236 0.0058555462 251.0600000000 625.1700000000
-0.8751811146 0.0785796862 0.8927828872 819.3630000000 539.8090000000
-0.8749536669 -0.2586478540 0.1654272285 367.9660000000 326.3120000000
-0.8741910483 -0.3040761079 0.1207359049 342.4600000000 298.8600000000
-0.8736799600 0.1584863288 -0.2814865420 62.7951000000 590.3280000000
-0.8735140570 -0.0101535844 -0.2139543898 116.2940000000 480.0660000000
-0.8734953261 -0.4951107313 0.5596871344 616.7450000000 190.7160000000
-0.8733882919 -0.2847323538 0.0551672949 300.2590000000 309.4450000000
-0.8730056446 0.2851685182 0.3609380217 482.1330000000 674.3990000000
-0.8725828596 0.2973061954 0.5843130258 623.8230000000 682.6420000000
-0.8716650414 -0.0266441816 0.8943402347 820.6050000000 475.0790000000
-0.8708997469 0.0255731975 0.8925821981 819.7850000000 507.8450000000
-0.8693691580 -0.2587583668 0.1837051896 379.6040000000 326.9190000000
-0.8688848283 0.2292648280 -0.0320345305 225.9160000000 638.2500000000
-0.8683924710 0.1583613664 0.0066267811 254.1030000000 591.1740000000
-0.8683148712 -0.1985139050 0.7809428615 752.3420000000 367.1850000000
-0.8676592868 0.2524425468 0.2702238693 423.2430000000 654.0610000000
-0.8670331368 0.2981919033 0.3764981171 491.7370000000 683.9870000000
-0.8668993441 -0.2424773961 0.0770838834 311.8450000000 335.4120000000
-0.8668832889 -0.2415451283 0.1827806818 378.0360000000 336.8890000000
-0.8666799240 0.2981704965 0.8853172524 818.0360000000 682.4320000000
-0.8666344344 -0.4929780751 0.5170821748 587.9230000000 188.8960000000
-0.8664498005 0.1317382170 0.0067217472 254.7180000000 573.7560000000
-0.8663400904 -0.0014449509 -0.1166201727 178.7280000000 485.0700000000
-0.8662598148 0.0803141753 0.0053816523 256.6170000000 539.2560000000
-0.8659387122 0.2469993230 0.3024518641 444.6530000000 649.4800000000
-0.8656015545 0.2962840189 0.6434387126 662.2130000000 682.6000000000
-0.8655319823 0.0762872814 0.8927347218 818.7640000000 539.8100000000
-0.8649165357 0.2326529953 0.1512101445 345.0350000000 640.9330000000
-0.8644000957 0.2866696727 0.8599474734 802.4690000000 676.4560000000
-0.8638247869 0.1815912643 0.3127886910 452.4820000000 606.5620000000
-0.8637632423 0.1360875513 0.0541547515 284.3720000000 577.2930000000
-0.8634314363 0.2922916435 0.3874263080 498.9480000000 682.7790000000
-0.8631745542 -0.2848072778 0.0110992047 271.1670000000 308.8220000000
-0.8631370923 -0.0026586597 -0.1144990226 178.7280000000 484.8700000000
-0.8628159897 -0.2417709704 0.0762190471 311.3640000000 335.8920000000
-0.8627651485 -0.2099352559 0.2350403929 408.7010000000 356.9620000000
-0.8627571209 0.1191828388 -0.2980313520 51.7158000000 563.0730000000
-0.8623236324 -0.1815232976 0.3781758781 500.2960000000 375.5950000000
-0.8620346401 -0.1546098180 0.0076983004 265.1860000000 387.9420000000
-0.8619249301 0.0811075662 0.0018371322 251.1170000000 541.1250000000
-0.8615877724 0.2086404098 0.0134544653 252.2660000000 625.4100000000
-0.8614138418 -0.0980096028 -0.3364646540 37.9279000000 420.3910000000
-0.8609268362 0.1803389643 0.1875830383 370.5450000000 608.0980000000
-0.8606485473 -0.1792255411 -0.2443253414 100.1330000000 373.8250000000
-0.8606405198 -0.1988871868 0.7338933071 721.9690000000 366.9910000000
-0.8602444933 -0.5006765092 0.2777644280 442.4690000000 182.1650000000
-0.8600678869 -0.2082625791 0.2363970513 408.9010000000 356.3610000000
-0.8597414326 -0.2105193950 0.0197636760 273.2080000000 354.8980000000
-0.8594818747 -0.1614051512 -0.0237259212 243.0750000000 384.9280000000
-0.8594658195 -0.2220485829 0.0346268986 282.4460000000 347.8930000000
-0.8594470885 0.0809135667 0.0048093138 252.3240000000 538.9220000000
-0.8594096266 0.2904426279 0.3863693454 497.4120000000 680.8130000000
-0.8592089375 -0.1975591601 0.5380689037 600.4710000000 365.7600000000
-0.8585399738 -0.1982572906 0.6138517865 646.8000000000 365.9990000000
-0.8581653541 -0.1805824671 0.1556774840 358.5560000000 373.9600000000
-0.8579057962 0.1183554645 0.2900385738 438.7460000000 566.0430000000
-0.8578950928 0.1276685094 0.1830624493 367.6250000000 572.0550000000
-0.8566133584 -0.3829201686 0.8534237395 794.7860000000 257.4740000000
-0.8565678688 0.1312651258 0.0959858539 310.4010000000 573.8180000000
-0.8559470705 0.0459024154 -0.0439873061 220.9700000000 517.3080000000
-0.8556875126 0.2949220088 0.8247599832 780.1770000000 682.2330000000
-0.8556768092 0.1879945848 0.1833573285 367.9340000000 612.1010000000
-0.8552219139 -0.1802466473 0.4015521453 514.9160000000 375.9970000000
-0.8542371993 -0.1973234173 0.2878443729 443.8850000000 364.5860000000
-0.8542131166 0.0917352586 0.3130054353 453.3850000000 548.4340000000
-0.8541007307 -0.1912861537 0.0440641032 287.2770000000 365.6810000000
-0.8538063867 -0.4801821376 -0.0028735737 267.0090000000 187.5590000000
-0.8532471331 -0.0624188613 -0.1490740096 154.5690000000 446.0020000000
-0.8532069952 -0.1816862572 0.1608215472 361.0040000000 372.9200000000
-0.8529206788 -0.0622486770 -0.1486011861 155.5350000000 446.4030000000
-0.8526985828 -0.2992943555 0.8857882029 813.4790000000 305.9950000000
-0.8526637967 -0.1906792699 0.0439064953 286.2730000000 365.9210000000
-0.8526450657 -0.1973983412 0.4153889903 524.3270000000 364.7940000000
-0.8526423899 -0.1818494843 0.8078271743 767.9230000000 377.9760000000
-0.8526022521 0.0917882405 0.3147233340 453.3840000000 548.6740000000
-0.8524657835 -0.4678009576 -0.0216501001 253.9510000000 194.5580000000
-0.8523079080 -0.1976667294 0.7369972986 722.3690000000 367.1910000000
-0.8518101990 -0.1797085329 0.2593360838 423.3430000000 374.3800000000
-0.8503170721 -0.4762727138 -0.0163916173 256.7180000000 189.6290000000
-0.8502367964 -0.0982030671 -0.3267914390 39.0916000000 421.5470000000
-0.8501806035 -0.4891114649 0.5178983105 588.8840000000 188.5360000000
-0.8501431415 -0.3981939476 0.7528570898 734.3610000000 245.9950000000
-0.8498755561 -0.3826499072 0.8513633313 793.9070000000 256.0020000000
-0.8490299859 -0.1801615551 0.0724321775 304.6350000000 372.8980000000
-0.8485135460 0.1695001470 -0.2887461360 50.4719000000 599.1620000000
-0.8473843353 0.0068160443 -0.1179147512 172.6890000000 491.0800000000
-0.8473495492 -0.4413046437 0.7505103652 733.1560000000 219.5850000000
-0.8470123915 -0.4145059582 0.5964159169 639.3350000000 231.8010000000
-0.8469026814 -0.1967660367 0.2941433350 446.1940000000 363.5780000000
-0.8467581853 -0.4617802844 0.8303123819 782.3150000000 207.5910000000
-0.8466056615 -0.1672088126 -0.0522998490 223.6100000000 380.0710000000
-0.8458778290 -0.4138958633 -0.2162585683 126.1620000000 223.4400000000
-0.8455379955 -0.4302667428 -0.0329801776 244.9340000000 216.8010000000
-0.8452784376 -0.4587164307 0.6665580978 680.8020000000 207.3210000000
-0.8450055004 0.0602594466 -0.2250599898 98.3668000000 527.2060000000
-0.8448957903 0.0480433668 0.2055085894 383.6330000000 519.6590000000
-0.8445827153 -0.1911116880 -0.2848714983 69.8684000000 362.7730000000
-0.8442375301 -0.3781464437 0.6793781180 688.9830000000 255.9890000000
-0.8441599303 -0.4405580802 0.7503605173 732.6280000000 219.4410000000
-0.8441411993 0.0437226641 0.0621919489 290.3060000000 515.0860000000
-0.8438093933 0.2087474440 -0.0578824848 203.8030000000 627.2590000000
-0.8437665796 0.1309525860 0.1012358809 310.4020000000 573.2420000000
-0.8436247593 -0.2943413483 0.6058697117 643.6770000000 305.2750000000
-0.8435846215 -0.4431188732 0.8130397394 770.9270000000 218.9930000000
-0.8435337803 0.0465248192 0.2053204768 383.6330000000 519.0580000000
-0.8434481529 0.0261603603 -0.1948576171 118.3070000000 502.9110000000
-0.8428835476 -0.1920423503 -0.2841677485 69.8671000000 361.2090000000
-0.8428193270 -0.4612798995 0.8304247678 781.8350000000 207.3500000000
-0.8425356864 -0.2937098466 0.6052676444 644.5410000000 305.8510000000
-0.8417329300 -0.3224565543 0.6913552439 696.9860000000 289.9990000000
-0.8409435528 -0.3522120593 0.7236447834 715.9750000000 271.9980000000
-0.8408927116 -0.5096593537 -0.0068958650 263.9260000000 169.4270000000
-0.8407455396 -0.1960799475 0.4168178967 524.9280000000 366.9950000000
-0.8404324646 0.1411243127 -0.2308612429 89.0336000000 580.2830000000
-0.8391667853 0.2476880881 0.0518452212 275.6300000000 651.6670000000
-0.8390918614 -0.1658007778 -0.0493689852 223.6100000000 380.0710000000
-0.8384764148 0.0477126311 0.1156801449 323.4360000000 519.6790000000
-0.8381178502 -0.3257318005 -0.0427213593 232.2190000000 279.0880000000
-0.8378556164 -0.2926796425 0.6058135188 644.3970000000 305.9950000000
-0.8374221280 0.0901912904 0.1084050310 315.3940000000 548.1020000000
-0.8373418523 0.0597997347 -0.2209295404 96.5275000000 528.1680000000
-0.8369832878 -0.4697222213 -0.0701453920 219.5480000000 189.0910000000
-0.8362902414 -0.3989057249 0.5984094287 639.9790000000 241.9680000000
-0.8324530657 0.2432868421 0.0502033168 275.6300000000 651.0910000000
-0.8321480182 0.0419373338 0.0667320716 290.1850000000 515.6060000000
-0.8317921296 -0.4713571686 -0.1348761918 174.7130000000 187.7640000000
-0.8315780612 -0.2204428024 -0.0350935677 230.8280000000 344.0130000000
-0.8314094823 0.0154683404 -0.1280110189 160.6090000000 496.8920000000
-0.8311847105 -0.4716943263 -0.0937285028 203.1230000000 186.6570000000
-0.8296728526 -0.3236580131 -0.0386714531 232.9420000000 278.1270000000
-0.8270692459 0.2059509082 -0.0763557833 187.7070000000 626.2730000000
-0.8260176350 -0.4667680776 -0.0655340915 220.5140000000 189.5740000000
-0.8251319270 0.0656868828 -0.1592778466 137.6410000000 530.5560000000
-0.8247706866 -0.2170979840 -0.0326093041 231.7930000000 344.2550000000
-0.8164059647 0.0312780663 -0.0580513312 201.9050000000 506.9790000000
-0.8157048907 -0.4628158402 -0.0612479073 219.9350000000 189.5730000000
-0.8149235411 -0.4638433684 0.6002263340 642.7780000000 200.3870000000
-0.8143696392 -0.2460512677 -0.0545879724 215.8910000000 326.8100000000
-0.8120710799 0.0308186221 -0.0611060870 201.6630000000 507.7000000000
-0.8092534049 0.2236923604 -0.1068993275 161.2440000000 636.7980000000
-0.8054884772 -0.0172400238 -0.3044346725 35.9997000000 474.0550000000
-0.8050094992 -0.4784562113 0.6108575050 648.9580000000 187.9310000000
-0.8015496190 -0.2578924602 -0.2125487633 109.0330000000 315.0420000000
-0.8014613158 -0.2576189878 -0.2135069869 108.5500000000 316.4850000000
-0.8002357743 -0.4632841147 -0.1267100183 175.5810000000 186.6100000000
-0.7996069484 0.0048402734 -0.2783103024 51.0214000000 489.6930000000
-0.7993420388 0.1741135882 -0.1877136200 104.7000000000 605.1200000000
-0.7992590873 0.2206480405 -0.1028657440 160.5190000000 637.3200000000
-0.7966206945 -0.3110868474 -0.2827254628 66.1442000000 281.5300000000
-0.7964708467 -0.2584177305 -0.1636550098 142.4080000000 316.7210000000
-0.7934952962 -0.2900198428 -0.2996716510 49.6066000000 293.5460000000
-0.7931501109 -0.2905871241 -0.2974587191 51.1893000000 293.3070000000
-0.7907632484 -0.2383496225 -0.1438978362 154.5040000000 327.3580000000
-0.7899711954 -0.1850653266 1.4565426725 1182.1600000000 376.5460000000
-0.7897651546 -0.3086999850 -0.2754819239 66.7497000000 281.5310000000
-0.7841859974 -0.2511891764 -0.0699958117 198.9470000000 320.9040000000
-0.7833216963 -0.2944992237 -0.0898800885 188.7760000000 291.7420000000
-0.7827784978 -0.2929499038 -0.0892536709 188.6960000000 292.7120000000
-0.7820640446 -0.3914614970 -0.0755417883 201.4970000000 228.7710000000
-0.7798216783 -0.4700138895 0.6098888456 647.9580000000 190.0130000000
-0.7735548264 0.1857969053 -0.1625043923 113.1970000000 615.3320000000
-0.7710983918 0.1858391838 -0.1613593940 115.2130000000 615.3300000000
-0.7686232261 0.1698696825 -0.1121461435 150.5490000000 603.3460000000
-0.7541441760 0.1139732172 -0.1326001098 133.3920000000 566.2220000000
-0.7536651980 0.1136826193 -0.1313496828 133.9970000000 565.4210000000
-0.7531193236 0.1123762671 -0.1292547562 134.9150000000 565.2760000000
-0.7520061680 0.1102133736 -0.1274563142 134.4000000000 564.2180000000
-0.6431443686 0.2768733684 1.1594344904 1048.0800000000 694.3870000000
-0.6423095019 0.2765335348 1.1599857165 1049.0800000000 691.7900000000
-0.5601794916 0.2227491216 1.0128377871 962.6970000000 661.9140000000
-0.5599547198 0.2232899119 1.0112001640 961.7380000000 663.1130000000
-0.5056937369 0.2185742530 -0.0878964773 81.8701000000 666.4830000000

gimbalangles:
0.1409016348 0.0053012566 -1.8220997115

end: