T_CW:
0.9713207057 -0.0005510734 -0.2377725446 -0.9304036168
-0.0023271619 0.9999273845 -0.0118241316 -0.0184465488
0.2377617946 0.0120383591 0.9712488903 -0.3319180776
0.0000000000 0.0000000000 0.0000000000 1.0000000000


target_points_pix:
0.2415662675 -0.1883344183 2.7851901907 25.2806000000 241.3240000000
0.2524369275 -0.5792235500 2.8396973523 35.8262000000 67.6912000000
0.2586039700 0.1389541945 2.6986530476 23.4497000000 391.8220000000
0.2618358674 0.2655376448 2.6937829919 25.0905000000 452.3960000000
0.2663717088 0.2063908187 2.6868525281 26.2947000000 423.5150000000
0.2679039032 0.2122504055 2.6903846564 27.5081000000 426.9250000000
0.2719364163 -0.4484438242 2.6705806553 25.9861000000 114.7810000000
0.3234038069 -0.2712513975 2.8684360324 75.7077000000 208.0970000000
0.3342062326 0.2096023796 2.6901170709 61.4294000000 424.7320000000
0.3344577629 0.2099828861 2.6892875559 61.8335000000 425.9350000000
0.3349661753 0.1501992066 2.6954420219 61.8205000000 397.8620000000
0.3361194687 0.1725219898 2.6957363659 62.8344000000 406.8860000000
0.3558271391 -0.5505303593 2.8430154122 87.3711000000 83.4819000000
0.3563034412 0.1131148030 2.6908127931 73.5127000000 379.0200000000
0.3586715727 0.1143612161 2.6926858915 74.2397000000 379.9830000000
0.3702847824 0.2253372084 2.6942111287 81.0033000000 430.9530000000
0.3743012404 0.0747780993 2.6984657378 80.9636000000 360.7770000000
0.3784809255 -0.5475146710 2.8502669786 99.6362000000 86.4585000000
0.3847477774 0.0588797758 2.6840963977 87.0102000000 354.7660000000
0.3993231583 0.0553805606 2.7146279005 98.9095000000 355.4580000000
0.4029007761 0.0595005741 2.7066538533 97.6993000000 354.9760000000
0.4065854281 0.1124891881 2.6920704449 98.1205000000 378.8360000000
0.4608035974 -0.5117037067 2.7757444234 134.4850000000 100.9660000000
0.4667332915 0.0609233261 2.7196049904 131.4190000000 355.7730000000
0.4668644084 0.0606763447 2.7223611208 131.3610000000 354.8020000000
0.4688953822 -0.1924488126 2.7562642007 136.5100000000 241.4310000000
0.4712474585 -0.1885688232 2.7568528887 136.5100000000 241.4310000000
0.4730054951 0.0539109811 2.7543108267 137.6050000000 351.3990000000
0.4821810011 0.2501678027 2.6499016496 133.2020000000 444.0910000000
0.4823362007 0.2458765344 2.6495002714 133.7820000000 443.5140000000
0.4922930562 -0.1640719080 2.7557825468 146.6820000000 252.9990000000
0.4927934411 -0.2953635248 2.7545784122 146.8750000000 192.9150000000
0.4928817443 -0.0331249413 2.7549530318 147.4400000000 312.7170000000
0.4928844201 -0.2955133727 2.7582710918 146.5860000000 193.7810000000
0.4929432890 -0.4257365207 2.7535615874 146.7590000000 135.6920000000
0.4931948193 -0.4253217632 2.7552741344 146.9530000000 135.9810000000
0.5060683566 0.1371322050 2.6937829919 148.2660000000 390.1310000000
0.5076845729 0.1373949739 2.6899030025 148.8460000000 390.4200000000
0.5121746571 0.4868557194 2.1275266341 86.7827000000 613.5570000000
0.5123592911 0.4870376775 2.1281126463 86.9846000000 613.3560000000
0.5194262236 0.2957301169 2.1307109013 90.0829000000 501.1130000000
0.5245049959 0.1794711846 2.6767110385 157.5790000000 408.9330000000
0.5275420911 -0.2947908919 2.7551671002 163.9950000000 195.0160000000
0.5290940868 -0.5553843599 2.7461494697 163.7410000000 76.9883000000
0.5323960916 0.2775236011 2.1337961618 100.1670000000 488.4840000000
0.5326984632 0.2794609199 2.1353535093 100.4090000000 488.2440000000
0.5491763768 0.1936446521 2.6831063314 168.5750000000 416.1110000000
0.5495349414 0.0512728559 2.7618032200 174.9150000000 348.8790000000
0.5653545947 0.1156905808 2.7116309432 179.7100000000 379.8880000000
0.5673266997 -0.0325185926 2.7624186666 183.5800000000 312.5200000000
0.5682846557 -0.1638816547 2.7644523163 183.6190000000 254.6140000000
0.5686860339 -0.4262770433 2.7649339701 183.2200000000 137.2630000000
0.5708775590 -0.5579638839 2.7667803099 183.1840000000 78.5312000000
0.5732082285 0.1304489901 2.7115239090 182.3300000000 386.3010000000
0.5879976778 0.1364134704 2.7104535671 190.3000000000 388.7100000000
0.5948960314 0.2876517114 2.1284498040 139.4640000000 493.0880000000
0.5974568244 0.2141660499 2.6800023399 192.8090000000 424.9740000000
0.5987733449 0.4633483353 2.1250113306 141.2250000000 596.6700000000
0.6034079254 -0.0328803682 2.7702589211 201.5960000000 312.9700000000
0.6048288042 -0.0323989819 2.7639171453 201.7970000000 312.7690000000
0.6056449399 -0.2953474697 2.7665394830 201.6490000000 196.4830000000
0.6057600017 -0.2945661201 2.7616159102 201.4480000000 196.2820000000
0.6085669733 -0.5576481330 2.7683055471 201.4180000000 80.0933000000
0.6088532898 0.4210350439 2.1297261867 149.7060000000 569.0170000000
0.6092412887 0.4209547682 2.1305075363 149.5030000000 571.2200000000
0.6195192469 -0.1967258989 2.7395936255 206.0990000000 238.6430000000
0.6219061094 -0.2116247906 2.7410385871 207.5400000000 232.8700000000
0.6230058857 -0.2105940514 2.7319674394 207.8300000000 232.8710000000
0.6253231759 -0.1272401051 2.7753162866 212.8200000000 271.6910000000
0.6259867879 -0.3157749450 2.7696434745 211.2390000000 187.8260000000
0.6281033890 0.0327717285 2.7749684255 213.1590000000 341.9810000000
0.6312555459 -0.6091101719 2.7788484149 211.5530000000 58.0703000000
0.6364493800 0.2137392511 2.6924985816 212.5250000000 424.7790000000
0.6503557972 -0.4802838201 2.7479690509 220.6160000000 113.2570000000
0.6508668855 -0.4805540814 2.7554882028 221.5330000000 113.3070000000
0.6524055020 -0.6492319382 2.7952246461 223.1090000000 42.1940000000
0.6531574172 -0.6457051616 2.7675563078 223.1090000000 42.1940000000
0.6553221837 -0.2820003061 2.7694294061 224.8010000000 203.5380000000
0.6598978953 -0.3395793490 2.7486915317 226.7730000000 178.4720000000
0.6660523613 -0.4012230152 2.7484239462 229.1350000000 148.1870000000
0.6701785293 0.0239299016 2.8590705408 236.0110000000 337.8460000000
0.6707832725 0.4727566406 1.6328306603 124.9120000000 687.3410000000
0.6728784668 -0.5393559899 2.7545248951 231.4290000000 87.9909000000
0.6829717909 0.4729011368 1.6332347144 134.2650000000 686.4440000000
0.6852997846 -0.2856394686 2.7803468936 240.0870000000 202.3580000000
0.6855299081 -0.4013006150 2.7525180040 238.7940000000 149.4080000000
0.6935280380 0.4262636641 2.1257552183 202.8420000000 572.5870000000
0.7025751030 0.0315579608 2.8792464857 252.5390000000 341.1430000000
0.7048923932 0.0328132042 2.8818688233 254.1070000000 341.8650000000
0.7054115090 0.2861425293 2.1265419196 208.9080000000 490.8750000000
0.7057861287 0.2864796870 2.1258515490 208.9080000000 491.0760000000
0.7156573569 -0.1779098233 2.7439552688 251.2960000000 248.5150000000
0.7206076882 0.1560724402 2.9173774161 261.9720000000 392.3470000000
0.7208833013 0.4272671096 2.1238928233 218.9330000000 572.1770000000
0.7224192419 0.4253619010 2.1243503945 220.1250000000 570.4140000000
0.7226466895 0.4229884178 2.1178400399 219.7380000000 571.3750000000
0.7288065072 0.3430445809 2.1271306076 223.9840000000 523.1140000000
0.7315893962 0.4723927244 1.6314900571 175.6790000000 684.3780000000
0.7403367654 -0.1880264275 2.7507251813 261.8590000000 245.6890000000
0.7439277625 0.4737868447 1.6327129227 184.3750000000 684.3650000000
0.7511820048 -0.2782086199 2.7764401456 269.7700000000 206.9710000000
0.7528437106 0.2848527673 2.1240721056 238.0660000000 489.0690000000
0.7539087008 0.4668724360 1.6344201180 193.9460000000 679.4480000000
0.7547569467 0.3397720105 2.1223809654 239.2570000000 521.9640000000
0.7562955632 -0.5158646609 2.7580302648 270.0780000000 101.3160000000
0.7563169701 0.3411821860 2.1228947295 240.0690000000 522.1080000000
0.7650375807 -0.0861055277 2.9089484736 281.2010000000 292.8020000000
0.7655352897 -0.2621564348 2.7757979405 276.2910000000 213.2340000000
0.7814646531 -0.6955830945 2.9679510711 288.0590000000 45.9620000000
0.7835250613 0.3372138933 2.1325278067 256.9140000000 518.4990000000
0.7835464681 0.4142758347 2.1253913020 257.1360000000 563.1440000000
0.7837096953 -0.3425281409 2.7512335937 283.4770000000 177.1570000000
0.7874987056 0.2593783623 2.2999720944 268.2150000000 463.0370000000
0.7909077446 -0.2707590403 2.7774569704 288.1450000000 210.6440000000
0.7919994933 0.4239169394 2.1227823436 261.8100000000 570.3880000000
0.8034013105 -0.4160017610 2.7472733287 293.0780000000 147.4940000000
0.8058202832 -0.5110481223 2.7448650594 294.2040000000 101.6030000000
0.8071261003 -0.5109705225 2.7469522261 295.0150000000 105.3760000000
0.8132056424 -0.4909872391 2.7499491834 296.6350000000 112.2000000000
0.8140752952 -0.0118081725 2.8443265810 300.2700000000 323.8680000000
0.8142064120 -0.0121657737 2.8423999656 300.3100000000 323.8680000000
0.8146238454 -0.0123665431 2.8491163610 301.7150000000 323.0030000000
0.8299912793 0.2619255085 2.7299070312 305.3760000000 442.8170000000
0.8314255374 0.2633589639 2.7387105934 305.3760000000 443.0170000000
0.8393755020 -0.3410216347 2.7543375852 308.7990000000 179.5990000000
0.8473040596 -0.2524240834 2.7750487011 313.2680000000 218.6920000000
0.8555992094 -0.3692947161 2.7516617305 317.2190000000 167.5820000000
0.8559443947 0.7406980058 2.7649072116 317.2800000000 648.1650000000
0.8630541408 -0.1568190037 2.7676365834 322.4870000000 260.7100000000
0.8651921487 -0.1480700289 2.7678774104 321.3490000000 263.7870000000
0.8666879515 -0.0886331401 2.7827284043 322.5130000000 290.1360000000
0.8671348193 -0.0864549944 2.7796244128 323.3810000000 290.7130000000
0.8740599314 -0.3942871996 2.7608131538 324.4370000000 157.9690000000
0.8806960512 -0.2527352853 2.7760922845 327.6520000000 221.4740000000
0.8956433760 -0.5296346095 2.7511533181 334.7040000000 97.3430000000
0.8984289408 -0.5321418854 2.7666197586 333.9820000000 97.8231000000
0.9021644340 -0.2920989820 2.7786075880 338.0410000000 203.5940000000
0.9033765962 -0.4103423282 2.7602244657 340.0920000000 150.7740000000
0.9039197947 -0.2935118333 2.7817383380 337.7490000000 201.2850000000
0.9062986296 -0.4147762196 2.7506984228 340.2880000000 147.5670000000
0.9244890903 0.9139783328 2.9285624890 349.3870000000 697.1570000000
0.9406057636 -0.5914950199 2.7559966152 355.2280000000 73.3880000000
0.9525427517 -0.0802159714 2.8757946330 360.7230000000 295.0680000000
0.9639365413 0.0966663237 2.8381453565 366.7810000000 368.3570000000
0.9644288985 0.0963072240 2.8333020594 366.7810000000 368.5980000000
0.9668184368 0.0942575193 2.8284587622 367.6480000000 368.0210000000
0.9909038056 -0.1751199772 2.9235853991 377.9850000000 259.0290000000
0.9927876073 -0.1736279206 2.9174041746 378.2740000000 259.0290000000
0.9961083431 -0.1734058246 2.9229967111 379.5580000000 258.8300000000
1.0046737542 0.6596356615 2.8758749087 384.9380000000 597.9720000000
1.0058056408 -0.0761783741 2.9125876361 383.5990000000 297.8870000000
1.0093565000 0.6643558693 2.8958635438 385.5960000000 598.0830000000
1.0104107868 -0.3341099018 2.9788685586 386.8790000000 194.1270000000
1.0109780680 -0.3409841727 2.9800191761 386.5890000000 193.2610000000
1.0130866416 0.0506277073 2.8362187411 387.2370000000 347.9450000000
1.0131615655 0.1427662172 2.8417845190 386.7210000000 388.7820000000
1.0133007100 0.1463986900 2.8385199762 387.2500000000 389.9830000000
1.0144352724 0.0476575085 2.8335964034 386.9960000000 348.4250000000
1.0187781847 -0.4032539889 2.9701720306 389.4970000000 167.6780000000
1.0580784636 0.0973154861 2.8355497774 408.9050000000 369.5720000000
1.0620333770 0.0979978291 2.8341583329 408.6640000000 368.6110000000
1.0709948146 0.7453406138 2.4076779246 420.0800000000 686.9480000000
1.0727046858 0.4269700897 2.7289437235 414.7170000000 511.0450000000
1.0735074422 0.7572214090 2.4465848529 419.5980000000 687.6680000000
1.0741309163 0.4267854557 2.7303619266 414.4360000000 511.5330000000
1.0767532540 0.4284926511 2.7391387302 414.4360000000 512.6860000000
1.0840850961 -0.0717749875 2.9148621126 415.6930000000 299.9090000000
1.0876573622 0.4230606659 2.1906848341 432.9410000000 552.0450000000
1.0878446720 0.4201520118 2.1937620671 433.4710000000 551.2770000000
1.0881363402 0.4233416307 2.1933259028 433.7420000000 553.0450000000
1.1055561547 0.6414532284 2.1861519362 442.6690000000 669.0420000000
1.1086226843 0.5491522941 2.1896626576 443.7180000000 619.2410000000
1.1096609159 -0.1646362458 2.9115172941 426.6980000000 262.8720000000
1.1102576315 -0.1667718455 2.9065134457 426.8990000000 262.6720000000
1.1155504723 -0.1681541920 2.9172971404 428.2450000000 260.7980000000
1.1236449329 0.1100364996 2.4599132855 445.6200000000 380.1480000000
1.1287638431 0.1113428519 2.4577324638 444.7540000000 380.1480000000
1.1296201166 0.4723686417 2.1902914835 454.7700000000 578.0340000000
1.1381667967 0.2747674707 2.7663521731 440.1880000000 444.0190000000
1.1500368885 0.4056381755 2.2614424617 465.8140000000 535.0280000000
1.1501947639 0.6010397939 2.1844340374 466.7360000000 647.0190000000
1.1522819306 0.5495402931 2.1927960835 467.7640000000 617.7810000000
1.1526726054 0.4101764252 2.6150994826 450.7960000000 510.0330000000
1.1569325662 0.5102988830 2.1898392640 471.3860000000 597.6210000000
1.1580965630 -0.0666381491 2.9139790805 446.1700000000 302.3280000000
1.1597877032 -0.0658685733 2.9151296981 447.7740000000 302.9290000000
1.1655809288 0.4537420166 2.1914287218 474.8120000000 567.0220000000
1.1683825487 0.4721331664 2.1915304042 476.2080000000 577.2200000000
1.1689150438 0.4736102383 2.1924482224 475.8070000000 577.0200000000
1.1768355739 0.6452288595 2.1891515694 479.7350000000 669.0020000000
1.1826956959 0.5923138315 2.1923732985 485.7730000000 639.6020000000
1.1854411229 0.5911337796 2.1890739696 485.7730000000 640.0020000000
1.1987829347 -0.1771161648 2.8826983383 465.3850000000 256.6910000000
1.1999041179 -0.3601085067 2.7622581154 466.7230000000 176.7800000000
1.2000914277 0.6627878185 2.1859994124 493.7470000000 676.9860000000
1.2038804380 0.3857779815 2.6748085058 472.8420000000 495.0240000000
1.2195341884 0.3765543101 2.7339475719 479.3740000000 488.1810000000
1.2195555953 0.3772152462 2.7394598328 478.5090000000 489.0460000000
1.2196144641 -0.0094754425 2.8334893692 475.0400000000 323.9590000000
1.2227398624 0.5515177498 2.1919157273 505.0190000000 616.7910000000
1.2232322197 0.4545715316 2.1949769052 504.8560000000 566.0030000000
1.2251775661 0.2171662183 2.8171666551 476.2590000000 415.2080000000
1.2308022128 0.0949992662 2.7124336996 482.8660000000 368.9890000000
1.2313534389 0.0957725882 2.7104000500 483.4670000000 369.5900000000
1.2315113143 -0.3057137310 2.7786611051 481.7780000000 200.8310000000
1.2318779064 -0.3068777279 2.7861802570 480.9760000000 201.4310000000
1.2350140082 -0.1248816067 2.8950607873 478.6250000000 278.3220000000
1.2443554172 0.1065945477 2.6991079429 490.6320000000 373.2410000000
1.2510985712 0.5651940435 2.1908159510 521.8330000000 622.9750000000
1.2559659510 0.5968734880 2.1850575116 522.8180000000 640.9670000000
1.2562201572 0.4556499011 2.1931171861 523.0770000000 566.3920000000
1.2590512116 -0.1051086455 2.9179928627 485.4110000000 286.7810000000
1.2611116198 -0.1051436992 2.9147550784 486.5650000000 287.9350000000
1.2631452694 0.3853819550 2.1972941954 526.9010000000 529.0000000000
1.2632228692 0.0027812299 2.7144138322 496.6800000000 329.9710000000
1.2671965135 0.0023667507 2.7449453350 497.8820000000 329.9710000000
1.2754194152 0.1537187583 2.1470362912 538.5050000000 408.9650000000
1.2809049175 -0.3203399532 2.7470860188 502.6120000000 194.2390000000
1.2865911088 0.2339226884 2.0653344177 549.4530000000 456.1960000000
1.2872252864 0.2330091516 2.0596134402 548.9480000000 456.0040000000
1.2878193262 0.1589521951 2.1478551028 542.3490000000 410.4050000000
1.2887639029 0.1589240986 2.1536162181 541.9490000000 410.0050000000
1.2898904378 -0.3305322840 2.7500027005 506.8160000000 189.8370000000
1.2978430781 0.6652469290 2.1864997973 544.8040000000 674.9320000000
1.2980384155 0.5633022141 2.1898847536 544.1750000000 622.0360000000
1.3034757524 0.6205708578 2.1882150202 547.6060000000 651.3960000000
1.3050812653 0.6880585909 2.1874095879 546.9930000000 686.8040000000
1.3052284373 -0.2921846094 3.2763165743 491.8180000000 226.8740000000
1.3141363578 0.4752692682 2.1905992068 553.0980000000 574.7690000000
1.3195148259 -0.8322523766 3.3299407037 493.5350000000 39.8395000000
1.3201302725 -0.2815935762 2.7565317862 519.8550000000 211.8760000000
1.3201436517 0.3682671879 2.7543108267 518.9110000000 482.0100000000
1.3210882285 -0.5472363821 2.7506449057 520.5520000000 100.4980000000
1.3218026817 -0.1542499155 2.7561036494 520.0160000000 264.3150000000
1.3230924437 -0.4164165185 2.7545516536 519.8080000000 154.7960000000
1.3246230326 0.6970815731 2.1852100353 558.7950000000 691.9090000000
1.3247434461 -0.5492887627 2.7630073547 519.8780000000 99.9200000000
1.3251234174 -0.6794530419 2.7553008930 520.4820000000 45.1722000000
1.3255863403 0.1636713326 2.0540770967 571.6520000000 417.6030000000
1.3264158553 0.1610275880 2.0540824484 570.9720000000 416.0030000000
1.3277939205 0.1643694631 2.0606222374 571.1720000000 416.4030000000
1.3284655600 -0.5470597757 3.2480863065 499.7520000000 136.7450000000
1.3336861527 -0.0497984599 2.2513946270 556.7490000000 302.3730000000
1.3414434557 0.2325320467 2.0576600662 577.9690000000 453.9970000000
1.3584913264 -0.0226450096 2.7561036494 535.1310000000 319.1760000000
1.3594599858 -0.4164620081 2.7531334506 535.0330000000 155.8110000000
1.3600192394 -0.5484458685 2.7555149613 535.4580000000 99.9378000000
1.3600700807 -0.5472497614 2.7541770340 534.9780000000 100.5140000000
1.3633212442 -0.6796028898 2.7581372990 536.1130000000 46.3964000000
1.3791168149 0.6841464912 2.1890766454 587.3410000000 680.7150000000
1.3797643717 0.1417220987 2.1812711771 588.9840000000 400.0010000000
1.3818863246 0.6861132444 2.1911798673 585.8970000000 683.8830000000
1.3955064253 -0.0829991279 2.1346979249 601.1770000000 281.9770000000
1.4011578306 -0.1667450869 2.1171041798 605.9630000000 235.9500000000
1.4142748707 0.1631623850 2.0545962125 620.3440000000 416.4430000000
1.4145718905 0.1618100080 2.0481340232 621.9930000000 414.9950000000
1.4187328447 0.1628431555 2.0605366101 621.5930000000 415.1950000000
1.4549264562 0.5778294297 2.2223723063 620.2370000000 620.2430000000
1.4672032779 0.6818104700 2.2201914846 627.6740000000 672.3260000000
1.4750381807 -0.7179318334 2.7148152104 585.3680000000 28.4159000000
1.4862366328 0.1570017646 2.0464295038 660.0870000000 412.9800000000
1.4880134004 0.1566143008 2.0444226127 660.9510000000 411.8280000000
1.4902664701 0.1567226729 2.0463304971 662.9910000000 411.9880000000
1.4946655754 0.4774554416 2.2174647886 641.9230000000 568.7110000000
1.4969935690 0.5431904897 2.2371376729 639.2600000000 599.5060000000
1.5082696210 -0.3621769424 2.2552746164 644.4760000000 146.7650000000
1.5122619963 0.5360272265 2.2216337703 649.3390000000 597.4840000000
1.5221974450 -0.5540812186 2.7598766046 600.8640000000 99.7809000000
1.5467136264 0.1437586917 2.0972734201 684.9850000000 402.9860000000
1.5469945911 0.4158224788 2.2298968099 666.9370000000 534.9190000000
1.5477625615 -0.6604865834 2.7139321783 615.8340000000 55.7123000000
1.5502243478 -0.4352652395 2.2093810314 669.5120000000 106.6490000000
1.5508157117 0.5470169620 2.2252889880 666.8970000000 601.2100000000
1.5609491737 0.6967363879 2.2123110923 674.8120000000 677.7910000000
1.5671009638 0.6975311167 2.2171222792 675.1710000000 678.0300000000
1.5689874415 -0.0367962140 2.1098793719 693.9890000000 307.0000000000
1.5718907439 0.5380929864 2.2188963709 678.1270000000 596.0210000000
1.5760811324 0.5398215886 2.2267446529 679.0870000000 596.2600000000
1.5782351955 -0.5296372853 2.7605990854 623.8940000000 112.6220000000
1.5821740537 -0.5602008985 2.7690012694 623.4040000000 100.6030000000
1.5882696509 0.0893821119 2.0951675224 705.9790000000 373.9910000000
1.5893828065 0.0237694841 2.1010758098 704.9840000000 338.9990000000
1.5921228818 -0.3910413878 2.1545902292 700.7270000000 124.6940000000
1.5986706984 -0.6470751993 2.7567726131 632.3060000000 65.4124000000
1.6053014665 -0.4004818034 2.1926756701 701.2050000000 122.2920000000
1.6172384546 0.5359415992 2.2168439903 700.8730000000 594.8440000000
1.6181509211 0.1959804057 2.0562044012 725.7090000000 431.9600000000
1.6208160724 -0.3359856760 2.1306279498 716.9380000000 150.9310000000
1.6266815460 0.1087437942 2.0761743053 729.5600000000 385.1830000000
1.6373635583 0.6498420331 2.2135446614 711.7480000000 651.2340000000
1.6424664133 0.6488091532 2.2141627838 715.0100000000 650.1760000000
1.6548609726 -0.3333232005 2.1284605074 733.9330000000 152.9410000000
1.6565761955 0.5446060169 2.2094960931 721.8500000000 599.8210000000
1.6598300349 0.5393051486 2.2135794475 722.1550000000 597.7110000000
1.6652058271 0.6502701699 2.2124662919 725.5600000000 649.2060000000
1.6676488825 -0.3710500768 2.1458722944 739.5070000000 136.4400000000
1.6759627632 -0.0145120167 2.0893876761 751.1510000000 317.9990000000
1.6893848507 0.7404678823 2.2065580046 737.7380000000 695.7040000000
1.7098471121 -0.3347922448 2.0967221941 768.8710000000 150.2890000000
1.7158410268 -0.0157869544 2.0865646494 771.9290000000 318.9970000000
1.7372130788 -0.3472349694 2.1784026608 765.9930000000 149.7110000000
1.7481546490 -0.4058682990 2.1715712035 773.8960000000 121.9290000000
1.7563267094 0.5128195381 2.2013507912 768.7690000000 582.1370000000
1.7640037367 0.1413357052 2.0563943869 800.5120000000 401.7120000000
1.7766632056 0.4156538999 2.1887314602 783.4250000000 533.8420000000
1.7927879064 0.5766119157 2.1982146894 787.7550000000 612.7480000000
1.7929002923 0.5796115489 2.2007540756 787.4360000000 611.7500000000
1.7979790647 -0.3455973463 2.1177918745 807.7170000000 151.1650000000
1.7980780713 -0.3472751073 2.1227636126 805.0790000000 148.7630000000
1.8012248765 0.6813903608 2.1941848522 791.6980000000 664.6820000000
1.8032719054 -0.5838527787 2.7937796845 706.9490000000 97.7831000000
1.8045643433 -0.5124930839 2.8078814391 706.9270000000 126.9010000000
1.8472576060 -0.8179338777 2.9826415138 701.8540000000 27.3375000000
1.8655229907 0.5472551131 2.1974092572 820.5160000000 595.9000000000
1.8655283424 0.3380193256 2.1876691458 823.4680000000 493.7780000000
1.8892551466 0.3452200508 2.1916053282 834.9650000000 498.0860000000
1.8898732690 0.0776538405 1.8007699812 927.0040000000 372.8800000000
1.8911978171 0.0582244590 1.7819854807 932.7580000000 359.3520000000
1.8961775828 0.0670810031 1.9926314437 880.5490000000 361.1490000000
1.8981951773 0.6967363879 2.1912333844 837.2140000000 669.2290000000
1.8998756141 0.0362655920 1.9232893433 902.5900000000 344.1130000000
1.9005820398 -0.3493060810 2.1728288553 844.6340000000 152.3740000000
1.9023454281 0.4202135564 2.1765268866 841.2630000000 535.4780000000
1.9066053889 0.7007073563 2.2003152354 837.6930000000 669.2280000000
1.9094979879 0.2194457789 1.8411727123 926.9610000000 449.1220000000
1.9107716947 0.5444160312 2.2014872598 839.4920000000 592.4320000000
1.9130595506 0.1455044194 2.0063344960 886.1810000000 405.9900000000
1.9147640700 0.2213600854 1.8516299527 925.8110000000 450.8490000000
1.9292110099 0.0213617767 1.7857691394 953.4560000000 335.1700000000
1.9470214992 -0.4031308996 2.2233623725 856.9020000000 129.5600000000
1.9761642335 -0.1086528151 2.1309115904 886.8030000000 272.1520000000
1.9908412969 0.0180462054 1.8961187140 952.8810000000 335.4580000000
2.0010175725 0.0197195244 1.9059176942 953.5990000000 337.1360000000
2.0037790547 -0.0180779142 1.6574645793 1037.6400000000 309.5140000000
2.0087293860 0.5546377964 1.7893066194 995.7430000000 647.5040000000
2.0226010171 -0.1287369783 1.8321497300 989.5490000000 250.9680000000
2.0290310961 0.7453914550 2.1913645012 897.0710000000 687.1430000000
2.0317765231 0.3402643678 2.1506379917 908.0160000000 494.2000000000
2.0421909498 0.3485140280 1.8252406730 998.1450000000 526.7270000000
2.0484952636 -0.4087742773 2.1838881630 908.7360000000 126.9640000000
2.0519444404 -0.4056408514 2.1831282203 908.3760000000 128.1240000000
2.0756016724 -0.0308191573 1.7909201598 1031.0400000000 307.5030000000
2.0909048858 -0.5411461367 2.7725601562 815.8590000000 117.5400000000
2.0914159741 0.1569958777 1.7980111749 1034.9400000000 415.0110000000
2.0959328169 -0.8023363203 2.9458485108 793.0400000000 33.4159000000
2.1119237250 0.4202938321 2.1418718915 946.4920000000 533.7180000000
2.1134275554 0.5811795998 2.1355809570 946.2260000000 611.6040000000
2.1153220605 -0.6712729539 2.7560501323 827.8290000000 66.8853000000
2.1159027210 0.5838634822 2.1407426808 946.9440000000 611.6040000000
2.1175403441 -0.4003453348 2.1759328468 940.6800000000 134.9680000000
2.1525940416 -0.6707832725 2.7573880597 841.0160000000 68.2920000000
2.1775008977 -0.7835491440 2.7501900104 850.7910000000 25.8308000000
2.1783866056 -0.7166715059 2.7645325919 848.8030000000 51.8718000000
2.1800643666 -0.5965711164 2.7592611580 848.8170000000 96.9286000000
2.2829804167 -0.6798838545 2.7913981737 883.9260000000 71.9085000000
2.2911230427 0.5511484818 2.0905650522 1038.1900000000 598.5430000000
2.2932102095 -0.7790135702 2.7507251813 891.7470000000 29.8507000000
2.3106888928 -0.6765818498 2.7836917120 891.3560000000 70.7085000000
2.3174695088 -0.7667501278 2.7721052609 897.7410000000 36.8631000000
2.3183605684 0.5446033410 2.0952076603 1047.4900000000 592.8240000000
2.3375143368 0.6072691838 2.0778306594 1061.1000000000 626.4790000000
2.3612571961 0.6628306321 2.1009259619 1063.5200000000 649.1700000000
2.3973972906 0.5167262861 2.0787993188 1086.0700000000 578.5350000000
2.4307651995 -0.7805575384 2.7714095386 935.6880000000 34.4247000000
2.4435477577 -0.6093376195 2.7865816352 940.0030000000 102.1850000000
2.4440080047 -0.6047485286 2.7782597268 940.6820000000 102.9450000000
2.4514335017 -0.6057412707 2.7878392869 940.4820000000 101.9440000000
2.4701511058 0.5470838584 2.1859004058 1086.2700000000 579.1340000000
2.5249071218 -0.4895503051 2.7672352052 968.0260000000 146.3700000000
2.6255272886 -0.8138050338 2.7708208506 1005.1800000000 26.2476000000
2.6600083531 -0.4533272592 2.8354427432 1000.3500000000 165.5690000000
2.6709044337 -0.4550986750 2.8538258654 1000.0700000000 165.8570000000
2.7109352210 -0.2887461360 2.7669141026 1030.5000000000 223.1590000000
2.8324457858 -0.4107089203 2.7462029868 1076.5000000000 177.0590000000
2.8344526769 -0.7830246765 2.6898494854 1088.4300000000 36.8301000000
2.8387875616 -0.8173665965 2.7547389635 1077.0500000000 28.6243000000
2.8413563822 -0.4157609341 2.7587259871 1075.9200000000 176.1950000000
2.8413831408 -0.5284759644 2.9280808351 1037.4800000000 146.3500000000
2.8428548609 -0.3003406147 2.7624454252 1075.0300000000 220.2570000000
2.8430421707 -0.7976776572 2.7619637713 1077.7200000000 37.8536000000
2.8527555235 -0.4135158920 2.7665127244 1077.3700000000 177.9380000000
2.8688374106 -0.6660924991 2.7479690509 1088.0400000000 84.8470000000
2.8988605011 -0.7595199682 2.7462029868 1096.6900000000 49.9551000000
2.9088414394 -0.6659078651 2.7490393928 1099.7800000000 85.0801000000
2.9121594993 -0.1190048945 2.7602244657 1095.2600000000 285.8950000000
2.9432529317 -0.6626888118 2.7393527986 1114.1500000000 86.2718000000
2.9436007928 -0.4001473216 2.7401555550 1112.4100000000 182.7970000000
2.9840864754 -0.6644522001 2.7396203840 1126.3200000000 86.8635000000
3.0037807664 -0.2717410789 2.7399414866 1131.0500000000 230.2980000000
3.0076072388 -0.2958879923 2.7443298884 1131.0500000000 221.0840000000
3.0105239204 -0.7723720986 2.7422427217 1134.0600000000 51.6584000000
3.0425806605 -0.5555904007 2.7635425256 1138.0200000000 129.4850000000
3.1350314427 0.2277414639 2.8267462152 1147.4200000000 411.3320000000
3.2023827071 -0.8522650944 2.8048309647 1176.4800000000 32.1501000000
3.2193208678 0.1601592732 2.8375834270 1170.5700000000 383.3640000000
3.2206320366 0.1617671943 2.8369679804 1171.1400000000 384.2260000000
3.2481398236 -0.7605715791 2.8753664963 1175.2500000000 68.8021000000
3.2487552702 -0.7614305285 2.8738680176 1175.2500000000 68.2014000000
3.2688776980 -0.8829303900 2.8755538061 1179.2900000000 26.7382000000
3.3039849125 -0.0635938292 2.9282681450 1176.9500000000 309.4160000000
3.3064466989 -0.4223221300 2.7979807765 1210.0700000000 181.8350000000
3.3095239319 0.2363095508 2.7544981365 1221.6200000000 412.4700000000
3.3184345283 0.1953143855 2.7582710918 1222.2600000000 398.8540000000
3.3462634178 -0.6643612211 2.8054999284 1222.1400000000 97.7805000000
3.3689546662 -0.6701972603 2.8243379459 1221.7000000000 97.7010000000
3.3747612711 0.4071232749 2.7361417728 1243.7200000000 472.5720000000
3.3785877434 -0.8272538799 2.7664324488 1242.3900000000 40.4806000000
3.3797651195 -0.6753268739 2.8408212113 1223.1400000000 98.1797000000
3.3890235770 -0.8252683956 2.7751022182 1242.1900000000 40.6812000000
3.3919937757 -0.8262397309 2.7778851072 1239.9000000000 39.4264000000
3.3975327951 -0.3760432218 2.8272546276 1228.0100000000 199.8170000000
3.4004227183 -0.8270184047 2.7871703232 1241.9100000000 40.0005000000
3.4509428562 -0.6276083559 2.7848155710 1256.0700000000 111.7500000000

gimbalangles:
0.0175441074 0.0045032246 -0.0200407833

end: