T_CW:
0.5033539680 0.0416012816 0.8630782793 -0.5519749404
-0.0726106666 0.9973439251 -0.0057259213 0.1849173929
-0.8610240844 -0.0597865240 0.5050377190 0.3488276369
0.0000000000 0.0000000000 0.0000000000 1.0000000000


target_points_pix:
-3.9734570162 -4.0599674007 2.0216377094 523.0970000000 40.7340000000
-3.2302115967 -2.1417996434 0.5394362655 315.3090000000 188.9770000000
-3.1216521688 -1.4839862390 -0.5466075563 34.9638000000 263.8830000000
-2.9104201937 -1.8085406634 -0.3463144754 85.9201000000 177.1180000000
-2.8253012536 -1.7693929082 -0.3643229780 73.9290000000 174.8690000000
-2.7842268830 -1.8241944138 0.6616398768 349.5940000000 213.5040000000
-2.6966193980 -1.8298913086 -0.4414197055 41.0944000000 137.8450000000
-2.5768641938 -3.2497185779 1.5033647792 521.7320000000 -27.7806000000
-2.4200751597 -1.8109890705 -0.4329666802 22.1899000000 101.8000000000
-2.3982455365 -1.8306325204 0.8964461324 416.3740000000 186.0260000000
-2.2477153267 -0.6506715481 1.6053442801 581.5040000000 446.1440000000
-2.2449056792 -0.6499651224 1.6058660718 583.8300000000 447.3130000000
-2.1743460649 -0.3107550414 1.7756624359 622.0720000000 516.9610000000
-2.1568486506 -0.3122401408 1.7563427645 622.7930000000 516.0010000000
-2.1557221158 -0.4955709783 1.6510853415 599.5390000000 476.8710000000
-2.1511838661 -0.4968420093 1.6311261408 595.9060000000 474.9310000000
-2.1443042435 -0.4926890827 1.6573816278 600.4040000000 475.1390000000
-2.1411601141 -0.4924214973 1.7713061444 623.4990000000 476.6100000000
-2.1355006813 -1.2444838582 3.2892677113 843.1240000000 357.4140000000
-2.1320220701 -1.2422361402 3.2871002690 843.8940000000 357.1430000000
-2.1263144719 -1.2978109679 3.2837822091 843.3300000000 346.4510000000
-2.1251103373 -0.4915197342 1.6544649461 603.5370000000 477.5500000000
-2.1176875161 -1.6456747632 3.3081057289 844.0150000000 291.0490000000
-2.1168446219 -1.8432652307 2.9506918079 800.2660000000 245.2740000000
-2.0419849090 -1.3203684235 3.1896723970 843.1710000000 336.9700000000
-1.9933271659 0.0229327978 1.6172197236 611.8880000000 589.4350000000
-1.9911650753 -1.7762029586 2.8438716857 799.8280000000 245.7300000000
-1.9722146718 -1.6792647680 2.5160473667 757.2800000000 247.8570000000
-1.9707563310 -0.0346400103 1.7889105929 649.0010000000 574.0980000000
-1.9659424683 -0.1354908357 1.6216509391 614.9610000000 553.0470000000
-1.9603980972 -0.1356160657 1.5214776401 596.3040000000 553.2750000000
-1.9594160585 -0.1353722953 1.5212742751 595.9010000000 554.0780000000
-1.9586133021 -1.7141472107 0.9052657497 440.5270000000 159.0010000000
-1.9583296615 -0.1337616983 1.6132487551 614.8410000000 553.0070000000
-1.9533017304 -1.7482001385 2.5102782238 756.9900000000 233.7640000000
-1.9387290253 -1.7979897681 0.9599174074 454.9260000000 139.7100000000
-1.9231180886 -1.7867351230 0.9568080642 454.9640000000 140.4270000000
-1.8490424012 -0.5794162115 1.4244564980 581.7460000000 446.1450000000
-1.7985329666 -2.6574047464 1.5561968557 597.7400000000 -33.3343000000
-1.7949821073 -0.3360311655 3.4639207518 921.3760000000 503.7120000000
-1.7809017596 -1.7899729072 3.0237158844 853.5170000000 232.4500000000
-1.7566558395 -1.7741318470 2.9088414394 841.4060000000 230.0550000000
-1.7375127746 0.3436546758 1.5223633480 623.2380000000 674.3050000000
-1.5719041231 -0.0472885082 0.7760728058 435.8970000000 588.3980000000
-1.5658058501 -0.1185989673 0.6358553402 389.7570000000 567.9810000000
-1.5589101724 -0.0858253657 0.5292947759 353.8910000000 580.9130000000
-1.5487178416 -2.1108453555 1.5506016434 629.5200000000 49.8976000000
-1.5440725577 0.6361148982 1.5333878697 655.3860000000 761.1380000000
-1.5419238464 -0.3087561779 3.1375735047 922.9570000000 503.7080000000
-1.5310839587 0.6346217712 1.5267731567 655.3860000000 760.8790000000
-1.5209826070 -0.8068611907 0.8080278634 448.0750000000 349.7290000000
-1.5204768704 -0.8169598666 0.4205212797 312.7760000000 333.6990000000
-1.5154649944 -0.8220279355 0.6114060553 379.0600000000 338.3360000000
-1.5121014450 -0.7797788646 0.6816445670 403.0230000000 353.2040000000
-1.5112879852 -0.8845171718 0.8116215363 444.7230000000 329.5610000000
-1.5089064744 -1.1060297810 0.8121353004 446.5940000000 261.6190000000
-1.5082937037 -1.1078921759 0.8134223866 446.2380000000 259.2300000000
-1.5081679385 -0.7792758039 0.6776628951 403.2760000000 352.9580000000
-1.5073972923 -1.7152416353 0.9077890807 472.0760000000 87.4969000000
-1.5063858192 -0.8387654071 0.6189225313 380.9240000000 329.1560000000
-1.5052459051 -1.7137056947 0.9025604605 471.2590000000 87.1520000000
-1.5049140991 -0.8408151118 0.6490740628 395.1010000000 332.9500000000
-1.5037447506 -1.1066264966 0.8104307810 446.4540000000 259.2390000000
-1.5037153162 -1.1044510267 0.8084024831 445.8550000000 258.7390000000
-1.5030811386 -1.7142703001 0.7946084517 437.8280000000 75.1031000000
-1.5015692806 0.6283682986 1.5110551858 655.0910000000 761.5010000000
-1.5013391571 -0.7955824629 0.3733941256 292.6460000000 335.9480000000
-1.5008093379 -1.1054839066 0.8096280245 446.4640000000 258.4480000000
-1.4972317201 -0.8041237913 0.4235637266 311.8830000000 333.7970000000
-1.4945264309 -1.8466849731 0.3038566878 261.9340000000 -28.1094000000
-1.4944408036 -0.8198150036 0.4379651770 318.8240000000 329.3370000000
-1.4940608322 -0.9409857349 0.3664823928 289.5840000000 282.8460000000
-1.4933998961 -1.6903026689 1.7459631239 683.7950000000 159.2020000000
-1.4921154858 -2.5707070520 2.3756425913 791.1110000000 5.9857100000
-1.4917141075 -0.9475067930 0.3668623641 291.4230000000 282.0650000000
-1.4904591317 -1.1166770071 0.3025856568 261.6210000000 218.5260000000
-1.4886208194 -1.0485470689 0.3701108518 291.4050000000 247.1510000000
-1.4844919755 -0.5208604817 0.3542135987 284.9800000000 429.8490000000
-1.4832610823 -1.7841663024 1.8034378084 695.5710000000 139.9340000000
-1.4810106885 -1.6860721425 1.7357012209 683.3800000000 158.5080000000
-1.4809116819 -1.6888363005 1.6589122167 666.9730000000 153.0400000000
-1.4783294820 -1.7953941890 0.0469478719 151.5510000000 -52.5810000000
-1.4775106705 -0.8018091769 0.4213855808 312.0470000000 332.4140000000
-1.4764269493 -1.5463630894 3.3374866142 941.4010000000 265.6570000000
-1.4742033140 -1.7902110583 0.3992054207 299.6430000000 -2.1399400000
-1.4738286943 -2.5935240656 2.7880533553 858.7570000000 31.9781000000
-1.4733737990 -2.5556955068 2.3671494283 791.7630000000 6.4780500000
-1.4733497163 -2.5872465103 2.8717273338 869.6410000000 38.6539000000
-1.4726486423 -1.7889212963 0.4357361899 314.4950000000 4.0729300000
-1.4724666842 -1.7864300755 0.6714923740 398.4830000000 33.9421000000
-1.4722071263 -1.7884128839 2.1577691447 765.4120000000 159.6820000000
-1.4720974163 -1.7858066014 0.6334898846 385.3400000000 28.9528000000
-1.4720572784 -1.7895447705 0.5921425768 372.0690000000 23.6368000000
-1.4719502443 -1.7858494150 0.5935581040 372.0900000000 23.8986000000
-1.4710190468 -1.7878777129 0.3216618254 267.8520000000 -12.4727000000
-1.4706524547 -1.7845757082 0.7088901202 412.1410000000 37.8831000000
-1.4689211767 -1.7814369305 0.9049687298 472.8430000000 59.7423000000
-1.4685545846 -2.2569363223 1.9783932205 726.6700000000 39.8634000000
-1.4680622273 -1.6740441754 1.6560651072 666.2170000000 152.4270000000
-1.4679284345 -1.6122185510 0.2428035828 236.7740000000 36.3353000000
-1.4672032779 -1.7818516880 0.8665541588 461.4680000000 56.5020000000
-1.4669223132 -1.7850600379 0.3600817482 284.4620000000 -8.0955500000
-1.4668473892 -2.1816029831 2.0559769536 743.1710000000 61.2322000000
-1.4666895138 -1.9137927348 2.4029229307 807.8870000000 147.3700000000
-1.4664968522 -1.6108378100 0.2422547650 235.6370000000 37.3985000000
-1.4664647420 -1.6782639983 1.6524634067 666.2150000000 152.7640000000
-1.4658814056 -0.5157148130 0.3518267362 285.2310000000 430.4930000000
-1.4652231454 -1.7836926761 1.9573770572 729.4880000000 147.8620000000
-1.4637755079 -1.8276997836 3.1353793038 915.3640000000 201.7690000000
-1.4634222951 -2.2774521007 2.0603894381 743.1270000000 40.6188000000
-1.4632135784 -2.3712515137 3.3435608045 934.5290000000 110.0690000000
-1.4627720624 -1.5334815246 3.2974023098 943.0770000000 264.9210000000
-1.4627024902 -1.8249463290 1.8167180756 700.0800000000 127.1410000000
-1.4609417778 -1.1038650145 0.3067787212 262.3490000000 220.1790000000
-1.4598634083 -2.6209060874 2.7525982797 852.5550000000 20.4785000000
-1.4594914645 -1.8243603168 1.8131083475 700.2930000000 127.1380000000
-1.4584184467 -1.9605907587 2.2519565565 782.7250000000 126.1210000000
-1.4561118599 -2.3080799344 2.3660443003 798.8020000000 57.2861000000
-1.4551432005 -1.9018049054 2.3922409185 807.9280000000 146.4220000000
-1.4550977109 0.0717781986 0.8965478149 485.4810000000 625.3700000000
-1.4548301255 -2.1083247003 1.8866247813 713.0400000000 63.1082000000
-1.4531282818 -1.9104291853 2.1032807141 756.8260000000 124.0120000000
-1.4529409720 -1.8168144064 1.8137906905 698.5320000000 125.1580000000
-1.4528901308 -2.6256503779 2.7239131166 852.1300000000 19.9873000000
-1.4519107679 -1.9650085950 2.7018640733 854.7370000000 151.5730000000
-1.4516351549 -1.9599324985 2.1301141857 760.9880000000 116.8730000000
-1.4515575551 -1.5331577461 3.2948334892 943.1920000000 264.5140000000
-1.4500751316 -1.6214181397 1.6021118476 659.5680000000 160.5370000000
-1.4496389672 -1.6225446746 1.6028637628 659.3590000000 160.0730000000
-1.4494436298 -2.3513538576 3.3054833912 933.7900000000 110.6220000000
-1.4491091480 -2.1063204851 1.8844038219 713.0600000000 62.0998000000
-1.4455984265 -1.6174525230 1.8627695361 715.9900000000 177.1760000000
-1.4455636404 -1.6067276971 0.9778215516 496.2920000000 113.2050000000
-1.4389516033 -1.9373429325 2.2171597412 781.9440000000 126.1540000000
-1.4377100067 -2.3482097283 1.7390781496 681.2610000000 -10.4762000000
-1.4344909534 -1.8863705751 2.7659775535 869.6760000000 169.3050000000
-1.4326312343 -1.8068629025 1.3844872554 606.1460000000 93.3955000000
-1.4315822993 -1.8044947710 3.0746374006 914.9990000000 200.4110000000
-1.4305895572 -2.3417742976 1.7285754196 681.2580000000 -10.2093000000
-1.4292810642 -1.5988125187 0.9662003144 497.0420000000 112.3670000000
-1.4290562924 -2.3463339541 1.7279225111 682.5020000000 -11.9025000000
-1.4278093441 -1.6443555668 0.1748170704 208.2390000000 4.1505000000
-1.4265490165 -1.5978920246 0.9619938707 495.6920000000 113.8740000000
-1.4259201906 -2.3219756482 1.8210930981 702.3290000000 3.4998500000
-1.4231319499 -1.9995565558 1.8671900482 714.9830000000 85.2474000000
-1.4230944880 -1.9993478392 1.8705723286 713.7220000000 83.0782000000
-1.4230222399 -1.7954316509 1.3704363420 606.7600000000 90.9461000000
-1.4196024975 -2.3128670386 1.8651644261 710.9010000000 6.4715400000
-1.4109247005 -1.6288650435 3.1958536215 936.5310000000 237.8810000000
-1.4001276265 -1.7863765584 3.0180698309 914.4910000000 199.8920000000
-1.3830155353 -1.7275425397 0.6978201090 411.2870000000 37.5065000000
-1.3723709850 -1.6042150694 3.1360750260 936.7720000000 239.1290000000
-1.3682046792 -2.1835991707 1.8341111316 712.7850000000 24.3252000000
-1.3597677091 -1.7408228069 0.1536807612 193.7860000000 -53.6523000000
-1.3578678522 -1.4937477572 1.3677417563 617.7030000000 162.7450000000
-1.3492837101 -1.4855382348 0.9692481130 507.0400000000 133.0430000000
-1.3437232839 -1.4832691099 1.3685177542 618.5640000000 165.0720000000
-1.3433272574 -1.2282440957 1.3650284396 621.2030000000 232.7950000000
-1.3415531657 -1.7257764756 0.1575192749 194.3830000000 -52.5511000000
-1.3371540605 -0.0019922729 0.5949441967 389.0240000000 611.5040000000
-1.3281203748 0.1431472589 0.4133312580 316.2050000000 674.6560000000
-1.3031332430 -1.4344053260 1.0019310031 522.4000000000 141.9430000000
-1.2909259935 -1.1838730720 0.9724751938 515.6390000000 216.3210000000
-1.2863315509 -0.9280961425 1.3641534350 633.9390000000 314.6420000000
-1.2780578080 -1.1775125652 0.9598960006 515.0970000000 215.2260000000
-1.2769285973 -0.9165498292 1.3665617043 634.5760000000 315.9560000000
-1.2740654327 0.4627944333 0.7900354159 471.5510000000 778.9120000000
-1.2671162378 -0.9104836665 1.3627218527 634.7810000000 316.7970000000
-1.2548340645 -0.8616359377 1.3811451128 640.8980000000 331.4610000000
-1.2485511575 -1.1793374981 0.9959076540 528.9690000000 212.2960000000
-1.2395736648 -1.1396492203 1.0006519445 531.0510000000 223.5580000000
-1.2336172120 -0.8879931072 1.3672708058 642.1470000000 322.5150000000
-1.2186832666 -0.8809903953 1.3651595564 641.9030000000 322.2630000000
-1.2136499838 -0.6091101719 1.3634737679 646.2620000000 405.5480000000
-1.2109473705 -0.6030145747 1.3710170025 647.9990000000 405.0600000000
-1.2095318433 -0.6045692463 1.3666071939 646.5520000000 405.5480000000
-1.2027164412 -0.6081308090 0.3689067172 292.3180000000 370.2110000000
-1.1960053975 -0.6064771308 0.3601138584 292.0570000000 372.0620000000
-1.1914109548 -0.5280852896 0.2187492539 225.0600000000 399.5550000000
-1.1889518443 -0.2703763930 1.6267537941 721.6120000000 506.8660000000
-1.1870600150 -0.2715029279 1.6244258005 721.3700000000 508.7900000000
-1.1834743696 -0.8825530944 0.9944091753 538.5730000000 299.6850000000
-1.1832281910 -0.5554646355 1.3810220235 655.0260000000 419.6490000000
-1.1826020410 -0.8841933934 0.9957123166 538.8020000000 298.6680000000
-1.1797415522 -0.5267928517 1.7236277642 743.4180000000 435.0950000000
-1.1701941024 -0.8385058492 0.9937000738 540.2390000000 311.8380000000
-1.1682193216 0.4788843480 0.7927942222 482.6460000000 790.7070000000
-1.1622254069 -0.5144330786 1.7169461548 743.6180000000 435.4980000000
-1.1437994710 -0.4898954904 0.0605976746 130.3770000000 405.8250000000
-1.1375968397 -0.4871420358 0.1236517839 168.0900000000 408.3740000000
-1.1230027278 -0.6063406622 0.9882011923 549.0150000000 388.9070000000
-1.1138486286 0.1538549594 0.3931927750 311.9340000000 696.9290000000
-1.0944513574 -0.2655264063 2.8319373734 968.9350000000 504.2050000000
-1.0745322946 -0.0143377382 0.2378987410 227.1590000000 628.6590000000
-1.0720517772 0.0213865551 1.3628235352 678.3590000000 603.7160000000
-1.0709680560 -0.0152845895 0.2394263865 231.5080000000 628.1300000000
-1.0705238641 -0.0150807161 0.2392615538 229.3320000000 627.3340000000
-1.0676794305 -0.0145495857 0.2378224791 230.8050000000 627.2840000000
-1.0672272111 0.0236305805 1.3619619100 678.1180000000 603.9580000000
-1.0625123550 -0.5444294105 0.5222465745 372.8520000000 390.0030000000
-1.0624962998 -0.0323299449 0.5781612357 398.2960000000 605.0890000000
-1.0624160242 -0.5918080950 0.6438989597 420.1600000000 376.1620000000
-1.0622554729 0.0773193586 0.6121713497 416.0010000000 652.1930000000
-1.0453226639 -0.1870885404 1.4136995619 692.4450000000 532.8200000000
-1.0430695942 0.2179336534 0.6588516361 440.8860000000 710.7930000000
-1.0395883072 0.5010484530 0.6916067743 458.0440000000 831.0210000000
-1.0388417437 -0.1825914988 1.4109407556 692.9750000000 533.9740000000
-1.0378864636 -0.6063433380 0.7260369975 457.7620000000 371.0600000000
-1.0366528945 -0.1839363834 1.4057629766 692.6870000000 534.2620000000
-1.0362863024 0.5016317894 0.6930704668 457.7460000000 830.7070000000
-1.0356601524 -0.1735133940 0.9578516475 552.5600000000 537.5100000000
-1.0319032523 -0.6254783755 2.7782864854 967.2260000000 417.7480000000
-1.0253875459 0.4986562389 0.6914034093 457.7780000000 830.0200000000
-1.0252992427 0.5157576267 0.6067500680 421.8780000000 845.7620000000
-1.0243867763 -0.5309216956 0.4654488812 346.6090000000 392.3030000000
-1.0200679467 0.0315226395 1.3569420065 686.1760000000 609.4450000000
-1.0138305292 -0.5790844055 2.7674225150 972.2370000000 426.9070000000
-1.0119734860 -0.1807515811 1.3875912469 692.0440000000 533.0200000000
-1.0106034484 -0.6205762095 2.7460424355 967.5470000000 417.6560000000
-1.0090514526 -0.5547769409 0.7340217481 466.2690000000 386.1860000000
-1.0081042000 -0.6073093216 0.5226987939 374.4540000000 360.2520000000
-1.0054149660 -0.6220934192 0.2180818958 215.5710000000 336.4710000000
-1.0022788642 -0.6046976874 0.5189606248 372.9520000000 359.8450000000
-0.9921454022 -0.5973283833 0.6994336495 455.3860000000 370.5900000000
-0.9855520961 -0.5700453682 0.2416695555 228.9230000000 357.9280000000
-0.9810673635 -0.6775076955 0.1738732964 187.9470000000 301.5670000000
-0.9743268853 -0.3779082926 2.7662451390 983.7460000000 475.8970000000
-0.9697966632 -0.3769530125 2.7622045983 984.4300000000 476.3100000000
-0.9661093353 -0.8622192741 2.7952781632 979.6160000000 354.4060000000
-0.9570622704 -0.6411000156 2.7725869147 985.0550000000 410.1070000000
-0.9566608922 -0.8632334230 2.7642382479 978.7510000000 355.2160000000
-0.9547182216 -0.6378354728 2.7763866285 985.8560000000 411.1040000000
-0.9546379460 -0.1853797395 2.7841733659 994.6180000000 522.4460000000
-0.9535301421 -0.8610927392 2.7665394830 980.2800000000 354.3790000000
-0.9493076433 -0.2130261358 2.7810693744 994.6620000000 515.0340000000
-0.9487269828 -0.6380067275 2.7648804530 986.1800000000 411.4000000000
-0.9432120461 -0.6370059578 2.7577359208 984.5700000000 410.9680000000
-0.9277589848 -0.5105477375 0.5022178016 371.2300000000 388.9490000000
-0.9222547516 -0.2742055412 0.3115176600 269.0400000000 499.6340000000
-0.9122631099 -0.3910039258 0.0285492297 86.9146000000 434.9060000000
-0.9093972694 -0.2716046104 0.3134897650 269.7500000000 499.2130000000
-0.9077864049 -0.4217789315 1.6403685432 781.7220000000 450.1360000000
-0.9054985491 -0.2740316106 0.3354210706 281.7870000000 499.6830000000
-0.9044576416 -0.4450642196 1.8231989958 823.4170000000 445.3900000000
-0.9012225331 -0.3835677254 0.1994970141 202.0630000000 440.8580000000
-0.9012171814 -1.0443433011 2.7984356718 993.7070000000 306.7120000000
-0.9007836930 -1.0378597050 2.7942613383 993.6240000000 308.1690000000
-0.8999113643 -0.4163844083 1.6348964202 778.7580000000 452.1970000000
-0.8983647203 -0.3839423451 0.2008745441 203.8330000000 439.5940000000
-0.8957075965 -0.9976763940 2.7778315901 995.9580000000 316.6180000000
-0.8949556813 0.1541201366 1.6198982542 786.9550000000 645.2520000000
-0.8948887849 -0.4362178438 1.5993476896 771.4470000000 444.6200000000
-0.8933501684 -0.3391458605 1.6357072042 781.0770000000 477.3110000000
-0.8898340953 -0.3471279352 0.1835192177 189.1470000000 457.5680000000
-0.8894380688 -0.3900780801 2.0568385788 876.3840000000 465.4800000000
-0.8893979309 -0.3483160148 0.1821772765 189.7600000000 457.8390000000
-0.8892373796 -0.3031582897 0.1802297894 189.5400000000 482.3620000000
-0.8851995148 -0.1883279963 0.6863192853 463.8820000000 533.0910000000
-0.8837037120 -0.3286083444 0.1441860257 163.2460000000 467.6380000000
-0.8837037120 0.0620255107 1.6242117321 788.7930000000 614.2910000000
-0.8831926237 -0.3427796713 0.1157275076 144.6030000000 458.9790000000
-0.8825049291 -0.5005159579 0.3105463248 270.3150000000 380.5640000000
-0.8822641021 0.2848072778 0.2981838757 264.0440000000 794.3880000000
-0.8811455948 0.0813045091 0.9017309455 559.0030000000 648.5140000000
-0.8794785373 -0.3028211320 0.0950707115 128.5690000000 480.6830000000
-0.8789406905 -0.3401680370 0.1433227950 164.0450000000 460.5460000000
-0.8764360905 0.0605495092 1.6192560491 788.9860000000 613.2710000000
-0.8737013669 0.6340143522 1.3235633941 716.7790000000 842.6450000000
-0.8733882919 -0.2847323538 0.0551672949 98.4515000000 490.8190000000
-0.8726390525 -0.2991792937 0.1376481098 158.7980000000 482.0560000000
-0.8724945564 -0.2981624689 0.1365432494 158.8040000000 482.5820000000
-0.8719326269 0.1374198594 0.3731318918 308.8410000000 707.5470000000
-0.8706535683 -0.3053578424 1.6179636112 785.9510000000 489.4030000000
-0.8700113632 0.0101589629 -0.1315011362 -56.4284000000 674.5600000000
-0.8696394193 0.0910373956 2.0233368771 884.4400000000 612.7150000000
-0.8677556176 -0.1269596755 0.0030523475 59.8717000000 584.2220000000
-0.8668832889 -0.2415451283 0.1827806818 188.2000000000 514.9230000000
-0.8646676812 -0.2416596549 0.1638597127 175.9830000000 514.9270000000
-0.8644161508 -0.2426127943 0.0768061297 113.4290000000 514.1430000000
-0.8643224959 0.1186546251 0.2684899154 245.8850000000 707.5440000000
-0.8638783040 -0.1273096773 0.0032733196 59.5399000000 584.2300000000
-0.8637418354 -0.0495867998 0.0022363082 59.9581000000 630.1110000000
-0.8634314363 0.2922916435 0.3874263080 316.0140000000 791.3520000000
-0.8630514649 0.2990909905 0.8839980560 556.8460000000 745.1870000000
-0.8609268362 0.1803389643 0.1875830383 191.9570000000 751.4650000000
-0.8606110854 -0.2222040500 0.0342704747 80.5707000000 525.7300000000
-0.8601374591 -0.1282596058 0.0009314945 59.1585000000 583.5840000000
-0.8601107005 0.1985203271 1.9928374845 884.1000000000 646.2690000000
-0.8598297358 -0.1870949624 0.6958774385 471.0660000000 539.4950000000
-0.8595996123 -0.4595807317 0.9040509116 554.9110000000 420.5170000000
-0.8594096266 0.2904426279 0.3863693454 316.9050000000 792.2200000000
-0.8579164996 -0.3802924792 1.7393992522 814.1070000000 464.3830000000
-0.8574161148 0.1171810319 0.2706065165 245.9250000000 706.8760000000
-0.8568782680 -0.2969048172 0.6048288042 428.9610000000 486.1700000000
-0.8560300220 0.1325993070 0.1994033592 199.1530000000 722.7640000000
-0.8542853647 0.0798295780 1.6166497665 794.0310000000 620.6990000000
-0.8535227461 -0.0299880368 1.6281612937 794.6410000000 582.7810000000
-0.8531133403 -0.1834563351 0.0851719220 119.8220000000 549.5620000000
-0.8530758784 -0.4128308731 1.7353934976 814.3720000000 451.9240000000
-0.8522303082 0.2704352618 0.8756600926 557.7510000000 732.6420000000
-0.8518101990 -0.1797085329 0.2593360838 235.7230000000 545.7310000000
-0.8517834405 0.2935626746 0.1958225303 199.1040000000 814.2150000000
-0.8512429178 -0.4716970021 0.8881081689 549.9670000000 411.9430000000
-0.8507880225 0.4112949325 0.8768749306 562.0190000000 794.4380000000
-0.8502020103 -0.3663887378 0.6338511250 442.4430000000 453.9020000000
-0.8497792253 -0.2976995460 0.8680927753 543.8040000000 488.0360000000
-0.8478124720 -0.1778643338 0.0148459901 64.5607000000 552.1870000000
-0.8471221015 -0.3779109685 0.6797607652 462.5940000000 450.1820000000
-0.8469347917 -0.4694840702 0.8880840862 550.4370000000 415.6560000000
-0.8446094739 -0.4884933425 0.7332189917 485.7380000000 401.3700000000
-0.8442375301 -0.3781464437 0.6793781180 462.0870000000 449.6870000000
-0.8439886756 0.6172313911 0.9719748090 602.3660000000 878.2690000000
-0.8436247593 -0.2943413483 0.6058697117 429.9780000000 485.4400000000
-0.8425356864 -0.2937098466 0.6052676444 429.2710000000 486.7600000000
-0.8381285536 -0.4113645047 -0.0311678211 26.2755000000 408.5720000000
-0.8362260209 -0.5007648124 0.0195368438 69.8901000000 360.2910000000
-0.8350834309 -0.1804441254 0.2145337123 207.6170000000 546.0030000000
-0.8349121762 -0.1784498108 0.0904944647 118.9720000000 549.3050000000
-0.8275187895 -0.4648789242 0.5974595002 428.2400000000 405.1140000000
-0.8254690847 -0.1779296247 0.1536135973 164.9830000000 547.7440000000
-0.8219610391 -0.1773990027 0.5080110271 382.1480000000 542.0540000000
-0.8149235411 -0.4638433684 0.6002263340 427.9260000000 404.8090000000
-0.8109044073 -0.2673138772 1.7846345770 839.9960000000 500.8100000000
-0.8002357743 -0.4632841147 -0.1267100183 -64.2201000000 366.8640000000
-0.7956011939 -1.0796726116 2.7862070155 1018.3100000000 288.0500000000
-0.7948706855 -1.0819979294 2.7904883831 1019.6700000000 287.8240000000
-0.7947797064 -0.4086886500 -0.1258917419 -65.9921000000 402.2360000000
-0.7945495829 -1.0645593838 2.7765204213 1018.6700000000 287.7060000000
-0.7942953767 -1.0808259050 2.7887223190 1018.9800000000 287.4190000000
-0.7856149039 -0.1976827845 1.4631493579 760.9430000000 525.3810000000
-0.7833216963 -0.2944992237 -0.0898800885 -38.9947000000 477.2250000000
-0.7814111360 -0.2508332877 -0.0726510624 -22.4637000000 505.7620000000
-0.7692707830 -0.4193893932 2.8004693214 1041.7600000000 458.6520000000
-0.7616526245 -0.4198496402 2.7999073919 1040.6000000000 458.9260000000
-0.7565925831 -0.4150250741 2.7932980306 1042.2400000000 458.6440000000
-0.7536651980 0.1136826193 -0.1313496828 -89.4881000000 764.1190000000
-0.7380783440 -1.5118927283 2.7667267928 1021.7900000000 168.9480000000
-0.7055319225 -0.7062436998 2.7942078212 1051.8700000000 380.8650000000
-0.6960192588 -0.7526002078 2.7859929471 1055.8900000000 365.2540000000
-0.6906675492 -0.1170012144 2.0991732770 944.7910000000 547.2420000000
-0.6874297650 -0.7452041452 2.7832635753 1056.4300000000 366.2810000000
-0.6846013865 -0.7438742454 2.7866351523 1054.9500000000 366.5630000000
-0.6734056102 -0.8395360532 2.7772696606 1054.7900000000 341.3230000000
-0.6732825208 -0.8377780167 2.7723728464 1055.4500000000 339.9670000000
-0.6697985579 -0.8356614155 2.7679844446 1053.9300000000 339.1610000000
-0.6611662505 -1.5076996639 2.8048844818 1048.0800000000 161.7770000000
-0.6335353742 -0.6104561268 2.8097010203 1076.8200000000 400.6420000000
-0.6313197664 -0.6139775517 2.8136345268 1077.0600000000 400.8510000000
-0.6243571923 0.3209687791 1.5841274277 854.1770000000 728.3640000000
-0.6241886135 0.3346825347 1.5826878178 852.3840000000 729.8320000000
-0.6229871547 -0.0886866572 2.8841165414 1102.2500000000 545.4970000000
-0.6219489230 -0.0887120779 2.8827250969 1102.3000000000 545.3670000000
-0.6129179132 -0.9143342215 2.7892039728 1072.6100000000 314.8190000000
-0.6113525382 -0.9159343826 2.7888293532 1073.0000000000 313.4090000000
-0.6085268355 -0.0668693430 2.7274987620 1084.3500000000 552.9630000000
-0.6069561088 -0.1261213302 1.6796447394 870.4340000000 546.7620000000
-0.6047806389 -0.0887918183 2.8509359423 1103.5200000000 546.1610000000
-0.6000524035 -0.0923804072 2.8897893535 1109.5700000000 543.6120000000
-0.5997714387 -0.0920681349 2.8821096503 1109.5800000000 543.8730000000
-0.5991372612 -0.1245912765 1.6678014062 873.1950000000 546.4840000000
-0.5935500764 -0.0795499511 2.8692655474 1109.8900000000 548.8350000000
-0.5931032087 -0.1318677283 1.6591824780 873.7010000000 545.5050000000
-0.5195466370 -0.2108081198 2.8682487226 1130.9400000000 508.3720000000
-0.5144892715 0.3631322226 1.9350925387 977.4360000000 728.6520000000
-0.5051532142 0.3597098043 1.9159066600 974.8710000000 724.3980000000
-0.5046501535 -0.2558596133 2.5835163688 1091.3200000000 495.4770000000
-0.5023061048 -0.4109845334 2.8722357462 1132.2900000000 451.0480000000
-0.4744798911 0.0176159012 2.1886699155 1036.4600000000 590.2950000000
-0.4698560140 -0.8568488336 2.7859126715 1121.8500000000 316.9790000000
-0.4636774654 0.4669446841 1.0831833330 739.0700000000 861.7210000000
-0.4636507068 0.0416181043 1.9312821215 989.9070000000 605.9710000000
-0.4617321190 0.4661178449 1.0818052678 739.1020000000 863.0600000000
-0.4584836313 -0.8704261206 2.7802666179 1122.0500000000 311.8460000000
-0.4472878550 -0.8673729704 2.7544178609 1121.3500000000 310.7540000000
-0.4295362344 0.6658730790 1.1736298999 790.7520000000 962.7810000000
-0.4201332808 -1.4354462336 3.0163305253 1155.3700000000 157.8090000000
-0.4195633237 -1.4378759097 3.0128786726 1154.6800000000 157.1720000000
-0.4194000966 -1.4003818327 3.0689378300 1164.5100000000 172.0040000000
-0.4167295935 -0.9888112872 2.7730150515 1133.5300000000 270.4220000000
-0.4144604687 0.0298478220 1.8535645957 988.8850000000 605.0310000000
-0.4135185678 -1.4338969136 2.9920337640 1154.0700000000 156.4990000000
-0.4091301660 -0.9078961149 2.7595555020 1136.0000000000 296.0870000000
-0.4089455320 0.3251190298 1.6231494178 935.3430000000 743.2880000000
-0.4070055373 -0.8973318403 2.7385768007 1134.6000000000 294.8620000000
-0.3953361347 0.0408546830 2.4287904187 1113.6200000000 593.4050000000
-0.3944477509 -0.9831036889 2.8067575801 1145.8000000000 272.4360000000
-0.3942470618 -0.9799354769 2.8025297296 1145.7400000000 272.5330000000
-0.3912126425 0.0407733370 2.4226386286 1110.9500000000 594.1260000000
-0.3815795653 -0.3746276947 2.7838255048 1162.3900000000 453.6320000000
-0.3803620514 0.0437555771 2.4909853110 1129.0000000000 592.9970000000
-0.3774293146 -0.3730542921 2.7775640046 1163.0200000000 453.8860000000
-0.3741219581 0.6678157496 1.1844671117 816.8430000000 979.8690000000
-0.3734262359 0.6763544021 1.1980711573 820.6750000000 980.2180000000
-0.3691983853 0.6691429735 1.1873436556 818.8210000000 980.7200000000
-0.3657331534 -0.9226989435 2.7789822076 1154.2900000000 283.5820000000
-0.3569831083 0.6671708686 1.1853046543 824.8880000000 983.5380000000
-0.2929284970 0.0116604920 2.6473622635 1187.4800000000 578.3680000000
-0.2927947042 -1.0461361238 2.8498120833 1188.2100000000 244.0430000000
-0.2927893525 -1.4922011131 3.2656666723 1230.6100000000 143.0740000000
-0.2921524991 -1.0460906343 2.8489825683 1187.9900000000 243.4930000000
-0.2915183215 -0.8833933128 2.8532371774 1192.3400000000 290.9820000000
-0.2880557655 0.0115282780 2.6324416973 1188.7900000000 579.2000000000
-0.2860997156 -0.2042386287 2.7643452821 1200.7300000000 505.4490000000
-0.2833971023 -0.1763326745 2.7540699998 1203.0700000000 515.1120000000
-0.2820003061 0.3842821787 1.6416021122 996.5330000000 782.7380000000
-0.2817996170 0.0013359526 2.7594752264 1208.1800000000 572.8540000000
-0.2815641418 -0.1999235453 2.7632214231 1202.6300000000 505.5510000000
-0.2802931108 -0.1775370768 2.7557557883 1204.2500000000 513.6080000000
-0.2786554877 -0.1767918512 2.7568796473 1204.5200000000 512.9360000000
-0.2778554071 -1.0743931501 2.8954354070 1195.9500000000 235.2440000000
-0.2745801609 -0.3779511063 2.7630073547 1201.2400000000 450.2220000000
-0.2713397007 -0.3743815160 2.7595019849 1201.8100000000 449.0880000000
-0.2596020638 -0.4372293169 2.7599836388 1205.7200000000 427.3910000000
-0.2590256847 -0.0418091604 2.7600371559 1215.8500000000 559.0300000000
-0.2575333605 -0.4353990322 2.7578161964 1204.5800000000 428.7750000000
-0.2560603024 -0.6971431178 2.7534813117 1196.4400000000 344.0090000000
-0.2218064180 -0.5685923790 2.7606526025 1216.0300000000 383.0590000000
-0.2203135586 -0.5693041564 2.7571739913 1215.4600000000 382.4440000000
-0.2198629447 0.4385190789 1.6456720873 1029.0400000000 817.1320000000
-0.2195000988 -0.4335687476 2.7434200978 1219.6900000000 427.2310000000
-0.2190082767 0.4416043394 1.6509890107 1030.5700000000 820.9860000000
-0.2180289138 0.8156861597 1.5617224958 1022.0900000000 1029.2100000000
-0.2039177937 0.4530008049 1.4223372211 971.2630000000 857.8030000000
-0.2030628581 -0.2004105509 2.7792765517 1238.9700000000 504.9920000000
-0.2011070759 -0.6275601905 2.7732826370 1226.8000000000 361.0680000000
-0.1996677336 -0.6277983415 2.7753430452 1226.5100000000 360.5300000000
-0.1931172411 0.0321145385 2.7512068352 1249.3400000000 585.8610000000
-0.1923808459 0.5273280227 1.4466473616 988.6270000000 902.5130000000
-0.1888529990 -0.7096928766 2.7694294061 1226.1400000000 333.9880000000
-0.1883956954 -0.6973009932 2.7663254146 1228.2200000000 337.4840000000
-0.1861907911 0.8978001149 1.6379522463 1061.7100000000 1066.9300000000
-0.1846347815 0.7222319321 1.2920685835 946.5670000000 1048.8700000000
-0.1815112563 0.8875703221 1.6210301408 1061.4900000000 1067.1700000000
-0.1304503281 -0.8895290478 2.8694528572 1261.2000000000 271.4480000000
-0.1242819477 -1.2598165061 3.2759419546 1300.7800000000 185.7370000000
-0.1083060244 0.8624012322 1.6396487382 1105.9800000000 1075.2000000000
-0.0846624393 -0.5618171147 2.7579499892 1279.5700000000 373.9960000000
-0.0759787554 -0.7095162702 2.7687336839 1279.2200000000 320.9700000000
-0.0728019806 -0.5548893268 2.7106943940 1277.6200000000 373.6110000000
-0.0705087731 -0.7084539559 2.7660578291 1281.0100000000 319.2270000000
-0.0704049499 -0.7083817078 2.7778048315 1281.0100000000 319.2270000000
-0.0623840752 -0.7997327136 2.7402358306 1278.3100000000 285.3800000000
-0.0112051151 0.4272885164 2.3176916047 1289.9600000000 770.8530000000
-0.0056591652 0.4218110417 2.3105417208 1290.9600000000 770.9150000000
-0.0054556665 0.0854494081 2.5054054923 1306.1700000000 615.1290000000
0.0003794175 -0.8117981427 2.8113332917 1316.9200000000 277.3720000000
0.0012443233 0.0838200802 2.4873622036 1306.8900000000 615.9120000000
0.0037754973 0.0837020750 2.4815368678 1306.5700000000 614.9730000000
0.0039721191 -0.6103597960 2.6987868403 1311.5600000000 342.8930000000
0.0086408167 -0.6163992002 2.7056370285 1313.9100000000 343.0220000000
0.0129634995 0.0271569824 2.7999609090 1352.7700000000 583.0540000000
0.0149109063 -0.3197432376 2.7473803629 1334.6500000000 452.6860000000
0.0171749203 -0.5330061865 2.8036803471 1334.6300000000 376.1040000000
0.0200347401 0.4128335490 2.4394751068 1325.5500000000 758.5820000000
0.0257753851 0.4088037117 2.4189700317 1323.9300000000 759.0690000000
0.0323168332 0.4033877817 2.3905578058 1323.2200000000 760.4080000000
0.0358561863 0.1703181558 2.7047272379 1358.5800000000 641.9840000000
0.0381103263 0.3110413579 2.6966729151 1364.9700000000 699.0760000000
0.0426330560 -0.3184588273 2.7565585447 1349.9300000000 451.7600000000
0.0431925773 -0.8186269241 2.8400987305 1342.2400000000 269.6630000000
0.0493590846 -0.4239758082 2.6150325862 1332.6800000000 407.8680000000
0.0498495688 -0.7136852519 2.8126444606 1345.2300000000 307.7670000000
0.0799358094 0.5887469171 2.0598221569 1308.9200000000 898.5750000000
0.0805731980 0.5697001829 1.7912840761 1253.4300000000 932.8810000000
0.0810923138 0.5694058389 1.7881105123 1254.5200000000 932.2510000000
0.0857461604 0.5734918691 1.5895754680 1208.7000000000 978.2120000000
0.0892084489 0.5692854254 1.5860513673 1208.6000000000 978.1130000000
0.0893197645 0.5680705873 1.5846411918 1208.1900000000 977.7160000000
0.1010293049 0.5673213480 1.9970573075 1311.8300000000 899.6330000000
0.1464254486 0.5351923598 2.0658187474 1355.1400000000 880.4900000000

gimbalangles:
0.1432282265 -0.0209480483 2.1996652379

end: