T_CW:
-0.9036777917 -0.3832013612 -0.1911103493 0.9476120706
-0.3434507138 0.9151631089 -0.2109931072 0.3849668627
0.2557499873 -0.1250327993 -0.9586233583 0.1479031830
0.0000000000 0.0000000000 0.0000000000 1.0000000000


target_points_pix:
0.4935078943 -0.5693041564 -2.8606225365 1099.5300000000 458.1070000000
0.4990308585 -0.8642020825 -2.8921708642 1130.1100000000 361.8040000000
0.5452830082 -0.1063066257 -2.3121552612 1057.1200000000 611.5060000000
0.5585258134 -0.0951244962 -2.2081554899 1054.9400000000 609.4960000000
0.5626038160 -0.0921786477 -2.2077112980 1056.0900000000 610.0700000000
0.5638079507 -0.0937587399 -2.2096941064 1056.3300000000 610.3090000000
0.5819770045 -0.4320006967 -2.8266391810 1051.2400000000 489.6990000000
0.6228613895 -0.0970982067 -2.2188401780 1027.3800000000 599.1670000000
0.6426975009 0.0610292900 -2.3945903189 985.6790000000 659.4950000000
0.6667025940 0.0628039168 -2.7542305511 961.3520000000 649.5330000000
0.6864851882 -0.1197744703 -2.7460691940 978.5710000000 579.2250000000
0.6869454353 -0.1214538368 -2.7501632518 979.3680000000 579.6230000000
0.7991092395 0.1992072190 -2.2044012657 902.4520000000 693.5280000000
0.8098929342 -0.4207594308 -2.1994429068 996.6360000000 431.8170000000
0.8103852914 -0.4212598157 -2.2133680550 995.9180000000 431.8180000000
0.8110783378 -0.4124000605 -2.2476189960 993.0420000000 436.9970000000
0.8121620590 -0.2327776901 -2.2055331522 965.7030000000 508.0590000000
0.8410559387 -0.4976313865 -2.2100740778 995.9410000000 395.8590000000
0.8637177528 -0.2649197900 -2.0569402613 954.2320000000 482.1830000000
0.8708007403 -0.3951996661 -2.0720882751 970.0710000000 423.2050000000
0.9051667431 -0.3840413517 -2.1945086306 949.5570000000 431.8480000000
0.9155597630 0.1144754751 -2.1196622970 870.4900000000 638.9960000000
0.9395140148 0.2282862679 -2.2703048927 839.4080000000 678.7180000000
0.9572763388 -0.2746095953 -2.0608122231 912.6280000000 460.8380000000
0.9579212198 -0.7775846637 -2.0900994535 989.6910000000 255.7110000000
0.9618814848 -0.7783339031 -2.1005513422 989.5480000000 255.5670000000
0.9633291222 -0.7836829367 -2.1178775018 988.8290000000 256.2870000000
0.9704549235 -0.2787919563 -2.0760726228 906.8430000000 457.7650000000
0.9720042434 -0.2740262589 -2.0705683896 905.6450000000 457.8460000000
0.9737863627 -0.3217875906 -2.1272724279 912.5990000000 443.3780000000
0.9762481490 0.2407340767 -2.2644099846 821.6360000000 675.6370000000
0.9805268408 0.2389618581 -2.2673266663 820.4390000000 674.9990000000
1.0009917781 0.2394031065 -2.2620472049 812.0570000000 671.6520000000
1.0019711409 -0.6771865929 -2.1118835872 956.0120000000 292.7630000000
1.0056183309 -0.6808846242 -2.1284845901 954.3370000000 290.8450000000
1.0351624434 -0.1415982066 -2.0631214858 856.5200000000 503.8250000000
1.0375626851 -0.2321250492 -2.0178032095 870.9170000000 463.0610000000
1.0381032078 -0.7721901405 -2.1037944782 954.8300000000 248.3810000000
1.0420393901 -0.5515926737 -2.1103529982 919.6770000000 336.9510000000
1.0432140904 -0.5509959581 -2.1065051191 918.3990000000 336.9110000000
1.0458257246 -0.5500567331 -2.0996629584 918.9740000000 336.9110000000
1.0580115672 -0.5081769301 -2.1064837122 905.7010000000 351.9460000000
1.0580971946 -0.6970976282 -2.1249417584 932.7890000000 278.1860000000
1.0581346566 -0.5103202898 -2.1062883748 906.8990000000 350.7300000000
1.0611690759 0.2324648827 -2.2613033172 788.8300000000 657.7730000000
1.0686186555 -0.5883803250 -2.1140242710 914.0960000000 317.9650000000
1.0704890780 -0.6298105843 -2.1139092092 918.4120000000 300.9320000000
1.0728786163 -0.6339688626 -2.1339085477 919.6900000000 300.9720000000
1.0862926763 -0.4504667704 -2.0946377032 884.4740000000 369.7340000000
1.0865495583 -0.4530382668 -2.1012256576 885.7350000000 368.9420000000
1.0919253505 -0.5066142309 -2.1075112405 891.3330000000 346.7550000000
1.1000251629 -0.9800933523 -1.9560418056 965.8730000000 132.4440000000
1.1157003201 -0.5063894591 -2.1122100414 881.7530000000 343.9610000000
1.1236690156 0.2683828812 -2.2649505073 758.1490000000 662.1190000000
1.1241399660 0.2258862938 -2.2599573623 763.5360000000 644.2780000000
1.1248945571 0.2247035660 -2.2578942783 764.4000000000 643.4140000000
1.1317046075 -0.2812831770 -2.0839583668 838.5970000000 430.7120000000
1.1327508667 -0.2823428155 -2.0950257021 837.7990000000 430.9120000000
1.1345410135 -0.2825836425 -2.0996308482 837.8790000000 430.4720000000
1.1348995781 -0.6702213430 -2.1261672999 898.5400000000 277.1880000000
1.1360689266 -0.6698868611 -2.1257177563 898.3000000000 278.1950000000
1.1538526574 -0.5484699512 -2.1173048689 870.9810000000 321.0970000000
1.1580671286 -0.4125873704 -2.1064489261 848.2530000000 374.9280000000
1.1581019147 -0.4082899476 -2.1040219259 847.0060000000 376.7510000000
1.1671837658 -0.3784969807 -2.1087421337 839.8140000000 387.9460000000
1.1706516736 -0.1400141006 -2.0664502491 799.0360000000 481.0860000000
1.1738359407 -0.1434576581 -2.0698913983 797.8380000000 480.8870000000
1.1767820568 -0.6197440187 -2.1311925551 873.7830000000 291.9880000000
1.1774296137 -0.5498239337 -2.1194402010 861.7990000000 317.9810000000
1.1786310725 -0.6200624454 -2.1313209962 873.3840000000 291.5890000000
1.1820588424 -0.4524816891 -2.1105643908 844.6180000000 355.1660000000
1.1892595676 -0.3166258668 -2.1012363610 819.4410000000 407.9400000000
1.1958823082 -0.5054074204 -2.1121725795 847.0210000000 332.3780000000
1.2000111521 -0.5863654064 -2.1220518353 857.8100000000 300.9890000000
1.2000405865 -0.7671755887 -2.0971503308 886.5710000000 226.7980000000
1.2014266792 -0.5885435521 -2.1248374001 859.0070000000 301.1880000000
1.2251053180 -0.6246997017 -2.1239222577 854.2190000000 281.9950000000
1.2277570901 -0.5042086375 -2.1187578580 833.8440000000 327.9830000000
1.2278641243 -0.5505597938 -2.1245885456 842.2340000000 311.9880000000
1.2322632295 -0.5962125519 -2.1188809474 848.2270000000 292.7930000000
1.2518371071 -0.5918321776 -2.1285835967 837.9240000000 292.0270000000
1.2622488580 -0.6766942357 -2.1212999201 846.5550000000 257.4720000000
1.2623746232 -0.7048415519 -2.1505657436 850.0060000000 252.2880000000
1.2684461377 -0.7691824798 -2.1042707804 857.8190000000 216.9990000000
1.2712611369 -0.6772534893 -2.1401673720 843.4400000000 258.0010000000
1.2792539151 -0.7742023833 -2.0999332198 855.1830000000 214.5590000000
1.2857134285 -1.1830943982 -1.9548617537 915.7160000000 28.8538000000
1.2867141981 -0.2766807068 -2.0866984421 771.9090000000 407.9580000000
1.2887344685 -0.2775904975 -2.0885875956 771.5090000000 407.9580000000
1.2918893013 -0.2802128351 -2.0911216300 770.5980000000 407.7670000000
1.2945705077 0.1214862146 -2.1352304200 706.6380000000 571.8290000000
1.2976798510 -0.3225903470 -2.1159749691 777.5070000000 392.2220000000
1.3009631248 -0.4070269442 -2.1254287640 789.5970000000 357.6770000000
1.3150916379 -0.4206818310 -2.2186983577 789.0220000000 358.5400000000
1.3403329759 -0.5079922962 -2.1926034220 790.4680000000 318.2350000000
1.3412320631 0.3972012055 -2.1139493470 638.2240000000 680.2280000000
1.3420187644 -0.5029242272 -2.1801981593 789.5090000000 319.1950000000
1.3428884172 -0.9824828906 -1.9678690837 860.3480000000 101.8890000000
1.3452511970 0.3953655691 -2.1131011011 635.7310000000 677.2090000000
1.3452886590 -0.9840562932 -1.9734830270 859.8040000000 101.9360000000
1.3591148005 -0.2618706535 -2.0747748333 739.5300000000 402.5960000000
1.3613544910 -0.6714602637 -2.1968580311 807.8900000000 254.0020000000
1.3622830126 -0.2423283510 -2.1044233041 734.9480000000 410.9690000000
1.3623820192 -0.2396920988 -2.0859063891 735.5470000000 410.3690000000
1.3666205731 -0.7862811917 -2.1337292655 820.6710000000 202.1700000000
1.3673912193 -0.5777518299 -2.2019876447 790.7100000000 290.4010000000
1.3734225960 -0.4792589677 -2.1922555609 773.2070000000 325.4350000000
1.3742092973 -0.5830634016 -2.1951401323 789.9110000000 286.0010000000
1.3742307041 -0.4195954340 -2.1861171500 763.9340000000 347.9900000000
1.3759780373 -0.6718750212 -2.1931385930 801.9770000000 252.0020000000
1.3771580892 -0.6751770260 -2.2024077539 802.6970000000 252.0020000000
1.3907701624 -0.7213274931 -2.1916347626 804.8530000000 231.8400000000
1.3909200103 -0.7262457142 -2.2266376188 805.0930000000 231.6000000000
1.4094288977 0.2953207111 -2.0742236072 625.0820000000 622.6850000000
1.4121020766 0.2938329359 -2.0789197323 624.8820000000 622.8850000000
1.4154683019 0.2965596319 -2.0941614010 624.8420000000 623.4050000000
1.4253047440 0.4599580273 -2.1083568106 594.8130000000 689.8690000000
1.4261021487 0.4579377569 -2.0933746997 593.8130000000 689.8700000000
1.4507226884 -0.2717731892 -2.1372801247 708.4550000000 388.7860000000
1.4519562575 0.1358518085 -2.2348203826 650.3310000000 553.1160000000
1.4521194846 -0.2699000909 -2.1347755247 707.0160000000 388.7860000000
1.4557880815 -0.4099409500 -2.1660803496 730.0470000000 338.3970000000
1.4626998143 -0.4635463485 -2.1581491160 734.3650000000 315.6010000000
1.4632724473 0.2863164599 -2.1905537172 616.8930000000 609.9010000000
1.4656833924 0.3253116913 -1.9310412946 581.6290000000 630.6390000000
1.4709253919 0.4323030683 -1.9200194488 557.9550000000 677.2930000000
1.4865791423 -0.2829662897 -2.1272135591 695.9840000000 379.1920000000
1.4875692085 -0.4448742340 -2.1497148218 721.4140000000 318.2410000000
1.4888589705 -0.4472129310 -2.1585451425 722.9730000000 318.0010000000
1.4893620312 -0.2257594583 -2.0921357790 682.9870000000 397.9880000000
1.4950214640 0.1667608745 -2.2155569042 626.3330000000 556.7300000000
1.5063108953 -0.4030024586 -2.1433891012 707.9820000000 330.0000000000
1.5067229769 -0.3650427829 -2.1422545387 701.9850000000 344.9980000000
1.5073437752 -0.3661050972 -2.1445771807 701.9850000000 344.3990000000
1.5287399099 -0.9550687586 -2.2081795726 785.8910000000 131.9430000000
1.5310545243 -0.4263118294 -2.1516146787 702.9850000000 319.0010000000
1.5448833417 0.2847751675 -2.1558773153 580.6970000000 596.3390000000
1.5453221819 0.4874230006 -1.9364465212 519.6100000000 685.3950000000
1.5492985021 -0.5069219542 -2.1653257585 709.9000000000 286.5600000000
1.5510752697 0.4804738057 -1.9303562758 515.7690000000 681.9610000000
1.5518780261 0.3241985358 -1.9350524009 546.8650000000 611.9580000000
1.5526700791 0.1262703753 -2.1718254097 606.9480000000 530.9570000000
1.5535504353 0.2884437644 -2.1763154940 580.2170000000 596.0990000000
1.5575347831 0.2906620480 -2.1843430583 580.8970000000 595.9390000000
1.5669644953 0.3032867308 -1.9310921358 543.4720000000 599.9660000000
1.5679572374 0.3049644917 -1.9308272262 542.8710000000 600.9660000000
1.5684817049 -0.3640848269 -2.1442159403 678.9950000000 336.0000000000
1.5714197934 -0.3001479531 -2.1342109193 665.9970000000 359.9990000000
1.5813151044 0.4338630916 -1.9254300271 510.9920000000 655.1740000000
1.5895353302 -0.3008650822 -2.1340236095 659.9990000000 356.4000000000
1.5954891070 -0.3160612614 -2.1335874452 659.9990000000 350.0000000000
1.5970518062 -0.4007279820 -2.1467740574 672.1880000000 319.6800000000
1.6038939669 0.4348076683 -1.9233803224 502.3450000000 650.8640000000
1.6127109083 -0.4234406373 -2.1520535189 671.9950000000 308.9990000000
1.6128232942 -0.4083086786 -2.1522943458 669.5960000000 313.9190000000
1.6129784938 0.3245865347 -1.9351861936 521.8510000000 601.1820000000
1.6161012163 -0.3012156192 -2.1338202445 649.0000000000 353.0000000000
1.6212442092 -0.1678614535 -2.1468088436 626.9950000000 403.9970000000
1.6222770891 -0.5037885283 -2.1452969856 677.9900000000 275.9930000000
1.6277572397 -0.5076176765 -2.1485695560 679.0940000000 276.4740000000
1.6279525771 0.5342611624 -1.9436606256 479.7120000000 689.9990000000
1.6311448718 -0.1472223181 -2.1521953392 619.9930000000 410.9960000000
1.6330072667 -0.3583799045 -2.1404590402 652.7990000000 328.7990000000
1.6335638445 -0.3020531617 -2.1342644364 643.6800000000 349.9200000000
1.6351452747 -0.3597633214 -2.1430974330 652.9990000000 328.9990000000
1.6515723471 -0.4412859127 -2.1525833381 658.9950000000 295.9950000000
1.6559072318 -0.4439323331 -2.1585933079 658.7960000000 296.3950000000
1.6570310908 -0.1424520719 -2.1522515321 609.5910000000 409.1980000000
1.6647616352 -1.1296709578 -2.1558559085 758.2630000000 44.2133000000
1.6722219183 0.5370708099 -1.9349319874 456.8820000000 682.8260000000
1.6736454730 -0.2675737027 -2.1326482201 622.9980000000 358.0000000000
1.6754008337 -0.3182394072 -2.1381765361 631.9990000000 337.9990000000
1.6817640164 0.3263499230 -1.9329250963 492.3040000000 589.2550000000
1.6865270379 -0.1484149466 -2.1578199859 600.9890000000 403.0000000000
1.6894570988 -0.1608464327 -2.1559629427 601.1900000000 398.4000000000
1.6925450352 -1.1584979412 -2.1705142409 752.8590000000 36.7963000000
1.6992507273 0.3254240772 -1.9338750248 486.8190000000 585.0120000000
1.7001846006 0.2869640167 -2.2992308827 539.8890000000 572.3790000000
1.7144790167 -0.1656648444 -2.1535787561 592.7870000000 392.4010000000
1.7159400334 0.2656048088 -2.2063037984 526.9240000000 560.1510000000
1.7177328561 -0.1651778388 -2.1557836604 591.9860000000 392.0010000000
1.7375181263 -0.2620485978 -2.1465760442 599.9900000000 351.9990000000
1.7452834568 0.2550028046 -2.1346845456 509.8710000000 550.8040000000
1.7498377616 0.2511099711 -2.2051692360 514.6780000000 548.4020000000
1.7575709819 0.5124288634 -1.9391946240 429.6560000000 655.0540000000
1.7577743468 0.5125011114 -1.9405512824 429.2550000000 655.2550000000
1.7590453778 -0.7156921430 -2.1131947560 659.9540000000 175.9260000000
1.7608863659 -0.7136959554 -2.1058120727 659.9540000000 176.3260000000
1.7633213938 0.3286886201 -1.9362431562 459.4280000000 575.4550000000
1.7660775242 0.3284932827 -1.9394247476 459.1400000000 574.5910000000
1.7662889167 0.4234968302 -1.9196956704 436.8900000000 616.9430000000
1.7671532178 -0.4942517819 -2.0862355192 617.9760000000 252.9660000000
1.7693046050 0.4291509114 -1.9303107862 437.4670000000 617.8060000000
1.7693099567 -0.4960071427 -2.0913249950 619.1770000000 253.4070000000
1.7715897850 -0.4942571336 -2.0934282168 620.3290000000 252.2550000000
1.7794059568 -0.5490158256 -2.0991572219 624.9710000000 232.9560000000
1.7831494776 -0.4194536137 -2.1829302070 610.5440000000 289.4230000000
1.7858039255 -0.7068323879 -2.1057130661 647.9500000000 174.9180000000
1.7860099663 -0.7078652678 -2.1085334170 647.9500000000 175.1190000000
1.7874254935 -1.1610694377 -2.1761174808 719.8540000000 24.7477000000
1.8018617299 -0.4169971790 -2.2025870361 604.9820000000 290.9820000000
1.8046392672 -0.2184624023 -2.1135426171 563.9670000000 355.9960000000
1.8107589470 -0.9566501887 -2.2248153617 685.1110000000 101.8540000000
1.8175850525 -0.3257772901 -2.2283260831 587.9800000000 324.9910000000
1.8240900555 0.2504843563 -2.0922160546 475.0290000000 535.7040000000
1.8241596277 0.2511399407 -2.0939125466 475.0290000000 535.2240000000
1.8272769985 0.0610351768 -2.1738082181 516.9140000000 463.0110000000
1.8318045448 0.1372643922 -2.2018351209 505.3310000000 492.4930000000
1.8612657057 0.5120355127 -1.9395906505 387.1690000000 636.0920000000
1.8632806244 -0.8912603258 -2.6058811629 679.1550000000 173.9340000000
1.8656862178 0.5085435222 -1.9356009511 388.3740000000 634.2670000000
1.8668074009 -0.8343529226 -2.1599178560 640.7150000000 125.8550000000
1.8681533559 0.6308541677 -1.9417768239 365.2130000000 685.5720000000
1.8749393236 -0.6853613292 -2.0967864146 611.6420000000 170.9640000000
1.8789343747 -0.6928804811 -2.1070402900 611.9290000000 169.8910000000
1.8807298733 -0.3606302984 -2.2164238811 570.9630000000 302.9780000000
1.8831595494 -0.5298700847 -2.1450508070 587.9490000000 232.9390000000
1.8832906663 -0.7312575902 -2.1095368625 617.9220000000 153.8750000000
1.8846366212 -0.6784763549 -2.1088491679 608.3290000000 172.6910000000
1.8886316724 0.2448214448 -2.1396910699 458.8070000000 523.0310000000
1.8908633353 0.0452765330 -2.1770914919 496.6900000000 447.6140000000
1.8958511286 0.0458026060 -2.1798449465 495.8240000000 447.5660000000
1.8995732425 -0.3755000233 -2.2158592758 565.8760000000 295.1720000000
1.9007720255 0.5315879835 -1.9363341353 369.5160000000 638.1090000000
1.9025327379 -0.5562700678 -2.1261806792 583.9370000000 217.9230000000
1.9038144723 -0.5545923069 -2.1215728573 582.2720000000 217.6500000000
1.9046600424 -0.8234943039 -2.1303871229 624.8640000000 123.6800000000
1.9060595145 -0.8235692279 -2.1335285764 625.1040000000 123.4400000000
1.9085132733 -0.4932938259 -2.1568379472 575.9440000000 244.7430000000
1.9087139624 -0.2563474217 -2.1388749342 535.6150000000 331.1820000000
1.9087326934 -0.2554732199 -2.1432124947 535.6140000000 330.0300000000
1.9183925291 -0.6769618211 -2.1163281819 596.3190000000 171.4820000000
1.9190320584 0.2278046140 -2.1410102663 452.1990000000 511.2320000000
1.9208007984 0.0630236045 -2.1722722775 483.8700000000 450.0160000000
1.9221815394 0.2266130559 -2.1406169156 451.9580000000 511.2320000000
1.9343887889 -0.5314622183 -2.1364452580 569.9280000000 224.3220000000
1.9349480425 -0.6262998629 -2.1190200918 580.9160000000 187.8900000000
1.9364170868 -0.4969410160 -2.1387090312 563.9290000000 237.9310000000
1.9365990449 -0.6269527714 -2.1210644449 582.9180000000 187.8920000000
1.9405914202 -0.6782917210 -2.1087581888 586.7070000000 166.6690000000
1.9489374112 -0.4840407201 -2.1423294627 556.9230000000 240.9300000000
1.9519423961 0.1622234275 -2.1411413832 450.5240000000 480.9880000000
1.9564110736 0.1898941741 -2.1297663246 442.1530000000 490.7840000000
1.9635234956 -0.6758620448 -2.1102673709 578.7770000000 164.0200000000
1.9657283999 0.5908367597 -1.9415814865 332.0210000000 649.5910000000
1.9658648685 0.6544204206 -1.9415306453 322.3150000000 677.1780000000
1.9658996546 0.6535668229 -1.9394220717 321.8740000000 676.9780000000
1.9668014177 0.5516301357 -1.9346590502 339.8390000000 634.3110000000
1.9672027959 0.6139668483 -1.9406609925 329.1200000000 659.6800000000
1.9678102149 0.5321606164 -1.9353066071 343.6050000000 625.0870000000
1.9684818544 -0.6434494161 -2.1177811711 573.0200000000 176.9920000000
1.9696110652 -0.6887007960 -2.1146959105 579.8960000000 161.8580000000
1.9709115306 -0.6431390169 -2.1185651965 572.3000000000 177.4720000000
1.9924307546 0.2009029082 -2.1175135856 425.9900000000 489.6360000000
1.9933432211 0.3182768692 -2.0732442444 397.1050000000 530.5530000000
1.9957916282 0.4707176393 -1.9380547099 342.6670000000 592.9120000000
1.9959949931 0.4707122876 -1.9375757319 343.6300000000 593.3920000000
1.9965622744 -0.3933640297 -2.1586066872 527.9020000000 269.9400000000
1.9993853011 -0.2565681797 -2.1078510740 496.6740000000 313.8800000000
1.9997652725 -0.3929492722 -2.1553796064 526.9410000000 269.5070000000
2.0002308712 0.4711136658 -1.9298451875 343.4690000000 593.1120000000
2.0018015980 0.4732115359 -1.9412603839 343.3410000000 592.8160000000
2.0020959420 -0.5712227442 -2.1267693672 551.8930000000 201.4860000000
2.0029334845 -0.5717953772 -2.1278718194 551.4130000000 201.4860000000
2.0099281689 0.3056334554 -1.9330695925 369.3820000000 521.9210000000
2.0129839950 0.3027274771 -2.0802442804 395.6640000000 523.0560000000
2.0173670451 -0.6067527438 -2.1210778241 549.9590000000 185.6250000000
2.0190180475 -0.6091422821 -2.1230365498 548.8770000000 184.8640000000
2.0256060020 -0.3883842640 -2.1628987583 518.2880000000 267.7730000000
2.0272034873 0.3107095519 -1.9539492872 366.7820000000 522.0660000000
2.0283862151 -0.2580835162 -2.1558880188 496.8740000000 313.9600000000
2.0308239188 -0.6743127249 -2.1029301771 552.8200000000 156.7880000000
2.0394294677 -0.7019864149 -2.1030398872 554.2520000000 145.0120000000
2.0507617126 -0.4951776277 -2.1475768139 522.8690000000 224.8930000000
2.0696826817 -0.9619135951 -2.2185939993 595.9930000000 74.0324000000
2.0700787082 -0.8247920935 -2.1701155386 573.5400000000 110.3650000000
2.0726742873 0.2188648509 -2.0908915065 389.9000000000 482.4410000000
2.0781490861 -0.9681724194 -2.1972674369 591.4200000000 66.9092000000
2.0791525317 -0.5135741292 -2.1385725626 516.5240000000 214.1480000000
2.0803994800 -0.6087007661 -2.1233148387 528.8420000000 176.8370000000
2.0806135484 -0.5145615196 -2.1403252475 515.8490000000 212.2730000000
2.0837389467 -0.6084840218 -2.1211741549 526.8790000000 176.9550000000
2.0853658664 -0.1372373661 -2.1434292390 454.2710000000 349.0260000000
2.0899362264 0.0349838576 -2.1238366304 420.7430000000 411.0030000000
2.0901101569 -0.1371629773 -2.1499690280 454.8480000000 348.4500000000
2.0906988450 -0.6775210748 -2.0982367279 531.8190000000 145.7920000000
2.0914025948 -0.2177468787 -2.1045624485 459.1640000000 315.3060000000
2.1008189277 -0.7149241727 -2.1018196974 536.2150000000 134.1770000000
2.1092585736 -0.5913371445 -2.1186240653 514.7650000000 179.5410000000
2.1110647756 -0.5870691562 -2.1202991504 514.6210000000 179.8290000000
2.1248989447 -1.0190805563 -2.2119123900 584.7870000000 44.6535000000
2.1255572050 -0.6810532031 -2.1121377934 523.3920000000 148.3970000000
2.1396107942 -1.0317212942 -2.2175129540 582.1130000000 39.3821000000
2.1398114833 -0.8200397754 -2.1450748897 541.7870000000 98.7185000000
2.1497094701 -0.8526745001 -2.1707042266 545.8330000000 91.2923000000
2.1514514516 -0.8339221099 -2.1647825600 544.1100000000 98.2161000000
2.1530221783 -1.0929876649 -2.2314782400 588.7640000000 21.6033000000
2.1748009602 -0.9994638650 -2.2171410102 567.1260000000 47.1579000000
2.1780226894 -1.0064157357 -2.2257465591 567.7660000000 46.6375000000
2.2106788209 0.2467477927 -2.1204409707 343.5180000000 472.0410000000
2.2197767271 0.2739219006 -2.1270155459 337.8970000000 482.4490000000
2.2333486625 -1.0171699960 -2.2266563497 550.9600000000 37.6104000000
2.2353020365 -1.0136592745 -2.2275447335 549.3270000000 39.1962000000
2.2353769604 -0.4007681199 -2.1772573949 450.7460000000 236.5910000000
2.2391499156 -0.1358349506 -2.1462201555 402.2960000000 329.9820000000
2.2464095096 -0.1309678384 -2.1517966368 400.4670000000 329.9330000000
2.2496553214 -0.4441169671 -2.0665224972 435.1300000000 207.1590000000
2.2504661054 -0.4426559504 -2.0662549117 434.5530000000 207.1590000000
2.2531339326 -0.9702890205 -2.2200229058 536.8380000000 48.5627000000
2.2592589642 0.3757381744 -2.1476865239 310.1870000000 513.6790000000
2.2621355081 -0.9760474599 -2.2324549270 536.1180000000 50.0052000000
2.2750411556 0.6916281811 -2.1712581285 255.3940000000 632.3740000000
2.2788970623 -0.5274163259 -2.1103369431 447.5200000000 179.7660000000
2.2882224162 0.6967417396 -2.1873694501 256.0770000000 633.2140000000
2.3493362631 0.1446047970 -2.2104353182 331.8750000000 419.9980000000
2.3597105521 0.2675589855 -2.1742122722 298.8700000000 462.2760000000
2.3655011018 0.1355092991 -2.2007513998 325.8510000000 413.9910000000
2.3686960724 0.1360415266 -2.2060442405 326.0440000000 412.9820000000
2.3837263486 -0.5343387622 -2.2193485904 430.4370000000 182.1520000000
2.4097222776 -0.2457034066 -2.1294880357 360.6520000000 265.9370000000
2.4110575292 -0.2489607246 -2.1273714345 360.6990000000 265.0230000000
2.4265560800 0.4509564518 -2.1106874801 233.0350000000 516.1030000000
2.4297456988 0.1822176819 -2.2033228962 298.1430000000 421.1930000000
2.4514308259 -0.5830687533 -2.2372366795 416.0170000000 158.6680000000
2.4617837079 -0.5981926844 -2.2284010070 413.5510000000 149.6700000000
2.4683636348 0.4723552624 -2.1136255686 217.8320000000 518.5100000000
2.4791071917 -0.5415047012 -2.2324147892 401.2990000000 171.0590000000
2.4795058940 0.4525994267 -2.1173316275 217.9560000000 507.0960000000
2.4841779365 -0.6167791716 -2.2039784806 404.1500000000 140.7590000000
2.4851733544 0.2341675291 -2.1940992248 270.4230000000 432.0010000000
2.4871106733 -0.5687341993 -2.2321900174 403.5320000000 159.6790000000
2.4877849887 -0.6174695422 -2.2077434083 406.3160000000 140.0400000000
2.4885128212 -0.6168032543 -2.2080457798 405.5940000000 139.6070000000
2.4936263796 -0.4102192389 -2.2334342899 376.3020000000 210.9470000000
2.5004391059 -0.4125285016 -2.2390375297 376.2030000000 208.8310000000
2.5065614616 0.3769931503 -2.0982206727 217.9600000000 476.0540000000
2.5265286898 -0.1869673241 -2.2624405555 336.3880000000 286.6850000000
2.5271949777 0.1857340227 -2.1946691819 264.1480000000 408.9300000000
2.5495999096 -0.9733207639 -2.2715143790 448.2770000000 28.2143000000
2.5557409963 -0.3652140376 -2.2179384149 347.8860000000 217.1680000000
2.5568916138 -0.0178071713 -2.2054769593 290.2730000000 334.8780000000
2.5739608914 -0.9759511292 -2.2857044368 444.6680000000 29.4118000000
2.5927641228 -0.8884560301 -2.4350947325 443.5430000000 78.7471000000
2.6114710235 0.1923136820 -2.1891595969 238.0550000000 399.9490000000
2.6187172382 -0.7940224395 -2.4705310772 428.0820000000 106.7300000000
2.6270364707 0.0632077033 -2.2003072079 254.1140000000 351.8820000000
2.6312696729 -0.1385423805 -2.2191800115 288.6680000000 284.9140000000
2.6315372584 -0.2082673957 -2.2805052510 310.1050000000 266.1800000000
2.6340766445 -0.0027122464 -2.2080377523 264.1080000000 329.6120000000
2.6342291683 -0.0066188338 -2.2097797337 264.1490000000 329.8520000000
2.6348927802 -0.0011709139 -2.2076925670 264.3500000000 329.8520000000
2.6354145719 0.1582923293 -2.1967001556 236.6410000000 383.9240000000
2.6473355049 0.3614731926 -2.1537767694 188.8710000000 452.1780000000
2.6893143145 -0.3639403307 -2.2254629185 307.6240000000 202.4500000000
2.7092226739 -0.4079474382 -2.2088726190 303.3090000000 184.4990000000
2.7268833154 -0.2787518184 -2.2162017852 281.1320000000 226.6710000000
2.7420821704 -0.3979772033 -2.2280451184 299.1630000000 185.6000000000
2.7466043650 -0.7848656645 -2.2118428178 349.9660000000 59.8161000000
2.7466578821 -0.6279241067 -2.2146417618 328.9390000000 108.8860000000
2.7611877734 0.2167501228 -2.1727753382 184.7450000000 386.3030000000
2.7661648633 0.9191962496 -2.2239002193 73.8411000000 637.4270000000
2.7691350621 0.8421423358 -2.2123672853 84.9729000000 608.3470000000
2.7762528358 -0.8612720215 -2.2098386025 353.1370000000 30.4444000000
2.7793300688 -0.7931447592 -2.2479400985 351.9870000000 58.1346000000
2.7831297825 -0.8589627588 -2.2142992524 353.1370000000 30.2437000000
2.7834776436 -0.7859279789 -2.2180561525 342.3410000000 55.7083000000
2.8018875244 -0.6284566018 -2.2162151644 313.4980000000 102.6010000000
2.8088982639 -0.6334738295 -2.2159101170 311.8560000000 101.3460000000
2.8121895653 -0.6226366177 -2.0695676199 283.3110000000 82.0790000000
2.8148386615 -0.6245899917 -2.0729472245 282.9070000000 81.2755000000
2.8160695547 0.0175344749 -2.1878511039 201.5950000000 311.7670000000
2.8166314842 0.2978761524 -2.1552083517 146.0990000000 406.7240000000
2.8357906043 -0.6150211350 -2.0618932684 270.1330000000 80.4626000000
2.8457983011 -0.1471816452 -2.1932670340 219.1550000000 253.0950000000
2.8504542884 -0.6194684057 -2.0744510549 271.0030000000 81.3314000000
2.9040516594 0.0747275257 -2.0646654540 138.3390000000 309.0100000000
2.9078246146 -0.5990329028 -2.0627896798 247.7010000000 76.1837000000
2.9388377713 -0.5076658419 -2.0758639062 224.7120000000 108.6900000000
3.0030850442 -0.0963291660 -2.0654521553 137.2660000000 235.4950000000
3.0094535785 0.3190154051 -1.9357962885 28.4866000000 372.7690000000
3.0170797646 0.2656791976 -1.9211219010 31.0926000000 350.1020000000
3.0178825211 0.2653856563 -1.9220397191 31.4962000000 349.7010000000
3.0296027649 0.2064365758 -1.9517738173 49.4881000000 327.9740000000
3.0344460620 0.2150720943 -2.0722622057 77.9195000000 340.7200000000
3.1357539235 0.3981939476 -2.0988923123 24.4618000000 394.8310000000
3.1559833855 0.4034867883 -2.1279119572 25.0678000000 394.6310000000
3.4256827872 -0.0420644369 -2.5681997761 122.6050000000 258.7410000000
3.4534581597 -0.0022385478 -2.4066182861 77.8101000000 255.4640000000
3.4946930816 0.0296080654 -2.4152666487 62.4758000000 258.6500000000
3.5497086556 -0.0443777134 -2.7254918709 123.4760000000 258.7430000000
3.5725604553 -0.0062773947 -2.3956740401 44.1206000000 237.8090000000
4.2245859859 -0.2232810816 -2.8703091308 29.1635000000 168.0360000000
4.2306334176 -0.2591589423 -2.8723695389 32.1701000000 157.9990000000
4.2420058004 -0.2613357501 -2.8841968170 31.9695000000 158.6010000000
4.4063300415 -0.5141039484 -2.8464672648 19.8048000000 78.5764000000

gimbalangles:
0.1759806246 -0.3755800765 2.2143872034

end: