T_CW:
0.7723293493 -0.0726557389 -0.6310535000 -0.6961252679
0.0505892402 0.9973170136 -0.0529103311 0.0574289306
0.6332046313 0.0089396845 0.7739327988 -1.0387709730
0.0000000000 0.0000000000 0.0000000000 1.0000000000


target_points_pix:
0.7643391826 -0.9246897794 2.9537690409 -94.2208000000 141.3320000000
0.7814646531 -0.6955830945 2.9679510711 -86.2699000000 232.0450000000
0.8071261003 -0.5109705225 2.7469522261 -94.2102000000 287.3010000000
0.8132056424 -0.4909872391 2.7499491834 -92.4513000000 294.6040000000
0.8309251526 -0.2639134010 2.7751557353 -85.3129000000 390.4130000000
0.8623664461 0.2083150259 2.8484206388 -74.3525000000 575.9660000000
0.8630541408 -0.1568190037 2.7676365834 -68.1940000000 435.7240000000
0.8634153812 -0.0927389717 2.7816313039 -71.7113000000 462.5340000000
0.8654329757 -0.1549386805 2.7578161964 -68.1991000000 435.5360000000
0.8671348193 -0.0864549944 2.7796244128 -70.4260000000 463.8680000000
0.8740599314 -0.3942871996 2.7608131538 -57.6755000000 340.6690000000
0.8817556897 -0.8570147366 2.7630608718 -42.6558000000 158.8700000000
0.8945650065 -0.2888719012 2.7911573468 -44.3189000000 383.7630000000
0.8956433760 -0.5296346095 2.7511533181 -44.5518000000 288.3850000000
0.8957985755 -0.7566996173 2.7663521731 -37.3179000000 199.4390000000
0.9021644340 -0.2920989820 2.7786075880 -45.2725000000 385.4220000000
0.9039197947 -0.2935118333 2.7817383380 -44.2773000000 384.7050000000
0.9173980752 -0.9238335059 2.8426943096 -17.9877000000 145.6820000000
0.9227551364 -0.9661441214 2.7405569332 -18.0106000000 115.7560000000
0.9227952743 -1.4937049435 3.3023793997 16.8520000000 23.2069000000
0.9235980307 -1.5014515430 3.3237862378 17.8559000000 24.1809000000
0.9243445942 -0.9670940499 2.7284353111 -18.2114000000 113.1220000000
0.9406057636 -0.5914950199 2.7559966152 -17.5490000000 270.7470000000
0.9580657159 -0.9003234459 2.8472165041 5.1693500000 160.8790000000
0.9616540372 -0.0810101651 2.9022320781 -12.4041000000 468.4800000000
0.9909038056 -0.1751199772 2.9235853991 6.3645100000 436.9790000000
0.9927876073 -0.1736279206 2.9174041746 7.3207700000 437.0580000000
1.0068171139 -0.3288571989 2.9498355344 22.0711000000 383.0110000000
1.0087089432 0.6617148007 2.8864445350 -4.8977900000 737.3940000000
1.0104107868 -0.3341099018 2.9788685586 23.6270000000 381.7440000000
1.0130866416 0.0506277073 2.8362187411 10.3322000000 517.8630000000
1.0131615655 0.1427662172 2.8417845190 7.0657500000 552.9790000000
1.0133007100 0.1463986900 2.8385199762 8.4160000000 554.0660000000
1.0138171499 0.1492334906 2.8359511556 8.6792500000 555.6680000000
1.0139616461 -0.3266763773 2.9801262103 23.7902000000 383.6370000000
1.0144352724 0.0476575085 2.8335964034 10.3326000000 518.3210000000
1.0307954484 -0.1683332067 2.9169760379 27.4960000000 440.3180000000
1.0312021783 -0.1686885602 2.9142466660 27.7778000000 440.3250000000
1.0580784636 0.0973154861 2.8355497774 34.0115000000 537.4280000000
1.0620333770 0.0979978291 2.8341583329 34.2940000000 537.1990000000
1.0727046858 0.4269700897 2.7289437235 27.6994000000 663.1990000000
1.0741309163 0.4267854557 2.7303619266 27.8607000000 663.3310000000
1.0767532540 0.4284926511 2.7391387302 28.1953000000 664.6480000000
1.0810854629 0.8822614263 2.1846721885 -1.2780300000 945.2270000000
1.0825999967 0.9089905395 2.1873373398 -3.6363500000 957.5360000000
1.0876573622 0.4230606659 2.1906848341 17.3123000000 719.6130000000
1.0881363402 0.4233416307 2.1933259028 17.7690000000 717.4750000000
1.0912751178 0.4323512337 2.1916829280 16.4146000000 724.5970000000
1.1008520020 0.8720476886 2.1816484726 9.1198800000 937.7750000000
1.1036241876 0.7323011735 2.1861572879 14.3028000000 869.4800000000
1.1055561547 0.6414532284 2.1861519362 18.4150000000 825.9700000000
1.1071322332 0.4198121782 2.6605087379 44.3049000000 665.9330000000
1.1086226843 0.5491522941 2.1896626576 23.8546000000 780.9220000000
1.1086440911 0.8088547025 2.1831737098 15.7536000000 906.3250000000
1.1102576315 -0.1667718455 2.9065134457 64.7042000000 443.9610000000
1.1155504723 -0.1681541920 2.9172971404 64.6962000000 443.6890000000
1.1196097439 -0.0692257007 2.9168690037 66.0475000000 478.5140000000
1.1251460874 -0.0683118963 2.9144339758 69.4818000000 479.5050000000
1.1315708147 0.4714561752 2.1902674008 41.8979000000 741.3730000000
1.1500368885 0.4056381755 2.2614424617 57.9333000000 696.8160000000
1.1678339985 0.4689141132 2.1912280326 65.0494000000 736.5150000000
1.1762254790 0.9071281446 1.8586701266 49.5394000000 1042.4200000000
1.1816708435 0.8427765134 2.1847042987 60.8919000000 911.5930000000
1.1888180516 0.9120811518 2.1067887597 62.5986000000 963.3230000000
1.1891445059 0.9107298451 2.1047096205 64.0008000000 962.4460000000
1.1965726787 0.5118803131 2.1917605277 82.1569000000 755.3150000000
1.1969580018 -0.1685272062 2.9131763241 102.1260000000 447.8140000000
1.1986919557 0.1398203687 2.1866335900 98.1449000000 579.9880000000
1.2021438083 0.1404818400 2.1992422177 96.2345000000 581.2590000000
1.2053468065 0.2027473749 2.6960307099 96.5655000000 580.9840000000
1.2195341884 0.3765543101 2.7339475719 98.2103000000 643.9630000000
1.2195555953 0.3772152462 2.7394598328 100.3050000000 640.6340000000
1.2196144641 -0.0094754425 2.8334893692 109.8350000000 502.3990000000
1.2199409183 0.1312627176 2.7037104131 108.6570000000 556.7280000000
1.2204600342 0.7964922535 2.1853465039 86.6844000000 884.3990000000
1.2214715073 0.8322791351 2.1840085765 86.0493000000 900.1880000000
1.2266278794 0.9097183720 1.8746128693 84.9589000000 1025.7800000000
1.2283350747 -0.7278993924 2.9594150944 127.0290000000 267.4970000000
1.2308022128 0.0949992662 2.7124336996 114.6010000000 542.2940000000
1.2381688410 0.0146361763 2.7564515105 114.6920000000 511.9940000000
1.2389261079 0.3755267819 2.2005293038 111.4070000000 685.7320000000
1.2393114310 0.6581880241 2.1843109481 102.1230000000 818.6910000000
1.2412862118 -0.1977879456 2.9047473816 123.1040000000 441.3690000000
1.2417678657 0.6585064508 2.1902379664 104.0380000000 817.4040000000
1.2443848516 0.9157015833 2.1788495285 98.2271000000 936.7250000000
1.2448103125 0.4793874087 2.1912280326 111.0420000000 735.8530000000
1.2450859256 0.5499389954 2.1920816303 113.1710000000 766.7730000000
1.2482835720 0.9056858589 2.1345427253 101.0820000000 937.8860000000
1.2500041466 0.9041686492 1.8747814481 102.7630000000 1018.1000000000
1.2526104292 0.9108101208 1.8779978256 103.1910000000 1019.0800000000
1.2552755805 -0.3054595248 2.7638368697 132.4740000000 401.8300000000
1.2562201572 0.4556499011 2.1931171861 118.1200000000 723.9670000000
1.2630756972 -0.8559818566 2.8267997323 147.6070000000 216.9810000000
1.2631452694 0.3853819550 2.1972941954 125.1310000000 690.7270000000
1.2633299034 0.3861097875 2.1971470234 125.6750000000 690.4720000000
1.2713976055 -0.8646757088 2.8565819958 146.7590000000 216.6220000000
1.2735944822 0.7704240764 2.1846374024 119.8380000000 865.2100000000
1.2770195763 0.7712455638 2.1876049253 120.1050000000 865.1850000000
1.2898904378 -0.3305322840 2.7500027005 147.7520000000 392.3960000000
1.2970751078 0.3977015903 2.7706602993 134.7350000000 645.0760000000
1.2980384155 0.5633022141 2.1898847536 139.9690000000 768.1410000000
1.2998098314 0.5633343244 2.1906179378 139.5120000000 769.8470000000
1.3021993697 0.5609314068 2.1854481864 140.2700000000 769.7900000000
1.3034757524 0.6205708578 2.1882150202 140.8090000000 794.6700000000
1.3050812653 0.6880585909 2.1874095879 137.5770000000 824.8100000000
1.3055281330 0.4652695990 2.1983431305 150.4830000000 725.3910000000
1.3064566546 -0.3178995736 2.7549530318 154.5150000000 398.4340000000
1.3098844246 0.9132799347 1.8888617959 141.3870000000 1005.9200000000
1.3111768624 -0.8159457176 3.2431359752 153.6390000000 267.8350000000
1.3115996475 0.5639872330 2.1854160761 146.1360000000 769.3070000000
1.3128733543 0.4730402812 2.1887769497 150.8640000000 728.7570000000
1.3137296279 0.4601774474 2.1906794824 152.3150000000 722.9740000000
1.3201302725 -0.2815935762 2.7565317862 160.2770000000 412.7970000000
1.3206814985 0.2024230613 2.0271071565 171.7090000000 622.0870000000
1.3209517599 0.1081773158 2.7573077840 152.4390000000 544.6430000000
1.3210882285 -0.5472363821 2.7506449057 166.9950000000 322.7770000000
1.3218026817 -0.1542499155 2.7561036494 158.0350000000 456.7150000000
1.3230924437 -0.4164165185 2.7545516536 164.5980000000 367.5220000000
1.3240825099 -0.4173610953 2.7593414337 165.3340000000 366.8880000000
1.3247434461 -0.5492887627 2.7630073547 167.7820000000 321.5140000000
1.3251234174 -0.6794530419 2.7553008930 170.0500000000 277.6320000000
1.3262231938 0.8923119368 2.0663780010 150.3090000000 938.5030000000
1.3282675468 0.7548131397 2.1651411245 149.9000000000 855.1590000000
1.3288107453 0.7542030448 2.1626151176 150.3140000000 855.6980000000
1.3300362868 0.8952928390 2.0747400472 148.1630000000 939.2230000000
1.3346976258 -1.3497064952 2.9249233265 182.2550000000 74.8611000000
1.3414434557 0.2325320467 2.0576600662 179.1340000000 633.4410000000
1.3471430263 0.7693403552 2.1489067137 162.1040000000 862.4490000000
1.3594599858 -0.4164620081 2.7531334506 180.0200000000 369.3510000000
1.3600192394 -0.5484458685 2.7555149613 182.7020000000 324.8370000000
1.3600700807 -0.5472497614 2.7541770340 182.5220000000 325.9510000000
1.3713461327 -1.2317307344 3.3093366221 181.3300000000 161.1010000000
1.3715976630 0.9142860561 2.0645798266 172.7200000000 943.5910000000
1.3720980478 0.9115379533 2.0598355361 174.0580000000 942.5510000000
1.3740567735 0.8235879588 2.1263947475 173.6340000000 888.0070000000
1.3749986744 -0.2786367567 2.5124403145 190.6430000000 408.3250000000
1.3791168149 0.6841464912 2.1890766454 180.2710000000 813.6660000000
1.3818863246 0.6861132444 2.1911798673 179.1910000000 815.4480000000
1.3877196880 -0.8120068594 2.7683590642 197.4080000000 240.2020000000
1.3907246729 -0.8121700866 2.7738980836 197.7360000000 241.2040000000
1.3931195629 -0.0954084044 2.1129459015 215.8870000000 481.0470000000
1.4004861910 -0.1657130097 2.7756106306 188.5880000000 456.0040000000
1.4010106586 -1.2236282462 3.0122097090 202.3230000000 134.3850000000
1.4060760517 -1.2305694135 3.0270071858 202.2710000000 133.8880000000
1.4081364598 -1.3387247872 2.9897860460 206.1210000000 98.5751000000
1.4116685881 0.7350144903 2.1797111537 196.8350000000 833.0250000000
1.4129503225 0.8614459521 2.0910065683 197.7290000000 905.9210000000
1.4132072046 0.7881810486 2.1370714081 197.5440000000 865.1360000000
1.4132821285 0.8383105118 2.1034011276 196.0060000000 893.1240000000
1.4142347328 0.2090813907 2.0451290383 221.4510000000 620.5420000000
1.4146013249 0.7360393426 2.1866790795 197.4100000000 832.2660000000
1.4152087440 0.7902762429 2.1386688934 197.4320000000 863.7050000000
1.4160436107 -1.2545290170 3.0891405334 209.5040000000 137.2100000000
1.4172022558 0.2109159567 2.0476443418 221.7550000000 620.2730000000
1.4206300257 0.8684566915 2.0781089483 199.7350000000 912.9190000000
1.4241434230 -1.3303921755 2.9391321153 216.5430000000 97.2713000000
1.4243494638 -1.3256773194 2.9279202839 216.1780000000 97.2329000000
1.4265784509 0.9109760238 2.0600121425 205.4850000000 933.3070000000
1.4267497056 0.5054930478 2.2186154062 206.4190000000 730.9180000000
1.4271912216 -1.2728612980 2.9670145220 214.4910000000 118.3680000000
1.4283552184 0.9121560757 2.0602449419 204.3880000000 934.1670000000
1.4289358789 0.1604065222 2.0608603885 229.1460000000 598.5820000000
1.4335169423 0.6009836009 2.2190355154 209.8330000000 769.2390000000
1.4497754358 -0.7757195930 2.7422962388 222.6280000000 255.3260000000
1.4497941668 -0.7728805110 2.7365699096 222.6110000000 255.1040000000
1.4524352355 -0.6781258180 2.8056337211 218.0770000000 288.9050000000
1.4524539664 0.8592490753 2.1002222121 215.6950000000 898.2660000000
1.4535457152 0.5722743552 2.2135660682 219.4330000000 757.1820000000
1.4545277539 0.8614727106 2.0986274027 218.0910000000 898.2750000000
1.4549264562 0.5778294297 2.2223723063 219.2600000000 757.5110000000
1.4581856473 0.8273689416 2.1172647311 219.9100000000 879.8900000000
1.4672032779 0.6818104700 2.2201914846 222.2890000000 799.3450000000
1.4680943375 0.7781198347 2.1404483368 225.2010000000 851.9340000000
1.4697426641 -1.1873650624 3.0136546705 228.2090000000 155.2340000000
1.4732078960 0.8094674732 2.1315752024 227.6580000000 867.5210000000
1.4737163084 0.7703384490 2.1519598640 228.0060000000 846.8530000000
1.4862366328 0.1570017646 2.0464295038 260.3430000000 596.3380000000
1.4867343418 0.1996021752 2.0430177889 259.5650000000 614.6810000000
1.4880134004 0.1566143008 2.0444226127 261.4890000000 596.0570000000
1.4882595790 0.4596422764 2.2156666142 240.9990000000 708.8410000000
1.4902664701 0.1567226729 2.0463304971 262.4270000000 596.4630000000
1.4930894969 0.7557149027 2.1666128447 237.6660000000 835.8670000000
1.4938735223 0.5364312806 2.2265011502 237.9560000000 737.9480000000
1.4940849149 0.5413387982 2.2229770494 238.4210000000 741.3170000000
1.4969935690 0.5431904897 2.2371376729 238.2650000000 738.4220000000
1.4976919671 0.6827256123 2.2214785708 237.5430000000 795.6770000000
1.5015157636 0.9153055568 1.5985877469 286.6620000000 1064.4100000000
1.5018743281 0.6676364673 2.2224177958 239.0310000000 790.2690000000
1.5063938468 0.9040188014 2.0634318849 246.6850000000 916.7380000000
1.5159065105 -1.3266968200 3.0005697407 245.4990000000 117.8170000000
1.5308404559 0.4740571060 2.2118080316 260.1150000000 711.1350000000
1.5418221639 0.5930603950 2.2233489932 259.6350000000 756.7750000000
1.5457904565 -1.3484060298 3.0446410687 253.1910000000 121.0520000000
1.5463951997 -0.4327365567 2.2078798769 290.9070000000 351.3760000000
1.5474066728 -0.7643231275 2.7247961486 261.4530000000 267.7230000000
1.5477625615 -0.6604865834 2.7139321783 259.4450000000 299.8750000000
1.5490844337 -0.6515599319 2.6973686373 259.1390000000 299.5900000000
1.5508157117 0.5470169620 2.2252889880 263.7650000000 735.9210000000
1.5534005874 -0.4366272496 2.2492057778 291.0490000000 353.4180000000
1.5609491737 0.6967363879 2.2123110923 267.4930000000 797.0690000000
1.5663998899 0.1318428429 2.0906399762 295.4600000000 582.0610000000
1.5672775703 0.6909752725 2.2106574141 269.9070000000 795.9130000000
1.5686690147 0.6934718450 2.2185806201 268.8180000000 796.6510000000
1.5718907439 0.5380929864 2.2188963709 275.4520000000 733.2730000000
1.5751419074 -0.5275099808 2.7482633949 264.7950000000 346.9260000000
1.5773173773 0.5393158520 2.2217274253 276.1300000000 735.2030000000
1.5805444582 0.8596424259 2.2201219124 267.5810000000 857.3810000000
1.5865651314 0.1973271634 2.0441523513 307.4360000000 612.4060000000
1.5882696509 0.0893821119 2.0951675224 306.0780000000 564.0440000000
1.5921228818 -0.3910413878 2.1545902292 315.9240000000 369.6110000000
1.5986706984 -0.6470751993 2.7567726131 273.6120000000 311.6150000000
1.6011619191 -0.6483167959 2.7599301217 274.4510000000 311.3970000000
1.6070193652 0.0645919230 2.0842687660 316.4310000000 555.5630000000
1.6086837469 -0.0143971422 2.1081748525 314.7070000000 522.0100000000
1.6092724349 -1.2523455195 3.0003556723 276.2070000000 148.3890000000
1.6099012608 -0.0144095314 2.1060154377 315.4790000000 522.1600000000
1.6246318413 -0.3432613251 2.1702252486 324.3940000000 393.5060000000
1.6247094411 0.0935623322 2.0836640228 323.0960000000 566.9840000000
1.6265343740 0.0447413620 2.0904232319 324.6620000000 545.8980000000
1.6290978429 0.3043276383 2.0625274460 318.6980000000 654.4900000000
1.6309816446 0.0072431107 2.0920822619 327.8940000000 531.5120000000
1.6509328178 -1.1967519609 3.0140025316 288.2870000000 171.0430000000
1.6676488825 -0.3710500768 2.1458722944 348.0310000000 383.2540000000
1.6693962157 0.1976319433 2.0413186212 344.7650000000 610.5140000000
1.6705254264 -1.2582350759 2.9363759849 299.2920000000 149.7460000000
1.6750476209 0.1491104013 2.0661987188 346.2790000000 590.6440000000
1.6759627632 -0.0145120167 2.0893876761 348.0260000000 524.2020000000
1.6843435404 0.7641037074 2.2008236478 316.8160000000 812.9910000000
1.6893848507 0.7404678823 2.2065580046 318.5130000000 804.6490000000
1.6977121108 0.7504862825 2.2209005861 321.0550000000 804.7050000000
1.6992801617 0.0946016342 2.0773516814 354.3830000000 567.6650000000
1.7020469955 0.9199829509 1.4979220906 419.4270000000 1052.3700000000
1.7047576364 0.5839758681 2.1967617003 333.5440000000 747.2880000000
1.7055416618 0.0105242438 2.0919136830 356.5900000000 533.2860000000
1.7098471121 -0.3347922448 2.0967221941 371.0160000000 396.5440000000
1.7116773968 0.0454328029 2.0741460074 362.2850000000 547.9320000000
1.7143157896 -0.0144086484 2.0831101209 363.4820000000 524.1820000000
1.7155894965 0.5902882094 2.2141467287 334.2880000000 745.6620000000
1.7183135166 0.1271250433 2.0489367797 368.8090000000 582.3240000000
1.7237240949 -0.4311604783 2.2178982771 361.9010000000 365.9070000000
1.7242833486 -0.0302368913 2.0808169133 372.4220000000 516.6240000000
1.7247355680 0.9293698494 1.9531358274 358.4600000000 920.3330000000
1.7261939089 0.1306908874 2.0554952997 369.5880000000 583.0170000000
1.7372130788 -0.3472349694 2.1784026608 369.1960000000 397.5040000000
1.7390861772 -0.0353595476 2.0864469118 372.4220000000 516.9210000000
1.7422704443 -1.3904945494 3.0199161707 315.9080000000 128.4010000000
1.7480155045 -1.4050083856 3.0591977186 316.3660000000 128.2470000000
1.7481546490 -0.4058682990 2.1715712035 375.3950000000 373.7430000000
1.7548121756 0.9138445401 2.2067426386 342.4210000000 860.9960000000
1.7563267094 0.5128195381 2.2013507912 354.4330000000 719.8360000000
1.7579241947 0.9105639421 2.2128007738 341.7410000000 859.5900000000
1.7623366792 -1.3526338803 3.0263917392 322.2430000000 142.1000000000
1.7866842817 -1.0471797072 2.9545450388 328.9200000000 223.1930000000
1.7869973567 0.5830473465 2.1980086486 365.0560000000 740.0120000000
1.7871605839 -1.0383172762 2.9418347286 328.4590000000 224.5340000000
1.7902672512 -0.9131140317 2.9659709386 327.5680000000 262.0360000000
1.7917202404 0.5387565984 2.3062442980 353.6220000000 716.4430000000
1.7927879064 0.5766119157 2.1982146894 365.8070000000 737.5590000000
1.7928307201 0.5817361776 2.2029563041 365.4840000000 737.7920000000
1.7937458624 -1.3479591620 3.0425806605 328.9830000000 150.1270000000
1.7946824116 -0.9186905130 2.9699044451 327.1970000000 259.7730000000
1.7992260130 0.8772067366 1.7010034121 431.9320000000 946.0780000000
1.7994641641 -0.9256744940 2.9779320094 327.7170000000 258.4050000000
1.8032719054 -0.5838527787 2.7937796845 338.6080000000 347.1250000000
1.8048988251 -1.1613370231 2.9587728893 334.9400000000 189.7280000000
1.8096056536 0.6856904594 2.2035503438 369.0940000000 774.0380000000
1.8120433573 0.9214145332 2.0182340221 386.5390000000 892.1070000000
1.8122226396 0.9211068099 2.0148892036 386.9130000000 893.2750000000
1.8157119542 0.9238575886 1.8179623481 416.8250000000 936.0050000000
1.8171863502 0.9170528899 1.8128354103 416.7330000000 935.3230000000
1.8176091352 0.9187788163 1.8143767027 417.4720000000 936.4520000000
1.8182754231 0.8726925696 2.2022043889 367.7250000000 841.7110000000
1.8266080348 0.8761872360 2.2135633924 367.6820000000 840.9740000000
1.8270896887 0.2664113114 2.0513343455 403.3580000000 634.2620000000
1.8383657406 0.7702367665 2.2106600900 374.8960000000 802.7110000000
1.8447530060 0.8580931060 2.1991351835 378.1550000000 833.6540000000
1.8487614364 -1.2168101683 3.0666365949 343.2110000000 190.9540000000
1.8559273755 0.8969946826 1.6777636135 458.3360000000 953.0880000000
1.8627186949 0.7644702995 2.2013802256 386.3530000000 798.8180000000
1.8646024966 0.7609328195 2.1990629354 386.8730000000 799.0590000000
1.8762103546 -1.2807095801 3.1049013180 348.5530000000 182.2350000000
1.8797184002 -1.0063622186 2.9514678058 355.9640000000 242.4260000000
1.8822845449 0.5452856840 2.1900319256 400.5770000000 723.0710000000
1.8832879904 0.5466824802 2.1972995471 399.4750000000 722.2970000000
1.8853269918 0.0405994064 1.7951587138 477.1110000000 557.4570000000
1.8880536878 0.5514160673 2.2036252678 399.7470000000 722.0280000000
1.8910533210 0.0640155439 1.9771195136 446.1550000000 558.8000000000
1.8920193045 0.0695047923 1.9931452078 444.3850000000 559.8870000000
1.8952838474 -1.0088534394 2.9647400454 355.9330000000 242.6500000000
1.8961775828 0.0670810031 1.9926314437 444.6400000000 559.3970000000
1.8981951773 0.6967363879 2.1912333844 402.7140000000 774.1840000000
1.8998488556 0.7777960562 2.2012009434 400.1460000000 803.2420000000
1.9005820398 -0.3493060810 2.1728288553 430.1250000000 404.3470000000
1.9051443722 0.7868163627 2.2089555705 398.8880000000 802.9860000000
1.9057170051 0.8657139404 2.1990709630 399.7710000000 830.5030000000
1.9084811631 0.6971779039 2.1992127833 403.5180000000 773.8810000000
1.9094979879 0.2194457789 1.8411727123 472.2170000000 628.8410000000
1.9110713905 0.2188859901 1.8314727388 470.9120000000 629.7240000000
1.9130006817 0.8866310971 2.2039222877 401.7890000000 837.1680000000
1.9130595506 0.1455044194 2.0063344960 449.5090000000 588.7180000000
1.9139746929 0.5425134985 2.2025950637 408.9980000000 718.8400000000
1.9142556576 0.8864785734 2.2059907234 402.1480000000 836.4850000000
1.9147640700 0.2213600854 1.8516299527 472.3930000000 630.8850000000
1.9167843404 0.5418258038 2.2040614321 409.5990000000 719.4360000000
1.9176834276 -0.6555121693 2.8090052981 371.8490000000 335.0580000000
1.9201050762 0.0360194134 1.9546048716 461.5870000000 549.4240000000
1.9222323807 -0.6527881492 2.8041620010 372.8800000000 334.3270000000
1.9236746664 -0.3946885778 2.1683815847 440.4460000000 391.0890000000
1.9241456168 0.0320642325 1.9586507640 462.4580000000 548.1780000000
1.9295321125 -1.3405550719 2.9592545432 376.1840000000 158.2020000000
1.9304927443 -0.3965509728 2.1763315492 442.5380000000 390.0960000000
1.9311697356 0.3304091947 1.1811570794 649.9940000000 768.4290000000
1.9395451610 -0.6628279563 2.8594986775 372.8800000000 334.3270000000
1.9410998326 -1.3512397600 2.9697706524 376.5210000000 158.3490000000
1.9419694854 0.9167665735 1.4438992588 549.8980000000 1013.4800000000
1.9470214992 -0.4031308996 2.2233623725 441.9380000000 391.7010000000
1.9502539318 0.3131980968 0.9536104177 769.0530000000 812.0410000000
1.9508774059 0.4158706442 0.9575626552 759.0700000000 880.6470000000
1.9511476673 0.4140537388 0.9569284776 759.8150000000 879.8300000000
1.9512787842 0.4151187290 0.9576429309 760.1560000000 880.8540000000
1.9526300908 -1.2745925761 3.0302449701 373.7230000000 184.0190000000
1.9611607158 -1.3722693025 3.0374965365 376.5040000000 158.1110000000
1.9624879398 -1.2935831173 3.0700349304 374.1300000000 183.3470000000
1.9721129894 -0.1081767806 2.1261244862 456.4040000000 493.6520000000
1.9739058121 0.2937259017 0.9193434216 797.4370000000 804.0160000000
1.9742322663 0.3585136973 0.9225490956 791.0760000000 847.6650000000
1.9752597946 -0.3578821955 2.1694251680 458.6150000000 405.8970000000
1.9761642335 -0.1086528151 2.1309115904 455.7750000000 492.8370000000
1.9762471850 0.0291866183 1.8590153119 499.7950000000 551.2860000000
1.9816149496 0.6234179673 0.9115326015 787.7090000000 1035.5100000000
1.9857411177 0.9218881595 1.3295733639 599.7050000000 1042.9600000000
1.9860729237 0.3287501647 0.9058678170 807.3980000000 830.2860000000
1.9867552666 0.6263988695 0.9145991311 787.1080000000 1036.7400000000
1.9869987694 0.3267459495 0.9061032922 808.2750000000 829.0170000000
1.9870041211 0.5411434608 1.7938502208 500.5690000000 762.7920000000
1.9941834395 0.3866315791 0.9001495154 810.0310000000 870.8000000000
2.0010122208 0.4196007857 2.1532201916 449.6980000000 677.9280000000
2.0038031373 0.6496814818 2.1896653335 439.4470000000 751.8100000000
2.0039636886 -0.5954954228 2.8398579035 392.2390000000 357.2410000000
2.0044801286 0.4287174229 2.1627729931 450.0410000000 678.4230000000
2.0068134740 0.4257391965 2.1607500469 448.7850000000 677.9510000000
2.0079854983 -0.9263354301 2.9595488872 388.3160000000 276.4420000000
2.0097997279 0.3145146174 0.8825932323 835.8750000000 820.4770000000
2.0104258779 -0.9184710930 2.9531803528 390.2350000000 277.8520000000
2.0104446089 0.8579298789 2.1905590690 437.5700000000 821.6480000000
2.0144316325 0.7432026058 2.1622137394 444.3560000000 783.8060000000
2.0146804870 -0.9167879803 2.9552407610 391.3290000000 277.6840000000
2.0156759049 0.2698653048 0.8788256288 841.1030000000 791.3340000000
2.0160639039 -1.1747617865 2.9990445035 392.3320000000 212.8780000000
2.0172359283 0.2693354855 0.8786436706 841.4510000000 791.3930000000
2.0218276950 -0.8145649766 2.8715400240 399.1530000000 300.4950000000
2.0259217528 0.6040768891 2.1878404005 449.6510000000 735.2520000000
2.0273934730 0.7481047718 2.1928308697 443.7610000000 783.1950000000
2.0298659628 -0.6135199805 2.9221136790 393.4670000000 358.0410000000
2.0338182002 -1.0641312471 2.9332987519 401.5600000000 239.8430000000
2.0356190505 0.3273774512 0.8876800322 844.4780000000 823.8250000000
2.0370319018 0.3791819995 0.8651707419 851.5050000000 868.9430000000
2.0376393208 0.5963436688 2.1925151188 449.9350000000 732.8380000000
2.0383564499 -1.0733923804 2.9458217522 400.7080000000 238.7220000000
2.0386668491 0.3792141097 0.8645044541 851.5050000000 868.9430000000
2.0590675658 -1.2792325082 3.0181501065 404.5700000000 193.0960000000
2.0680637895 0.9267876496 1.3677818941 621.3520000000 1015.9200000000
2.0698378812 0.0565386705 1.6633835700 572.9110000000 573.2930000000
2.0725431704 0.1542068343 1.7766391229 546.5680000000 605.3940000000
2.0764204840 0.1540845477 1.7836578900 547.3840000000 604.5780000000
2.0784594853 0.8074900166 2.1996489476 456.7590000000 798.6100000000
2.0914159741 0.1569958777 1.7980111749 546.5760000000 604.1780000000
2.0965322084 -0.8094166320 2.8547356560 418.7100000000 306.0300000000
2.1018892696 -0.8123306378 2.8759284258 418.5310000000 306.5570000000
2.1026438607 -0.8133314075 2.8722357462 417.8850000000 305.9120000000
2.1055846250 0.0557241403 1.7875191484 559.8760000000 564.6460000000
2.1159027210 0.5838634822 2.1407426808 482.8330000000 728.2500000000
2.1168392702 -0.1398674637 2.1318401120 502.8800000000 487.9120000000
2.1173985238 -2.2535834762 3.2509494711 411.3470000000 -15.3898000000
2.1177330057 -0.1391567567 2.1249364067 501.6970000000 487.0360000000
2.1216477812 0.6130383267 2.1493107678 485.1320000000 736.3900000000
2.1227957229 0.1264148715 0.9426260339 854.1570000000 669.5040000000
2.1260870243 0.1266265316 0.9484005285 852.6670000000 671.2750000000
2.1295709872 -2.2809414154 3.2995965107 411.1390000000 -15.3102000000
2.1329693227 -1.2792485634 3.0259636024 420.6040000000 200.0940000000
2.1332636667 -2.2823275081 3.3019245044 412.3620000000 -14.4092000000
2.1352919646 -1.1524719163 2.9588264064 425.0470000000 227.1310000000
2.1368493121 -0.4107758167 2.1550558279 511.3330000000 396.4140000000
2.1416765541 0.4196302201 2.1351233858 494.1070000000 672.4560000000
2.1442132644 -0.3133024552 2.1398248626 511.9290000000 429.3750000000
2.1445959117 -0.2462821940 2.1213828716 515.6630000000 453.9400000000
2.1463566241 -0.2445699145 2.1280403982 513.9520000000 453.4590000000
2.1477667996 -0.2426807610 2.1267452845 514.4800000000 453.0580000000
2.1525940416 -0.6707832725 2.7573880597 441.3350000000 341.9580000000
2.1678062759 -1.4607116542 3.2475778941 411.3850000000 177.3650000000
2.1800643666 -0.5965711164 2.7592611580 446.1440000000 363.1020000000
2.2022284716 -1.4882328205 3.3135644726 412.3780000000 178.8790000000
2.2032774067 0.9092768560 1.9672242027 528.4570000000 856.5090000000
2.2049364366 0.7787941501 2.0850741983 515.0910000000 792.3210000000
2.2179598218 -1.1492394837 2.9301680019 448.0900000000 232.7070000000
2.2282351040 0.5434661028 2.1132241904 521.4860000000 713.1510000000
2.2373731481 0.9110803821 1.8621942273 559.9260000000 872.0580000000
2.2637169382 -0.8395280257 2.7620440470 470.8770000000 302.4400000000
2.2750277763 -0.8629845685 2.8012988364 471.5710000000 303.1040000000
2.2793037922 -0.8671401710 2.8167652769 471.2800000000 301.8100000000
2.2829804167 -0.6798838545 2.7913981737 469.7610000000 348.8060000000
2.3036326638 0.0780228408 0.5251311459 1229.1600000000 697.2690000000
2.3143842482 0.4210243404 2.0401573002 564.0980000000 675.9230000000
2.3204370317 0.4732249152 2.0853845974 555.1320000000 690.3640000000
2.3249057091 0.0257081141 0.5587880472 1202.9500000000 648.5730000000
2.3338002504 0.8672338259 2.1057558797 545.0590000000 811.7500000000
2.3419562557 0.5711906340 0.5358666752 1193.4300000000 1062.3800000000
2.3455633079 0.5884793316 2.0581577752 565.2930000000 726.4850000000
2.3487127890 0.4851003586 2.1158973693 556.0250000000 689.4540000000
2.3564112231 -1.1407195622 2.9183942409 482.7580000000 243.0100000000
2.3572006003 0.6625844535 2.0980708249 557.2320000000 745.8410000000
2.3604357087 0.5920489219 2.0687274015 566.1440000000 725.3070000000
2.3648696001 -1.1451775362 2.9251641534 481.9260000000 245.5280000000
2.3716716229 -1.1504650252 2.9237994675 483.7940000000 243.0290000000
2.3867018991 -0.7830032696 2.7935923747 496.6790000000 327.5640000000
2.4384850405 -0.7740953491 2.7834776436 508.3810000000 330.7670000000
2.4435477577 -0.6093376195 2.7865816352 507.6820000000 374.4350000000
2.4440080047 -0.6047485286 2.7782597268 506.6930000000 374.5180000000
2.4469006037 -0.8098367412 2.7668338270 512.7220000000 324.0300000000
2.4478585597 -0.8125045684 2.7622581154 512.1610000000 325.8400000000
2.4514335017 -0.6057412707 2.7878392869 507.9340000000 374.7450000000
2.4737260478 -0.1324928080 0.4632948182 1332.6200000000 538.3560000000
2.4743521978 -0.8263119790 2.7789554491 518.1510000000 322.1140000000
2.4797092590 -1.3776210121 3.1039112517 492.9680000000 210.5450000000
2.4946779906 0.0032894283 0.9390484161 969.4590000000 587.7360000000
2.4951864030 0.2470515022 0.8773913706 991.0270000000 721.1160000000
2.5010652559 -0.4852769651 2.7998271163 517.0170000000 408.2930000000
2.5040140478 -0.0430652066 0.9832294541 948.5190000000 559.7410000000
2.5062403590 -0.0515787061 0.9589059343 964.1080000000 558.0910000000
2.5101176726 -0.4860342319 2.8164976914 516.9990000000 406.7240000000
2.5117231854 0.0331375178 1.0746634114 904.4800000000 591.4280000000
2.5224667423 0.0052958644 0.9479723917 969.7860000000 588.1200000000
2.5269434473 -0.0508423109 0.9670753189 964.1020000000 557.4890000000
2.5289958279 0.0101180223 1.0885965872 902.7810000000 579.8160000000
2.5318456132 -0.0528409068 0.9661227146 964.0990000000 557.2380000000
2.5455433138 0.0044142773 0.9553631026 970.0020000000 587.4940000000
2.5488319393 0.1363730650 1.5265430332 746.8030000000 608.4220000000
2.5530624657 -0.0691130472 0.8885737677 1012.1100000000 551.7990000000
2.5549007779 -0.1189693056 1.0484132762 934.7920000000 521.3840000000
2.5562226502 -0.0821259965 1.0810480009 916.6230000000 537.5980000000
2.5578335147 -0.0824168619 1.0801810240 917.0600000000 536.9800000000
2.5587192227 0.0427649757 1.0354728426 932.8670000000 601.0630000000
2.5587834432 -0.1216563990 1.5848097707 741.4510000000 508.9580000000
2.5601401015 0.0423999891 1.0407068145 931.7790000000 600.9250000000
2.5602765701 -0.0831174007 0.9146205379 1000.3300000000 544.3130000000
2.5614673255 -0.0696787229 1.0958454778 911.0570000000 546.6100000000
2.5619248967 -0.1194359747 1.0479557050 935.3700000000 521.0940000000
2.5642502145 -0.1524209688 1.0340198534 944.4430000000 507.6310000000
2.5669367726 -0.1640668239 0.9365545195 991.6670000000 502.0520000000
2.5671080273 -0.2052704383 1.0046015061 961.3690000000 480.8380000000
2.5677207981 -0.1634361249 1.0460986618 938.0370000000 500.4780000000
2.5706348039 -0.2490664208 0.9184630654 1007.6000000000 459.0480000000
2.5739475121 -0.2285024770 1.0439900883 942.5820000000 469.7720000000
2.5742605871 -0.2299929281 0.9781881437 973.7970000000 469.3980000000
2.5743488903 -0.1438823162 0.9876579938 967.9950000000 512.1310000000
2.5746994273 -0.2509788542 0.9176656607 1008.9600000000 458.7710000000
2.5749268750 -0.0132667541 0.8741402071 1022.6300000000 582.5810000000
2.5761524164 -0.2303488168 0.9366802846 995.6500000000 469.8770000000
2.5766902633 -0.0724913139 0.8997775716 1011.9600000000 551.2720000000
2.5768936282 -0.2148719404 1.0226688775 954.3460000000 477.8990000000
2.5777499017 -0.2507591666 0.9208686588 1008.2600000000 459.9520000000
2.5795346969 -0.1420951128 0.8913004637 1019.0200000000 515.8530000000
2.5817342495 -0.0113762895 0.8780924446 1022.0200000000 582.6980000000
2.5826333367 -0.0126694231 0.8780710377 1021.2600000000 582.5570000000
2.5867488013 -0.2729933790 0.8932511618 1022.7600000000 448.6790000000
2.7066538533 -0.2879995725 2.7573613011 561.2850000000 459.1210000000
2.7159925865 -0.2929499038 2.7700716113 561.2860000000 459.4110000000
2.7230300845 -0.4440099329 2.8400719719 555.8630000000 424.4670000000
2.7361685314 -0.4505256392 2.8597930215 556.4470000000 423.3670000000
2.7567458545 0.6202417277 0.8228761815 1062.8800000000 891.9720000000
2.8362722582 -0.4293730073 2.7676901005 587.2970000000 431.6280000000
2.8390819057 -0.2976272979 2.7544446194 585.4560000000 459.4430000000
2.8413563822 -0.4157609341 2.7587259871 588.7940000000 433.6540000000
2.8423464485 -0.0995851461 2.7620975641 582.2530000000 504.5560000000
2.8428548609 -0.3003406147 2.7624454252 584.8540000000 459.8430000000
2.8572242010 -0.8281342361 2.7655494167 595.5560000000 341.4320000000
2.8682219640 -0.5341353972 2.7450791278 596.7480000000 407.3420000000
2.8958367852 -0.1375627500 2.7472198116 593.9550000000 500.3820000000
2.9519494596 -0.0399063600 0.7109505284 1180.4700000000 579.7930000000
3.0037807664 -0.2717410789 2.7399414866 617.7360000000 470.8260000000
3.0076072388 -0.2958879923 2.7443298884 617.9700000000 463.9220000000
3.0129054312 -0.7915981151 2.7406372089 626.8620000000 356.2140000000
3.0224047156 -0.5647016862 2.7540699998 623.9160000000 404.9780000000
3.0326532394 0.3850742317 0.8220359631 1112.5600000000 753.5420000000
3.0332151689 -0.2553961553 2.7726671904 618.6020000000 471.6930000000
3.0336968227 0.2578865733 0.8231464428 1116.4100000000 698.0140000000
3.0372289510 -0.7700200223 2.7665930001 627.4800000000 363.2340000000
3.0385401198 -0.5793466393 2.7629805961 624.8820000000 405.4670000000
3.0425806605 -0.5555904007 2.7635425256 625.9330000000 409.4500000000
3.0575386887 -1.2070406225 2.9035700055 620.1700000000 274.8670000000
3.1720920312 0.0763638109 2.8230000185 630.7160000000 547.7880000000
3.1772296723 -0.0003361328 2.8733060881 624.9580000000 529.9220000000
3.1952381749 -1.1176724251 2.9439754124 635.9330000000 301.8200000000
3.1986632690 -0.0031941946 2.8942312724 624.9980000000 530.0020000000
3.2066105576 0.1531597723 2.8253012536 633.5950000000 563.0780000000
3.2166985301 0.0015971187 2.9204814076 625.1980000000 529.2010000000
3.2193208678 0.1601592732 2.8375834270 633.5950000000 562.8380000000
3.2497453364 -0.7614064458 2.8731722954 648.0750000000 375.4810000000
3.2529296036 0.2328459244 2.6954687804 654.9390000000 580.7170000000
3.2841300702 -0.8268230673 2.7826481287 666.2890000000 360.3070000000
3.2860834441 -0.9001067017 2.8339977816 661.2720000000 346.8690000000
3.2926660469 0.4262369055 2.3545969936 710.9750000000 636.9540000000
3.2931477007 -0.8522410117 2.7907024515 666.2960000000 358.2420000000
3.2971347243 -0.9459628248 2.7763063529 671.2480000000 337.0520000000
3.3074100066 -0.9017095387 2.9218728521 652.9620000000 349.5870000000
3.3088282097 -1.0144218931 2.7888828703 672.5370000000 323.2400000000
3.3184345283 0.1953143855 2.7582710918 660.0280000000 571.2720000000
3.3431059092 -0.9472178007 2.7563712349 680.5820000000 338.4590000000
3.3511869906 0.4043163033 2.4370079687 709.5020000000 628.7940000000
3.3514545761 -1.0364200951 2.7359009459 687.2270000000 319.3590000000
3.3634959225 -2.2531526636 3.2292750475 639.5930000000 112.5550000000
3.3666534311 -1.0420902314 2.7441960957 686.8180000000 319.5730000000
3.3690349419 -1.0427351124 2.7468719505 686.2500000000 319.1150000000
3.3765005767 -2.2671554116 3.2478454796 639.3370000000 112.8450000000
3.3788820874 -0.9356206461 2.5356587063 719.3340000000 333.9210000000
3.3925824638 -0.0052412235 2.7771358678 671.0550000000 531.3660000000
3.3963821776 -2.2859425879 3.2844511727 640.8730000000 114.0060000000
3.3986298956 -2.2722181288 3.2693593519 640.0200000000 113.7650000000
3.4259771313 -2.3062442980 3.3175247376 639.3370000000 112.8450000000
3.4268869219 0.2342082021 2.7357939117 679.2920000000 580.9460000000
3.5040853319 0.2431827514 2.8209931274 679.7730000000 580.4640000000
3.5994260371 -1.1491618840 2.5292420066 755.2480000000 301.8760000000
3.5995865884 -1.1456725693 2.5303471346 754.8160000000 302.7370000000
3.5998006568 -1.1444978691 2.5314495867 756.2850000000 302.2630000000
3.6269070656 -0.3331385665 2.8437914100 699.9940000000 469.8930000000
3.7356805618 -0.3209500481 2.8310008243 717.2640000000 473.8490000000
3.7459558441 -0.6263908419 2.7064397850 740.4320000000 419.0710000000
3.7470529445 -0.3216430945 2.8363525338 717.8650000000 475.0540000000
3.7483105963 -0.6642060215 2.9872707425 700.2360000000 409.6940000000
3.7647671031 -0.2618053626 2.7277395889 733.3520000000 485.1410000000
3.7699315028 -0.4095636545 2.7293718603 736.3590000000 460.4900000000
3.7718581182 -0.4843083056 2.7354728092 736.6260000000 441.5050000000
3.8879099393 -0.8091597500 2.7458818842 754.5980000000 385.6570000000
3.8892478667 0.1423493190 2.8197087172 730.4650000000 560.3380000000
3.8941981980 -0.7935648684 3.2314157313 693.3290000000 396.5350000000
3.9031890701 -0.5238788459 2.7999341504 745.9830000000 439.8230000000
3.9412664834 -0.2994896929 2.8128585290 744.5510000000 480.8030000000
3.9483039814 -0.3002362563 2.8171934137 744.5540000000 479.7970000000
3.9527191418 -0.4475795231 2.8287531063 745.6910000000 453.5790000000
3.9806550655 -0.1400561115 1.2283725367 1072.2000000000 529.7820000000
4.0184916519 -0.8013596333 3.2628302662 703.6970000000 398.6760000000
4.0573183045 -0.6030386574 2.7830227483 767.3080000000 428.0770000000
4.0594322298 -0.6072317218 2.7792497931 768.8640000000 428.1840000000
4.1341153363 -0.8179365536 2.7333321253 785.6330000000 391.1420000000
4.1423569689 -0.8231143325 2.7477282240 785.2630000000 391.0240000000
4.1587867172 -0.8279228436 2.7467649163 788.5990000000 391.9850000000
4.2478926809 -0.2708446676 2.7118985287 794.8170000000 490.5100000000
4.2545555592 -0.2693435131 2.7151630715 794.6100000000 490.7130000000
4.3119258854 -0.5390268597 1.0112081915 1177.7800000000 431.0590000000
4.3215054455 -0.5620793485 2.7194711977 803.8600000000 440.5300000000
4.3223082019 -0.2935733780 2.7512871108 796.5560000000 488.7080000000
4.3260008815 -0.2027460369 1.1518056285 1125.5300000000 518.3750000000
4.3272317747 -0.5592563217 2.7188289925 804.2700000000 440.9340000000
4.3582984485 -0.2900064636 2.7606258439 798.7450000000 488.6750000000
4.3599574784 -0.9972000919 1.4518010579 1060.9700000000 330.9790000000
4.3615629913 -0.9976870974 1.4517876786 1061.1900000000 332.3000000000
4.3721861347 -0.8620399918 1.8642412562 963.3820000000 374.5480000000
4.4041893577 -0.7171451321 0.7062972169 1301.7700000000 378.1400000000
4.4059019047 -0.9835104189 1.0806947881 1172.1500000000 322.6290000000
4.4155349819 -0.7186489625 0.7063614374 1304.0800000000 378.7050000000
4.4171940119 -0.5521947410 1.0338031092 1178.0400000000 431.5000000000
4.4527561217 -0.7822112166 3.0004091894 782.9200000000 410.5580000000
4.5033832938 -0.7994945625 2.7104535671 826.8860000000 405.7860000000
4.5351724484 -0.8057507110 2.8687571350 807.8180000000 408.1560000000
4.5436816666 -0.7534645089 1.0239131500 1193.6300000000 382.5770000000
4.6177225679 0.1317315273 2.6522751328 836.1090000000 563.5610000000
4.6582350091 -0.6939508230 0.6933514316 1314.7500000000 396.1830000000
4.6712931803 0.1380580507 2.6829457801 836.3200000000 563.7660000000
4.6796953643 -0.9705887162 1.0505352290 1197.1400000000 338.5510000000
4.6798291570 -0.9776717038 1.0876627139 1186.4000000000 337.9950000000
4.6878834799 -0.9909867571 1.0478834570 1199.1400000000 332.6940000000
4.6959378027 -0.7870625413 1.0539656748 1193.1600000000 384.3650000000
4.7072566684 -0.9979466553 1.0535883793 1200.4200000000 332.8970000000
4.9335804644 0.1589262393 2.6018673807 871.3330000000 568.1450000000
4.9819599186 -1.2400446152 3.2468554133 803.9390000000 358.9710000000
5.0677745809 0.1598951663 2.6488420111 874.3250000000 567.5570000000
5.0790666880 -1.2385247297 3.2553111144 814.3550000000 362.8480000000
5.2015138020 -0.6055432575 3.1932045253 826.2060000000 454.9800000000
5.4861712319 -0.6083234706 3.2244049918 843.8470000000 455.8230000000
5.4956169992 -0.6223235427 3.2386137806 843.6530000000 454.9990000000
5.5023333947 -0.8175084168 3.2321382121 846.7560000000 427.6950000000
5.5054373862 -0.6061934902 3.2299975283 843.8440000000 456.0270000000
5.5091835829 -0.8169732459 3.2249669213 846.7400000000 428.6820000000
5.7892117841 -1.4280796054 3.2615726145 869.9290000000 356.2540000000
5.8432640503 -2.4310916538 3.2420656333 884.4590000000 229.3760000000
5.8503015483 -2.4328443387 3.2473638257 884.8140000000 228.7070000000
5.8627710315 -1.4073042690 3.2594854478 875.2650000000 359.6380000000
5.8757221686 -2.4337594810 3.2534647746 885.6290000000 230.0150000000
5.9101871780 -1.2224481943 3.1849628926 883.7340000000 384.6150000000
5.9315672576 -0.0128367710 3.2242979576 872.0630000000 536.0750000000
5.9475421105 -1.0628602161 3.2550435289 877.9440000000 404.7860000000
5.9806691925 -1.2419685548 3.2508691954 884.7090000000 384.7990000000
6.0151074433 -0.0450105530 3.2611444777 870.8310000000 536.0710000000
6.0174621955 -1.2522893266 3.2601276529 884.9310000000 384.5840000000
6.0584830491 -0.2874108845 3.2570236614 877.9670000000 503.6560000000
6.1912322040 -0.2585282433 3.2642484693 883.9730000000 508.7650000000
6.1963698451 -1.0219597760 3.2392827443 895.8960000000 415.6350000000
6.2835759519 -1.0002933800 3.2340648275 902.3310000000 420.4960000000
6.6996178508 -1.0662291172 3.2233881670 927.7020000000 418.2800000000
6.7301493536 -1.0077135252 3.2857088245 922.0170000000 424.6750000000
6.8905400882 -2.4148679463 3.2290074620 949.6690000000 270.0330000000
6.8984071012 -1.5404200160 3.2150662587 945.3340000000 368.1200000000
6.9075050074 -2.4175464770 3.2370617849 950.1110000000 270.1410000000
6.9410869847 -2.9432796902 2.9003589798 995.4100000000 199.6070000000
6.9570618377 -1.5488596619 3.2357238575 944.0570000000 367.5510000000
6.9743478595 -1.5570905912 3.2493974753 945.1410000000 367.5120000000
6.9745886864 -1.5540347650 3.2427613555 943.7630000000 368.2010000000
6.9821078383 -2.4456777381 3.2758081619 949.9390000000 269.3490000000
7.0052272235 -2.9755504987 2.9256725659 996.8840000000 199.0220000000

gimbalangles:
0.1759806246 -0.3755800765 2.2143872034

end: