T_CW:
0.4724261808 0.0365926039 0.8806102913 -0.5349757118
-0.0635420474 0.9979518760 -0.0073798036 0.1787704342
-0.8790767384 -0.0524693684 0.4737837623 0.3756608371
0.0000000000 0.0000000000 0.0000000000 1.0000000000


target_points_pix:
-3.9734570162 -4.0599674007 2.0216377094 549.4170000000 35.3758000000
-3.1776845676 -1.5038062952 -0.5616458600 79.1993000000 264.1160000000
-3.1216521688 -1.4839862390 -0.5466075563 79.1798000000 263.8790000000
-3.0820227598 0.7098828623 -0.9809844120 -69.6398000000 790.1980000000
-2.9104201937 -1.8085406634 -0.3463144754 127.5320000000 179.3680000000
-2.8253012536 -1.7693929082 -0.3643229780 115.4580000000 177.3090000000
-2.5334029607 -1.8168946820 1.2095693053 503.5440000000 212.5770000000
-2.4200751597 -1.8109890705 -0.4329666802 66.0764000000 105.3030000000
-2.3596623867 -1.8104458720 0.6961396722 397.8570000000 171.5880000000
-2.3272684889 -1.7926755205 -0.0758773405 179.9740000000 121.1510000000
-2.2477153267 -0.6506715481 1.6053442801 607.0760000000 440.1810000000
-2.2449056792 -0.6499651224 1.6058660718 607.5590000000 440.4240000000
-2.2121933547 -0.3042607419 1.7197638299 634.7990000000 511.2000000000
-2.2063332328 -1.7988620967 -0.3458060630 77.9112000000 76.3872000000
-2.1743460649 -0.3107550414 1.7756624359 646.5600000000 511.2000000000
-2.1638620660 -0.3041403284 1.7753841470 648.0000000000 511.0000000000
-2.1576380278 -1.7728608160 -0.4505390185 34.0079000000 67.8672000000
-2.1568486506 -0.3122401408 1.7563427645 648.0000000000 510.0000000000
-2.1557221158 -0.4955709783 1.6510853415 624.9350000000 469.3940000000
-2.1492304921 -0.4888706380 1.6643977190 626.9790000000 469.9570000000
-2.1443042435 -0.4926890827 1.6573816278 626.3780000000 470.3580000000
-2.1355006813 -1.2444838582 3.2892677113 871.0010000000 349.8740000000
-2.1320220701 -1.2422361402 3.2871002690 871.0330000000 348.8180000000
-2.1176875161 -1.6456747632 3.3081057289 872.3360000000 283.4380000000
-2.1168446219 -1.8432652307 2.9506918079 826.1120000000 237.6660000000
-2.0454929546 -1.8172238121 -0.0111807380 191.3180000000 71.0864000000
-2.0109503454 0.0974931628 1.5510217526 622.7100000000 600.3100000000
-1.9911650753 -1.7762029586 2.8438716857 826.7830000000 236.9720000000
-1.9679413318 -0.1361298298 1.6242197597 639.9960000000 547.0180000000
-1.9659424683 -0.1354908357 1.6216509391 640.7960000000 547.2180000000
-1.9621909199 -1.7421259482 0.9992899344 492.3440000000 155.1160000000
-1.9594160585 -0.1353722953 1.5212742751 620.3770000000 547.2290000000
-1.9583296615 -0.1337616983 1.6132487551 639.3550000000 547.2180000000
-1.9396040298 -1.7785657384 0.9887443908 490.0820000000 142.7390000000
-1.9387290253 -1.7979897681 0.9599174074 482.3830000000 136.1800000000
-1.9231180886 -1.7867351230 0.9568080642 481.6220000000 136.7140000000
-1.8752523986 -0.1177250331 1.6549037862 658.3740000000 549.5270000000
-1.7809017596 -1.7899729072 3.0237158844 881.5640000000 222.9330000000
-1.7375127746 0.3436546758 1.5223633480 646.5440000000 666.8290000000
-1.5781843543 -0.0541378936 0.7727199598 465.0700000000 579.4630000000
-1.5779997203 -0.0478268901 0.5156719993 377.7230000000 584.2830000000
-1.5621238740 -0.1537773596 0.2552278440 281.5630000000 554.1950000000
-1.5589101724 -0.0858253657 0.5292947759 384.4600000000 573.0030000000
-1.5561460144 -0.1539470088 0.2552703901 281.3280000000 554.1980000000
-1.5487178416 -2.1108453555 1.5506016434 655.6270000000 42.2885000000
-1.5440725577 0.6361148982 1.5333878697 678.9930000000 753.2120000000
-1.5363660960 -0.1635289771 0.1630783631 241.8240000000 547.9830000000
-1.5209826070 -0.8068611907 0.8080278634 475.8770000000 346.4110000000
-1.5100758229 -2.3512414717 1.5463657653 656.0240000000 -24.7537000000
-1.5089064744 -1.1060297810 0.8121353004 473.6160000000 257.9420000000
-1.5081679385 -0.7792758039 0.6776628951 432.6890000000 349.0430000000
-1.5074508094 -0.8762193462 0.7546793469 454.8910000000 321.0070000000
-1.5073972923 -1.7152416353 0.9077890807 498.3770000000 82.9717000000
-1.5073571545 -1.1235352229 0.3104285871 296.4000000000 218.7990000000
-1.5065008810 -1.0525554994 0.3677320169 317.5110000000 243.9940000000
-1.5063858192 -0.8387654071 0.6189225313 411.0610000000 324.7490000000
-1.5037153162 -1.1044510267 0.8084024831 474.1730000000 256.3830000000
-1.5009484823 -1.0423471134 0.4199834329 342.9230000000 251.6440000000
-1.4972317201 -0.8041237913 0.4235637266 343.7450000000 329.8080000000
-1.4945264309 -1.8466849731 0.3038566878 294.4790000000 -26.4358000000
-1.4921154858 -2.5707070520 2.3756425913 819.8950000000 -4.9458500000
-1.4919094449 -0.8462096350 0.4230981279 344.2360000000 316.1780000000
-1.4917141075 -0.9475067930 0.3668623641 322.4460000000 279.1860000000
-1.4904591317 -1.1166770071 0.3025856568 296.2280000000 216.5700000000
-1.4886208194 -1.0485470689 0.3701108518 324.0540000000 244.8160000000
-1.4847863196 -1.0472064657 0.3543286604 317.9710000000 244.1880000000
-1.4844919755 -0.5208604817 0.3542135987 317.5400000000 424.8700000000
-1.4834350129 -2.5605307763 2.3627101853 819.9890000000 -5.0048700000
-1.4775106705 -0.8018091769 0.4213855808 344.8500000000 329.2080000000
-1.4764269493 -1.5463630894 3.3374866142 971.6830000000 256.1160000000
-1.4762476670 -1.7951105484 -0.0707908081 135.5250000000 -64.6250000000
-1.4743585135 -1.7864006411 2.2373597688 806.4430000000 155.6840000000
-1.4738286943 -2.5935240656 2.7880533553 887.7880000000 18.5000000000
-1.4733737990 -2.5556955068 2.3671494283 819.5110000000 -6.2498600000
-1.4731329721 -1.7891487440 0.4765295958 360.2370000000 8.4604900000
-1.4724666842 -1.7864300755 0.6714923740 427.0360000000 31.0302000000
-1.4724399257 -1.7867725849 0.5154070897 374.0200000000 12.8540000000
-1.4720974163 -1.7858066014 0.6334898846 414.1680000000 27.4450000000
-1.4715863280 -1.7859270148 0.6306508027 414.1490000000 27.1842000000
-1.4710645363 -1.7865879509 0.3594047569 315.9650000000 -6.3032500000
-1.4699433532 -1.7844285361 2.1951829460 800.0340000000 153.6260000000
-1.4691379209 -2.4096580571 2.3716876780 824.5230000000 26.5369000000
-1.4687097841 -2.4079829720 2.3723834002 823.8580000000 26.3192000000
-1.4686857014 -1.7818142260 0.8267668743 476.7250000000 48.5352000000
-1.4680622273 -1.6740441754 1.6560651072 692.1600000000 144.0620000000
-1.4679284345 -1.6122185510 0.2428035828 271.1980000000 37.0940000000
-1.4679043519 -1.7853383268 1.1030595822 557.1120000000 73.6926000000
-1.4669223132 -1.7850600379 0.3600817482 316.6480000000 -6.7633600000
-1.4668473892 -2.1816029831 2.0559769536 770.2580000000 52.3214000000
-1.4668206307 -1.7811693450 0.9046663582 501.1430000000 56.0023000000
-1.4664647420 -1.6782639983 1.6524634067 693.6640000000 145.7370000000
-1.4662640529 -1.7849021624 1.1026876384 557.1050000000 73.4426000000
-1.4640083073 -1.7799063416 0.7491991964 453.2660000000 39.3550000000
-1.4637755079 -1.8276997836 3.1353793038 946.8160000000 191.5060000000
-1.4635400327 -2.1794034304 2.0536676909 769.8060000000 52.5955000000
-1.4634222951 -2.2774521007 2.0603894381 769.9850000000 30.5269000000
-1.4632135784 -2.3712515137 3.3435608045 966.1310000000 96.1754000000
-1.4630182410 -2.1392308229 1.8101006868 722.7060000000 40.4893000000
-1.4627024902 -1.8249463290 1.8167180756 726.9310000000 119.3790000000
-1.4609417778 -1.1038650145 0.3067787212 296.3360000000 217.9640000000
-1.4594914645 -1.8243603168 1.8131083475 726.1060000000 117.9560000000
-1.4555365511 -1.9672563130 2.2587478759 810.4460000000 114.9290000000
-1.4550977109 0.0717781986 0.8965478149 512.4060000000 616.1510000000
-1.4548301255 -2.1083247003 1.8866247813 740.5530000000 53.4719000000
-1.4535296601 -1.9009780663 2.1013086091 784.1960000000 116.1820000000
-1.4531282818 -1.9104291853 2.1032807141 783.9120000000 115.6620000000
-1.4529409720 -1.8168144064 1.8137906905 724.8250000000 117.6990000000
-1.4515575551 -1.5331577461 3.2948334892 973.1250000000 255.3230000000
-1.4510705495 -2.4092352721 3.0829057918 936.9340000000 75.1713000000
-1.4494436298 -2.3513538576 3.3054833912 965.6290000000 95.9732000000
-1.4491091480 -2.1063204851 1.8844038219 740.8090000000 52.1927000000
-1.4464413208 -0.0063528806 0.3987050358 335.8890000000 605.1200000000
-1.4463396383 -1.9616129353 2.6134591836 872.3340000000 136.5680000000
-1.4456706746 -2.5588770981 2.7478620167 888.2580000000 19.0360000000
-1.4430617162 -0.4994028024 0.2763355216 287.4680000000 426.2920000000
-1.4426870965 -1.6204601837 1.8661223821 741.7140000000 169.7080000000
-1.4400727864 -1.8988052722 2.2139139293 807.5760000000 124.9740000000
-1.4377100067 -2.3482097283 1.7390781496 708.1090000000 -20.6100000000
-1.4344909534 -1.8863705751 2.7659775535 899.2890000000 158.9230000000
-1.4315822993 -1.8044947710 3.0746374006 945.7780000000 189.9520000000
-1.4305895572 -2.3417742976 1.7285754196 708.1240000000 -21.4170000000
-1.4290562924 -2.3463339541 1.7279225111 707.3180000000 -21.2368000000
-1.4280769295 -1.6284636653 1.8644580005 742.9090000000 164.3420000000
-1.4260111696 -1.7577342090 0.6350980733 413.8280000000 26.5358000000
-1.4259068113 -1.7580954494 0.4014798972 330.3820000000 -1.6222300000
-1.4231319499 -1.9995565558 1.8671900482 741.4360000000 75.9226000000
-1.4230222399 -1.7954316509 1.3704363420 632.5220000000 86.7615000000
-1.4196024975 -2.3128670386 1.8651644261 738.9040000000 -3.6129600000
-1.4109247005 -1.6288650435 3.1958536215 967.9850000000 228.4760000000
-1.4001276265 -1.7863765584 3.0180698309 944.7080000000 189.4710000000
-1.3730319212 -1.6960825152 0.2138318356 256.5510000000 -22.3157000000
-1.3723709850 -1.6042150694 3.1360750260 966.9240000000 227.7270000000
-1.3700991843 -1.7312325434 0.2154055058 258.6170000000 -31.8801000000
-1.3682046792 -2.1835991707 1.8341111316 738.4210000000 16.0636000000
-1.3597677091 -1.7408228069 0.1536807612 230.2610000000 -48.6786000000
-1.3536239465 -1.6776753103 0.1737606429 238.5170000000 -24.1369000000
-1.3520880059 -1.7337531986 0.1567973292 229.7100000000 -49.2595000000
-1.3473785015 -1.6698163249 0.1788404856 239.5980000000 -23.2389000000
-1.3437232839 -1.4832691099 1.3685177542 643.7830000000 157.0620000000
-1.3433272574 -1.2282440957 1.3650284396 646.5050000000 226.5150000000
-1.3415531657 -1.7257764756 0.1575192749 229.1410000000 -47.8354000000
-1.3371540605 -0.0019922729 0.5949441967 419.0390000000 602.7340000000
-1.3281203748 0.1431472589 0.4133312580 347.3820000000 663.8220000000
-1.3241253236 -1.4850886912 1.0040877420 546.7030000000 125.9400000000
-1.3031332430 -1.4344053260 1.0019310031 548.8190000000 136.7100000000
-1.2998794036 -1.1924491865 1.3761760505 655.4330000000 234.7270000000
-1.2769285973 -0.9165498292 1.3665617043 658.5500000000 309.1920000000
-1.2671162378 -0.9104836665 1.3627218527 660.2110000000 309.6440000000
-1.2548340645 -0.8616359377 1.3811451128 667.2850000000 326.2140000000
-1.2497445887 -0.8164220198 1.3830529973 668.9990000000 341.7070000000
-1.2485511575 -1.1793374981 0.9959076540 555.1640000000 207.3840000000
-1.2395736648 -1.1396492203 1.0006519445 559.9400000000 218.5060000000
-1.2225364975 -0.8824139500 0.9704816820 550.7530000000 299.0640000000
-1.2186832666 -0.8809903953 1.3651595564 667.0300000000 316.4450000000
-1.2175834903 -0.8792136277 0.9655821919 550.7090000000 298.8930000000
-1.2136499838 -0.6091101719 1.3634737679 672.3340000000 398.4960000000
-1.2095318433 -0.6045692463 1.3666071939 672.6240000000 398.2020000000
-1.2027164412 -0.6081308090 0.3689067172 326.1110000000 365.9140000000
-1.1960053975 -0.6064771308 0.3601138584 325.9950000000 367.1430000000
-1.1914109548 -0.5280852896 0.2187492539 260.5700000000 395.1400000000
-1.1909774664 -0.5221341886 1.3861275544 681.7290000000 424.4590000000
-1.1893532225 -0.1563622353 0.1321409331 214.9790000000 553.6920000000
-1.1889518443 -0.2703763930 1.6267537941 745.6020000000 502.7580000000
-1.1834743696 -0.8825530944 0.9944091753 565.4530000000 293.0060000000
-1.1828161093 -0.4859887424 1.6403069985 749.4850000000 438.6980000000
-1.1811517277 -0.4870992221 1.6356938249 748.6740000000 438.5010000000
-1.1797415522 -0.5267928517 1.7236277642 770.0970000000 429.4940000000
-1.1701941024 -0.8385058492 0.9937000738 566.8370000000 306.7920000000
-1.1682193216 0.4788843480 0.7927942222 510.4210000000 781.7900000000
-1.1622254069 -0.5144330786 1.7169461548 769.1210000000 428.8200000000
-1.1601168334 0.4750257654 0.7915847359 510.9350000000 781.5100000000
-1.1600419094 -0.5782789733 1.3708698305 681.1820000000 404.4000000000
-1.1497960615 -0.4989933966 0.1364538758 213.3330000000 400.4110000000
-1.1437994710 -0.4898954904 0.0605976746 171.4820000000 400.5360000000
-1.1288655256 -0.4848541800 0.1259214439 207.2060000000 404.3980000000
-1.1252531216 -0.4836527212 0.0643278161 173.0030000000 401.5440000000
-1.1153604866 -0.1841788159 1.3644798893 692.6830000000 528.4950000000
-1.0944513574 -0.2655264063 2.8319373734 999.3660000000 498.9820000000
-1.0846925151 0.0270041911 0.6328369761 452.4050000000 619.9850000000
-1.0745831358 -0.0515409766 0.1713240096 231.6780000000 601.2680000000
-1.0709680560 -0.0152845895 0.2394263865 265.9640000000 617.1160000000
-1.0687310414 0.4639236440 0.8585265945 547.8280000000 783.3170000000
-1.0676794305 -0.0145495857 0.2378224791 266.2580000000 616.8500000000
-1.0577332783 -0.2455674732 1.4124205033 717.2640000000 506.2900000000
-1.0453226639 -0.1870885404 1.4136995619 717.7510000000 526.8300000000
-1.0395883072 0.5010484530 0.6916067743 485.5010000000 817.1970000000
-1.0388417437 -0.1825914988 1.4109407556 719.0070000000 527.0720000000
-1.0378864636 -0.6063433380 0.7260369975 484.8470000000 365.6500000000
-1.0366528945 -0.1839363834 1.4057629766 718.7170000000 527.0720000000
-1.0362863024 0.5016317894 0.6930704668 486.5510000000 817.9680000000
-1.0319032523 -0.6254783755 2.7782864854 998.9240000000 411.0060000000
-1.0260779165 0.5703852017 0.7711920467 520.5100000000 841.8060000000
-1.0256738624 -0.8730618376 2.8222507792 1005.5500000000 348.8950000000
-1.0253875459 0.4986562389 0.6914034093 485.2780000000 817.4320000000
-1.0252992427 0.5157576267 0.6067500680 450.0330000000 832.6930000000
-1.0243867763 -0.5309216956 0.4654488812 377.1820000000 385.8830000000
-1.0200679467 0.0315226395 1.3569420065 710.7220000000 602.8620000000
-1.0169291690 0.0473356032 1.3706370311 716.0710000000 606.7790000000
-1.0138305292 -0.5790844055 2.7674225150 1002.8700000000 419.8370000000
-1.0119734860 -0.1807515811 1.3875912469 717.1470000000 527.0300000000
-1.0107452687 0.2118131708 0.5946230942 442.5830000000 706.1290000000
-1.0106034484 -0.6205762095 2.7460424355 997.5350000000 410.7890000000
-1.0077215528 0.0424304938 1.3820495517 720.4120000000 602.9130000000
-1.0054149660 -0.6220934192 0.2180818958 251.3950000000 332.5960000000
-1.0022788642 -0.6046976874 0.5189606248 404.3710000000 354.5160000000
-0.9935636052 0.5462811020 0.8255707672 543.7460000000 830.1390000000
-0.9889638109 -0.3294753214 1.6305749147 787.4690000000 477.7700000000
-0.9882894955 -0.3313163094 1.6336708787 787.2190000000 478.7000000000
-0.9877168626 -0.3132596415 0.8858577751 559.5360000000 481.9940000000
-0.9855520961 -0.5700453682 0.2416695555 265.1300000000 354.3090000000
-0.9810673635 -0.6775076955 0.1738732964 225.6910000000 299.0640000000
-0.9773398978 -0.5787766822 2.7633284573 1009.8900000000 419.8710000000
-0.9761866044 -0.6751261848 0.1712739711 226.2690000000 302.3360000000
-0.9743268853 -0.3779082926 2.7662451390 1014.4700000000 470.5090000000
-0.9697966632 -0.3769530125 2.7622045983 1014.7100000000 470.7180000000
-0.9661093353 -0.8622192741 2.7952781632 1011.8700000000 346.7860000000
-0.9583654116 -0.2119116423 2.7861534984 1026.3700000000 511.0810000000
-0.9572763388 -0.7601006287 2.7589935725 1010.3600000000 372.7170000000
-0.9570622704 -0.6411000156 2.7725869147 1016.6100000000 405.0170000000
-0.9566608922 -0.8632334230 2.7642382479 1010.3100000000 347.8140000000
-0.9547182216 -0.6378354728 2.7763866285 1016.3000000000 404.1010000000
-0.9546379460 -0.1853797395 2.7841733659 1026.3800000000 518.7100000000
-0.9535301421 -0.8610927392 2.7665394830 1012.8600000000 347.3680000000
-0.9521627803 -0.8290440267 2.7830227483 1015.1000000000 356.2950000000
-0.9493076433 -0.2130261358 2.7810693744 1025.0100000000 509.5570000000
-0.9487269828 -0.6380067275 2.7648804530 1016.0200000000 404.1100000000
-0.9347590209 0.3213326953 0.9847520155 611.2570000000 729.3600000000
-0.9093972694 -0.2716046104 0.3134897650 304.1010000000 492.2060000000
-0.9087202782 -0.4241872008 1.6347331930 802.8770000000 445.1780000000
-0.9049259161 0.0154705614 2.6356473713 1018.4200000000 573.5830000000
-0.9046181928 -0.2719230371 0.3090130600 303.2740000000 492.9570000000
-0.8999113643 -0.4163844083 1.6348964202 805.4680000000 446.7320000000
-0.8986296299 -0.4055070587 0.0246420000 127.0930000000 419.8680000000
-0.8983647203 -0.3839423451 0.2008745441 242.1350000000 433.9910000000
-0.8949556813 0.1541201366 1.6198982542 811.7650000000 640.7130000000
-0.8935214231 -0.3833188709 0.2003880737 240.9680000000 433.9640000000
-0.8915814284 -0.3660890421 0.0749886891 158.5000000000 440.5210000000
-0.8893979309 -0.3483160148 0.1821772765 229.1010000000 452.3080000000
-0.8892373796 -0.3031582897 0.1802297894 228.3100000000 475.0010000000
-0.8846482887 -0.3642427023 0.0760804378 157.9620000000 439.8470000000
-0.8818199102 -0.3218464594 0.0792783519 160.3800000000 463.6460000000
-0.8818092068 0.2086066940 0.8991594491 586.0230000000 695.8760000000
-0.8811455948 0.0813045091 0.9017309455 584.4510000000 640.0960000000
-0.8796176818 -0.3064522670 0.1669736049 217.9290000000 472.2940000000
-0.8767357862 0.0777841546 0.8938666084 582.6330000000 639.4950000000
-0.8764360905 0.0605495092 1.6192560491 814.5890000000 608.4840000000
-0.8741589380 -0.0650315659 -0.2174182838 -70.5830000000 618.8980000000
-0.8737013669 0.6340143522 1.3235633941 741.4880000000 835.3100000000
-0.8733882919 -0.2847323538 0.0551672949 143.7820000000 482.4320000000
-0.8729146656 -0.0644776640 -0.2184434037 -70.5904000000 619.1810000000
-0.8724838530 -0.4242915591 1.7515610121 839.3080000000 445.8370000000
-0.8706535683 -0.3053578424 1.6179636112 808.2040000000 483.5080000000
-0.8680740443 -0.2632420290 0.1203709183 188.1390000000 495.3820000000
-0.8673355084 0.1286382392 1.6244900210 816.5970000000 630.8960000000
-0.8668832889 -0.2415451283 0.1827806818 227.0830000000 505.8990000000
-0.8658397056 -0.1832746446 0.5159101504 412.6890000000 534.4500000000
-0.8655319823 0.0762872814 0.8927347218 585.2500000000 640.4580000000
-0.8651787695 -0.5252007181 0.9189072573 585.2870000000 391.2800000000
-0.8642957374 -0.2421161557 0.0958566101 169.8170000000 505.7580000000
-0.8638783040 -0.1273096773 0.0032733196 106.9930000000 571.9360000000
-0.8637418354 -0.0495867998 0.0022363082 107.5600000000 617.0840000000
-0.8634314363 0.2922916435 0.3874263080 352.0230000000 775.9530000000
-0.8630514649 0.2990909905 0.8839980560 582.9360000000 735.8040000000
-0.8628561275 0.0913898057 2.0100806926 910.3850000000 608.0350000000
-0.8627410658 0.2971295890 0.8808030854 582.5890000000 735.9610000000
-0.8620025298 0.2920026512 0.3257906693 317.0780000000 782.6560000000
-0.8611114702 -0.0321798294 -0.0371044725 71.5023000000 630.2520000000
-0.8602659001 0.2608353653 0.3040145633 302.2750000000 766.4640000000
-0.8601374591 -0.1282596058 0.0009314945 106.5840000000 572.9090000000
-0.8594417368 -0.2234606314 0.0362586348 126.8720000000 517.3310000000
-0.8594096266 0.2904426279 0.3863693454 350.1410000000 776.9630000000
-0.8593052682 -0.4628131643 0.0115319707 110.8750000000 381.7900000000
-0.8578656584 -0.1818232609 0.4509377209 380.8770000000 534.8850000000
-0.8572635911 -0.3418725565 -0.0260243466 80.5732000000 447.0950000000
-0.8568782680 -0.2969048172 0.6048288042 457.7970000000 479.4700000000
-0.8560300220 0.1325993070 0.1994033592 239.9740000000 708.5370000000
-0.8553904927 0.6161744284 0.9778001448 626.5260000000 867.2620000000
-0.8551148797 0.0279669637 -0.2013050891 -65.0033000000 679.6260000000
-0.8542853647 0.0798295780 1.6166497665 819.3490000000 615.1510000000
-0.8531133403 -0.1834563351 0.0851719220 163.5220000000 539.8770000000
-0.8530758784 -0.4128308731 1.7353934976 843.2840000000 448.1240000000
-0.8517834405 0.2935626746 0.1958225303 238.2580000000 797.3270000000
-0.8512429178 -0.4716970021 0.8881081689 576.4990000000 407.2610000000
-0.8507880225 0.4112949325 0.8768749306 587.0160000000 784.8050000000
-0.8503652375 -0.1969014350 0.3045925479 303.2910000000 530.7550000000
-0.8502020103 -0.3663887378 0.6338511250 471.0990000000 448.3070000000
-0.8497792253 -0.2976995460 0.8680927753 570.0000000000 480.8610000000
-0.8492012407 -0.0490944425 1.6230263284 819.3690000000 570.7990000000
-0.8471221015 -0.3779109685 0.6797607652 491.0370000000 444.1390000000
-0.8469535227 -0.3624712865 0.8295015979 554.5010000000 452.6790000000
-0.8469347917 -0.4694840702 0.8880840862 576.6630000000 408.8240000000
-0.8458778290 -0.4138958633 -0.2162585683 -74.5344000000 396.3490000000
-0.8446094739 -0.4884933425 0.7332189917 514.2140000000 396.8520000000
-0.8442375301 -0.3781464437 0.6793781180 490.4980000000 444.0940000000
-0.8439886756 0.6172313911 0.9719748090 627.9880000000 867.9230000000
-0.8436247593 -0.2943413483 0.6058697117 458.4020000000 479.8640000000
-0.8425356864 -0.2937098466 0.6052676444 457.7940000000 478.9820000000
-0.8408766565 -0.3253223948 -0.0444999999 63.7958000000 457.1780000000
-0.8390918614 -0.1658007778 -0.0493689852 59.9747000000 551.3620000000
-0.8386262626 -0.3436386206 1.7410234960 848.5450000000 470.2430000000
-0.8381178502 -0.3257318005 -0.0427213593 65.0788000000 455.2990000000
-0.8362260209 -0.5007648124 0.0195368438 116.5410000000 357.9220000000
-0.8350834309 -0.1804441254 0.2145337123 245.9990000000 536.6670000000
-0.8349121762 -0.1784498108 0.0904944647 164.4560000000 539.3440000000
-0.8317921296 -0.4713571686 -0.1348761918 -9.9956400000 363.7850000000
-0.8275187895 -0.4648789242 0.5974595002 456.8320000000 399.4030000000
-0.8254690847 -0.1779296247 0.1536135973 204.6920000000 539.0270000000
-0.8219610391 -0.1773990027 0.5080110271 412.0760000000 533.2720000000
-0.8149235411 -0.4638433684 0.6002263340 457.4550000000 400.3060000000
-0.8065561433 -0.4119585445 2.7987032573 1062.9200000000 455.0860000000
-0.8064009437 -0.4147735437 2.7991313940 1063.3800000000 453.9170000000
-0.8059915379 -0.2788454734 1.7309729855 856.3260000000 489.1590000000
-0.8032808970 -0.4108453889 -0.1277420955 -10.5157000000 398.2300000000
-0.8015469431 -0.2288490002 -0.2098565858 -84.6208000000 513.9600000000
-0.8002357743 -0.4632841147 -0.1267100183 -8.6749400000 363.2770000000
-0.7948706855 -1.0819979294 2.7904883831 1054.2200000000 277.7360000000
-0.7947797064 -0.4086886500 -0.1258917419 -10.7974000000 398.2210000000
-0.7933347449 -1.0804646646 2.7869027377 1054.4100000000 278.4010000000
-0.7907632484 -0.2383496225 -0.1438978362 -30.6122000000 507.4100000000
-0.7877529118 -1.0781982156 2.7828621970 1052.4200000000 277.4490000000
-0.7858022137 -0.9997769400 2.7848958467 1056.2600000000 298.2860000000
-0.7856149039 -0.1976827845 1.4631493579 787.3960000000 518.4450000000
-0.7841859974 -0.2511891764 -0.0699958117 32.3205000000 497.1610000000
-0.7840388254 0.0500053035 -0.0865125252 16.9203000000 691.8200000000
-0.7833216963 -0.2944992237 -0.0898800885 15.8246000000 469.5520000000
-0.7814111360 -0.2508332877 -0.0726510624 30.3068000000 497.6980000000
-0.7738277636 -0.2172491698 -0.1303783476 -22.4466000000 519.1050000000
-0.7692707830 -0.4193893932 2.8004693214 1075.5000000000 452.9220000000
-0.7550432632 0.1691447935 -0.1208739790 -20.3011000000 778.3760000000
-0.7380783440 -1.5118927283 2.7667267928 1057.5200000000 156.0280000000
-0.7273883042 0.2139204064 1.3355003822 771.2610000000 684.3210000000
-0.6960192588 -0.7526002078 2.7859929471 1090.1300000000 357.3630000000
-0.6950238408 -0.6397487089 2.8021015928 1092.2000000000 389.0180000000
-0.6922409518 -0.6373779016 2.8045633792 1092.5300000000 388.4780000000
-0.6906675492 -0.1170012144 2.0991732770 972.9590000000 541.2030000000
-0.6874297650 -0.7452041452 2.7832635753 1090.9900000000 358.1190000000
-0.6846013865 -0.7438742454 2.7866351523 1089.9700000000 358.3890000000
-0.6734056102 -0.8395360532 2.7772696606 1089.0600000000 330.6490000000
-0.6732825208 -0.8377780167 2.7723728464 1089.5900000000 330.1730000000
-0.6631276520 -0.8307672772 2.7684928570 1089.8900000000 330.1560000000
-0.6611662505 -1.5076996639 2.8048844818 1085.6300000000 147.3150000000
-0.6335353742 -0.6104561268 2.8097010203 1112.3200000000 392.7900000000
-0.6313197664 -0.6139775517 2.8136345268 1112.0600000000 393.0210000000
-0.6241886135 0.3346825347 1.5826878178 877.8830000000 724.7640000000
-0.6229871547 -0.0886866572 2.8841165414 1138.7900000000 541.6230000000
-0.6179752787 0.3453725745 1.1883658321 755.2270000000 761.4820000000
-0.6129179132 -0.9143342215 2.7892039728 1109.7500000000 304.6770000000
-0.6113525382 -0.9159343826 2.7888293532 1109.4900000000 304.6930000000
-0.6085268355 -0.0668693430 2.7274987620 1118.8200000000 548.9340000000
-0.6069561088 -0.1261213302 1.6796447394 901.0290000000 540.7430000000
-0.6000524035 -0.0923804072 2.8897893535 1145.0900000000 539.9900000000
-0.5997714387 -0.0920681349 2.8821096503 1144.7900000000 541.0430000000
-0.5991372612 -0.1245912765 1.6678014062 900.7690000000 540.7420000000
-0.5719371975 0.4465841051 1.2342968792 786.4140000000 809.0100000000
-0.5202209524 0.3826499072 1.2850738992 817.6130000000 781.3020000000
-0.5144892715 0.3631322226 1.9350925387 1006.9000000000 725.1060000000
-0.5059399155 -0.4021301299 2.8825110285 1170.2400000000 445.4750000000
-0.5051532142 0.3597098043 1.9159066600 1003.1500000000 725.9320000000
-0.5046501535 -0.2558596133 2.5835163688 1125.3400000000 490.5620000000
-0.4753602473 0.0188313814 2.1748705325 1068.4000000000 587.1300000000
-0.4698560140 -0.8568488336 2.7859126715 1159.1400000000 307.0130000000
-0.4617321190 0.4661178449 1.0818052678 763.3460000000 854.1020000000
-0.4608035974 0.4009527538 1.2717133563 833.7140000000 801.5350000000
-0.4561021205 -1.0663120687 2.7799722739 1155.9500000000 241.5140000000
-0.4549515030 0.0428401672 1.9249671043 1020.0700000000 601.1940000000
-0.4535038656 0.6658409687 1.1669135045 804.4490000000 949.0640000000
-0.4497309104 -0.0098458076 2.6689590873 1166.0700000000 568.3000000000
-0.4201332808 -1.4354462336 3.0163305253 1197.9200000000 143.1970000000
-0.4195633237 -1.4378759097 3.0128786726 1197.9900000000 142.4820000000
-0.4194000966 -1.4003818327 3.0689378300 1206.1600000000 156.7520000000
-0.4167295935 -0.9888112872 2.7730150515 1173.2100000000 257.4030000000
-0.4146531302 -0.9941763760 2.7732291199 1171.5500000000 258.8780000000
-0.4144604687 0.0298478220 1.8535645957 1018.2000000000 601.4050000000
-0.4000509908 0.0423809905 2.4329353177 1146.5300000000 591.2080000000
-0.3953361347 0.0408546830 2.4287904187 1147.6300000000 590.2800000000
-0.3942470618 -0.9799354769 2.8025297296 1185.1600000000 260.6660000000
-0.3912126425 0.0407733370 2.4226386286 1149.2000000000 590.3180000000
-0.3881996300 -0.4365068361 2.8175145163 1203.1800000000 429.9390000000
-0.3803620514 0.0437555771 2.4909853110 1164.9900000000 589.3690000000
-0.3770761018 0.2595817273 0.2875580565 293.7690000000 875.7820000000
-0.3741219581 0.6678157496 1.1844671117 841.6490000000 972.6200000000
-0.3734262359 0.6763544021 1.1980711573 844.6010000000 974.0940000000
-0.3691983853 0.6691429735 1.1873436556 842.6460000000 973.0510000000
-0.3657331534 -0.9226989435 2.7789822076 1195.4600000000 272.2870000000
-0.3569831083 0.6671708686 1.1853046543 847.7770000000 977.4210000000
-0.3291863290 0.3803888100 1.2227131039 861.2300000000 818.7480000000
-0.3196709895 -0.8979232042 2.8007101483 1216.4700000000 277.5570000000
-0.3094866863 -1.5191523223 3.3385837146 1276.4100000000 126.8700000000
-0.2946678026 -0.4430626803 2.7941007871 1237.5200000000 424.3260000000
-0.2929284970 0.0116604920 2.6473622635 1226.7100000000 575.9110000000
-0.2927947042 -1.0461361238 2.8498120833 1232.2400000000 230.3210000000
-0.2921524991 -1.0460906343 2.8489825683 1231.1200000000 229.4030000000
-0.2893776377 -0.8829036314 2.8346399867 1234.5800000000 277.3280000000
-0.2880557655 0.0115282780 2.6324416973 1228.0300000000 575.9360000000
-0.2833971023 -0.1763326745 2.7540699998 1243.5700000000 511.2000000000
-0.2820003061 0.3842821787 1.6416021122 1024.9100000000 780.1710000000
-0.2815641418 -0.1999235453 2.7632214231 1244.5600000000 501.5720000000
-0.2813714802 0.4375102816 1.6493380083 1029.3200000000 805.7770000000
-0.2786554877 -0.1767918512 2.7568796473 1245.6500000000 509.5090000000
-0.2745801609 -0.3779511063 2.7630073547 1244.1000000000 443.6530000000
-0.2713397007 -0.3743815160 2.7595019849 1244.9600000000 442.7230000000
-0.2607767640 -0.1698445295 2.7596892948 1254.0300000000 512.4980000000
-0.2596020638 -0.4372293169 2.7599836388 1249.0000000000 420.7110000000
-0.2590256847 -0.0418091604 2.7600371559 1257.7100000000 555.9640000000
-0.2575333605 -0.4353990322 2.7578161964 1247.5600000000 421.8960000000
-0.2560603024 -0.6971431178 2.7534813117 1239.4900000000 333.6330000000
-0.2452736643 -1.4978551942 3.2928265982 1297.8500000000 118.2130000000
-0.2450459491 0.4207139413 1.6481231703 1047.4800000000 804.8830000000
-0.2252162597 -0.0424240718 2.7651747970 1274.3100000000 556.3990000000
-0.2218064180 -0.5685923790 2.7606526025 1259.3800000000 374.3680000000
-0.2203135586 -0.5693041564 2.7571739913 1259.7300000000 373.9830000000
-0.2198629447 0.4385190789 1.6456720873 1059.5800000000 817.6620000000
-0.2190082767 0.4416043394 1.6509890107 1059.7200000000 818.7040000000
-0.2180289138 0.8156861597 1.5617224958 1049.1100000000 1028.0400000000
-0.2151617355 -0.3506279533 2.7608399123 1269.0200000000 448.2420000000
-0.2132385986 -0.3557816496 2.7634622500 1270.0500000000 447.6710000000
-0.2115137427 -0.2000142568 2.7959203683 1282.5200000000 500.2660000000
-0.2077836011 -0.3769396332 2.7668070685 1273.6500000000 439.3290000000
-0.2047895872 -0.6355984582 2.7839860560 1270.6400000000 352.0540000000
-0.2039177937 0.4530008049 1.4223372211 999.1420000000 855.5500000000
-0.2030628581 -0.2004105509 2.7792765517 1282.8000000000 499.8060000000
-0.2029485991 -0.1627709074 2.7774569704 1283.8900000000 514.0330000000
-0.2011070759 -0.6275601905 2.7732826370 1270.3700000000 351.8340000000
-0.1996677336 -0.6277983415 2.7753430452 1270.9900000000 351.7580000000
-0.1990472029 -0.2019919811 2.7725869147 1284.5100000000 499.2460000000
-0.1888529990 -0.7096928766 2.7694294061 1272.5100000000 326.4460000000
-0.1883956954 -0.6973009932 2.7663254146 1273.8400000000 326.6570000000
-0.1861907911 0.8978001149 1.6379522463 1090.2300000000 1067.2700000000
-0.1846347815 0.7222319321 1.2920685835 972.1590000000 1045.5600000000
-0.1779965210 0.3903965068 1.6613418928 1083.5200000000 797.7620000000
-0.1758480772 0.3804931683 1.6465792021 1082.6300000000 794.3410000000
-0.1741192075 0.4419602281 1.6456694115 1083.0100000000 825.8520000000
-0.1729121294 0.4406035697 1.6416529535 1082.8300000000 826.5440000000
-0.1304503281 -0.8895290478 2.8694528572 1307.4600000000 260.2380000000
-0.1083060244 0.8624012322 1.6396487382 1136.2200000000 1075.1800000000
-0.0987018464 0.8516175375 1.6248646407 1137.2100000000 1076.1900000000
-0.0759787554 -0.7095162702 2.7687336839 1327.4100000000 310.1880000000
-0.0743090220 -0.8081830630 2.7780991756 1325.7300000000 274.0070000000
-0.0705087731 -0.7084539559 2.7660578291 1328.5500000000 309.6550000000
-0.0704049499 -0.7083817078 2.7778048315 1329.7800000000 311.5930000000
-0.0623840752 -0.7997327136 2.7402358306 1326.0600000000 273.9880000000
-0.0179115564 0.4317170561 2.3354351976 1331.7200000000 774.0100000000
-0.0112051151 0.4272885164 2.3176916047 1333.0600000000 773.3610000000
-0.0056591652 0.4218110417 2.3105417208 1333.5200000000 773.3860000000
-0.0045512276 0.0808445297 2.2720441983 1314.1300000000 620.7700000000
0.0003794175 -0.8117981427 2.8113332917 1367.1900000000 265.1610000000
0.0012443233 0.0838200802 2.4873622036 1352.0800000000 613.5540000000
0.0037754973 0.0837020750 2.4815368678 1352.3500000000 613.3260000000
0.0805731980 0.5697001829 1.7912840761 1291.4800000000 935.5430000000
0.0892084489 0.5692854254 1.5860513673 1243.9800000000 980.2370000000
0.0893197645 0.5680705873 1.5846411918 1244.7800000000 980.9540000000
0.0903566582 0.5673855685 1.5837340771 1244.0000000000 980.5380000000

gimbalangles:
0.2032455763 0.3352513233 2.2182584162

end: