T_CW:
0.9863272334 0.0306001248 0.1619327667 -0.8560615488
-0.0330764076 0.9993731761 0.0126176912 0.1546620249
-0.1614451605 -0.0178013266 0.9867211222 -0.2506770616
0.0000000000 0.0000000000 0.0000000000 1.0000000000


target_points_pix:
-2.8562341347 -1.1754361019 3.3053763570 51.0608000000 343.0940000000
-2.1729787032 -1.6638491687 3.3736641706 172.5650000000 243.0730000000
-2.1355006813 -1.2444838582 3.2892677113 166.9010000000 319.4020000000
-2.1347648213 -1.3706129485 3.2911408097 167.5160000000 295.3280000000
-2.1320220701 -1.2422361402 3.2871002690 167.7080000000 319.9030000000
-2.1263144719 -1.2978109679 3.2837822091 166.2940000000 308.3800000000
-2.1038667263 -1.7913991378 2.9404432842 105.7120000000 176.8230000000
-2.0472777497 -1.7997959701 2.8440857541 90.9583000000 162.9550000000
-1.9722146718 -1.6792647680 2.5160473667 25.7972000000 146.4790000000
-1.7049717048 -1.7387704263 3.1238463697 209.3470000000 199.5770000000
-1.5440779094 -0.3032171585 3.1470727891 251.8280000000 497.0090000000
-1.5419238464 -0.3087561779 3.1375735047 250.6660000000 495.7250000000
-1.4804514348 -1.9240680171 2.4136932461 107.5420000000 49.4693000000
-1.4769540927 -1.9472623262 2.5568247175 142.0720000000 66.0583000000
-1.4764269493 -1.5463630894 3.3374866142 287.4590000000 251.6480000000
-1.4743585135 -1.7864006411 2.2373597688 58.7345000000 50.9695000000
-1.4733497163 -2.5872465103 2.8717273338 207.6820000000 -30.3437000000
-1.4717977205 -1.7855390159 2.5859487207 152.0600000000 112.6590000000
-1.4678990001 -1.7826223342 2.5056811054 133.6490000000 100.3790000000
-1.4675190288 -1.7815894542 2.3133486924 81.6263000000 65.4213000000
-1.4656807165 -1.9103275028 2.6687048811 172.1750000000 95.5069000000
-1.4652231454 -1.7836926761 1.9573770572 -41.2664000000 -15.2915000000
-1.4651856834 -1.9084490528 2.3415334707 91.3455000000 37.2710000000
-1.4645408024 -1.7821620872 2.2299690579 57.7391000000 49.5874000000
-1.4637755079 -1.8276997836 3.1353793038 259.0490000000 174.8250000000
-1.4634918673 -1.9072663250 2.4060376256 107.9740000000 48.8713000000
-1.4633339919 -2.1788709353 2.9372590170 223.0790000000 72.7783000000
-1.4632135784 -2.3712515137 3.3435608045 285.0020000000 88.7495000000
-1.4627720624 -1.5334815246 3.2974023098 286.9650000000 252.7030000000
-1.4622770293 -1.7772144317 2.4230266275 114.4400000000 88.5112000000
-1.4621726709 -1.7772893556 2.5396403782 143.7560000000 107.6070000000
-1.4598634083 -2.6209060874 2.7525982797 184.1410000000 -60.7762000000
-1.4591997963 -2.5431671548 2.9890903238 235.6710000000 1.9783700000
-1.4586619495 -1.9698947058 2.5396082679 142.5990000000 58.5204000000
-1.4578484896 -2.6544532786 2.9307566899 219.9580000000 -33.0809000000
-1.4555365511 -1.9672563130 2.2587478759 69.3276000000 3.9381500000
-1.4551432005 -1.9018049054 2.3922409185 108.1930000000 48.4359000000
-1.4545143746 -2.1714133281 2.9225953329 222.6390000000 72.0046000000
-1.4542681960 -2.6471749536 2.9214714739 219.6610000000 -33.5829000000
-1.4528901308 -2.6256503779 2.7239131166 183.1630000000 -66.6036000000
-1.4522693325 -2.3609655280 3.3147150901 284.9450000000 88.1435000000
-1.4516886720 -1.9032605704 2.2267767632 61.9538000000 15.5115000000
-1.4515200931 -2.3026185148 2.7263749030 184.5150000000 9.5122000000
-1.4494436298 -2.3513538576 3.3054833912 283.9920000000 89.1297000000
-1.4463396383 -1.9616129353 2.6134591836 162.1370000000 73.1310000000
-1.4439179897 -1.9579149040 2.6085222315 163.4360000000 73.2634000000
-1.4347371320 -1.9532937028 2.6751804496 178.7460000000 84.9037000000
-1.4344909534 -1.8863705751 2.7659775535 198.3660000000 114.3490000000
-1.4312237347 -1.9463792941 2.2376835472 68.8127000000 3.9017700000
-1.4109247005 -1.6288650435 3.1958536215 277.8020000000 222.3770000000
-1.0576610303 -0.2678637654 2.7688139595 291.2810000000 500.4770000000
-1.0182456896 -0.2697689740 1.6477619299 -30.7525000000 485.6730000000
-1.0138305292 -0.5790844055 2.7674225150 297.4040000000 422.4930000000
-1.0040021147 -0.2671688459 1.6324319579 -38.9018000000 485.6070000000
-1.0023297054 -0.2882858890 1.6298283512 -39.0123000000 475.8270000000
-0.9882894955 -0.3313163094 1.6336708787 -32.7624000000 458.8660000000
-0.9773398978 -0.5787766822 2.7633284573 304.8230000000 422.4590000000
-0.9692748715 -0.3774105836 2.7604652927 306.9170000000 472.0610000000
-0.9651941930 -0.5093168443 1.7966304339 49.7143000000 393.3740000000
-0.9649908280 -0.5060282188 1.7907194707 49.6898000000 392.8230000000
-0.9572763388 -0.7601006287 2.7589935725 306.8170000000 376.7280000000
-0.9570622704 -0.6411000156 2.7725869147 311.7050000000 407.7860000000
-0.9566608922 -0.8632334230 2.7642382479 307.4190000000 352.2300000000
-0.9547182216 -0.6378354728 2.7763866285 310.0540000000 408.0460000000
-0.9546379460 -0.1853797395 2.7841733659 314.9170000000 520.1510000000
-0.9511620106 -0.7236046455 2.7675027907 310.6440000000 386.4820000000
-0.9487269828 -0.6380067275 2.7648804530 310.8690000000 407.5590000000
-0.9432120461 -0.6370059578 2.7577359208 310.1840000000 407.7530000000
-0.9394872563 -0.4611220241 1.6188386157 -24.6871000000 398.6250000000
-0.9318048772 -0.2068117307 2.7629270790 314.9230000000 511.1080000000
-0.9286527203 -1.4737778531 2.7783400025 312.8590000000 202.7770000000
-0.9077864049 -0.4217789315 1.6403685432 -2.0542800000 419.3870000000
-0.9071254688 -0.6253151483 2.7966963662 325.6710000000 411.8120000000
-0.9050383020 -0.6267333513 2.7919065861 325.1830000000 411.3270000000
-0.9049259161 0.0154705614 2.6356473713 302.8170000000 573.1690000000
-0.9031116866 -1.0969666609 2.8148921786 324.0230000000 296.7910000000
-0.9026300327 -0.6261740977 2.7894983169 324.7390000000 411.7380000000
-0.8955657762 0.1542105804 1.6253998116 -2.0454100000 671.1240000000
-0.8931521552 -1.0831913606 2.7870097719 323.4680000000 296.7610000000
-0.8923815090 -0.3829576305 1.6483987833 8.7330200000 434.6860000000
-0.8919935101 -0.4270476895 1.7200795808 46.0781000000 420.7310000000
-0.8901097083 -0.3659900355 1.6481392254 10.3300000000 441.6370000000
-0.8888065670 -1.0861749386 2.7798384812 323.8160000000 297.2200000000
-0.8887610775 -0.2580653204 2.0861579194 179.6770000000 498.1550000000
-0.8797113367 -0.4363730434 1.5836056360 -14.5792000000 409.0030000000
-0.8753416659 -0.4011748498 1.6974445253 38.0183000000 429.6610000000
-0.8740786624 -0.3996710194 1.6985978187 39.1021000000 430.4210000000
-0.8714402696 -0.4068530136 1.7127718214 45.9854000000 426.2130000000
-0.8711378980 -0.3154725734 1.6432183285 15.0266000000 462.6540000000
-0.8682667059 0.1941073074 2.0020959420 163.2520000000 652.3050000000
-0.8667361169 -0.0201097710 1.6315355466 11.6724000000 592.1340000000
-0.8623049014 0.1886627457 1.9917617909 160.6180000000 654.0770000000
-0.8598003014 0.0879213628 2.0069285357 164.5340000000 615.5770000000
-0.8594042749 0.0165186134 1.6214502500 9.7896500000 608.3220000000
-0.8588262902 0.1286716874 1.9938409301 162.1160000000 629.6800000000
-0.8549570043 -0.3157321313 1.6731424123 35.2330000000 462.9700000000
-0.8542853647 0.0798295780 1.6166497665 9.1963200000 636.5070000000
-0.8522115773 0.0798137904 1.6188466433 12.8868000000 638.2900000000
-0.8508897050 -0.4047123298 1.7486175718 69.3331000000 429.5690000000
-0.8506354988 -0.2791317898 1.9280496889 138.4430000000 484.2760000000
-0.8497979563 -0.8083596694 2.7740318763 333.8400000000 363.7930000000
-0.8492012407 -0.0490944425 1.6230263284 14.7989000000 579.4150000000
-0.8476867069 -0.2810048881 1.9266528928 138.4450000000 484.4970000000
-0.8454710991 -0.4576407370 1.7976980999 88.8764000000 412.2130000000
-0.8393808537 -0.4521819933 1.7829568160 89.9892000000 410.6220000000
-0.8389848272 -0.3420866249 1.7464153434 71.9408000000 454.2970000000
-0.8307619255 -0.7095430288 2.7794906200 339.2490000000 388.4470000000
-0.8064009437 -0.4147735437 2.7991313940 349.8820000000 461.0580000000
-0.7951489744 -0.0165038694 1.6390894846 42.4112000000 593.7230000000
-0.7948706855 -1.0819979294 2.7904883831 347.7640000000 296.2720000000
-0.7945495829 -1.0645593838 2.7765204213 346.5660000000 297.6490000000
-0.7942953767 -1.0808259050 2.7887223190 346.4990000000 296.3830000000
-0.7934926203 -1.0350232990 2.7877590113 347.0670000000 307.4310000000
-0.7877529118 -1.0781982156 2.7828621970 347.3320000000 296.6880000000
-0.7616526245 -0.4198496402 2.7999073919 359.4460000000 460.1360000000
-0.7606812892 -0.8087048546 2.7765739383 353.3880000000 363.2040000000
-0.7565925831 -0.4150250741 2.7932980306 358.3830000000 460.3720000000
-0.7183519426 -1.5081063938 2.8277095229 366.6160000000 195.0830000000
-0.7156948189 -1.5147906790 2.8343991598 366.2180000000 190.5590000000
-0.7055319225 -0.7062436998 2.7942078212 369.4700000000 389.3210000000
-0.6958640592 -0.1122360523 2.1055926526 240.1410000000 541.8390000000
-0.6950238408 -0.6397487089 2.8021015928 371.9550000000 403.8780000000
-0.6922409518 -0.6373779016 2.8045633792 374.3180000000 405.1830000000
-0.6874297650 -0.7452041452 2.7832635753 372.4410000000 376.3400000000
-0.6734056102 -0.8395360532 2.7772696606 373.8320000000 353.5000000000
-0.6731647832 -0.8384014908 2.7722658122 374.0540000000 353.5080000000
-0.6697985579 -0.8356614155 2.7679844446 373.2550000000 353.4800000000
-0.6611662505 -1.5076996639 2.8048844818 376.4140000000 188.7980000000
-0.6473855984 -1.5088208471 2.7823002675 375.6300000000 184.5140000000
-0.6381030582 -0.5810966483 2.8063294433 387.8000000000 419.0370000000
-0.6335353742 -0.6104561268 2.8097010203 388.9300000000 410.7340000000
-0.6313197664 -0.6139775517 2.8136345268 389.8040000000 410.7520000000
-0.6270945917 -0.5762533512 2.7983553961 387.7830000000 418.2040000000
-0.6229871547 -0.0886866572 2.8841165414 402.9950000000 541.9300000000
-0.6129179132 -0.9143342215 2.7892039728 389.6460000000 333.8160000000
-0.6069561088 -0.1261213302 1.6796447394 127.8750000000 541.8710000000
-0.6000524035 -0.0923804072 2.8897893535 409.4630000000 540.6630000000
-0.5997714387 -0.0920681349 2.8821096503 408.9470000000 540.6650000000
-0.5935500764 -0.0795499511 2.8692655474 407.0790000000 543.7530000000
-0.5918616120 -0.0925219599 2.8811463426 409.2540000000 539.6380000000
-0.5202209524 0.3826499072 1.2850738992 -38.5171000000 853.0650000000
-0.5144892715 0.3631322226 1.9350925387 255.2390000000 721.0190000000
-0.5059399155 -0.4021301299 2.8825110285 428.3240000000 462.9330000000
-0.5051532142 0.3597098043 1.9159066600 254.3660000000 721.0700000000
-0.5046501535 -0.2558596133 2.5835163688 388.7520000000 496.3310000000
-0.5023061048 -0.4109845334 2.8722357462 428.8030000000 464.0840000000
-0.5016612238 -0.4028740176 2.8755805647 429.1070000000 463.7920000000
-0.4848755868 -0.2505833629 2.5579512523 389.8440000000 497.5700000000
-0.4744798911 0.0176159012 2.1886699155 328.2160000000 582.5910000000
-0.4712608378 0.0173534266 2.1867593552 329.3440000000 582.9910000000
-0.4636507068 0.0416181043 1.9312821215 270.9560000000 601.1380000000
-0.4608035974 0.4009527538 1.2717133563 -20.5631000000 871.3230000000
-0.4549515030 0.0428401672 1.9249671043 270.7420000000 600.2890000000
-0.4485642377 -1.0640429439 2.7658437607 422.9880000000 293.6130000000
-0.4322656063 -1.5247154244 2.8282446939 430.8570000000 181.9870000000
-0.4298198750 0.0201036433 2.1421903182 328.3600000000 583.6460000000
-0.4201332808 -1.4354462336 3.0163305253 455.5090000000 222.6730000000
-0.4195633237 -1.4378759097 3.0128786726 455.8640000000 223.6600000000
-0.4194000966 -1.4003818327 3.0689378300 463.4280000000 237.3990000000
-0.4163041326 -1.4069350010 3.0501265710 463.4700000000 234.6230000000
-0.4162827258 -0.9971599540 2.7768682824 434.7740000000 308.9580000000
-0.4135185678 -1.4338969136 2.9920337640 455.6540000000 221.8530000000
-0.4091301660 -0.9078961149 2.7595555020 433.6740000000 331.0460000000
-0.4089455320 0.3251190298 1.6231494178 188.3070000000 749.4300000000
-0.3982795749 -0.9831277716 2.8070251656 440.8410000000 314.4110000000
-0.3972814811 -0.9061942713 2.7484507048 433.6740000000 331.0460000000
-0.3953361347 0.0408546830 2.4287904187 395.4550000000 582.5790000000
-0.3938055458 -0.9833338125 2.7196049904 432.8780000000 307.9620000000
-0.3912126425 0.0407733370 2.4226386286 396.0840000000 582.2730000000
-0.3863800488 -1.0301907052 2.8300910336 446.5910000000 302.2680000000
-0.3803620514 0.0437555771 2.4909853110 409.9210000000 581.7520000000
-0.3800944659 -1.0234796615 2.8263715955 445.7190000000 303.7830000000
-0.3731640021 -0.8520296191 2.7699110600 445.1510000000 344.1320000000
-0.3347975965 -0.9766254446 2.8149189371 457.7660000000 314.9650000000
-0.3293495562 -0.9297070071 2.7957062999 457.5830000000 325.6760000000
-0.3287983301 -0.9666364787 2.8103699840 457.2710000000 315.4610000000
-0.3094866863 -1.5191523223 3.3385837146 508.4860000000 233.9760000000
-0.3064335360 -1.5113548815 3.3048144275 507.6690000000 234.3670000000
-0.2981437379 -2.3364172363 3.3311983555 505.0470000000 60.1514000000
-0.2971536717 -0.9165391258 2.8067308215 465.9380000000 328.8830000000
-0.2941192523 -0.8322042112 2.7669408612 463.2590000000 347.1040000000
-0.2935252126 -0.8915894560 2.8172469308 468.7840000000 337.5560000000
-0.2929284970 0.0116604920 2.6473622635 453.1050000000 568.3160000000
-0.2927893525 -1.4922011131 3.2656666723 508.0550000000 233.7400000000
-0.2921524991 -1.0460906343 2.8489825683 470.3470000000 299.1990000000
-0.2891956796 -0.8326510789 2.7644790748 464.3060000000 346.7530000000
-0.2880557655 0.0115282780 2.6324416973 453.8590000000 568.5540000000
-0.2860997156 -0.2042386287 2.7643452821 466.9170000000 508.2530000000
-0.2833971023 -0.1763326745 2.7540699998 467.5180000000 516.7230000000
-0.2823802775 -2.3249966882 3.2998908547 505.3400000000 60.7727000000
-0.2820003061 0.3842821787 1.6416021122 248.4790000000 776.0380000000
-0.2815641418 -0.1999235453 2.7632214231 468.5440000000 509.9580000000
-0.2813714802 0.4375102816 1.6493380083 252.5940000000 801.0280000000
-0.2802931108 -0.1775370768 2.7557557883 467.9190000000 516.0410000000
-0.2786554877 -0.1767918512 2.7568796473 468.5440000000 516.0410000000
-0.2745801609 -0.3779511063 2.7630073547 470.4530000000 465.3160000000
-0.2596020638 -0.4372293169 2.7599836388 472.5960000000 447.8330000000
-0.2575333605 -0.4353990322 2.7578161964 472.3990000000 449.0530000000
-0.2560603024 -0.6971431178 2.7534813117 470.0800000000 380.2960000000
-0.2218064180 -0.5685923790 2.7606526025 480.3150000000 414.4220000000
-0.2203135586 -0.5693041564 2.7571739913 480.9280000000 413.6110000000
-0.2190082767 0.4416043394 1.6509890107 277.8380000000 802.5650000000
-0.2180289138 0.8156861597 1.5617224958 251.6220000000 1012.6100000000
-0.2151617355 -0.3506279533 2.7608399123 483.9950000000 470.4800000000
-0.2142878013 -2.3243277245 3.3358811013 522.8280000000 62.3510000000
-0.2134521318 -2.3245846066 3.3268099537 523.9010000000 61.6409000000
-0.2132385986 -0.3557816496 2.7634622500 485.3310000000 469.4900000000
-0.2108000922 -0.3395017492 2.7742459447 485.2620000000 474.7440000000
-0.2052629459 -0.4553983707 2.7893912827 489.9810000000 441.8920000000
-0.2039177937 0.4530008049 1.4223372211 196.2580000000 863.8870000000
-0.2030628581 -0.2004105509 2.7792765517 490.3250000000 509.9670000000
-0.2011070759 -0.6275601905 2.7732826370 488.1940000000 398.9410000000
-0.1996677336 -0.6277983415 2.7753430452 487.3660000000 399.1340000000
-0.1991400551 0.0837604086 2.7551671002 489.9710000000 585.3270000000
-0.1990472029 -0.2019919811 2.7725869147 489.3330000000 508.2690000000
-0.1962038396 0.0643240699 2.2498720657 424.7310000000 594.9300000000
-0.1939454182 -0.1927589442 2.7790357247 492.3900000000 511.9890000000
-0.1931172411 0.0321145385 2.7512068352 492.0710000000 572.3830000000
-0.1901633651 0.5248689122 1.4462566868 214.3980000000 900.6600000000
-0.1897558324 -0.7114348581 2.7694829232 489.0780000000 377.5110000000
-0.1894828952 0.0436033210 2.7632214231 492.5710000000 571.8920000000
-0.1889806373 -0.6956339357 2.7670478954 489.5810000000 377.6850000000
-0.1888529990 -0.7096928766 2.7694294061 489.0860000000 377.9250000000
-0.1861907911 0.8978001149 1.6379522463 291.4160000000 1027.2400000000
-0.1815281142 0.5243819066 1.3396747157 163.2680000000 936.0140000000
-0.1779965210 0.3903965068 1.6613418928 297.7950000000 775.8610000000
-0.1741192075 0.4419602281 1.6456694115 297.9160000000 804.5270000000
-0.1304503281 -0.8895290478 2.8694528572 512.0820000000 334.9420000000
-0.1083060244 0.8624012322 1.6396487382 326.0670000000 1012.1500000000
-0.1061292165 0.0581556895 2.6961912612 508.3440000000 578.0990000000
-0.0987018464 0.8516175375 1.6248646407 326.8530000000 1013.0100000000
-0.0779653099 0.1606235340 2.6972883617 516.9590000000 605.8190000000
-0.0738891804 0.8521205982 1.6252258810 337.0860000000 1013.9100000000
-0.0709390505 0.3035516404 2.6939167847 517.6810000000 646.3600000000
-0.0705087731 -0.7084539559 2.7660578291 518.0190000000 374.8970000000
-0.0669172408 0.3098425749 2.6926591329 518.0840000000 646.9730000000
-0.0653087845 0.2608936989 2.6805375108 516.6040000000 635.2690000000
-0.0179115564 0.4317170561 2.3354351976 496.1470000000 707.9390000000
-0.0056591652 0.4218110417 2.3105417208 497.3260000000 707.6140000000
0.0037754973 0.0837020750 2.4815368678 513.4080000000 591.2080000000
0.0095275147 -0.3163154676 2.7540967583 540.6030000000 476.1960000000
0.0103487345 -0.7047024075 2.7688139595 538.5580000000 375.1870000000
0.0105611439 -0.3182126487 2.7535348288 540.8480000000 476.4380000000
0.0150825089 0.4120441718 2.4193071894 515.5910000000 695.0560000000
0.0171749203 -0.5330061865 2.8036803471 545.1650000000 421.6600000000
0.0200347401 0.4128335490 2.4394751068 515.5910000000 695.0560000000
0.0254915037 0.1339500785 2.6979038083 542.7630000000 599.4860000000
0.0272195974 0.3661050972 1.6760564182 392.9570000000 768.2560000000
0.0284421955 -0.6150933831 2.6872003892 534.3920000000 396.1170000000
0.0317583823 0.8874713155 1.6597979246 395.9560000000 1023.1100000000
0.0323168332 0.4033877817 2.3905578058 516.2180000000 694.8340000000
0.0342075921 0.3659766562 1.6652780752 389.7860000000 767.7820000000
0.0420622962 -0.3136155302 2.7614286004 548.5160000000 475.8190000000
0.0455641874 0.2664024811 2.6010485692 543.1190000000 639.0730000000
0.0551774632 -0.7018499463 2.7593681922 550.8000000000 373.2790000000
0.0626045657 -0.1861145292 2.7780456585 556.0800000000 511.4820000000
0.0660818389 -0.7619095065 2.8291009674 558.7500000000 366.2230000000
0.0702457365 -0.6469253514 2.8159357619 557.1020000000 391.1990000000
0.0732897889 0.4046909229 2.7789286905 562.1720000000 669.1060000000
0.0736242708 0.4045651578 2.7793033102 563.3340000000 670.2850000000
0.0745618903 -0.1830977706 2.7817383380 558.6920000000 511.9960000000
0.0748094068 -0.6444127238 2.7977667081 558.1250000000 391.8220000000
0.0754227127 0.4026010804 2.7824875774 562.8690000000 668.0550000000
0.0799358094 0.5887469171 2.0598221569 488.4470000000 800.1060000000
0.0850884353 0.5664918330 1.7779315608 442.9790000000 838.3400000000
0.0862663466 -0.8325360172 2.7888561117 557.5430000000 340.2230000000
0.0876393277 0.5665453501 1.8094879160 448.0750000000 836.1420000000
0.0892084489 0.5692854254 1.5860513673 397.2690000000 889.0690000000
0.0909354456 -0.8992263455 2.8327936470 564.4460000000 326.4760000000
0.0911661043 0.2190160367 2.6906790004 560.2570000000 622.9290000000
0.0951416217 0.5674203546 1.5742481719 397.0540000000 888.2220000000
0.0952010257 -0.8156834839 2.7392457644 558.4710000000 342.9440000000
0.0996793362 -0.8965585183 2.8299572409 563.5650000000 326.7660000000
0.1018938736 0.5725686992 2.0146644318 489.0510000000 800.4040000000
0.1031539336 0.5885355246 1.6877017381 430.7110000000 869.7680000000
0.1043968681 0.5711665513 2.0156384430 491.2840000000 799.4630000000
0.1422050905 0.1307848099 2.7017035220 574.1570000000 598.0630000000
0.1434498981 0.1343733987 2.6995628382 573.5890000000 598.4710000000
0.1477722063 0.2753802414 2.6896889341 575.3490000000 638.1180000000
0.1478752267 0.2725946766 2.6893945901 575.3570000000 637.0950000000
0.2034872487 0.5340310389 2.0412276421 531.9510000000 781.3510000000
0.2170554379 0.8112709994 1.5868942615 462.1070000000 1020.5600000000
0.2170792530 0.7421536708 1.5842077034 462.4170000000 985.2560000000
0.2175716103 0.7324215870 1.5888904492 462.0590000000 974.2670000000
0.2183460026 0.7417897545 1.5865437246 460.7540000000 984.3890000000
0.2183644660 0.8087851303 1.5844619096 462.3790000000 1019.7600000000
0.2190559069 0.6623275714 1.5875873079 461.9160000000 941.7650000000
0.2191059454 0.6617656419 1.5866668139 460.9600000000 940.3370000000
0.2204291556 0.6602618116 1.5827333074 461.5940000000 941.7850000000
0.2206119164 0.7224299453 1.5815880415 463.4540000000 976.3130000000
0.2210483484 0.7980710078 1.5764798348 463.4720000000 1018.7400000000
0.2335352246 0.1188839458 2.6960574685 597.4000000000 594.3210000000
0.2338702416 0.2049782350 2.6923112718 598.7120000000 618.6150000000
0.2434150156 0.7699718569 1.5814943866 473.3270000000 1001.6100000000
0.2539463772 0.0639869122 2.6943449214 603.2370000000 579.0610000000
0.2547702729 0.0643243375 2.6961109856 602.8750000000 579.1830000000
0.2551850303 0.6861828167 1.5836484497 478.3650000000 958.0290000000
0.2555294129 0.3598543005 2.0763830220 552.8210000000 707.0970000000
0.2580760238 0.1198667873 2.6966461565 604.6410000000 594.2970000000
0.2614385029 0.2612453062 2.6937027163 605.6980000000 634.8680000000
0.2616461493 0.2063645953 2.6915352739 605.7650000000 618.5860000000
0.2626704665 0.7183064531 1.5896450402 483.8320000000 971.5480000000
0.2663717088 0.2063908187 2.6868525281 605.7610000000 619.6010000000
0.2834131574 0.7157483360 1.5874187291 493.7530000000 970.6010000000
0.2834693504 0.6787091543 1.5865704831 493.0780000000 950.7470000000
0.2842346448 0.6774086889 1.5891553588 493.6880000000 950.9150000000
0.2885293917 0.6348411913 2.0152664992 560.2790000000 825.6450000000
0.2902232078 0.6339046421 2.0143112190 559.0170000000 825.6740000000
0.2908493578 0.6294841300 2.0086758689 559.2750000000 825.3970000000
0.2915878937 0.6280659270 2.0059036833 560.2880000000 825.1930000000
0.2921070096 0.6228801205 1.9885641445 559.6200000000 823.4380000000
0.3015233425 0.6712809815 1.5827600659 501.0380000000 950.3430000000
0.3102386015 -0.8752720936 2.8614788100 619.9900000000 329.7330000000
0.3126120846 -0.8809288506 2.8730385026 618.1830000000 329.0730000000
0.3129385389 0.5786669722 1.6868240577 523.9990000000 872.2620000000
0.3162057576 0.7765517838 1.5864286628 511.4640000000 1004.7500000000
0.3194060799 0.7223389662 1.5996714680 512.6260000000 972.5910000000
0.3217715355 0.6839859399 1.5825914871 513.2440000000 957.4520000000
0.3222826238 0.7140705750 1.5905307482 512.8490000000 971.4670000000
0.3264462538 -0.8687028702 2.8213142300 618.7720000000 329.9780000000
0.3339627298 0.2085167853 2.6899565196 625.8870000000 619.5410000000
0.3375189408 0.1141765821 2.6901170709 626.9370000000 593.2380000000
0.3401600094 0.7001026131 1.5897012332 521.0190000000 965.6400000000
0.3405480084 0.3097596235 2.6866919768 628.6460000000 647.8690000000
0.3409922003 -1.3168657296 3.3195316287 644.2990000000 262.2470000000
0.3423488586 -2.3156766861 3.2862172369 637.5380000000 41.5123000000
0.3431542909 -1.3135128836 3.2941110084 644.9160000000 262.4640000000
0.3434325798 -1.3096837355 3.2953954187 645.0390000000 262.7670000000
0.3586715727 0.1143612161 2.6926858915 629.9490000000 591.8220000000
0.3727813549 -0.9659032945 2.7175445822 628.5970000000 294.5340000000
0.3898559841 0.1740814779 2.7004458703 639.5670000000 607.5660000000
0.3928850517 0.1706537080 2.6961645027 640.9720000000 608.3750000000
0.3993231583 0.0553805606 2.7146279005 641.9900000000 575.1040000000
0.4075621151 0.1147460040 2.6988403574 644.9920000000 592.2140000000
0.4329880871 0.7023851173 1.5948174675 569.7940000000 969.1810000000
0.4525485854 0.5817335018 1.6443983804 584.3880000000 888.9210000000
0.4626445854 0.7284773771 1.5947987365 583.9300000000 984.3290000000
0.4640360299 0.6629028802 1.5916599589 584.6090000000 949.4910000000
0.4643223464 0.8158841730 1.5962784842 586.8140000000 1031.4400000000
0.4644534633 0.7537936390 1.6010655884 586.5680000000 994.6070000000
0.4644588150 0.7327908550 1.5966959175 586.7790000000 983.5290000000
0.4648120278 0.8161169723 1.5967788690 587.4750000000 1030.2800000000
0.4652508680 0.8183673662 1.5982104513 588.2790000000 1029.9400000000
0.4659332110 0.8148031276 1.5941137177 588.2400000000 1032.0600000000
0.4661793896 0.7310221150 1.5926981905 586.4930000000 984.7610000000
0.4665540093 0.6635932507 1.5961366639 585.8960000000 947.3180000000
0.4666958296 0.7359510394 1.5964604423 586.8970000000 986.5410000000
0.4667332915 0.0609233261 2.7196049904 663.0270000000 576.1140000000
0.4674290138 0.6658837824 1.5981917204 586.5180000000 948.7440000000
0.4684699213 0.0519731271 2.7610539807 665.3070000000 570.3280000000
0.4685716038 0.6608531755 1.5930540792 585.8740000000 948.5100000000
0.4730054951 0.0539109811 2.7543108267 664.8280000000 572.4980000000
0.4754458746 0.0515206401 2.7383092152 665.0280000000 573.1010000000
0.4823362007 0.2458765344 2.6495002714 666.1130000000 632.7520000000
0.4925713451 0.2579489207 2.1409621009 643.6350000000 666.8300000000
0.4932055227 0.2571761339 2.1390221062 644.5080000000 666.8300000000
0.5076845729 0.1373949739 2.6899030025 673.0850000000 598.2890000000
0.5236594258 0.1783826469 2.6751965047 678.1360000000 611.2450000000
0.5245049959 0.1794711846 2.6767110385 678.1370000000 611.4470000000
0.5284144197 -0.0344406591 2.7549262733 680.0320000000 549.0360000000
0.5314461632 0.1932673566 2.6795474446 680.1560000000 614.4930000000
0.5341889143 0.2544646902 2.6614666939 681.2220000000 633.8110000000
0.5544959761 0.1233973101 2.7078579880 687.8800000000 592.9780000000
0.5598343064 0.1602577446 2.7000712506 688.9790000000 605.2030000000
0.5610304134 0.5889556338 1.7305207661 646.9430000000 873.4880000000
0.5650441956 0.5763336268 1.6458460179 641.6420000000 891.1400000000
0.5961563589 0.4636105690 2.1270503320 683.6290000000 747.0590000000
0.5961938209 0.5470704791 1.6814215070 659.5710000000 866.5170000000
0.6092412887 0.4209547682 2.1305075363 688.4250000000 730.4480000000
0.6218686474 0.7660115919 1.6510478795 674.1830000000 988.5540000000
0.6219917367 0.7657118961 1.6501059787 674.1850000000 988.8100000000
0.6226232384 0.7600096496 1.6475772959 674.7060000000 988.5080000000
0.6235410566 0.6218686474 1.6402989709 672.5520000000 917.5700000000
0.6235999254 0.6243518406 1.6410589137 673.8370000000 919.2480000000
0.6263400007 0.7157938255 1.6467290499 676.5990000000 965.9770000000
0.6297329845 0.7519339199 1.6320466348 676.2750000000 988.1550000000
0.6298614256 0.7018365670 1.6283432519 676.1520000000 964.4640000000
0.6323660256 0.7174528554 1.6462206375 677.9540000000 966.2340000000
0.6370915851 0.5642494667 1.6478475572 678.6770000000 885.3710000000
0.6484345335 0.6356466236 1.6436866031 686.5260000000 925.0010000000
0.6598925436 0.2627563614 2.1330041088 704.6830000000 671.9180000000
0.6675936536 0.6214726209 1.6378425363 693.9470000000 919.0320000000
0.6686318853 0.7724443467 1.6419526492 700.0610000000 999.9980000000
0.9222975653 -2.2984843192 3.2964925192 765.6860000000 26.8304000000
0.9227230262 -2.2933065402 3.2816950423 765.8450000000 26.6263000000
1.6735705491 0.0505525158 2.0798990952 1136.5600000000 586.0480000000
1.7067993136 0.0776300253 2.0714219873 1155.7800000000 597.1850000000
1.7183135166 0.1271250433 2.0489367797 1168.0400000000 620.6480000000
1.7795825632 0.9247647034 2.0453056448 1215.5800000000 980.8630000000
1.7830584985 0.9186717821 2.0398094391 1217.2800000000 978.1720000000
1.7927879064 0.5766119157 2.1982146894 1171.4600000000 795.0240000000
1.7929002923 0.5796115489 2.2007540756 1171.4600000000 795.0240000000
1.8016316064 0.6127038448 2.2185244271 1172.6300000000 807.9140000000
1.8096056536 0.6856904594 2.2035503438 1180.8400000000 838.7500000000
1.8174405564 0.8747850881 2.2020786237 1188.6100000000 917.6890000000
1.8233836298 0.8286961656 2.1980835726 1190.7500000000 899.3460000000
1.8306539272 0.7596885471 2.1967349418 1193.4100000000 872.6050000000
1.8334983608 0.5465219289 2.2065901149 1187.8700000000 782.0940000000
1.8469525586 0.6880398599 2.2059639648 1196.2500000000 838.6410000000
1.8627186949 0.7644702995 2.2013802256 1206.0200000000 873.8790000000
1.8642466079 0.4148270608 2.1707416886 1210.6600000000 734.5500000000
1.8655229907 0.5472551131 2.1974092572 1205.1600000000 783.4710000000
1.8880536878 0.5514160673 2.2036252678 1213.2300000000 784.3650000000
1.8892551466 0.3452200508 2.1916053282 1212.5600000000 704.0390000000
1.8901863440 0.1509950058 2.0326435000 1259.6800000000 632.9380000000
1.8925036343 0.0694205029 1.9930916907 1275.2400000000 597.7380000000
1.8964986854 0.7672505126 2.2013588188 1223.4500000000 875.3970000000
1.8981951773 0.6967363879 2.1912333844 1224.4900000000 848.5380000000
1.8986340175 0.0704849580 1.8175208320 1349.1700000000 608.4620000000
1.8998756141 0.0362655920 1.9232893433 1305.7400000000 585.7090000000
1.9023454281 0.4202135564 2.1765268866 1226.2500000000 735.5540000000
1.9051443722 0.7868163627 2.2089555705 1224.7300000000 880.7950000000
1.9057170051 0.8657139404 2.1990709630 1227.9700000000 915.0110000000
1.9066053889 0.7007073563 2.2003152354 1225.9600000000 846.9620000000
1.9084811631 0.6971779039 2.1992127833 1224.7100000000 847.4400000000
1.9139506102 0.2217569147 1.8515255944 1346.5800000000 685.3190000000
1.9139746929 0.5425134985 2.2025950637 1225.0600000000 782.1170000000
1.9167843404 0.5418258038 2.2040614321 1225.1900000000 782.8670000000
1.9172419116 0.2208538137 1.8548195716 1347.9700000000 686.5100000000
1.9257805641 0.8660591257 2.2074330091 1234.5400000000 914.3280000000
1.9304927443 -0.3965509728 2.1763315492 1225.0700000000 395.2450000000
1.9333023919 0.4103182455 2.1645042711 1244.7300000000 733.2010000000
1.9726294293 -0.1091309904 2.1250327375 1265.8200000000 513.5840000000
1.9752597946 -0.3578821955 2.1694251680 1247.9900000000 410.4460000000
1.9761642335 -0.1086528151 2.1309115904 1265.5400000000 515.1820000000
1.9947052311 0.5484405168 2.1908694681 1266.6900000000 786.7660000000
1.9997733001 0.4284980028 2.1584621911 1277.0600000000 741.0600000000
2.0007018217 -0.3826499072 2.1798449465 1256.7900000000 399.8260000000
2.0010122208 0.4196007857 2.1532201916 1277.8300000000 740.1600000000
2.0033482420 0.7746010857 2.2045297067 1271.6200000000 880.3490000000
2.0040573435 0.4200556810 2.1598991251 1280.7700000000 739.4820000000
2.0043249290 0.8474084180 2.1926382081 1274.9800000000 912.5400000000
2.0049698100 -0.3585163731 2.1732248818 1262.0300000000 408.8480000000
2.0056601806 0.8587460146 2.1987311294 1275.9600000000 914.6210000000
2.0064227992 0.8511251802 2.1955120761 1278.4000000000 915.7390000000
2.0068134740 0.4257391965 2.1607500469 1281.1700000000 739.5060000000
2.0254347473 -0.0570179161 2.0003807191 1339.3900000000 536.1520000000
2.0273934730 0.7481047718 2.1928308697 1284.9100000000 871.4290000000
2.0289187102 -0.4077440732 2.1867379484 1267.0100000000 390.2400000000
2.0290310961 0.7453914550 2.1913645012 1286.9200000000 870.4460000000
2.0312520555 0.6035765042 2.1887582187 1286.0000000000 810.3260000000
2.0330207955 0.7492206032 2.1974012296 1286.1300000000 870.6350000000
2.0486611666 -0.4063981183 2.1837302876 1277.1600000000 389.4030000000
2.0603707071 -0.4109711541 2.2247404377 1267.0100000000 390.3330000000
2.0792782968 0.5153830070 2.1482484534 1321.1800000000 780.6280000000
2.1017635044 -0.6563630912 2.7628735619 1153.5400000000 347.4010000000
2.1026438607 -0.8133314075 2.8722357462 1132.3400000000 308.7060000000
2.1153220605 -0.6712729539 2.7560501323 1158.4000000000 341.2580000000
2.1288083685 -0.4062509463 2.1391157611 1330.7700000000 383.2930000000
2.1288913200 0.6881977353 2.1355970121 1355.0000000000 858.0240000000
2.1326428684 -0.0840028411 2.1068743870 1352.1200000000 521.0090000000
2.1442132644 -0.3133024552 2.1398248626 1340.3100000000 422.2630000000
2.1443791674 0.4194696688 2.1366887608 1355.9700000000 741.6550000000
2.1448875798 -0.4104734451 2.1590508791 1331.6200000000 383.2640000000
2.1463566241 -0.2445699145 2.1280403982 1347.1100000000 450.8700000000
2.1477667996 -0.2426807610 2.1267452845 1348.6000000000 450.0960000000
2.1694198163 -1.4613939972 3.2513776078 1091.8500000000 173.6060000000
2.4321405889 -0.6781713075 2.7962414709 1258.7500000000 336.1010000000
2.4338103222 -0.6771865929 2.7868759792 1262.0100000000 333.7380000000
2.4435477577 -0.6093376195 2.7865816352 1269.9400000000 356.1650000000
2.4440080047 -0.6047485286 2.7782597268 1270.4000000000 356.2550000000
2.6709044337 -0.4550986750 2.8538258654 1334.3200000000 401.4910000000
2.7361685314 -0.4505256392 2.8597930215 1354.6200000000 402.3240000000

gimbalangles:
-0.9583272260 0.0098955786 0.1825939899

end: