T_CW:
0.8502480587 0.0349326299 0.5252218103 -0.8084333764
-0.0442985024 0.9990044499 0.0052679896 0.1650997535
-0.5245149009 -0.0277456375 0.8509490574 0.0890767888
0.0000000000 0.0000000000 0.0000000000 1.0000000000


target_points_pix:
-2.5512107742 -0.0836972584 1.5353171609 127.6520000000 559.4470000000
-2.5450268738 -0.2169762326 1.5338534684 125.3540000000 527.3430000000
-2.5121058326 -1.8048212253 1.2831579872 44.6154000000 117.1490000000
-2.2477153267 -0.6506715481 1.6053442801 178.9040000000 417.9650000000
-2.2449056792 -0.6499651224 1.6058660718 179.5270000000 418.2470000000
-2.2282779177 -0.5664142332 1.5697901979 170.0060000000 436.3950000000
-2.2121933547 -0.3042607419 1.7197638299 217.3170000000 503.2940000000
-2.1743460649 -0.3107550414 1.7756624359 233.2440000000 503.3440000000
-2.1638620660 -0.3041403284 1.7753841470 236.1220000000 503.3520000000
-2.1403894680 -1.8082784297 2.2240928809 333.0260000000 191.5060000000
-2.1355006813 -1.2444838582 3.2892677113 496.9630000000 354.8220000000
-2.1333760526 -1.2980892568 3.2885987476 497.1630000000 344.3840000000
-2.1320220701 -1.2422361402 3.2871002690 496.6120000000 353.8980000000
-2.1305209156 -0.6720061381 2.0487842559 302.5350000000 423.4650000000
-2.1168446219 -1.8432652307 2.9506918079 453.0690000000 236.9520000000
-1.9896933552 -0.0328035711 1.8103120793 265.7580000000 567.6450000000
-1.9679413318 -0.1361298298 1.6242197597 220.0420000000 544.1600000000
-1.9674730572 -0.0857413439 1.5254272017 192.4090000000 557.4440000000
-1.9671653339 -0.0923726472 1.5245736041 191.8210000000 556.3220000000
-1.9640881009 -0.0882847438 1.5231366701 192.4230000000 556.5750000000
-1.9594160585 -0.1353722953 1.5212742751 192.5780000000 544.8500000000
-1.9583296615 -0.1337616983 1.6132487551 218.5930000000 544.8100000000
-1.9486350397 -0.0345725787 1.7696685213 265.7670000000 567.1340000000
-1.7653978571 0.3448962724 1.5302330369 223.2830000000 681.2170000000
-1.7375127746 0.3436546758 1.5223633480 225.3480000000 681.3810000000
-1.7049717048 -1.7387704263 3.1238463697 527.1750000000 248.6100000000
-1.5487178416 -2.1108453555 1.5506016434 248.8720000000 -30.2129000000
-1.5440725577 0.6361148982 1.5333878697 260.6860000000 775.1660000000
-1.5438504618 -2.1071954896 1.5480194435 248.6260000000 -30.7127000000
-1.5416161231 0.5652529123 1.5307575044 259.8310000000 753.6780000000
-1.5361680828 -1.9292725546 1.5461624003 250.2220000000 19.4079000000
-1.5200861956 -2.8550032415 3.2229065131 559.7290000000 49.8153000000
-1.5165406881 -0.8016646808 0.8140565642 -51.6330000000 277.4200000000
-1.5112879852 -0.8845171718 0.8116215363 -50.7240000000 241.9960000000
-1.5109588550 -0.8648121774 0.8139307990 -51.4731000000 251.4950000000
-1.5089947776 -2.8986464327 3.3161065346 568.2610000000 49.5658000000
-1.5082937037 -1.1078921759 0.8134223866 -48.2093000000 153.0080000000
-1.5056258765 -1.0884520910 0.8114315506 -50.4277000000 158.4580000000
-1.5015692806 0.6283682986 1.5110551858 260.7760000000 774.4850000000
-1.5015077360 -1.6971876432 1.7579830635 316.1110000000 114.0140000000
-1.5008093379 -1.1054839066 0.8096280245 -50.0623000000 153.6160000000
-1.4921154858 -2.5707070520 2.3756425913 446.7860000000 -5.3650300000
-1.4764269493 -1.5463630894 3.3374866142 584.5640000000 282.5040000000
-1.4744628719 -2.6498374291 2.9727943683 535.7200000000 54.0351000000
-1.4743585135 -1.7864006411 2.2373597688 428.9420000000 150.0360000000
-1.4733737990 -2.5556955068 2.3671494283 446.5280000000 -4.2060700000
-1.4729750966 -1.7868127227 2.0811808296 397.5280000000 132.3870000000
-1.4722552917 -2.0309710908 1.8276355630 336.8590000000 32.8224000000
-1.4717977205 -1.7855390159 2.5859487207 485.7720000000 184.1070000000
-1.4710966466 -1.7877974373 1.1823371313 134.1750000000 -23.0762000000
-1.4691379209 -2.4096580571 2.3716876780 449.6930000000 25.1517000000
-1.4680622273 -1.6740441754 1.6560651072 295.5460000000 101.0120000000
-1.4679043519 -1.7853383268 1.1030595822 102.3330000000 -40.8823000000
-1.4678990001 -1.7826223342 2.5056811054 476.4560000000 178.3800000000
-1.4669999129 -1.7821139218 2.2724348731 435.8940000000 155.1920000000
-1.4664647420 -1.6782639983 1.6524634067 294.9140000000 101.6650000000
-1.4663416527 -1.7839656133 1.7644372252 324.6310000000 89.5550000000
-1.4637755079 -1.8276997836 3.1353793038 562.7630000000 219.8800000000
-1.4634222951 -2.2774521007 2.0603894381 390.7690000000 8.5504400000
-1.4633339919 -2.1788709353 2.9372590170 536.9870000000 138.4900000000
-1.4633099092 -2.1958090960 2.0951354122 398.4830000000 33.9421000000
-1.4632135784 -2.3712515137 3.3435608045 582.2930000000 139.9660000000
-1.4629807791 -1.7806127673 1.9581423516 372.4570000000 117.1430000000
-1.4627024902 -1.8249463290 1.8167180756 338.4900000000 85.8371000000
-1.4602219728 -2.1948671951 2.0893207798 397.9980000000 33.6437000000
-1.4594914645 -1.8243603168 1.8131083475 337.6910000000 84.7647000000
-1.4561118599 -2.3080799344 2.3660443003 452.4540000000 48.5271000000
-1.4558683571 -1.7770833148 1.1406580175 117.6980000000 -31.8504000000
-1.4551432005 -1.9018049054 2.3922409185 459.7320000000 140.6960000000
-1.4548301255 -2.1083247003 1.8866247813 355.3830000000 21.0785000000
-1.4535296601 -1.9009780663 2.1013086091 404.6370000000 103.7230000000
-1.4528901308 -2.6256503779 2.7239131166 507.0290000000 28.3561000000
-1.4528821032 -2.0158043460 1.8102478588 337.4350000000 32.8773000000
-1.4522693325 -2.3609655280 3.3147150901 582.0650000000 139.6110000000
-1.4515762861 -1.8955219984 2.1002329155 404.4090000000 103.7060000000
-1.4515575551 -1.5331577461 3.2948334892 584.0710000000 282.4980000000
-1.4500751316 -1.6214181397 1.6021118476 285.0720000000 107.8480000000
-1.4496389672 -1.6225446746 1.6028637628 284.4170000000 108.0810000000
-1.4494436298 -2.3513538576 3.3054833912 580.8520000000 140.2680000000
-1.4491091480 -2.1063204851 1.8844038219 354.8620000000 20.5095000000
-1.4486622802 -1.6209739478 1.8670134418 355.0510000000 145.9650000000
-1.4463931554 -1.8952999025 2.7808285474 520.5630000000 178.8590000000
-1.4463396383 -1.9616129353 2.6134591836 495.8650000000 151.2770000000
-1.4463262590 -2.5327527280 2.3524991235 446.4780000000 -5.0050400000
-1.4455636404 -1.6067276971 0.9778215516 45.9601000000 -14.4148000000
-1.4400727864 -1.8988052722 2.2139139293 429.8100000000 119.8460000000
-1.4396607048 -1.8948155728 2.3111812501 447.9280000000 132.8470000000
-1.4357833913 -1.8071090811 1.3704577489 212.9450000000 8.9942700000
-1.4326312343 -1.8068629025 1.3844872554 214.1740000000 10.7291000000
-1.4273624763 -0.9311332377 0.7356888057 -85.3795000000 202.0720000000
-1.4237473965 -1.7950650588 1.8636070786 356.8620000000 95.4301000000
-1.4230222399 -1.7954316509 1.3704363420 213.4380000000 10.9124000000
-1.4196024975 -2.3128670386 1.8651644261 354.1060000000 -39.9305000000
-1.4109247005 -1.6288650435 3.1958536215 580.0360000000 257.8400000000
-1.3723709850 -1.6042150694 3.1360750260 579.7840000000 257.5750000000
-1.3620100754 -1.6800220349 1.4203811712 240.5860000000 50.8310000000
-1.3578678522 -1.4937477572 1.3677417563 223.7050000000 96.3486000000
-1.3550876391 -1.6746034290 1.4141464296 239.8250000000 49.2183000000
-1.3503192659 -1.6726339999 1.4119120909 239.3490000000 49.4240000000
-1.3437232839 -1.4832691099 1.3685177542 226.9380000000 98.6252000000
-1.3433272574 -1.2282440957 1.3650284396 228.9980000000 178.7440000000
-1.3416494965 -1.2258893435 1.3694944412 228.3410000000 179.3720000000
-1.3241253236 -1.4850886912 1.0040877420 78.1367000000 18.4842000000
-1.3074226382 -1.4450364970 1.0009944539 78.5094000000 29.4794000000
-1.2998794036 -1.1924491865 1.3761760505 236.4350000000 189.6740000000
-1.2769285973 -0.9165498292 1.3665617043 243.1380000000 278.5400000000
-1.2671162378 -0.9104836665 1.3627218527 243.2520000000 280.1290000000
-1.2548340645 -0.8616359377 1.3811451128 251.6920000000 296.6280000000
-1.2514116462 -0.8190042196 1.3867430010 252.8040000000 314.0820000000
-1.2485511575 -1.1793374981 0.9959076540 86.2938000000 123.2150000000
-1.2380109656 -1.1531114456 0.9922122986 86.6045000000 134.6030000000
-1.2186832666 -0.8809903953 1.3651595564 251.2740000000 286.1030000000
-1.2109473705 -0.6030145747 1.3710170025 256.2800000000 381.3380000000
-1.2095318433 -0.6045692463 1.3666071939 256.5150000000 380.0460000000
-1.1916464301 -0.2024324268 0.8869120619 42.4429000000 517.6760000000
-1.1889518443 -0.2703763930 1.6267537941 343.7070000000 497.4060000000
-1.1870600150 -0.2715029279 1.6244258005 344.2400000000 496.1610000000
-1.1828161093 -0.4859887424 1.6403069985 348.2330000000 430.1850000000
-1.1811517277 -0.4870992221 1.6356938249 348.2280000000 429.9340000000
-1.1600419094 -0.5782789733 1.3708698305 265.4700000000 388.1620000000
-1.0944513574 -0.2655264063 2.8319373734 594.6510000000 501.1050000000
-1.0577332783 -0.2455674732 1.4124205033 303.3170000000 502.3330000000
-1.0576610303 -0.2678637654 2.7688139595 594.3620000000 502.8350000000
-1.0466739706 -0.2626704665 2.7768950409 594.9320000000 501.9860000000
-1.0388417437 -0.1825914988 1.4109407556 305.3120000000 524.0960000000
-1.0362863024 0.5016317894 0.6930704668 -61.1974000000 899.4730000000
-1.0314376536 0.5084311363 0.7227082342 -36.8992000000 897.9410000000
-1.0265140808 0.5694566801 0.7740150735 -0.6138640000 919.4280000000
-1.0256738624 -0.8730618376 2.8222507792 600.0130000000 370.1350000000
-1.0253875459 0.4986562389 0.6914034093 -61.4870000000 901.6780000000
-1.0200679467 0.0315226395 1.3569420065 293.2300000000 603.7910000000
-1.0106034484 -0.6205762095 2.7460424355 594.7510000000 423.5830000000
-1.0090514526 -0.5547769409 0.7340217481 -30.2704000000 329.3570000000
-1.0076600081 0.0211594821 0.9880914822 132.7050000000 616.0070000000
-0.9970234854 0.0215673359 0.9876044767 135.0840000000 615.9300000000
-0.9939034388 0.0164957081 0.9851025525 132.9780000000 614.6600000000
-0.9935636052 0.5462811020 0.8255707672 40.5825000000 897.4020000000
-0.9921454022 -0.5973283833 0.6994336495 -54.3483000000 303.3510000000
-0.9889638109 -0.3294753214 1.6305749147 385.4750000000 474.0640000000
-0.9882894955 -0.3313163094 1.6336708787 386.4330000000 473.8650000000
-0.9823972633 0.0189876781 0.9825176768 134.4400000000 616.2190000000
-0.9743268853 -0.3779082926 2.7662451390 605.9440000000 476.9520000000
-0.9566608922 -0.8632334230 2.7642382479 605.5860000000 368.1930000000
-0.9546379460 -0.1853797395 2.7841733659 611.9790000000 518.4030000000
-0.9535301421 -0.8610927392 2.7665394830 605.8310000000 368.6880000000
-0.9493076433 -0.2130261358 2.7810693744 613.4220000000 511.1990000000
-0.9487269828 -0.6380067275 2.7648804530 607.8170000000 418.5720000000
-0.9136625819 -0.4400469920 1.6166310355 397.5110000000 435.5540000000
-0.9120918552 -0.2733626469 1.6129544111 394.9890000000 491.9130000000
-0.9113399400 -0.0883214031 2.2433643869 540.8600000000 545.9380000000
-0.9112302300 0.0139373233 2.6387513628 604.7120000000 566.0270000000
-0.9050383020 -0.6267333513 2.7919065861 619.0830000000 420.8300000000
-0.9049259161 0.0154705614 2.6356473713 604.7110000000 566.5090000000
-0.9044576416 -0.4450642196 1.8231989958 451.1320000000 439.0220000000
-0.9026300327 -0.6261740977 2.7894983169 619.8890000000 421.6410000000
-0.9007836930 -1.0378597050 2.7942613383 617.5470000000 328.4680000000
-0.8999113643 -0.4163844083 1.6348964202 404.8080000000 443.9910000000
-0.8948887849 -0.4362178438 1.5993476896 397.2340000000 434.5570000000
-0.8894380688 -0.3900780801 2.0568385788 505.4820000000 461.7370000000
-0.8879128315 0.1565848664 0.8977599771 107.0260000000 695.7270000000
-0.8811455948 0.0813045091 0.9017309455 108.2540000000 656.2690000000
-0.8764360905 0.0605495092 1.6192560491 409.5510000000 604.4690000000
-0.8731902786 0.0896981303 2.0267753505 509.4190000000 599.9910000000
-0.8717479929 0.1326584434 2.0097943762 505.0270000000 613.2980000000
-0.8643653096 0.0770533786 0.8914503115 107.7270000000 656.0660000000
-0.8628962653 -0.2952832492 0.7471575192 6.5472700000 461.1420000000
-0.8598003014 0.0879213628 2.0069285357 508.1430000000 600.0440000000
-0.8595996123 -0.4595807317 0.9040509116 108.7420000000 385.6060000000
-0.8588262902 0.1286716874 1.9938409301 505.7690000000 613.2890000000
-0.8566133584 -0.3829201686 0.8534237395 78.8971000000 420.3210000000
-0.8565518137 -0.3261572615 0.8139495300 52.4293000000 447.1080000000
-0.8553985203 -0.4050173772 1.7547747136 446.1890000000 448.7870000000
-0.8542853647 0.0798295780 1.6166497665 413.6330000000 610.8710000000
-0.8498755561 -0.3826499072 0.8513633313 79.1791000000 420.5560000000
-0.8492012407 -0.0490944425 1.6230263284 415.4690000000 567.2880000000
-0.8469535227 -0.3624712865 0.8295015979 64.3265000000 428.0740000000
-0.8469347917 -0.4694840702 0.8880840862 102.1090000000 376.8570000000
-0.8465708754 -0.1821368711 0.8786998636 101.7810000000 525.3880000000
-0.8452784376 -0.4587164307 0.6665580978 -60.0562000000 360.8710000000
-0.8450509899 -0.1851619249 0.8800351151 100.2270000000 524.7500000000
-0.8439886756 0.6172313911 0.9719748090 163.3860000000 916.6750000000
-0.8386262626 -0.3436386206 1.7410234960 447.6390000000 468.4070000000
-0.8327581131 -0.3757702846 1.7420884862 447.3280000000 456.9750000000
-0.8064009437 -0.4147735437 2.7991313940 640.9930000000 464.9510000000
-0.7948706855 -1.0819979294 2.7904883831 636.8130000000 315.7500000000
-0.7942953767 -1.0808259050 2.7887223190 637.0170000000 315.9610000000
-0.7904582010 -0.2520540127 1.6518613394 435.1120000000 495.2580000000
-0.7891122461 -1.0056290344 2.8225986403 640.6980000000 333.5460000000
-0.7877529118 -1.0781982156 2.7828621970 636.2860000000 316.4640000000
-0.7856149039 -0.1976827845 1.4631493579 379.0400000000 515.0000000000
-0.7692707830 -0.4193893932 2.8004693214 649.2010000000 464.3510000000
-0.7616526245 -0.4198496402 2.7999073919 648.0000000000 463.6280000000
-0.6958640592 -0.1122360523 2.1055926526 560.6880000000 538.0890000000
-0.6822252275 -1.5207979730 2.8493839465 658.7570000000 213.6830000000
-0.6734056102 -0.8395360532 2.7772696606 660.1130000000 364.5970000000
-0.6731647832 -0.8384014908 2.7722658122 661.0820000000 364.3480000000
-0.6697985579 -0.8356614155 2.7679844446 660.1130000000 364.5970000000
-0.6611662505 -1.5076996639 2.8048844818 659.4150000000 212.9660000000
-0.6396068886 -0.5875053205 2.8030113834 672.5710000000 423.0240000000
-0.6381030582 -0.5810966483 2.8063294433 673.0920000000 423.6700000000
-0.6335353742 -0.6104561268 2.8097010203 674.1090000000 417.6000000000
-0.6313197664 -0.6139775517 2.8136345268 674.5120000000 417.1940000000
-0.6280097341 0.2966506110 1.5942314553 463.8340000000 697.1590000000
-0.6164553932 -0.9124450680 2.7911573468 674.3210000000 344.9350000000
-0.6000524035 -0.0923804072 2.8897893535 693.0510000000 538.0290000000
-0.5991372612 -0.1245912765 1.6678014062 489.2940000000 537.3870000000
-0.5931032087 -0.1318677283 1.6591824780 489.2530000000 537.2660000000
-0.5918616120 -0.0925219599 2.8811463426 693.6530000000 537.6280000000
-0.5144892715 0.3631322226 1.9350925387 576.8530000000 694.9260000000
-0.5059399155 -0.4021301299 2.8825110285 710.5680000000 464.2690000000
-0.5051532142 0.3597098043 1.9159066600 576.0040000000 697.8640000000
-0.5046501535 -0.2558596133 2.5835163688 678.2550000000 496.7920000000
-0.5023061048 -0.4109845334 2.8722357462 711.5320000000 464.9900000000
-0.5015220793 -0.3961281877 2.8533709701 710.1670000000 463.8680000000
-0.4798128696 -0.2706038407 2.5792028909 683.0240000000 492.9860000000
-0.4744798911 0.0176159012 2.1886699155 631.1690000000 576.1160000000
-0.4647558349 0.0414687916 1.9323604910 588.7160000000 590.7190000000
-0.4636507068 0.0416181043 1.9312821215 587.7500000000 590.3200000000
-0.4328409151 -1.5031747935 2.7936191332 709.6410000000 195.3700000000
-0.4295362344 0.6658730790 1.1736298999 378.1020000000 945.9920000000
-0.4201332808 -1.4354462336 3.0163305253 732.1730000000 232.0330000000
-0.4195633237 -1.4378759097 3.0128786726 731.3620000000 229.9240000000
-0.4167295935 -0.9888112872 2.7730150515 713.9950000000 316.1070000000
-0.4162827258 -0.9971599540 2.7768682824 712.7730000000 315.6160000000
-0.4135185678 -1.4338969136 2.9920337640 731.9670000000 231.0190000000
-0.4091301660 -0.9078961149 2.7595555020 714.6700000000 336.0120000000
-0.4000509908 0.0423809905 2.4329353177 684.3730000000 577.3030000000
-0.3953361347 0.0408546830 2.4287904187 686.4930000000 577.3550000000
-0.3938055458 -0.9833338125 2.7196049904 714.8780000000 316.0970000000
-0.3912126425 0.0407733370 2.4226386286 685.5300000000 577.5950000000
-0.3741219581 0.6678157496 1.1844671117 402.6360000000 954.4790000000
-0.3691983853 0.6691429735 1.1873436556 403.9350000000 954.7390000000
-0.3657331534 -0.9226989435 2.7789822076 726.0790000000 331.8250000000
-0.3639296273 0.3534964696 1.3427305418 466.4450000000 763.0760000000
-0.3441068952 0.6413033805 1.1895110980 414.6930000000 941.3550000000
-0.3293495562 -0.9297070071 2.7957062999 736.5410000000 329.8060000000
-0.3247818721 -0.9234321277 2.7792765517 735.9190000000 330.3420000000
-0.3225849953 -1.0281329729 2.8515513889 742.1610000000 308.1190000000
-0.3094866863 -1.5191523223 3.3385837146 780.1380000000 233.1040000000
-0.3064335360 -1.5113548815 3.3048144275 779.8630000000 232.4030000000
-0.2933325510 -0.1993471662 2.7768147653 749.4480000000 507.9780000000
-0.2929284970 0.0116604920 2.6473622635 737.4100000000 565.2400000000
-0.2921524991 -1.0460906343 2.8489825683 747.4270000000 303.7040000000
-0.2860997156 -0.2042386287 2.7643452821 749.2460000000 506.8530000000
-0.2833971023 -0.1763326745 2.7540699998 748.6610000000 514.9530000000
-0.2823802775 -2.3249966882 3.2998908547 776.0750000000 61.4400000000
-0.2820003061 0.3842821787 1.6416021122 579.3730000000 741.4040000000
-0.2817996170 0.0013359526 2.7594752264 750.7970000000 558.9700000000
-0.2815641418 -0.1999235453 2.7632214231 749.2450000000 507.5760000000
-0.2812724736 0.0043288908 2.7624989423 751.7730000000 559.4570000000
-0.2802931108 -0.1775370768 2.7557557883 749.2440000000 514.0850000000
-0.2786554877 -0.1767918512 2.7568796473 750.4600000000 514.0050000000
-0.2745801609 -0.3779511063 2.7630073547 750.5630000000 464.7350000000
-0.2739352799 -0.3710928905 2.7711687117 750.8060000000 464.8550000000
-0.2713397007 -0.3743815160 2.7595019849 750.5660000000 464.1300000000
-0.2596020638 -0.4372293169 2.7599836388 752.6750000000 448.5840000000
-0.2560603024 -0.6971431178 2.7534813117 750.0010000000 381.2470000000
-0.2399489809 0.8393701502 1.2746594724 485.6340000000 1038.2600000000
-0.2221572226 0.4386796302 1.6480000810 601.7750000000 769.2160000000
-0.2198629447 0.4385190789 1.6456720873 601.1090000000 766.5650000000
-0.2190082767 0.4416043394 1.6509890107 601.7220000000 766.9930000000
-0.2167953448 0.8848784122 1.5987697050 594.6410000000 967.8440000000
-0.2151617355 -0.3506279533 2.7608399123 763.9620000000 468.9100000000
-0.2142878013 -2.3243277245 3.3358811013 793.1890000000 58.8451000000
-0.2134783552 -2.3188395464 3.3275056759 793.2650000000 58.5475000000
-0.2132385986 -0.3557816496 2.7634622500 765.4340000000 467.6940000000
-0.2077836011 -0.3769396332 2.7668070685 765.8250000000 462.6470000000
-0.2071205243 0.0834117447 2.7899264536 771.7400000000 581.1880000000
-0.2039177937 0.4530008049 1.4223372211 548.0350000000 809.7540000000
-0.2037465390 0.7741087284 1.2981909392 510.0130000000 1001.0900000000
-0.2030628581 -0.2004105509 2.7792765517 770.7920000000 507.9680000000
-0.2026823516 -0.1786301634 2.7988370500 771.1980000000 513.6040000000
-0.2016767654 -0.4635731071 2.7882406651 768.0060000000 440.3910000000
-0.2011070759 -0.6275601905 2.7732826370 766.3600000000 398.6850000000
-0.1996677336 -0.6277983415 2.7753430452 766.9790000000 398.2690000000
-0.1991400551 0.0837604086 2.7551671002 772.6820000000 582.6050000000
-0.1990472029 -0.2019919811 2.7725869147 771.2000000000 507.5650000000
-0.1964797202 0.0313925929 2.7796244128 774.3090000000 569.2590000000
-0.1921001487 0.5588442401 1.4331102123 556.9650000000 860.0470000000
-0.1901633651 0.5248689122 1.4462566868 560.3970000000 843.3790000000
-0.1888529990 -0.7096928766 2.7694294061 767.7240000000 378.3080000000
-0.1883956954 -0.6973009932 2.7663254146 766.6180000000 378.1580000000
-0.1861907911 0.8978001149 1.6379522463 616.7890000000 967.5110000000
-0.1779965210 0.3903965068 1.6613418928 618.5060000000 748.5640000000
-0.1758480772 0.3804931683 1.6465792021 617.9260000000 746.7140000000
-0.1729121294 0.4406035697 1.6416529535 616.8840000000 771.9050000000
-0.1304503281 -0.8895290478 2.8694528572 789.3320000000 333.0180000000
-0.1020715504 0.8595915847 1.6432771973 646.1310000000 963.8980000000
-0.0987018464 0.8516175375 1.6248646407 646.4430000000 962.8130000000
-0.0709390505 0.3035516404 2.6939167847 801.8490000000 644.5050000000
-0.0669172408 0.3098425749 2.6926591329 801.6550000000 645.2860000000
-0.0215046406 0.4156538999 2.3856369089 789.3420000000 693.7280000000
-0.0145625100 -0.6151094382 2.7540164827 812.8890000000 392.6900000000
-0.0124824076 0.4295389103 2.3218472071 783.0630000000 703.3180000000
-0.0112051151 0.4272885164 2.3176916047 784.2970000000 702.7120000000
-0.0056591652 0.4218110417 2.3105417208 785.9370000000 702.4450000000
0.0012443233 0.0838200802 2.4873622036 798.8320000000 589.9350000000
0.0037754973 0.0837020750 2.4815368678 799.8540000000 588.9280000000
0.0149109063 -0.3197432376 2.7473803629 821.6930000000 473.2250000000
0.0150825089 0.4120441718 2.4193071894 801.9450000000 693.7090000000
0.0200347401 0.4128335490 2.4394751068 802.8190000000 692.5180000000
0.0257753851 0.4088037117 2.4189700317 803.6470000000 692.2010000000
0.0303642619 0.1639662118 2.1827081111 776.5880000000 625.3890000000
0.0323168332 0.4033877817 2.3905578058 802.8020000000 691.7600000000
0.0358561863 0.1703181558 2.7047272379 829.1810000000 607.6630000000
0.0400562079 -0.3190154051 2.7555417199 829.4510000000 472.2040000000
0.0426330560 -0.3184588273 2.7565585447 829.6580000000 472.4060000000
0.0498495688 -0.7136852519 2.8126444606 830.0960000000 368.2490000000
0.0551774632 -0.7018499463 2.7593681922 830.7020000000 368.2350000000
0.0584168530 0.4819134156 2.7582175747 843.6460000000 691.1410000000
0.0679501207 0.4054187554 2.7649072116 847.7200000000 669.4480000000
0.0732897889 0.4046909229 2.7789286905 847.7070000000 668.9440000000
0.0768636605 -0.1812714997 2.7877590113 841.8730000000 508.7320000000
0.0799358094 0.5887469171 2.0598221569 784.3850000000 792.8910000000
0.0850884353 0.5664918330 1.7779315608 743.2580000000 824.4710000000
0.0862144350 0.5781505322 1.6009424991 706.1230000000 864.9050000000
0.0862663466 -0.8325360172 2.7888561117 836.8730000000 334.6150000000
0.0873709394 0.5688546128 1.8138950488 747.2490000000 822.4050000000
0.0882582529 0.9019690966 1.5908625542 714.2990000000 1025.3700000000
0.0892084489 0.5692854254 1.5860513673 706.2160000000 864.3490000000
0.0893197645 0.5680705873 1.5846411918 705.6080000000 864.3390000000
0.0901597153 0.8925955774 1.5911301396 714.7370000000 1020.9600000000
0.0903566582 0.5673855685 1.5837340771 705.9080000000 864.6690000000
0.0911661043 0.2190160367 2.6906790004 845.1870000000 622.3220000000
0.1010293049 0.5673213480 1.9970573075 784.7190000000 793.8600000000
0.1043968681 0.5711665513 2.0156384430 785.3760000000 792.1240000000
0.1190961411 -0.8436274352 2.7711419532 846.9980000000 328.4760000000
0.1422050905 0.1307848099 2.7017035220 858.4470000000 597.9880000000
0.1433128943 0.1329115793 2.6977967741 858.9410000000 597.0090000000
0.1434498981 0.1343733987 2.6995628382 858.5290000000 597.8250000000
0.1733028042 0.5808745524 1.7080087999 766.3450000000 851.8740000000
0.1786264173 0.5731065460 1.6108030239 749.4530000000 868.7160000000
0.1918178461 -0.6107370916 2.8268532494 873.6100000000 390.6430000000
0.2091108251 -0.8408472221 3.1805209737 897.0640000000 347.9890000000
0.2170554379 0.8112709994 1.5868942615 769.1210000000 1004.0200000000
0.2183644660 0.8087851303 1.5844619096 770.0320000000 1002.2400000000
0.2190559069 0.6623275714 1.5875873079 768.8030000000 926.1090000000
0.2204291556 0.6602618116 1.5827333074 768.8660000000 927.8710000000
0.2210483484 0.7980710078 1.5764798348 769.7820000000 1004.1000000000
0.2240273775 -0.1816809055 2.7841466073 886.9640000000 506.7300000000
0.2339331242 -0.1846853552 2.7795441371 888.8230000000 506.1370000000
0.2415662675 -0.1883344183 2.7851901907 889.8920000000 505.8240000000
0.2461751598 -0.5881341464 2.8986999498 891.4270000000 398.3340000000
0.2547702729 0.0643243375 2.6961109856 890.7670000000 578.9280000000
0.2551906496 0.3567931227 2.0641864760 844.2720000000 708.9000000000
0.2555294129 0.3598543005 2.0763830220 844.2920000000 709.5150000000
0.2580760238 0.1198667873 2.6966461565 892.7460000000 595.2670000000
0.2616461493 0.2063645953 2.6915352739 894.3820000000 620.9770000000
0.2663717088 0.2063908187 2.6868525281 895.4290000000 621.2490000000
0.2719364163 -0.4484438242 2.6705806553 889.2530000000 428.2630000000
0.2834131574 0.7157483360 1.5874187291 801.1570000000 963.9150000000
0.2902232078 0.6339046421 2.0143112190 856.8110000000 830.9770000000
0.2908493578 0.6294841300 2.0086758689 855.4890000000 829.9450000000
0.2915878937 0.6280659270 2.0059036833 856.5560000000 830.2760000000
0.2921070096 0.6228801205 1.9885641445 854.7570000000 827.9300000000
0.2972847885 0.6753001153 1.5920158476 808.6800000000 945.0620000000
0.3129385389 0.5786669722 1.6868240577 826.0570000000 872.2990000000
0.3171182241 0.7770896306 1.5832390439 818.3620000000 1002.9100000000
0.3194060799 0.7223389662 1.5996714680 819.8930000000 969.5030000000
0.3209661032 0.6883101212 1.5924975014 820.2930000000 955.6830000000
0.3222826238 0.7140705750 1.5905307482 820.1170000000 969.5170000000
0.3409922003 -1.3168657296 3.3195316287 928.8850000000 238.4820000000
0.3423488586 -2.3156766861 3.2862172369 917.4170000000 0.5240210000
0.3431542909 -1.3135128836 3.2941110084 928.3490000000 238.3790000000
0.3434325798 -1.3096837355 3.2953954187 929.2690000000 239.2970000000
0.3445323561 -0.5569577625 2.8570904082 918.3610000000 402.2100000000
0.3558271391 -0.5505303593 2.8430154122 920.4370000000 401.6570000000
0.3625248036 -0.9752179450 2.7600906730 914.9510000000 275.9930000000
0.3665733718 -0.8794945924 2.8189594778 921.4540000000 307.1440000000
0.3727813549 -0.9659032945 2.7175445822 915.5620000000 276.5960000000
0.3784809255 -0.5475146710 2.8502669786 928.3570000000 402.9290000000
0.3821843085 -0.8645071299 2.7877322527 922.5260000000 307.0960000000
0.3898559841 0.1740814779 2.7004458703 935.2760000000 612.8700000000
0.4327231775 0.7051787096 1.5970892682 880.5910000000 982.5400000000
0.4355622594 -0.9641211752 2.8577861305 940.4360000000 282.9220000000
0.4382862795 0.7914027777 1.6073056817 886.5680000000 1028.4400000000
0.4410932512 -0.9624139799 2.8451828545 942.6310000000 282.4880000000
0.4465573466 -0.9609315564 2.8412761066 943.3250000000 282.2310000000
0.4515103538 -0.8827858938 2.8655728678 947.0820000000 305.3170000000
0.4524602822 0.5809120144 1.6396219797 893.3350000000 902.6800000000
0.4525485854 0.5817335018 1.6443983804 894.9990000000 901.8330000000
0.4589412025 -0.2061812993 2.7767344896 957.2360000000 498.8370000000
0.4643223464 0.8158841730 1.5962784842 902.1480000000 1050.3700000000
0.4644534633 0.7537936390 1.6010655884 899.6280000000 1012.5200000000
0.4644588150 0.7327908550 1.5966959175 897.2290000000 1002.6600000000
0.4650983443 -0.1964920292 2.7602512243 959.0160000000 499.8800000000
0.4652508680 0.8183673662 1.5982104513 901.8140000000 1052.2100000000
0.4659332110 0.8148031276 1.5941137177 902.4550000000 1050.7200000000
0.4661793896 0.7310221150 1.5926981905 898.2970000000 1004.5600000000
0.4666958296 0.7359510394 1.5964604423 900.6310000000 1004.7500000000
0.4667332915 0.0609233261 2.7196049904 959.7650000000 577.6420000000
0.4674290138 0.6658837824 1.5981917204 898.5830000000 964.3820000000
0.4678892608 -0.4362660092 2.7553811686 954.5280000000 428.5420000000
0.4684699213 0.0519731271 2.7610539807 962.2050000000 574.9600000000
0.4685716038 0.6608531755 1.5930540792 897.7500000000 964.3150000000
0.4688953822 -0.1924488126 2.7562642007 956.5870000000 499.1390000000
0.4712474585 -0.1885688232 2.7568528887 958.1130000000 500.5080000000
0.4730054951 0.0539109811 2.7543108267 961.9720000000 574.5380000000
0.4762539828 -0.8867461589 2.8266926981 953.9300000000 300.3600000000
0.4776320480 -0.2618002785 2.7557557883 960.5160000000 477.3680000000
0.4779959642 -0.2647702097 2.7548727562 959.3770000000 478.6290000000
0.4925713451 0.2579489207 2.1409621009 946.9080000000 674.4500000000
0.4927934411 -0.2953635248 2.7545784122 963.9930000000 469.1930000000
0.4929432890 -0.4257365207 2.7535615874 962.3540000000 429.8930000000
0.4931948193 -0.4253217632 2.7552741344 962.3860000000 430.4800000000
0.4932055227 0.2571761339 2.1390221062 946.8150000000 675.5070000000
0.4945889396 -0.3032599722 2.7539362070 964.6800000000 468.5590000000
0.4947628702 0.2576864194 2.1324314759 946.9570000000 675.6840000000
0.5076845729 0.1373949739 2.6899030025 973.6490000000 601.6360000000
0.5242240312 -0.2951895943 2.7537488972 975.0820000000 469.8490000000
0.5314461632 0.1932673566 2.6795474446 982.3980000000 620.2520000000
0.5473648232 -0.9600057106 2.9226756085 976.9340000000 283.2420000000
0.5476404362 0.1162005987 2.7069214388 987.4830000000 594.9730000000
0.5544959761 0.1233973101 2.7078579880 991.6750000000 596.8650000000
0.5598343064 0.1602577446 2.7000712506 992.3390000000 609.6950000000
0.5614826329 0.6455125001 2.0740095388 982.7090000000 848.7620000000
0.5622024378 0.5877033337 1.7297688509 963.2730000000 898.5290000000
0.5640942672 0.1583332699 2.7013556609 993.1740000000 609.7160000000
0.5644394524 -0.9268572218 2.8844376439 984.2600000000 288.8090000000
0.5655740148 0.5758439454 1.6438819405 961.8000000000 917.4400000000
0.5677093469 -0.1640545150 2.7660043120 991.1450000000 507.7460000000
0.5686860339 -0.4262770433 2.7649339701 987.5780000000 427.8340000000
0.5687957440 -0.4262636641 2.7579767477 988.7320000000 427.8080000000
0.5805427464 -0.0725215510 2.7660845877 997.7350000000 535.3240000000
0.5983130979 0.5830500223 1.6115174771 978.3780000000 936.7450000000
0.5987733449 0.4633483353 2.1250113306 999.7500000000 768.1820000000
0.6048288042 -0.0323989819 2.7639171453 1006.4100000000 547.7770000000
0.6253231759 -0.1272401051 2.7753162866 1014.2000000000 519.9590000000
0.6267601099 -0.1247705587 2.7672887223 1013.2600000000 520.3800000000
0.6281033890 0.0327717285 2.7749684255 1016.0400000000 566.9270000000
0.6299631080 -0.1211894623 2.7642917650 1014.8200000000 520.5180000000
0.6304715205 0.0312060859 2.7714362972 1017.2700000000 566.2330000000
0.6312555459 -0.6091101719 2.7788484149 1006.9200000000 370.6930000000
0.6322803983 -0.6117084268 2.7833973680 1007.4400000000 369.5940000000
0.6347716191 0.6204183341 1.6471304282 1006.5100000000 952.9600000000
0.6364493800 0.2137392511 2.6924985816 1020.4200000000 627.1350000000
0.6379665897 0.6530637622 1.6490169058 1009.3400000000 972.4670000000
0.6392376207 0.6765363602 1.6440317883 1010.8200000000 987.9410000000
0.6466711452 0.0763068152 2.7436074076 1022.0200000000 583.5950000000
0.6479635831 0.6388630010 1.6491373192 1017.1000000000 966.1360000000
0.6503557972 -0.4802838201 2.7479690509 1016.0900000000 409.0300000000
0.6508668855 -0.4805540814 2.7554882028 1015.8900000000 407.9660000000
0.6524055020 -0.6492319382 2.7952246461 1016.4600000000 357.5400000000
0.6531574172 -0.6457051616 2.7675563078 1014.5300000000 358.4900000000
0.6532483962 -0.4792188299 2.7634890085 1016.4900000000 408.7190000000
0.6535133058 0.2302099399 2.6961645027 1028.5200000000 634.4970000000
0.6537059674 0.5763229234 1.6491105607 1017.1300000000 930.0030000000
0.6587579812 -0.6540805870 2.7564247520 1014.4600000000 356.6880000000
0.6623757368 0.6536096366 1.6447569450 1026.5300000000 979.9130000000
0.6623784127 0.4646728834 1.6323008410 1020.3000000000 870.2040000000
0.6660523613 -0.4012230152 2.7484239462 1022.5200000000 432.3540000000
0.6688004641 0.7845579412 1.6411793272 1033.6200000000 1060.5300000000
0.6690038291 0.7716068042 1.6388058440 1033.6900000000 1053.1700000000
0.6691911389 0.7847131408 1.6460627621 1036.0700000000 1057.1300000000
0.6693088765 0.5381358001 1.6204441286 1027.3400000000 919.1090000000
0.6707832725 0.4727566406 1.6328306603 1025.3900000000 875.0440000000
0.6829717909 0.4729011368 1.6332347144 1034.3300000000 877.0660000000
0.6855299081 -0.4013006150 2.7525180040 1029.4200000000 431.9830000000
0.6915372020 0.5950084173 1.6367695185 1045.1600000000 953.3350000000
0.6919947732 0.4920977188 1.6159219340 1041.1300000000 897.1160000000
0.6937314030 0.4201787703 2.1331057913 1044.0000000000 755.1850000000
0.7012773134 -0.4766767678 2.7521701429 1035.2000000000 406.3170000000
0.7025804547 0.7722677403 1.6393838286 1057.2400000000 1061.5200000000
0.7028667711 0.7848067957 1.6409277968 1057.3400000000 1068.0900000000
0.7049245034 0.7839531981 1.6404086810 1056.5900000000 1068.0200000000
0.7054115090 0.2861425293 2.1265419196 1045.9300000000 697.3840000000
0.7054730537 -1.0387909025 3.0768583601 1032.1400000000 263.6060000000
0.7061768035 0.3212497438 2.1259559074 1046.3500000000 711.7590000000
0.7063721409 0.2895997337 2.1267559879 1047.4300000000 700.6460000000
0.7120850908 -0.1841921952 2.7494407710 1044.1900000000 499.1400000000
0.7130350192 -1.0396685828 3.0849394415 1033.3700000000 263.2950000000
0.7131072673 -1.0449266374 3.0920304566 1030.3200000000 263.9480000000
0.7156573569 -0.1779098233 2.7439552688 1044.1800000000 499.5660000000
0.7178328268 0.6030413333 1.6266092980 1063.7500000000 962.7930000000
0.7197460630 -0.1872389234 2.7510195253 1043.6100000000 498.8020000000
0.7199761865 0.5875294032 1.6297480756 1064.2900000000 955.7760000000
0.7201260344 0.6293423097 1.6267377390 1064.4400000000 981.9230000000
0.7208833013 0.4272671096 2.1238928233 1057.3800000000 759.6820000000
0.7226466895 0.4229884178 2.1178400399 1058.0300000000 758.5900000000
0.7232246742 0.7245813325 1.6462447202 1069.6000000000 1034.0100000000
0.7324938351 -0.2784494468 2.7782864854 1048.0800000000 470.3100000000
0.7366119756 0.7772314509 1.6229861906 1079.9100000000 1078.0700000000
0.7432721781 0.5563449918 1.6268206905 1078.9900000000 940.4530000000
0.7439277625 0.4737868447 1.6327129227 1076.8500000000 887.1450000000
0.7444468783 0.5343494656 1.6294751384 1080.1100000000 926.8460000000
0.7483696814 0.6040313995 1.5768731854 1087.7700000000 989.4390000000
0.7511820048 -0.2782086199 2.7764401456 1056.1000000000 468.7080000000
0.7526885110 0.3380728427 2.1252655368 1071.8700000000 724.1930000000
0.7535902740 -0.5081555233 2.7519293160 1052.5000000000 394.9560000000
0.7542324792 0.7119111602 1.6455195636 1093.0300000000 1032.4400000000
0.7544358442 0.4664282441 1.6345325039 1085.7200000000 885.3710000000
0.7547569467 0.3397720105 2.1223809654 1073.2700000000 722.9850000000
0.7606170687 0.7814298670 1.6474756134 1098.5700000000 1076.6200000000
0.7608017026 0.7814432463 1.6466273675 1097.3500000000 1077.0300000000
0.7608685990 0.6972501520 1.6388272508 1096.7300000000 1028.9300000000
0.7682486064 -0.6567484142 3.0161699740 1057.8900000000 360.4350000000
0.7782108137 -0.6846870138 2.9590939919 1060.2400000000 348.9880000000
0.7803916354 -0.6859125553 2.9652752164 1060.2300000000 349.2530000000
0.7814646531 -0.6955830945 2.9679510711 1059.5100000000 348.8030000000
0.7841083976 -0.4971149465 2.7511800766 1066.8300000000 397.2830000000
0.7919994933 0.4239169394 2.1227823436 1094.1500000000 762.9580000000
0.7981138215 0.1975596952 2.8581339916 1081.3100000000 617.8020000000
0.8026065816 0.2017003129 2.8461194037 1082.7200000000 618.7350000000
0.8034013105 -0.4160017610 2.7472733287 1074.8500000000 421.3560000000
0.8050924507 0.2017958409 2.8419718288 1082.7700000000 620.0440000000
0.8058202832 -0.5110481223 2.7448650594 1072.3900000000 391.3340000000
0.8071261003 -0.5109705225 2.7469522261 1073.4500000000 392.0370000000
0.8078887189 -0.7371444707 2.7397274182 1071.1500000000 318.2560000000
0.8094112803 -0.4099329224 2.7499224249 1078.6400000000 425.5910000000
0.8113780336 -0.1691715520 2.7603582585 1082.3100000000 503.2840000000
0.8130879047 0.2635799895 2.1318775740 1104.3800000000 691.2060000000
0.8140752952 -0.0118081725 2.8443265810 1084.0400000000 552.4420000000
0.8142064120 -0.0121657737 2.8423999656 1083.5400000000 551.7880000000
0.8145087836 -0.1683489943 2.7590738482 1082.0600000000 503.2850000000
0.8146238454 -0.0123665431 2.8491163610 1084.3500000000 552.9630000000
0.8197186729 0.2649604630 2.1280885636 1105.1100000000 691.6390000000
0.8283590079 -0.2658319889 2.7889899045 1084.3800000000 472.2120000000
0.8292928812 0.2616729078 2.7268833154 1095.8200000000 645.4880000000
0.8309251526 -0.2639134010 2.7751557353 1086.0800000000 471.9750000000
0.8334672146 0.2656061467 2.5255225684 1102.1300000000 657.1410000000
0.8369137156 0.2763301699 2.6162260174 1101.8700000000 655.8910000000
0.8441144407 -0.7500474423 2.7600371559 1086.1900000000 312.8960000000
0.8623664461 0.2083150259 2.8484206388 1106.7000000000 621.9230000000
0.8630541408 -0.1568190037 2.7676365834 1102.1400000000 504.7810000000
0.8634153812 -0.0927389717 2.7816313039 1103.2400000000 526.3210000000
0.8651921487 -0.1480700289 2.7678774104 1103.3400000000 505.8180000000
0.8666879515 -0.0886331401 2.7827284043 1104.6300000000 528.1580000000
0.8829571485 -0.2582178441 2.7892039728 1107.4400000000 472.7850000000
0.8945650065 -0.2888719012 2.7911573468 1112.5000000000 460.5500000000
0.8970000343 -0.7542672653 2.7428849269 1106.0000000000 306.5430000000
0.8972943783 -0.7479281654 2.7217456742 1106.3300000000 306.2510000000
0.8975218260 -0.9239271608 2.8559933078 1102.1300000000 261.3270000000
0.8984289408 -0.5321418854 2.7666197586 1109.0500000000 380.7710000000
0.8998685506 -0.9275689992 2.8768917335 1102.1800000000 260.7700000000
0.9021644340 -0.2920989820 2.7786075880 1114.5200000000 460.0450000000
0.9033765962 -0.4103423282 2.7602244657 1114.1400000000 418.0380000000
0.9039197947 -0.2935118333 2.7817383380 1113.5900000000 460.8460000000
0.9062986296 -0.4147762196 2.7506984228 1113.8800000000 418.0460000000
0.9155972249 -1.4871624786 3.2799824953 1091.7300000000 149.2510000000
0.9222975653 -2.2984843192 3.2964925192 1081.6700000000 -62.9720000000
0.9227551364 -0.9661441214 2.7405569332 1114.5900000000 231.6940000000
0.9227952743 -1.4937049435 3.3023793997 1093.0400000000 149.0260000000
0.9229665290 -0.8394664810 2.7680647202 1112.9900000000 278.4710000000
0.9235980307 -1.5014515430 3.3237862378 1092.8300000000 148.5590000000
0.9243445942 -0.9670940499 2.7284353111 1113.9000000000 231.1320000000
0.9312723822 -0.8630434374 2.8135810097 1115.6100000000 276.3580000000
0.9339321818 -0.8737522081 2.8447814763 1117.5200000000 275.5600000000
0.9406057636 -0.5914950199 2.7559966152 1126.0400000000 359.1180000000
0.9644288985 0.0963072240 2.8333020594 1145.9500000000 586.2630000000
0.9668184368 0.0942575193 2.8284587622 1145.4400000000 586.6930000000
0.9909038056 -0.1751199772 2.9235853991 1146.5800000000 498.3200000000
0.9927876073 -0.1736279206 2.9174041746 1148.4100000000 498.6620000000
1.0009596678 -0.0759482506 2.9240938115 1154.9800000000 530.5910000000
1.0021932368 -0.0760914089 2.9088414394 1154.4500000000 529.4860000000
1.0104107868 -0.3341099018 2.9788685586 1153.0200000000 448.4010000000
1.0130866416 0.0506277073 2.8362187411 1164.2200000000 571.5040000000
1.0144352724 0.0476575085 2.8335964034 1164.8100000000 571.6040000000
1.0556755460 0.9191828703 2.7481831193 1205.1200000000 884.3760000000
1.0580784636 0.0973154861 2.8355497774 1185.4100000000 588.3040000000
1.0620333770 0.0979978291 2.8341583329 1187.4200000000 588.5660000000
1.0709305940 0.6781017353 2.4296493681 1235.3300000000 849.4330000000
1.0727046858 0.4269700897 2.7289437235 1206.2500000000 711.0680000000
1.0727635546 -0.1696473190 2.9129622557 1181.5700000000 498.4960000000
1.0735074422 0.7572214090 2.4465848529 1238.5000000000 879.8380000000
1.0740773992 0.7682459306 2.2730342645 1256.3800000000 922.4140000000
1.0741309163 0.4267854557 2.7303619266 1207.8700000000 710.8680000000
1.0767532540 0.4284926511 2.7391387302 1206.4900000000 710.6190000000
1.0780724504 0.7607428338 2.4540397842 1236.9100000000 878.5880000000
1.0794505156 0.5574688508 2.4322663540 1235.8800000000 798.0700000000
1.0876573622 0.4230606659 2.1906848341 1265.7500000000 774.7670000000
1.0878446720 0.4201520118 2.1937620671 1267.1200000000 775.5550000000
1.0881363402 0.4233416307 2.1933259028 1265.4900000000 774.9880000000
1.0885189874 0.5330570277 2.1800643666 1269.7700000000 828.3040000000
1.0886126423 0.5330650553 2.1908320061 1271.4600000000 829.8210000000
1.0932498986 -0.3031984276 2.7733629126 1196.8800000000 450.5360000000
1.0944513574 -0.3059197719 2.7844677099 1197.1600000000 450.3060000000
1.1036241876 0.7323011735 2.1861572879 1282.4500000000 927.8540000000
1.1049514115 0.6385900638 2.1821702643 1282.9000000000 885.3850000000
1.1055561547 0.6414532284 2.1861519362 1282.3100000000 883.5780000000
1.1086226843 0.5491522941 2.1896626576 1281.9700000000 838.1960000000
1.1287638431 0.1113428519 2.4577324638 1247.6500000000 609.1570000000
1.1300857153 0.1115486252 2.5045358395 1247.5700000000 608.4690000000
1.1526726054 0.4101764252 2.6150994826 1253.1000000000 718.9350000000
1.1560067204 -0.0663154411 2.9077978560 1220.0900000000 531.9690000000
1.1597877032 -0.0658685733 2.9151296981 1221.0200000000 532.0650000000
1.1678339985 0.4689141132 2.1912280326 1318.9300000000 803.7460000000
1.1748607931 -0.3953655691 2.9599235068 1221.2300000000 423.4800000000
1.1751925991 0.8539883448 2.1846775402 1337.8700000000 1001.5000000000
1.1965726787 0.5118803131 2.1917605277 1338.0500000000 828.6300000000
1.1986919557 0.1398203687 2.1866335900 1332.9400000000 640.9820000000
1.1987829347 -0.1771161648 2.8826983383 1239.0500000000 493.2160000000
1.2021438083 0.1404818400 2.1992422177 1334.0000000000 642.1990000000
1.2049320490 -0.1651101397 2.9025531807 1240.0100000000 497.8310000000
1.2173881529 0.1258754192 2.4813120960 1298.4500000000 615.5840000000
1.2195341884 0.3765543101 2.7339475719 1276.7400000000 697.7380000000
1.2195555953 0.3772152462 2.7394598328 1276.1200000000 698.5490000000
1.2196144641 -0.0094754425 2.8334893692 1258.3200000000 551.8670000000
1.2216213551 0.1275119719 2.5039043378 1298.1300000000 616.1320000000
1.2311688049 -0.0604178572 2.9185815507 1253.2800000000 532.8040000000
1.2350140082 -0.1248816067 2.8950607873 1255.7200000000 509.4920000000
1.2351344217 -0.0563264752 2.9175379674 1256.1100000000 533.8030000000
1.2381367307 0.2044569785 2.7742191862 1274.7700000000 633.1860000000
1.2412862118 -0.1977879456 2.9047473816 1256.2000000000 486.2670000000
1.2443554172 0.1065945477 2.6991079429 1283.6700000000 598.5420000000
1.2552755805 -0.3054595248 2.7638368697 1272.0800000000 445.3340000000
1.2611116198 -0.1051436992 2.9147550784 1265.8200000000 517.6930000000
1.2630756972 -0.8559818566 2.8267997323 1260.7600000000 251.0990000000
1.2707955382 -0.8613228627 2.8554581368 1262.0700000000 250.4810000000
1.2713976055 -0.8646757088 2.8565819958 1262.8400000000 250.7710000000
1.2714778811 0.0038722027 2.7483169120 1289.9000000000 558.8910000000
1.2885016691 0.2397036050 2.5826520677 1326.5500000000 658.5230000000
1.2894890595 -0.3339948401 2.7526250382 1293.6400000000 432.1750000000
1.2970751078 0.3977015903 2.7706602993 1310.7100000000 705.3400000000
1.2980464431 0.2763917145 2.7652550727 1310.0500000000 659.8820000000
1.2982845942 -0.8157262975 2.7703124382 1285.5600000000 254.9050000000
1.3026275064 -0.8157209458 2.9400686645 1269.1300000000 274.5730000000
1.3042116125 -0.8152553471 3.0383260515 1260.9200000000 284.3410000000
1.3094643154 -0.5791941156 3.2710451404 1246.8100000000 374.8970000000
1.3111768624 -0.8159457176 3.2431359752 1248.1400000000 302.5200000000
1.3210882285 -0.5472363821 2.7506449057 1304.1300000000 350.2830000000
1.3218026817 -0.1542499155 2.7561036494 1313.1400000000 497.4420000000
1.3221023774 -0.0231359755 2.7552741344 1315.3000000000 547.6110000000
1.3230924437 -0.4164165185 2.7545516536 1307.5100000000 399.2780000000
1.3240825099 -0.4173610953 2.7593414337 1307.2400000000 398.9600000000
1.3247434461 -0.5492887627 2.7630073547 1303.4000000000 350.2680000000
1.3251234174 -0.6794530419 2.7553008930 1302.7900000000 301.9750000000
1.3346976258 -1.3497064952 2.9249233265 1271.3900000000 90.3679000000
1.3594599858 -0.4164620081 2.7531334506 1327.3900000000 397.4810000000
1.3600192394 -0.5484458685 2.7555149613 1323.7900000000 347.6820000000
1.3600700807 -0.5472497614 2.7541770340 1324.7700000000 348.2070000000
1.3606293343 -0.5435865162 2.7474606385 1323.9300000000 348.2430000000
1.3633212442 -0.6796028898 2.7581372990 1322.5300000000 298.5380000000
1.3661817330 -1.2267563204 3.2847187582 1259.2300000000 182.2850000000
1.3692830486 -1.2652484912 3.2070119358 1265.7600000000 157.5360000000
1.3708216651 -0.7364059347 2.7615623931 1325.8400000000 277.4480000000
1.3713461327 -1.2317307344 3.3093366221 1258.1500000000 181.3190000000
1.3739122774 -0.7116569540 2.7687604424 1326.5800000000 286.8750000000
1.3806795141 -0.0811621536 2.7566120618 1345.8800000000 524.1790000000
1.3808721756 -1.2706778005 2.9941476893 1287.6900000000 122.6280000000
1.3815304359 -0.3093047281 2.7584048845 1340.0600000000 436.4880000000
1.3818836487 -0.3077607599 2.7595287435 1338.9100000000 436.9790000000
1.3842009389 -0.0835385803 2.7639439039 1345.8800000000 524.7400000000
1.3877196880 -0.8120068594 2.7683590642 1329.6300000000 249.5810000000
1.3907246729 -0.8121700866 2.7738980836 1329.5600000000 250.6250000000
1.3976283782 -0.8400578449 2.7989173256 1329.5600000000 240.6200000000
1.3992767047 -0.2507968961 2.7745135302 1346.9600000000 459.0650000000
1.3997770895 -0.2586149410 2.7782062098 1348.4400000000 458.5290000000
1.4002587434 -0.2526812330 2.7779921414 1348.0900000000 458.8150000000
1.4004861910 -0.1657130097 2.7756106306 1351.0800000000 492.4770000000
1.4008875693 -1.1887886172 3.1394466030 1282.4800000000 170.6490000000
1.4038524163 -1.2469991617 3.0314223462 1295.9300000000 132.9050000000
1.4038818507 -1.2041533752 3.1714765846 1283.7100000000 169.8530000000
1.4054525775 -0.6536096366 2.7688139595 1342.0400000000 307.5740000000
1.4140768574 -0.6603287079 2.8201903710 1342.8200000000 307.8800000000
1.4697426641 -1.1873650624 3.0136546705 1328.9300000000 142.8170000000
1.5191389430 -1.2963124892 3.0794806977 1340.1400000000 112.1700000000

gimbalangles:
-0.8584338559 0.0064075336 -0.3699750182

end: