T_CW:
0.9808304767 0.0038319860 -0.1948252854 -1.5949281607
0.0188440120 0.9932554932 0.1144046698 0.1018474849
0.1939496820 -0.1158828768 0.9741430489 -0.3827054964
0.0000000000 0.0000000000 0.0000000000 1.0000000000


target_points_pix:
-0.4194000966 -1.4003818327 3.0689378300 -4.5020700000 283.6140000000
-0.4167295935 -0.9888112872 2.7730150515 -79.6757000000 355.4530000000
-0.4070055373 -0.8973318403 2.7385768007 -83.7990000000 378.1240000000
-0.3657331534 -0.9226989435 2.7789822076 -62.1535000000 374.6170000000
-0.3293495562 -0.9297070071 2.7957062999 -47.5030000000 376.3450000000
-0.3225849953 -1.0281329729 2.8515513889 -30.3820000000 354.6690000000
-0.3064335360 -1.5113548815 3.3048144275 65.3407000000 287.5920000000
-0.2978627732 -1.0394170525 2.8356032945 -24.4697000000 350.6980000000
-0.2971536717 -0.9165391258 2.8067308215 -34.4955000000 380.3700000000
-0.2927893525 -1.4922011131 3.2656666723 67.3676000000 287.4690000000
-0.2833971023 -0.1763326745 2.7540699998 -65.5635000000 584.0030000000
-0.2817996170 0.0013359526 2.7594752264 -70.4485000000 636.3530000000
-0.2813340183 -0.0009187253 2.7543643438 -70.7413000000 636.5970000000
-0.2802931108 -0.1775370768 2.7557557883 -65.9127000000 584.2900000000
-0.2713397007 -0.3743815160 2.7595019849 -54.1011000000 528.3010000000
-0.2452736643 -1.4978551942 3.2928265982 80.6078000000 289.3240000000
-0.2424514403 -1.4966189493 3.2746575443 81.9303000000 288.7430000000
-0.2025474885 -0.4965209068 2.7791427589 -22.6340000000 493.5530000000
-0.2011070759 -0.6275601905 2.7732826370 -18.9479000000 456.5730000000
-0.1888529990 -0.7096928766 2.7694294061 -14.9519000000 435.1120000000
-0.0999758209 0.0540924041 2.7271241423 -17.0073000000 653.3800000000
-0.0801667357 -0.8778007764 2.8606492951 44.0568000000 397.3340000000
-0.0790442146 -0.8793126343 2.8674192076 46.9511000000 397.2620000000
-0.0756563149 0.1190851701 2.7010077998 -17.3592000000 673.6450000000
-0.0723805335 0.1652356373 2.7006866972 -18.4000000000 686.9210000000
0.0105611439 -0.3182126487 2.7535348288 38.4497000000 543.9870000000
0.0150825089 0.4120441718 2.4193071894 -61.4330000000 783.6970000000
0.0403243286 -0.3184936134 2.7530531750 47.3978000000 544.1460000000
0.0748094068 -0.6444127238 2.7977667081 73.3345000000 457.6900000000
0.0909354456 -0.8992263455 2.8327936470 91.0602000000 392.4440000000
0.0911661043 0.2190160367 2.6906790004 36.3005000000 702.4340000000
0.0919375532 -0.7499029462 2.7608666709 78.0887000000 429.4080000000
0.1066346855 -0.8431297262 3.3059650451 160.6330000000 438.0790000000
0.1422050905 0.1307848099 2.7017035220 57.2536000000 675.2750000000
0.1434498981 0.1343733987 2.6995628382 57.6174000000 675.6710000000
0.1883159549 -0.6140765583 2.8392156984 115.8140000000 469.1880000000
0.2240273775 -0.1816809055 2.7841466073 109.0970000000 583.4530000000
0.2339331242 -0.1846853552 2.7795441371 111.9840000000 583.5630000000
0.2380654467 -0.5408437651 2.7238060824 112.3170000000 483.5610000000
0.2547702729 0.0643243375 2.6961109856 96.9940000000 654.4980000000
0.2663717088 0.2063908187 2.6868525281 94.5550000000 696.7100000000
0.3409922003 -1.3168657296 3.3195316287 224.9120000000 339.2270000000
0.3431542909 -1.3135128836 3.2941110084 224.0260000000 339.1810000000
0.3434325798 -1.3096837355 3.2953954187 224.5950000000 340.5380000000
0.3532395875 0.2544745909 2.6923647889 124.4130000000 709.8610000000
0.3558271391 -0.5505303593 2.8430154122 164.7310000000 486.3370000000
0.3563034412 0.1131148030 2.6908127931 126.9970000000 667.8260000000
0.3625248036 -0.9752179450 2.7600906730 165.6200000000 372.2460000000
0.3898559841 0.1740814779 2.7004458703 139.0120000000 687.5070000000
0.4224505710 0.1866336451 2.7028273810 150.7130000000 688.0220000000
0.4273313301 -0.9567384919 2.8639138379 196.6380000000 384.2030000000
0.4410932512 -0.9624139799 2.8451828545 197.1500000000 384.4430000000
0.4515103538 -0.8827858938 2.8655728678 200.5450000000 405.3830000000
0.4589412025 -0.2061812993 2.7767344896 177.3860000000 578.4760000000
0.4642768569 -0.8245914044 2.7742459447 194.5790000000 412.8290000000
0.4650983443 -0.1964920292 2.7602512243 180.8140000000 579.8320000000
0.4688953822 -0.1924488126 2.7562642007 179.5520000000 579.6380000000
0.4875674967 0.0798247614 2.7132096975 173.0540000000 655.7350000000
0.4928844201 -0.2955133727 2.7582710918 190.6370000000 549.5310000000
0.4938450520 0.2328935546 2.6565752314 165.2760000000 702.9800000000
0.4969704504 0.2294970922 2.6640783282 167.7370000000 700.9170000000
0.5534256342 -0.9297578484 2.9129087386 237.1030000000 397.5210000000
0.5661787580 -0.9327066403 2.9148353541 238.2870000000 398.0820000000
0.5685094275 -0.6885268654 2.7592611580 221.6870000000 449.3170000000
0.5687957440 -0.4262636641 2.7579767477 216.3770000000 516.8930000000
0.5755870634 0.1920182676 2.6851667396 196.5680000000 689.0070000000
0.5868283292 0.1361365194 2.7058510969 203.7360000000 672.0610000000
0.5965818199 0.2516009905 2.6585446605 199.1960000000 707.8020000000
0.6033597600 0.6346779641 1.6889031969 -35.4163000000 991.7510000000
0.6125245625 0.2918019621 2.1255304465 112.9440000000 756.6380000000
0.6230058857 -0.2105940514 2.7319674394 224.4000000000 575.8110000000
0.6253231759 -0.1272401051 2.7753162866 229.1050000000 600.1330000000
0.6267601099 -0.1247705587 2.7672887223 228.3610000000 601.7000000000
0.6281033890 0.0327717285 2.7749684255 226.9130000000 639.6170000000
0.6444689167 0.6057546500 1.6453991501 -24.6580000000 980.5700000000
0.6508668855 -0.4805540814 2.7554882028 239.4590000000 504.1220000000
0.6531574172 -0.6457051616 2.7675563078 244.9760000000 461.5370000000
0.6532483962 -0.4792188299 2.7634890085 240.6180000000 504.5960000000
0.6555737140 0.2307906004 2.6878961114 220.8290000000 698.8440000000
0.6587579812 -0.6540805870 2.7564247520 247.6930000000 459.5590000000
0.6623784127 0.4646728834 1.6323008410 -12.8026000000 907.4740000000
0.6760011893 -1.0376777469 3.0983454738 284.2470000000 386.6790000000
0.6957463216 -1.0429491808 3.0827719991 286.4150000000 386.7380000000
0.7044722840 0.2305631527 2.6500809319 233.5330000000 701.8520000000
0.7204337577 0.6245578814 1.6316479325 11.9916000000 992.6760000000
0.7206076882 0.1560724402 2.9173774161 264.6820000000 668.3180000000
0.7224192419 0.4253619010 2.1243503945 154.6160000000 805.9870000000
0.7226466895 0.4229884178 2.1178400399 155.2710000000 803.9120000000
0.7312709695 0.3409119246 2.1253698952 161.3950000000 772.7990000000
0.7379632822 -0.1861356685 2.7423497559 260.3590000000 582.6660000000
0.7418191889 -0.1795415596 2.7347503284 260.3720000000 582.0270000000
0.7511820048 -0.2782086199 2.7764401456 269.0210000000 558.1430000000
0.7526885110 0.3380728427 2.1252655368 169.2600000000 770.9650000000
0.7529641240 -0.5101650902 2.7526785553 269.4140000000 495.5810000000
0.7547569467 0.3397720105 2.1223809654 170.4460000000 772.1230000000
0.7566808863 -0.2701034558 2.7662986560 269.5410000000 557.9680000000
0.7747214991 0.4561850720 2.0779269902 168.5630000000 822.4830000000
0.7782108137 -0.6846870138 2.9590939919 296.7020000000 460.2370000000
0.7803916354 -0.6859125553 2.9652752164 296.9360000000 460.4510000000
0.7841083976 -0.4971149465 2.7511800766 277.8810000000 499.4300000000
0.7919994933 0.4239169394 2.1227823436 183.2900000000 803.8600000000
0.7965109845 0.7209368183 2.1128575983 172.9680000000 923.8300000000
0.7981138215 0.1975596952 2.8581339916 281.0470000000 681.9260000000
0.8026065816 0.2017003129 2.8461194037 281.6600000000 683.8600000000
0.8041023844 -0.5135286397 2.7446242325 284.8500000000 495.6770000000
0.8140752952 -0.0118081725 2.8443265810 289.2160000000 627.8150000000
0.8142064120 -0.0121657737 2.8423999656 288.5400000000 627.7500000000
0.8146238454 -0.0123665431 2.8491163610 288.2110000000 627.8440000000
0.8634153812 -0.0927389717 2.7816313039 297.1570000000 606.2200000000
0.8666879515 -0.0886331401 2.7827284043 297.6980000000 606.7150000000
0.8671348193 -0.0864549944 2.7796244128 298.3750000000 607.3340000000
0.8945650065 -0.2888719012 2.7911573468 310.7530000000 554.5700000000
0.8956433760 -0.5296346095 2.7511533181 310.8330000000 491.8590000000
0.8970000343 -0.7542672653 2.7428849269 313.4030000000 435.2830000000
0.9021644340 -0.2920989820 2.7786075880 309.6100000000 554.7890000000
0.9047064960 -1.4866567420 3.2906323972 355.2810000000 313.0950000000
0.9053808114 -2.2955756651 3.2915154293 364.1730000000 155.2640000000
0.9075990950 -0.7991654324 2.7508857326 316.7480000000 422.9280000000
0.9147784134 -0.4906714883 2.7635960427 315.2170000000 502.1210000000
0.9155972249 -1.4871624786 3.2799824953 356.1760000000 313.2830000000
0.9173980752 -0.9238335059 2.8426943096 328.2820000000 397.8920000000
0.9222975653 -2.2984843192 3.2964925192 363.8490000000 156.2300000000
0.9227230262 -2.2933065402 3.2816950423 364.0440000000 155.7690000000
0.9227551364 -0.9661441214 2.7405569332 323.1700000000 380.5400000000
0.9243445942 -0.9670940499 2.7284353111 323.6480000000 381.1950000000
0.9362655271 -0.7298634698 2.7594752264 322.6480000000 442.8180000000
0.9406057636 -0.5914950199 2.7559966152 324.2560000000 476.3900000000
0.9469689462 -0.9623310284 2.8466813332 334.1640000000 393.8000000000
0.9707599709 -0.9004518870 2.9971178881 350.2790000000 414.8950000000
0.9927876073 -0.1736279206 2.9174041746 343.0260000000 585.4860000000
1.0104107868 -0.3341099018 2.9788685586 354.1340000000 546.9510000000
1.0139616461 -0.3266763773 2.9801262103 353.3400000000 546.7070000000
1.0144352724 0.0476575085 2.8335964034 341.6910000000 642.1140000000
1.0269315141 0.9048055027 1.8175422389 217.5130000000 1063.5000000000
1.0275014712 0.9043853935 1.8206007409 216.9320000000 1062.7800000000
1.0814707860 0.9038582501 2.1756492062 296.6200000000 971.2210000000
1.0825999967 0.9089905395 2.1873373398 296.1830000000 970.7580000000
1.0885189874 0.5330570277 2.1800643666 307.2780000000 828.6050000000
1.1008520020 0.8720476886 2.1816484726 302.7550000000 956.7550000000
1.1018822061 0.8705224514 2.1838854872 303.3990000000 954.9360000000
1.1036241876 0.7323011735 2.1861572879 306.4350000000 902.1390000000
1.1055561547 0.6414532284 2.1861519362 310.4560000000 868.2300000000
1.1081918716 0.7969177144 2.1836366327 307.1470000000 929.2170000000
1.1091525035 0.8046643139 2.1870911612 307.6490000000 928.9240000000
1.1263528979 0.9062397608 1.8441669938 269.7080000000 1049.4800000000
1.1520839174 0.3908433745 2.7133434902 368.7580000000 736.3330000000
1.1655809288 0.4537420166 2.1914287218 336.3800000000 799.1520000000
1.1740874711 0.5598851476 2.1910942399 337.3410000000 835.7120000000
1.1807690804 0.8470204190 2.1857398545 333.4740000000 942.6840000000
1.1816708435 0.8427765134 2.1847042987 334.4110000000 941.5870000000
1.1969580018 -0.1685272062 2.9131763241 395.3420000000 587.9110000000
1.2012714796 0.9068578833 1.8626919363 307.1170000000 1039.9000000000
1.2021438083 0.1404818400 2.1992422177 356.2290000000 686.4190000000
1.2049320490 -0.1651101397 2.9025531807 394.3130000000 587.4300000000
1.2204600342 0.7964922535 2.1853465039 349.2440000000 922.8050000000
1.2276982213 0.0070947613 2.7249031828 394.7410000000 633.4140000000
1.2315113143 -0.3057137310 2.7786611051 401.3590000000 551.7950000000
1.2316852449 -0.7122135318 2.8673389320 409.3460000000 455.0030000000
1.2347169884 0.1030062264 2.7003655946 395.3540000000 659.7450000000
1.2393114310 0.6581880241 2.1843109481 359.0330000000 869.1800000000
1.2412862118 -0.1977879456 2.9047473816 407.2980000000 581.0890000000
1.2417678657 0.6585064508 2.1902379664 360.8190000000 869.7570000000
1.2453187249 0.6499169570 2.1816912863 359.1940000000 869.4800000000
1.2697626582 0.7965029569 2.1884130334 368.9830000000 921.1980000000
1.2707955382 -0.8613228627 2.8554581368 416.1790000000 419.2130000000
1.2752294295 -0.3281480974 2.7587795042 411.2050000000 544.8990000000
1.2809049175 -0.3203399532 2.7470860188 412.0930000000 546.6120000000
1.2998098314 0.5633343244 2.1906179378 383.5580000000 833.3140000000
1.3021993697 0.5609314068 2.1854481864 384.3670000000 833.2640000000
1.3050812653 0.6880585909 2.1874095879 383.0990000000 878.6550000000
1.3055067262 0.6902634952 2.1905403380 382.1950000000 879.3330000000
1.3055281330 0.4652695990 2.1983431305 387.9570000000 798.7290000000
1.3072834937 0.9154206185 1.8997632282 358.0870000000 1029.7800000000
1.3098844246 0.9132799347 1.8888617959 358.6210000000 1030.8700000000
1.3128733543 0.4730402812 2.1887769497 389.1130000000 802.7560000000
1.3247434461 -0.5492887627 2.7630073547 425.9130000000 490.4690000000
1.3269965158 0.1675858405 2.0511309806 391.4040000000 703.4650000000
1.3288107453 0.7542030448 2.1626151176 388.2890000000 906.3830000000
1.3290917101 0.7514415627 2.1576112692 389.8870000000 908.4680000000
1.3300362868 0.8952928390 2.0747400472 380.8750000000 977.4700000000
1.3337343181 -0.0441813056 2.2712387660 407.8980000000 623.1640000000
1.3386926770 -0.0450552398 2.2951769627 407.1500000000 621.9350000000
1.3464927936 0.8211930688 2.1155147221 392.9010000000 938.2370000000
1.3471430263 0.7693403552 2.1489067137 395.6770000000 914.3110000000
1.3490455590 0.7693911964 2.1480049506 395.8880000000 914.5380000000
1.3492569516 -1.3630830931 2.9607262633 441.1410000000 314.9780000000
1.3497573364 0.8223249554 2.1227743161 392.8490000000 938.9810000000
1.3720980478 0.9115379533 2.0598355361 396.4740000000 984.5940000000
1.3818863246 0.6861132444 2.1911798673 410.5130000000 875.0850000000
1.3854719700 0.8744559579 2.0845309998 403.3920000000 964.3210000000
1.3893787179 -1.2586819436 2.9628134300 452.0820000000 339.5170000000
1.3907246729 -0.8121700866 2.7738980836 445.6120000000 427.4010000000
1.4011578306 -0.1667450869 2.1171041798 424.5280000000 584.3760000000
1.4129503225 0.8614459521 2.0910065683 415.4600000000 957.1660000000
1.4145718905 0.1618100080 2.0481340232 421.9210000000 700.9400000000
1.4152087440 0.7902762429 2.1386688934 418.8780000000 921.1920000000
1.4154014055 0.2097626633 2.0461806493 422.4190000000 717.9700000000
1.4206300257 0.8684566915 2.0781089483 415.6710000000 961.8440000000
1.4264312788 0.5024158148 2.2111042818 429.4840000000 808.5150000000
1.4493151888 -0.7774535468 2.7483436706 459.2800000000 433.4880000000
1.4497754358 -0.7757195930 2.7422962388 459.0440000000 434.6300000000
1.4524539664 0.8592490753 2.1002222121 428.6330000000 952.3040000000
1.4548729391 -1.3011798690 2.9875115695 469.3850000000 333.6500000000
1.4563526868 -1.2757298143 3.2478187210 468.5300000000 360.8280000000
1.4581856473 0.8273689416 2.1172647311 433.5750000000 937.3350000000
1.4903253389 0.8899223985 2.0725271153 443.8130000000 969.0000000000
1.4932553999 0.8910489333 2.0663271598 443.9650000000 970.2490000000
1.4938735223 0.5364312806 2.2265011502 451.8910000000 816.4590000000
1.4967099284 -0.3665787235 2.2395593214 462.8220000000 524.2390000000
1.5018743281 0.6676364673 2.2224177958 452.7720000000 860.9410000000
1.5084194688 -1.2737095440 3.0092930273 481.3640000000 341.9440000000
1.5191389430 -1.2963124892 3.0794806977 483.6540000000 341.5770000000
1.5221974450 -0.5540812186 2.7598766046 477.1640000000 490.6890000000
1.5308404559 0.4740571060 2.2118080316 466.7580000000 793.9440000000
1.5477625615 -0.6604865834 2.7139321783 485.4770000000 462.5770000000
1.5478321337 -0.7590597212 2.7054764772 485.3570000000 437.9010000000
1.5535504353 -0.7681308688 2.7279804158 485.2480000000 436.9710000000
1.5609491737 0.6967363879 2.2123110923 474.3660000000 871.5710000000
1.5634858841 0.1323905904 2.0860856714 478.4120000000 686.7530000000
1.5689874415 -0.0367962140 2.1098793719 481.5690000000 628.7010000000
1.5718907439 0.5380929864 2.2188963709 478.7960000000 814.8790000000
1.5760811324 0.5398215886 2.2267446529 478.7790000000 815.3280000000
1.5773173773 0.5393158520 2.2217274253 480.1020000000 816.9830000000
1.5821740537 -0.5602008985 2.7690012694 492.6320000000 491.7540000000
1.5896263093 0.0224939576 2.0999305439 488.3220000000 647.7230000000
1.5897065849 -1.3584940022 3.0818354499 498.4380000000 331.8180000000
1.5973916398 -1.3416896343 2.9117581211 500.6790000000 320.2600000000
1.5986706984 -0.6470751993 2.7567726131 496.8830000000 468.9710000000
1.5999577845 -1.3471349987 2.9281611108 500.6830000000 320.4720000000
1.6084910853 -0.4106794859 2.2272209551 499.2420000000 511.1420000000
1.6265343740 0.0447413620 2.0904232319 499.7700000000 656.2030000000
1.6320172004 0.0083423518 2.0903215495 502.0220000000 643.8070000000
1.6362182924 0.8547670186 2.2147033065 497.0180000000 923.6560000000
1.6364698228 0.6969370770 2.2179357391 498.2300000000 868.2060000000
1.6381957491 -1.2274841529 3.1247294018 507.4440000000 360.1040000000
1.6401732058 -1.2690267982 3.1319809682 508.7900000000 352.1350000000
1.6528754883 0.5352967182 2.2047116648 507.1210000000 814.4080000000
1.6598300349 0.5393051486 2.2135794475 508.1540000000 813.8380000000
1.6743920365 0.0501104646 2.0809587336 516.2240000000 658.0150000000
1.6992801617 0.0946016342 2.0773516814 523.1890000000 673.4170000000
1.7035802603 -1.3342320271 2.9410052137 523.1810000000 325.7540000000
1.7067993136 0.0776300253 2.0714219873 528.3230000000 667.4230000000
1.7172993677 -0.0077542525 2.0979851975 528.7090000000 636.3320000000
1.7199859258 0.5906762084 2.2168948316 526.7200000000 829.4430000000
1.7305716073 -1.3833526930 3.0011851873 532.0170000000 321.3640000000
1.7422704443 -1.3904945494 3.0199161707 531.7800000000 321.9500000000
1.7480155045 -1.4050083856 3.0591977186 531.7650000000 321.1060000000
1.7563267094 0.5128195381 2.2013507912 537.0580000000 805.5380000000
1.7572284725 0.9137294783 2.2124796712 536.7370000000 940.7400000000
1.7579241947 0.9105639421 2.2128007738 537.1180000000 939.5990000000
1.7866842817 -1.0471797072 2.9545450388 541.9400000000 389.6000000000
1.7902672512 -0.9131140317 2.9659709386 542.2160000000 419.2010000000
1.7927879064 0.5766119157 2.1982146894 551.4060000000 826.5530000000
1.7946824116 -0.9186905130 2.9699044451 543.5420000000 417.3570000000
1.7977302102 -1.3007222978 3.0103901277 545.6280000000 340.2150000000
1.8096056536 0.6856904594 2.2035503438 556.3440000000 861.4960000000
1.8107134575 0.9181339353 2.0137145034 561.7930000000 978.5400000000
1.8182754231 0.8726925696 2.2022043889 558.7030000000 926.6570000000
1.8334983608 0.5465219289 2.2065901149 564.5640000000 814.5520000000
1.8381356171 -0.4203553767 2.1651384487 567.8420000000 506.9750000000
1.8447530060 0.8580931060 2.1991351835 567.4280000000 920.3930000000
1.8627186949 0.7644702995 2.2013802256 573.6090000000 887.6490000000
1.8797184002 -1.0063622186 2.9514678058 562.3500000000 398.9930000000
1.8910533210 0.0640155439 1.9771195136 593.5460000000 665.0510000000
1.8961775828 0.0670810031 1.9926314437 595.7310000000 664.9890000000
1.8981951773 0.6967363879 2.1912333844 586.4310000000 865.7560000000
1.9084811631 0.6971779039 2.1992127833 586.6510000000 865.0590000000
1.9107716947 0.5444160312 2.2014872598 588.5860000000 812.0410000000
1.9130595506 0.1455044194 2.0063344960 602.5890000000 691.7400000000
1.9176834276 -0.6555121693 2.8090052981 574.3830000000 470.7510000000
1.9222323807 -0.6527881492 2.8041620010 574.8260000000 470.8720000000
1.9267090857 0.8821035508 2.2052816219 593.0220000000 925.9330000000
1.9295321125 -1.3405550719 2.9592545432 575.9630000000 329.9190000000
1.9304927443 -0.3965509728 2.1763315492 598.9720000000 513.9970000000
1.9410998326 -1.3512397600 2.9697706524 576.1600000000 329.2920000000
1.9470214992 -0.4031308996 2.2233623725 598.7720000000 513.5970000000
1.9502539318 0.3131980968 0.9536104177 734.3410000000 930.6540000000
1.9505215173 0.3115979357 0.9553416958 735.0760000000 932.2830000000
1.9508774059 0.4158706442 0.9575626552 735.7850000000 1011.9000000000
1.9574198708 -1.1827973784 3.0163572838 579.9350000000 364.5950000000
1.9624879398 -1.2935831173 3.0700349304 578.7780000000 348.0900000000
1.9739058121 0.2937259017 0.9193434216 761.7460000000 928.3160000000
1.9742322663 0.3585136973 0.9225490956 760.1160000000 979.6530000000
1.9773710440 0.3145092657 0.9186610786 761.9790000000 943.8150000000
1.9802502637 -1.3503915140 2.9812500693 587.1900000000 331.9060000000
1.9852541121 -0.3600897757 2.1804925033 614.8730000000 525.6020000000
1.9935225033 0.3877072728 0.9001816256 780.4520000000 1010.0600000000
1.9941834395 0.3866315791 0.9001495154 780.1940000000 1011.5400000000
2.0002736849 -0.0983775328 1.9979697740 628.9590000000 603.3360000000
2.0035890690 0.0820015693 1.7970318121 642.2690000000 677.0300000000
2.0153200163 -0.8200692098 2.8814139280 596.0110000000 438.9270000000
2.0156759049 0.2698653048 0.8788256288 802.9120000000 921.7870000000
2.0165856956 0.3874209563 0.8789754766 810.0270000000 1021.0400000000
2.0178085612 0.2998509333 0.8779854104 807.8230000000 945.2760000000
2.0218276950 -0.8145649766 2.8715400240 596.2520000000 438.9280000000
2.0219293775 -1.3147678595 3.0190598971 595.5480000000 340.2330000000
2.0236713590 -0.5903069404 2.9108750890 597.5540000000 488.3670000000
2.0240299235 -1.1977875167 2.9379547392 596.5090000000 358.1660000000
2.0303743752 0.2941540385 0.8707338439 817.2610000000 942.9610000000
2.0312520555 0.6035765042 2.1887582187 626.4910000000 830.0650000000
2.0328227823 -1.0689665166 2.9295793138 595.6490000000 386.9460000000
2.0350945830 0.5898252866 2.1939654321 627.1300000000 825.1240000000
2.0386668491 0.3792141097 0.8645044541 827.7840000000 1018.3900000000
2.0484952636 -0.4087742773 2.1838881630 632.0000000000 513.0000000000
2.0486611666 -0.4063981183 2.1837302876 632.4000000000 513.6000000000
2.0606944855 -0.5170313335 2.5432153201 615.1570000000 495.9260000000
2.0674242602 0.1422361304 1.1953979784 749.4130000000 749.1710000000
2.0718099862 -1.2062485695 3.0385133613 603.2350000000 366.8670000000
2.0744617583 0.5104835169 2.1887234326 641.0460000000 801.0980000000
2.0915390634 -0.8076157818 2.7805342034 615.0950000000 436.9380000000
2.0978835150 -0.8084292416 2.7833438509 615.5280000000 436.5510000000
2.1013032574 -0.6760466788 2.7644523163 617.7300000000 465.0460000000
2.1168392702 -0.1398674637 2.1318401120 656.6840000000 594.6290000000
2.1173985238 -2.2535834762 3.2509494711 606.8280000000 187.7550000000
2.1177330057 -0.1391567567 2.1249364067 656.6840000000 594.9190000000
2.1218645254 -0.3261866959 2.1287602032 656.6440000000 535.6840000000
2.1285033211 0.8631049820 2.1335874452 662.4100000000 923.2310000000
2.1295709872 -2.2809414154 3.2995965107 606.5680000000 188.6930000000
2.1326428684 -0.0840028411 2.1068743870 662.0830000000 609.3380000000
2.1332636667 -2.2823275081 3.3019245044 606.9850000000 188.4690000000
2.1448875798 -0.4104734451 2.1590508791 662.0050000000 509.9980000000
2.1528964131 0.7691503695 2.1311979069 670.0250000000 889.9360000000
2.1542851818 0.7711305020 2.1331245223 669.6020000000 889.9320000000
2.1694198163 -1.4613939972 3.2513776078 615.9810000000 332.8300000000
2.1800643666 -0.5965711164 2.7592611580 635.9980000000 483.5830000000
2.1806824890 -1.4561252392 3.2705902451 617.6910000000 334.3810000000
2.1911370536 -1.4582231093 3.2815344910 617.6880000000 333.3380000000
2.2022284716 -1.4882328205 3.3135644726 616.5710000000 334.3360000000
2.2732563605 -0.8655105754 2.8094869520 657.0650000000 426.6640000000
2.2793037922 -0.8671401710 2.8167652769 658.1480000000 427.3500000000
2.2829804167 -0.6798838545 2.7913981737 658.8240000000 467.9380000000
2.3140470905 -0.6770099865 2.7791962760 667.0460000000 468.2190000000
2.3564112231 -1.1407195622 2.9183942409 667.2550000000 375.4380000000
2.3716716229 -1.1504650252 2.9237994675 668.4220000000 374.5470000000
2.4338103222 -0.6771865929 2.7868759792 691.3120000000 469.0940000000
2.4384850405 -0.7740953491 2.7834776436 693.1850000000 445.7510000000
2.4435477577 -0.6093376195 2.7865816352 696.4880000000 485.5080000000
2.4440080047 -0.6047485286 2.7782597268 695.6230000000 483.7770000000
2.4469006037 -0.8098367412 2.7668338270 697.1950000000 438.8780000000
2.4478585597 -0.8125045684 2.7622581154 697.4360000000 438.8770000000
2.4514335017 -0.6057412707 2.7878392869 696.1030000000 484.9390000000
2.4658215728 0.2624242878 0.7812238262 1174.0700000000 914.4090000000
2.4815689781 -1.3717930004 3.0500195368 683.4120000000 340.7320000000
2.4845257976 -1.3845969655 3.1189763141 683.6160000000 340.5230000000
2.5010652559 -0.4852769651 2.7998271163 708.6200000000 513.2050000000
2.5101176726 -0.4860342319 2.8164976914 708.6210000000 512.6280000000
2.5365925796 0.1341258822 1.5232891938 885.5670000000 708.9040000000
2.5449332189 -0.1187429283 1.5823693911 871.7240000000 598.9870000000
2.5633564790 -0.1241005247 1.0635077729 1040.5500000000 598.3270000000
2.5657915068 -0.1474888333 0.9360942724 1103.9400000000 584.9040000000
2.5669367726 -0.1640668239 0.9365545195 1102.9300000000 574.6900000000
2.5671080273 -0.2052704383 1.0046015061 1067.7200000000 550.8650000000
2.5684539823 -0.1656089190 0.9350908269 1105.2100000000 573.1600000000
2.5739475121 -0.2285024770 1.0439900883 1049.7400000000 538.8980000000
2.5742605871 -0.2299929281 0.9781881437 1080.6400000000 535.2000000000
2.5756654109 -0.2267749451 1.0476533334 1048.2900000000 539.9150000000
2.5758179346 -0.2162170926 1.0639359097 1041.4100000000 549.0840000000
2.5761524164 -0.2303488168 0.9366802846 1104.6000000000 533.3890000000
2.5773966889 -0.2228371573 1.0529327949 1046.9000000000 540.5210000000
2.6980643595 -0.1158460479 0.9692240303 1155.1200000000 608.1560000000
2.7109352210 -0.2887461360 2.7669141026 758.2200000000 557.5380000000
2.7230300845 -0.4440099329 2.8400719719 754.0420000000 523.6130000000
2.7361685314 -0.4505256392 2.8597930215 754.2370000000 523.2270000000
2.7397006597 -0.4544109803 2.8658136948 755.2140000000 524.1930000000
2.8134204585 -0.1004248293 2.7193374049 786.5490000000 601.4690000000
2.8168187940 -0.1237523960 2.5845920624 799.0920000000 596.0180000000
2.8362722582 -0.4293730073 2.7676901005 784.0550000000 527.1170000000
2.8387875616 -0.8173665965 2.7547389635 782.8000000000 439.5200000000
2.8390819057 -0.2976272979 2.7544446194 786.4110000000 555.3560000000
2.8413563822 -0.4157609341 2.7587259871 785.3060000000 529.0960000000
2.8423464485 -0.0995851461 2.7620975641 786.7610000000 602.0000000000
2.8425872754 -0.1120329549 2.7819524064 786.2430000000 600.5870000000
2.8428548609 -0.3003406147 2.7624454252 786.2030000000 554.7480000000
2.8471094700 -0.1048418628 2.7756641477 786.5440000000 600.9800000000
2.8572242010 -0.8281342361 2.7655494167 782.6500000000 439.7660000000
2.8575185450 -0.8165237023 2.7571739913 783.6270000000 439.1060000000
2.8682219640 -0.5341353972 2.7450791278 791.4870000000 501.8380000000
2.8958367852 -0.1375627500 2.7472198116 798.8740000000 594.9980000000
2.9501833955 -0.6031189330 2.6503618966 814.4860000000 481.9160000000
3.0076339973 -0.3099843953 2.7410653456 821.9850000000 554.9260000000
3.0084635123 -0.7665012733 2.7281142086 821.9060000000 453.4560000000
3.0092395102 -0.2975095603 2.7442228542 821.6760000000 553.4620000000
3.0105239204 -0.7723720986 2.7422427217 818.7150000000 451.9950000000
3.0129054312 -0.7915981151 2.7406372089 820.0250000000 446.4760000000
3.0227793353 -1.2514116462 2.9134974267 802.6580000000 360.2500000000
3.0372289510 -0.7700200223 2.7665930001 820.7120000000 452.5870000000
3.0807115909 -1.0889203656 2.9099920569 813.7340000000 393.3430000000
3.1720920312 0.0763638109 2.8230000185 852.4260000000 640.1910000000
3.1931242496 0.0775706214 2.8619069468 851.9320000000 640.9280000000
3.1952381749 -1.1176724251 2.9439754124 831.1580000000 391.2420000000
3.2093934466 0.4595727042 1.2012420452 1278.5100000000 883.6100000000
3.2118284744 0.4635838105 1.1990157341 1281.7600000000 885.7450000000
3.2433500436 -1.1452818945 2.8997702917 846.6970000000 383.7180000000
3.2475243770 -1.1356434657 2.8878092209 847.6020000000 384.2470000000
3.2478722381 -1.3509587952 2.8881570820 844.8280000000 344.0820000000
3.2487552702 -0.7614305285 2.8738680176 853.9600000000 459.6050000000
3.2497453364 -0.7614064458 2.8731722954 853.3110000000 460.8400000000
3.2607966166 -1.1416400562 2.9043995205 848.2310000000 384.6490000000
3.2615993730 -0.7670632028 2.9019109755 853.9600000000 459.6050000000
3.2694931446 -1.0395722521 2.8678473444 854.8520000000 402.7810000000
3.2713127258 -0.8472050530 2.7668070685 868.5090000000 438.0680000000
3.2753265080 -0.7710662815 2.8955424412 854.5640000000 460.1890000000
3.2779756042 -0.9956828822 2.8569566155 858.3200000000 410.3740000000
3.2808655274 -0.9323159655 2.8190129949 864.7080000000 422.4540000000
3.3075170408 -0.9601956963 2.7923614815 873.0220000000 417.8350000000
3.3422763942 -0.8996464547 2.7493872539 884.0040000000 424.5890000000
3.3465845204 -1.0893190680 2.8219296766 875.7150000000 389.8360000000
3.3506785782 -0.9105585904 2.7622581154 883.7350000000 425.0920000000
3.3634959225 -2.2531526636 3.2292750475 827.3620000000 212.1120000000
3.3666534311 -1.0420902314 2.7441960957 887.6360000000 397.2720000000
3.3690349419 -1.0427351124 2.7468719505 887.2080000000 397.0730000000
3.3767146450 -2.2616297715 3.2453836932 827.9180000000 211.2710000000
3.3788820874 -0.9356206461 2.5356587063 919.0390000000 407.2420000000
3.3822536644 -1.1958849840 2.5622754336 912.1890000000 353.3450000000
3.3963821776 -2.2859425879 3.2844511727 827.4740000000 211.5180000000
3.3973454853 -1.1825913375 2.5683014586 913.0360000000 354.3790000000
3.4197156311 -0.4242407179 2.8195214073 894.7820000000 531.3440000000
3.5782332674 -0.9396932971 2.5152125000 962.8520000000 406.4530000000
3.5827287034 -0.9377078129 2.5578281630 957.3010000000 409.9020000000
3.5941278447 -0.9474318691 2.5310856705 962.2970000000 406.7230000000
3.6529163739 -0.8220707492 2.5374140670 976.3820000000 433.7600000000
3.6864983512 -1.1783206733 2.5792109184 969.1640000000 361.6850000000
3.7088149799 -0.3383591592 2.7793033102 957.2250000000 548.4100000000
3.7182072301 -0.3877982518 2.8146513517 954.4580000000 539.6390000000
3.7347975297 -0.0199837918 2.8217423668 957.9080000000 616.2750000000
3.7356805618 -0.3209500481 2.8310008243 954.5590000000 553.3940000000
3.7542509938 -0.4678946125 2.7186684412 973.4620000000 519.6530000000
3.7647671031 -0.2618053626 2.7277395889 975.6640000000 563.6420000000
3.7699582613 -0.2640212380 2.7315393027 975.1150000000 563.6360000000
3.8632117999 -0.8011000754 2.7366769438 987.9130000000 450.2470000000
3.8766981079 -0.3077848426 2.7360614972 995.8010000000 557.5530000000
3.8804978216 -0.8073080585 2.7496548394 986.9800000000 450.6860000000
3.8876423539 -0.8078191467 2.7524109698 987.6360000000 450.2520000000
3.8879099393 -0.8091597500 2.7458818842 990.3210000000 449.2920000000
3.9031890701 -0.5238788459 2.7999341504 990.0250000000 510.8330000000
3.9412664834 -0.2994896929 2.8128585290 995.8060000000 557.9750000000
3.9450929557 -0.5202129249 2.8261842857 988.6380000000 510.8360000000
4.0573183045 -0.6030386574 2.7830227483 1016.7500000000 494.2660000000
4.0612785696 -0.5557964415 2.7827284043 1019.5400000000 501.8740000000
4.1341153363 -0.8179365536 2.7333321253 1035.1200000000 449.3590000000
4.1382629112 -0.8247894176 2.7491196685 1034.0800000000 448.7380000000
4.1423569689 -0.8231143325 2.7477282240 1034.5400000000 449.3700000000
4.1587867172 -0.8279228436 2.7467649163 1037.1700000000 450.2420000000
4.2796818355 -0.5584910273 2.6932210624 1072.2100000000 501.6660000000
4.3247967468 -0.5646561967 2.7296394458 1073.4600000000 502.8980000000
4.3715706881 -0.8686359738 1.8659538033 1280.8300000000 385.6470000000
4.3756112288 -0.8698855980 1.8677519777 1280.3700000000 388.4490000000
4.3773772930 -0.8719299510 1.8669037317 1281.9800000000 386.9410000000
4.3855654085 -0.8698936256 1.8722313586 1279.7800000000 388.9350000000
4.4376375423 -0.7781064554 2.7400752794 1087.8000000000 459.2070000000
4.4527561217 -0.7822112166 3.0004091894 1048.1500000000 468.8160000000
4.4824581096 -0.7862918951 2.9284019377 1062.8300000000 465.3750000000
4.5033832938 -0.7994945625 2.7104535671 1102.8900000000 454.9230000000
4.5075576273 -0.4898633801 2.7042723426 1114.4600000000 518.3770000000
4.6264190959 -1.4326901031 3.2292215304 1032.0700000000 367.9930000000
4.6376041689 -1.2625110918 3.2901775019 1029.8000000000 396.9470000000
4.6383801667 -1.4389890653 3.2456512786 1031.7700000000 366.5950000000
4.6563351522 -1.4495506640 3.2775474674 1031.6500000000 366.7040000000
4.9819331600 -1.2401596769 3.2875016472 1080.4600000000 404.5880000000
4.9819599186 -1.2400446152 3.2468554133 1085.8800000000 403.8770000000
5.2228671230 -0.8100026442 3.2190800408 1129.5900000000 476.3330000000
5.2257838047 -0.8141181088 3.2239233380 1129.3300000000 476.3370000000
5.2490102241 -0.8107438560 3.2345197228 1129.6000000000 475.8070000000
5.5023333947 -0.8175084168 3.2321382121 1168.9300000000 475.7960000000
5.5091835829 -0.8169732459 3.2249669213 1168.6600000000 475.8000000000
5.7578775248 -2.2083481514 3.2442330756 1179.3000000000 260.0370000000
5.7661726745 -2.2073982230 3.2405671546 1179.0000000000 259.0450000000
5.7876865468 -1.4240631474 3.2571842127 1191.7700000000 381.0230000000
5.7892117841 -1.4280796054 3.2615726145 1191.7800000000 380.6960000000
5.8375912382 -2.4299410362 3.2393095029 1187.1500000000 227.1540000000
5.8432640503 -2.4310916538 3.2420656333 1188.2500000000 226.8260000000
5.8627710315 -1.4073042690 3.2594854478 1201.3600000000 383.8860000000
5.8757221686 -2.4337594810 3.2534647746 1187.5300000000 227.7420000000
5.8939714981 -2.4491376183 3.2637935740 1186.8500000000 226.7690000000
5.9101871780 -1.2224481943 3.1849628926 1225.7100000000 410.8090000000
5.9553020893 -0.8869762824 3.2258499534 1229.9700000000 466.2550000000
6.0174621955 -1.2522893266 3.2601276529 1226.0800000000 409.7030000000
6.2835759519 -1.0002933800 3.2340648275 1268.0600000000 451.0550000000
6.8905400882 -2.4148679463 3.2290074620 1317.5100000000 245.2620000000
6.9821078383 -2.4456777381 3.2758081619 1317.2700000000 244.7950000000

gimbalangles:
-1.6839533298 -0.1100384419 0.6796037603

end: