T_CW:
0.0248922885 -0.0920050417 0.9954473599 0.2520173858
-0.1245277920 0.9877148646 0.0944043179 0.3274835243
-0.9919038275 -0.1263108013 0.0131292987 1.1185845289
0.0000000000 0.0000000000 0.0000000000 1.0000000000


target_points_pix:
-3.7158792365 -3.9459759877 0.9366669054 829.0100000000 139.1750000000
-3.2233614085 -0.7218466090 -0.8274652724 563.7350000000 500.3600000000
-3.1816715912 -0.9879014965 -2.2930683892 347.3310000000 441.2090000000
-3.1672219755 -3.0884983283 0.3469192186 763.9750000000 185.8550000000
-3.1651348088 -0.7131634603 -2.1509216323 361.7960000000 481.3200000000
-3.1606126142 -0.7115418923 -2.0665251730 372.2720000000 483.0490000000
-3.1593282039 -0.7150873998 -2.0712453808 371.6090000000 482.6310000000
-3.1390719834 -0.7287743970 -2.5220787434 302.3360000000 475.1670000000
-2.9937730696 -1.9067873470 -1.8408703407 424.3990000000 301.8790000000
-2.9813303450 -1.8230705548 -2.3231637277 347.2990000000 309.3600000000
-2.9390785982 -3.9887093883 1.3513869320 924.5040000000 61.0047000000
-2.9326030297 -3.1038309761 -0.3138028400 672.2440000000 153.4730000000
-2.9231037453 -3.0937430036 -0.3191170876 673.3020000000 152.9970000000
-2.8603549510 -1.8458501064 0.0089177944 704.1420000000 332.5060000000
-2.7749416669 -2.9747209837 1.9161314318 1013.2900000000 191.6920000000
-2.7652015556 -3.4376706166 1.3817953455 936.2780000000 117.2700000000
-2.7324490933 -1.8180479754 -1.7385269235 424.6000000000 301.4550000000
-2.5875087441 -3.9038045166 -0.5297416437 650.6580000000 -2.2760100000
-2.5751730536 0.3029602765 -1.7754724502 355.6270000000 652.9120000000
-2.5687911400 -3.8497790089 1.4589161557 965.7140000000 34.1267000000
-2.5622406475 -3.8703563321 1.4677090145 967.9270000000 31.8421000000
-2.5437772496 -3.8581811929 1.4634597571 967.5800000000 31.8760000000
-2.5353456313 -1.8103147551 -1.1059495054 519.8600000000 298.0010000000
-2.4728778018 -0.0547613678 -1.7018329271 372.8140000000 588.5150000000
-2.4304949382 -3.1536286333 -0.6208892845 625.4150000000 84.9854000000
-2.4004210065 -0.0527419002 -1.6729604542 372.3810000000 588.1070000000
-2.3495663867 -1.8173576049 -1.7900531829 393.4430000000 270.0100000000
-2.3279428043 -1.8164478143 -1.1201235080 511.9000000000 279.7790000000
-2.2598048386 0.4117578554 -1.6157854654 361.1950000000 683.6070000000
-2.1355006813 -1.2444838582 3.2892677113 1336.3900000000 447.7810000000
-2.1333760526 -1.2980892568 3.2885987476 1336.0400000000 438.2070000000
-2.1320220701 -1.2422361402 3.2871002690 1336.3700000000 448.6220000000
-2.1263144719 -1.2978109679 3.2837822091 1336.6200000000 437.9610000000
-2.1191378294 -3.9782735548 1.5522232114 1022.1200000000 -50.5855000000
-2.0452226933 -1.8141626343 -1.0951658107 508.0630000000 254.8980000000
-1.9978975259 -1.8277773833 -0.5615441776 614.0570000000 256.9170000000
-1.9928401604 -1.6655857985 2.4972976524 1208.5500000000 345.6660000000
-1.9898699616 0.4167081867 -1.5918098067 338.5130000000 693.4450000000
-1.9896933552 -0.0328035711 1.8103120793 1071.1100000000 660.2840000000
-1.9774058301 -1.7759300214 -2.0844239656 307.0920000000 235.7200000000
-1.9743285971 -1.6905006822 -2.0682939130 307.2140000000 250.8070000000
-1.9722146718 -1.6792647680 2.5160473667 1216.9100000000 342.9300000000
-1.9707563310 -0.0346400103 1.7889105929 1069.6200000000 660.0000000000
-1.9696297961 -1.6932086472 -2.0657598786 307.1760000000 250.2610000000
-1.9583296615 -0.1337616983 1.6132487551 1035.0100000000 635.3660000000
-1.9533017304 -1.7482001385 2.5102782238 1219.2500000000 327.8010000000
-1.9387290253 -1.7979897681 0.9599174074 914.0910000000 287.8830000000
-1.9340061417 -1.7728340575 1.0232468621 927.0020000000 292.9450000000
-1.9315256243 -1.7772973832 0.8603006862 896.1360000000 288.9350000000
-1.9202522482 -1.7282944549 2.3817381885 1198.9200000000 326.6550000000
-1.9162197350 -0.0155230616 -2.0907015208 236.4270000000 588.2190000000
-1.9123317181 -0.3266870807 -2.0973965095 247.0460000000 520.4470000000
-1.9082001983 -0.0171830549 -2.0918200281 234.8110000000 587.3250000000
-1.9065063822 -0.1895992949 -2.0696612748 248.7540000000 550.9870000000
-1.9056367294 0.2588993843 -2.0863505810 225.3920000000 651.0330000000
-1.9022571249 -0.1839505655 -2.0536409323 248.7570000000 550.7310000000
-1.8941867469 -0.0194812663 -2.0829335145 235.8420000000 588.2320000000
-1.8747359586 -3.3085606242 1.4129958121 1018.2600000000 15.8291000000
-1.8744068285 -3.3075973165 1.4112029894 1018.2600000000 15.8291000000
-1.8727611778 -3.2868594420 -1.5417552675 448.8510000000 -41.5857000000
-1.8410710298 -0.3747989494 -2.1034225344 238.8120000000 508.4920000000
-1.8269906820 -0.3718260747 -2.0883039550 239.7840000000 508.7070000000
-1.7964270689 -0.0872317950 1.8210288776 1103.6600000000 651.1040000000
-1.7699762446 -3.1502302977 -0.6272685223 622.6860000000 -16.7944000000
-1.7574907062 -2.1668590233 -1.9047055320 335.6550000000 135.9540000000
-1.7546114865 -1.2307112338 -2.8140359051 98.5706000000 304.6670000000
-1.7353212495 -2.1444888775 -1.9871673483 315.1700000000 135.8780000000
-1.7240960388 -2.1311042519 -1.9666997352 315.1200000000 135.2930000000
-1.7185302608 0.1951083447 1.7504291255 1101.6800000000 720.6720000000
-1.7086510051 -2.2189017226 -2.2230894353 262.6690000000 109.6670000000
-1.6995985884 -2.2151180640 -2.2190595981 262.2480000000 110.3680000000
-1.6991865068 -2.2242534322 -2.2372821690 260.5760000000 108.3030000000
-1.6765541272 0.1941736686 1.7227902216 1100.6600000000 720.6100000000
-1.6083706719 -3.2513508493 1.4412635418 1058.0200000000 -23.7036000000
-1.5851629835 -0.0606897240 -1.9922461206 213.7130000000 580.3070000000
-1.5709301120 -2.3110501332 -1.3367633857 449.5330000000 90.5743000000
-1.5689499795 -1.8672168067 -2.7288634479 116.7660000000 150.6480000000
-1.5658995051 -0.5546939894 -2.0168559569 224.6000000000 458.1720000000
-1.5565955580 -2.0217661504 -2.2544183429 228.4670000000 125.9980000000
-1.5484609596 -0.1738005132 -1.9997304864 212.0520000000 549.8430000000
-1.5466601093 -2.4817883982 1.5798246533 1091.1100000000 118.5590000000
-1.5457556704 -2.0168880671 -2.2454354985 228.4530000000 125.3580000000
-1.5455282227 -2.6229664956 -2.4745689420 201.5640000000 -2.2437700000
-1.5452472580 -2.2719960329 -2.4750853820 185.7750000000 66.7166000000
-1.5440725577 0.6361148982 1.5333878697 1076.5000000000 836.6420000000
-1.5416161231 0.5652529123 1.5307575044 1075.8800000000 818.8840000000
-1.5310839587 0.6346217712 1.5267731567 1076.3500000000 837.8160000000
-1.5290128471 -1.9955962908 -2.4467132939 179.6770000000 121.5460000000
-1.5276829473 -1.9952805399 -2.4393975070 180.6820000000 120.5790000000
-1.5273698723 -2.6481195304 -2.8106643281 125.1320000000 -18.4438000000
-1.5237387374 -1.0059902748 0.5303276559 850.3720000000 409.3590000000
-1.5229680912 -2.4585673305 1.5525309346 1091.2800000000 119.2830000000
-1.5189757159 -1.9890029846 -2.4250522496 180.7750000000 121.4780000000
-1.5144347904 -1.9160511562 -2.2717792886 214.9190000000 140.5760000000
-1.5121014450 -0.7797788646 0.6816445670 880.2470000000 464.4600000000
-1.5104049531 -1.9131157435 -2.2650093761 214.7150000000 141.0440000000
-1.5100758229 -2.3512414717 1.5463657653 1091.8600000000 135.7110000000
-1.5082937037 -1.1078921759 0.8134223866 916.6980000000 393.2010000000
-1.5081679385 -0.7792758039 0.6776628951 880.4570000000 464.8690000000
-1.5074508094 -0.8762193462 0.7546793469 901.4820000000 442.9560000000
-1.5073571545 -1.1235352229 0.3104285871 797.5780000000 376.6470000000
-1.5065008810 -1.0525554994 0.3677320169 810.6440000000 392.4800000000
-1.5037447506 -1.1066264966 0.8104307810 916.7390000000 391.6890000000
-1.5037153162 -1.1044510267 0.8084024831 916.7390000000 391.6890000000
-1.5030784627 -1.7105856481 -1.3381708853 425.2470000000 207.4710000000
-1.5024870988 -1.1057006509 0.8107411801 916.5190000000 391.6950000000
-1.4972317201 -0.8041237913 0.4235637266 821.4780000000 452.1300000000
-1.4945264309 -1.8466849731 0.3038566878 809.4600000000 214.1800000000
-1.4913501913 -1.8054420236 0.0036976299 740.6270000000 216.3660000000
-1.4896429960 -1.1154675208 0.2999098021 799.2260000000 377.8180000000
-1.4863249361 -1.1140948073 0.2993318174 797.4590000000 376.3600000000
-1.4853295181 -2.3143066484 2.4101878764 1286.6800000000 158.8780000000
-1.4819525894 -2.8570101326 -0.5444160312 635.7980000000 -15.3611000000
-1.4802320148 -1.7881961397 -1.4120271526 407.8360000000 181.6080000000
-1.4793222241 -1.8059932497 -1.3526258527 423.0440000000 182.4860000000
-1.4792071624 -1.7964297448 0.4825636483 849.8470000000 227.2470000000
-1.4775106705 -0.8018091769 0.4213855808 822.1080000000 451.5140000000
-1.4748428433 -1.8239134491 -2.7690012694 84.8756000000 139.7670000000
-1.4744013272 -0.4499877924 -2.0127217613 208.8400000000 479.5250000000
-1.4743585135 -1.7864006411 2.2373597688 1255.2600000000 268.1360000000
-1.4724399257 -1.7867725849 0.5154070897 858.4700000000 228.8520000000
-1.4718619410 -1.6417813945 -2.5309170916 133.5770000000 187.3890000000
-1.4717977205 -1.7855390159 2.5859487207 1334.9900000000 276.3790000000
-1.4704999310 -2.3104908795 2.1944925755 1244.5300000000 156.8190000000
-1.4701413664 -1.7873532454 0.4376119641 840.1410000000 226.3500000000
-1.4695312715 -1.7848727280 0.7863721708 921.1680000000 235.5640000000
-1.4693038239 -2.6221316289 1.7059885296 1134.7800000000 80.3448000000
-1.4691379209 -2.4096580571 2.3716876780 1282.2800000000 140.2870000000
-1.4664647420 -1.6782639983 1.6524634067 1122.2700000000 277.8150000000
-1.4661543428 -2.5324262737 2.0124675551 1203.8900000000 102.6820000000
-1.4657716956 -1.8212028082 -2.7583513674 85.5766000000 140.4210000000
-1.4639146524 -1.7796012942 1.3098871004 1044.0500000000 248.5420000000
-1.4635400327 -2.1794034304 2.0536676909 1214.2900000000 177.7440000000
-1.4630182410 -2.1392308229 1.8101006868 1159.5300000000 180.2590000000
-1.4622770293 -1.7772144317 2.4230266275 1300.6100000000 272.3560000000
-1.4601149386 -2.4589285709 1.6924219459 1132.8700000000 110.5780000000
-1.4600694491 0.0714439843 0.8995581515 931.3180000000 680.2680000000
-1.4568316648 -1.9662127296 2.1354525159 1235.5500000000 225.4650000000
-1.4552689657 -1.7875887206 -1.2032542880 456.0330000000 183.1520000000
-1.4550013802 -2.6898762440 -2.4859573799 188.4040000000 -34.7994000000
-1.4529409720 -1.8168144064 1.8137906905 1159.5800000000 249.2560000000
-1.4480414819 -1.8968813326 2.6408144468 1353.5400000000 250.8850000000
-1.4439179897 -1.9579149040 2.6085222315 1344.3300000000 236.1650000000
-1.4439046105 -1.6583850733 -2.8064364775 62.9508000000 172.2360000000
-1.4377100067 -2.3482097283 1.7390781496 1146.2300000000 131.5170000000
-1.4326312343 -1.8068629025 1.3844872554 1065.6500000000 241.4910000000
-1.4295486496 -1.6471331040 -2.7852704663 63.0325000000 173.1200000000
-1.4284542251 -1.7296029479 -1.4746555334 387.2920000000 188.6430000000
-1.4230222399 -1.7954316509 1.3704363420 1064.8500000000 239.2430000000
-1.4214595407 -2.4000490627 -2.7943416140 97.2518000000 9.1145300000
-1.4212080103 -1.9998027345 1.8646265793 1179.4500000000 206.1370000000
-1.4179113573 -1.7899300935 0.9765103828 971.6620000000 232.3280000000
-1.4175608203 -2.3958613499 -2.7947162337 96.7457000000 9.8353400000
-1.4161613483 -1.7884904837 0.9699117250 971.8950000000 232.3120000000
-1.4117221052 -0.4749026761 -0.9299531858 478.9250000000 497.8130000000
-1.4115214161 -2.8783902122 1.8122734808 1166.7700000000 19.9320000000
-1.4077912746 -2.3214832909 0.1425015752 781.7420000000 95.5675000000
-1.4067664222 -2.8404198330 0.1829192911 799.4410000000 -13.0443000000
-1.3909815549 -1.7582452973 1.0200171054 986.5030000000 237.0010000000
-1.3891325393 -2.8673924491 1.5882348648 1122.6600000000 11.4090000000
-1.3847521650 -0.5106788543 -0.9186075615 483.3220000000 484.9460000000
-1.3845648552 -2.8672051392 1.5874481635 1123.4900000000 13.4838000000
-1.3620100754 -1.6800220349 1.4203811712 1086.6200000000 259.4850000000
-1.3578678522 -1.4937477572 1.3677417563 1073.5000000000 301.5310000000
-1.3550876391 -1.6746034290 1.4141464296 1087.1100000000 259.6790000000
-1.3492837101 -1.4855382348 0.9692481130 975.9200000000 292.5970000000
-1.3488207872 -1.6729363715 0.1751871411 783.4090000000 229.6690000000
-1.3433272574 -1.2282440957 1.3650284396 1073.7000000000 362.8880000000
-1.3416494965 -1.2258893435 1.3694944412 1072.6900000000 361.6670000000
-1.3317729165 -1.2183166745 1.3678996317 1074.7600000000 363.5010000000
-1.3114658547 0.0140611887 -2.0017186465 160.8050000000 597.4500000000
-1.3084020010 -1.1173085088 1.3805885350 1083.1900000000 389.3590000000
-1.3031332430 -1.4344053260 1.0019310031 993.1370000000 299.1180000000
-1.2863315509 -0.9280961425 1.3641534350 1082.6600000000 434.8590000000
-1.2769285973 -0.9165498292 1.3665617043 1084.8800000000 434.5450000000
-1.2671162378 -0.9104836665 1.3627218527 1084.3700000000 435.2080000000
-1.2585535026 -0.4512106580 -2.0204416023 170.9990000000 469.0640000000
-1.2566777284 0.0158063009 -2.0010122208 150.1800000000 598.1710000000
-1.2514116462 -0.8190042196 1.3867430010 1092.5300000000 459.9780000000
-1.2497445887 -0.8164220198 1.3830529973 1092.8400000000 460.8750000000
-1.2395736648 -1.1396492203 1.0006519445 999.8820000000 364.7660000000
-1.2225418492 -0.8628641551 1.3794272140 1097.5200000000 445.4680000000
-1.2136499838 -0.6091101719 1.3634737679 1094.8700000000 512.5860000000
-1.2122933254 -0.0977393415 -0.4964941482 575.5710000000 605.3460000000
-1.2109473705 -0.6030145747 1.3710170025 1095.7800000000 515.1380000000
-1.2095318433 -0.6045692463 1.3666071939 1095.7800000000 513.6240000000
-1.1914377134 -0.5356980964 -2.5624573918 5.7114800000 427.6880000000
-1.1834743696 -0.8825530944 0.9944091753 1000.3300000000 427.5440000000
-1.1797415522 -0.5267928517 1.7236277642 1200.5000000000 544.7500000000
-1.1789066855 -0.1534543839 -2.0565522623 128.5510000000 549.1990000000
-1.1783715146 -0.4865801063 1.6349312063 1175.3500000000 550.9010000000
-1.1749972617 -0.1205389620 -2.6738451981 -59.1604000000 540.1750000000
-1.1688829336 -0.8384844423 0.9973847258 1003.5600000000 436.6350000000
-1.1682193216 0.4788843480 0.7927942222 934.3140000000 810.2100000000
-1.1664238230 -0.3676704723 -2.0321564944 142.4220000000 487.6200000000
-1.1622254069 -0.5144330786 1.7169461548 1204.4400000000 545.8640000000
-1.1601168334 0.4750257654 0.7915847359 934.7860000000 810.4690000000
-1.1600526128 -0.1539387136 -2.0361729524 127.8190000000 548.3650000000
-1.1600419094 -0.5782789733 1.3708698305 1104.8500000000 518.8300000000
-1.1592284496 -0.0997783428 -2.0345112466 125.4680000000 562.8070000000
-1.1564080987 -0.1512502823 -2.0301763619 128.8830000000 548.1320000000
-1.1471068275 -0.1486073406 -2.0898693300 107.7940000000 547.4680000000
-1.1365666356 -0.5255646344 -2.0414069244 144.1470000000 440.1860000000
-1.1364248153 -0.1935560813 0.5199533669 869.2580000000 603.3470000000
-1.1352447633 -0.5733821590 1.3485532018 1104.6000000000 518.3960000000
-1.1274499984 -0.5254067590 -2.0316775164 144.8540000000 441.1320000000
-1.1244423376 0.0213491199 -2.0100887202 117.7880000000 600.6440000000
-1.1206292446 0.0217661519 -2.0053123194 118.1180000000 600.3670000000
-1.1181112653 -0.0304035970 -2.0108861249 119.0720000000 586.2820000000
-1.1179507140 -0.6750405574 0.2356935691 795.5380000000 460.4520000000
-1.0827685755 -0.5780434980 0.9612954726 1009.4200000000 505.0180000000
-1.0723889349 -0.3260743100 0.9498642211 1003.6400000000 580.7010000000
-1.0715380131 -0.0111120756 0.2269277364 788.5460000000 651.7170000000
-1.0705238641 -0.0150807161 0.2392615538 788.3080000000 652.2920000000
-1.0496174108 -0.0153354307 0.0304785209 728.8540000000 648.4320000000
-1.0403375465 -0.5986529314 0.4332717277 859.0300000000 481.3960000000
-1.0265140808 0.5694566801 0.7740150735 948.3300000000 856.6690000000
-1.0253875459 0.4986562389 0.6914034093 923.5980000000 830.4010000000
-1.0200679467 0.0315226395 1.3569420065 1131.1700000000 698.6980000000
-0.9945563473 0.0197631676 0.9866973619 1025.9500000000 688.4600000000
-0.9658069637 -0.5882144220 0.6804752184 941.3690000000 490.1900000000
-0.9651941930 -0.5093168443 1.7966304339 1276.9800000000 544.9680000000
-0.9649908280 -0.5060282188 1.7907194707 1276.4800000000 545.4670000000
-0.9542365677 -0.5830928360 0.6708474930 942.1260000000 490.2280000000
-0.9414111959 -0.2953073319 -0.7801026431 484.8320000000 535.9450000000
-0.9410071418 -0.3054086836 0.8746084816 1001.7200000000 582.4440000000
-0.9238602645 0.3195933897 0.9824802148 1034.2000000000 791.1560000000
-0.9227471089 -0.2770660299 -0.5895015081 543.7790000000 547.3780000000
-0.9207295144 -0.2735820670 0.3110948750 827.7400000000 574.9450000000
-0.9151690882 -0.5828600366 -0.7944612797 487.5170000000 444.0660000000
-0.9100689090 -0.5815274609 -0.8842522622 461.6930000000 441.1580000000
-0.9080566662 -0.5806711874 -0.8824969015 460.4990000000 442.3210000000
-0.9044576416 -0.4450642196 1.8231989958 1305.3100000000 564.8650000000
-0.9012225331 -0.3835677254 0.1994970141 797.7820000000 535.9040000000
-0.8999113643 -0.4163844083 1.6348964202 1246.5200000000 568.0990000000
-0.8983647203 -0.3839423451 0.2008745441 798.2750000000 535.4200000000
-0.8967672350 -0.7031504117 -0.5186288188 581.3600000000 415.5770000000
-0.8963631809 -0.2864047631 -0.7502962968 492.7570000000 539.0750000000
-0.8923922124 -0.0018780460 -0.6986977894 493.4410000000 632.6480000000
-0.8884025130 -0.0164383645 -0.7445351815 480.7060000000 627.1720000000
-0.8860932503 -0.0108033087 -0.7375565523 480.9210000000 629.2930000000
-0.8850737496 -0.0136947839 -0.7415623069 480.9360000000 628.4030000000
-0.8827778662 -0.0048994633 -0.7416238515 482.0830000000 632.0910000000
-0.8826628045 0.1373791864 0.3669961569 842.5670000000 713.1450000000
-0.8815844350 0.0222718349 -0.6873842755 496.4820000000 641.1260000000
-0.8797193642 -0.2317999328 0.1962367526 796.6130000000 586.6520000000
-0.8760186571 -0.6971217109 -0.5053271448 582.8090000000 414.6120000000
-0.8749536669 -0.2586478540 0.1654272285 785.3230000000 574.5940000000
-0.8739850075 -0.5085997152 -0.3393411979 631.9910000000 479.9810000000
-0.8735140570 -0.0101535844 -0.2139543898 655.0530000000 647.0310000000
-0.8729146656 -0.0644776640 -0.2184434037 656.0440000000 626.6320000000
-0.8719326269 0.1374198594 0.3731318918 845.4010000000 713.5020000000
-0.8717934824 0.1376376740 0.3708092499 845.1810000000 713.2810000000
-0.8698026465 -0.2787009772 0.0690608680 755.6590000000 565.3210000000
-0.8677797003 -0.4951722760 -0.4183270788 605.9480000000 479.9590000000
-0.8675415492 0.0794418466 0.0036606228 725.4670000000 683.6500000000
-0.8675335216 -0.2431707100 0.0955515626 762.8500000000 577.4780000000
-0.8669608887 -0.2561670690 0.1640893011 786.1410000000 574.1950000000
-0.8662598148 0.0803141753 0.0053816523 725.1390000000 683.5210000000
-0.8655640925 0.2912025707 0.4430252183 868.0740000000 770.1680000000
-0.8646516261 -0.4150223982 -0.3164439087 630.7180000000 508.0310000000
-0.8639612555 -0.1855782879 0.5480819522 908.5470000000 609.5880000000
-0.8627410658 0.2971295890 0.8808030854 1013.2100000000 783.9020000000
-0.8624761561 -0.0052143311 -0.9256825215 417.0530000000 625.1380000000
-0.8623182807 0.2977236287 0.8827163216 1013.4700000000 784.1480000000
-0.8622487085 0.2911008882 0.4457171282 868.1040000000 770.8320000000
-0.8612024493 -0.2427000272 0.1765041968 789.1400000000 579.5690000000
-0.8606191129 -0.1352987093 -0.0323037215 719.4400000000 609.5960000000
-0.8599447975 -0.4923653043 0.0887971700 766.2220000000 497.5710000000
-0.8597762187 -0.6945689455 -0.6951683370 521.7480000000 407.9940000000
-0.8595728537 0.2732288542 0.8829036314 1014.9400000000 774.9190000000
-0.8572341567 -0.6465828420 -0.7597581193 499.0680000000 421.8180000000
-0.8569157299 0.0717134429 -0.9277803917 412.7620000000 652.2790000000
-0.8560487530 -0.2111803312 0.0185841324 737.5070000000 585.4110000000
-0.8559283395 -0.1882578889 -0.6912776441 500.9940000000 570.8550000000
-0.8558293329 -0.1353134265 -0.9282486663 422.4410000000 581.9180000000
-0.8554092237 0.0677689654 -0.4993813955 556.7950000000 663.9910000000
-0.8545770329 0.0210734266 0.9051988533 1025.0100000000 688.6340000000
-0.8545047848 0.0221344833 -0.0576831336 705.6280000000 662.6340000000
-0.8542853647 0.0798295780 1.6166497665 1260.5500000000 730.6380000000
-0.8536137252 -0.7035785485 -0.6667775179 530.7470000000 406.8680000000
-0.8533969809 -0.6060971594 -0.5660904548 555.8690000000 440.2090000000
-0.8525246523 -0.4613869337 -0.0415022398 725.2000000000 503.9770000000
-0.8522303082 0.2704352618 0.8756600926 1014.2100000000 774.6410000000
-0.8521286258 0.0710385923 -0.9332899766 412.7620000000 652.2790000000
-0.8517299234 -0.3428385401 -0.9205181219 431.3240000000 512.3860000000
-0.8513740347 -0.5761356136 -0.5217649206 571.6800000000 450.7400000000
-0.8513740347 -0.2961261434 0.6067848541 931.7870000000 575.1400000000
-0.8512429178 -0.4716970021 0.8881081689 1022.7100000000 527.8080000000
-0.8510234977 -0.5397680715 -0.5097075191 575.1720000000 461.1970000000
-0.8507880225 0.4112949325 0.8768749306 1014.0800000000 825.4940000000
-0.8506007127 -0.2998000920 0.6057011329 932.6030000000 574.0800000000
-0.8501966586 0.0782928346 1.6182017623 1261.1900000000 731.8520000000
-0.8484145394 -0.2956257586 0.6053987613 931.3350000000 574.5110000000
-0.8480666782 -0.1756056448 -0.3605794571 613.3420000000 585.9970000000
-0.8473281423 -0.5338330256 -0.5050435042 576.9680000000 463.0370000000
-0.8469347917 -0.4694840702 0.8880840862 1022.9900000000 527.8520000000
-0.8464986273 0.2691428240 -0.7360901839 469.3030000000 726.8080000000
-0.8455379955 -0.0972186202 -0.3273132307 621.8760000000 614.4780000000
-0.8454710991 -0.4576407370 1.7976980999 1317.1400000000 558.0650000000
-0.8451392931 -0.1812549094 -0.3601620238 613.1020000000 585.8040000000
-0.8449038179 -0.1837806487 -0.4822291665 571.6540000000 581.3080000000
-0.8440207858 -0.4668376499 0.8871769715 1022.9900000000 527.8520000000
-0.8440047307 -0.1695705220 -0.0489772401 713.9920000000 598.3130000000
-0.8431511330 0.0454245077 0.3714434275 849.0390000000 684.0170000000
-0.8420299499 -0.1964639327 0.4022318124 864.9890000000 603.0710000000
-0.8411067800 -0.1756497964 -0.3585886212 613.3450000000 584.8370000000
-0.8410666422 -0.4910782182 -0.4175002397 604.7440000000 479.4770000000
-0.8404137336 -0.1851233926 -0.5440761977 551.4350000000 578.3820000000
-0.8402665616 -0.5562165507 -0.5838688339 551.4710000000 454.6810000000
-0.8391373509 -0.1343316554 -0.9303411847 421.7190000000 581.5980000000
-0.8390918614 -0.1658007778 -0.0493689852 713.3230000000 598.4230000000
-0.8343422191 -0.5794536735 -0.6490767386 531.0780000000 444.4600000000
-0.8341896954 -0.2695843400 -0.4821167806 577.0010000000 550.9060000000
-0.8303953334 0.0266564103 -0.0652745336 705.0210000000 662.8360000000
-0.8275589273 -0.6910207621 -0.9444456152 439.0200000000 397.2420000000
-0.8149235411 -0.4638433684 0.6002263340 935.6670000000 520.0770000000
-0.8109044073 -0.2673138772 1.7846345770 1324.0400000000 621.0470000000
-0.8057533868 -0.2632719986 -0.2340535377 657.0090000000 561.0490000000
-0.8007094006 0.1320619954 0.0116097578 729.4790000000 704.4800000000
-0.7934952962 -0.2900198428 -0.2996716510 635.9920000000 549.0220000000
-0.7931501109 -0.2905871241 -0.2974587191 635.9930000000 548.4210000000
-0.7922483478 -0.6851178265 -0.9088059055 448.6040000000 399.4980000000
-0.7898293751 0.1329407461 0.0081221290 727.1930000000 705.0470000000
-0.7873729405 -0.0238347214 -0.2934074750 627.8590000000 638.8750000000
-0.7873060441 -0.1340656754 -0.9068712625 421.9380000000 581.1840000000
-0.7833216963 -0.2944992237 -0.0898800885 707.1290000000 553.0880000000
-0.7749864087 0.2331378602 -0.2070445300 652.8990000000 735.4000000000
-0.7707050411 0.1089187951 -0.1174116905 684.8260000000 695.6030000000
-0.7686232261 0.1698696825 -0.1121461435 684.6570000000 716.6620000000
-0.7550432632 0.1691447935 -0.1208739790 684.6480000000 715.1860000000
-0.7535260535 0.1776162821 -0.1398040460 678.5530000000 718.7360000000
-0.7531193236 0.1123762671 -0.1292547562 682.5020000000 695.6660000000
-0.7520061680 0.1102133736 -0.1274563142 683.3110000000 695.0440000000
-0.7338638727 0.1887039539 -0.4557997490 563.5270000000 713.1570000000
-0.7174314486 0.2080787479 -0.4102727560 578.8690000000 725.8980000000
-0.7074157242 0.1787248887 -0.3830004442 589.9230000000 714.7310000000
-0.6475488256 0.2723003326 1.1600873990 1163.7500000000 811.1650000000
-0.6308969814 0.3337379580 -1.7811479382 32.5660000000 734.2070000000
-0.6243571923 0.3209687791 1.5841274277 1330.9600000000 844.2500000000
-0.6235330290 0.3315892466 -1.7757239806 32.1207000000 734.9110000000
-0.6208009813 0.3180280147 1.5770578194 1331.3100000000 844.5600000000
-0.6106889262 0.3610905454 -1.7835133938 23.3810000000 746.5250000000
-0.5360700402 0.2299897171 -0.9248984961 360.8320000000 731.2080000000
-0.5334637577 0.2344230732 -0.9231029976 360.0970000000 731.8740000000
-0.4841718370 0.6623195439 0.9393267050 1125.6200000000 996.6750000000
-0.4691897262 0.4662890996 1.0880025474 1197.7900000000 917.2960000000
-0.4667279398 0.6832661350 0.9137990505 1124.3700000000 1010.8000000000
-0.4636774654 0.4669446841 1.0831833330 1197.4500000000 916.5210000000
-0.4617321190 0.4661178449 1.0818052678 1196.9000000000 917.3630000000
-0.4142142901 0.5229342692 1.0169398725 1188.5400000000 954.5870000000
-0.4123652744 0.7863909018 0.7933534759 1087.9300000000 1071.9100000000
-0.4077494249 0.7807421723 0.7863240054 1087.0200000000 1073.4900000000
-0.3741513925 0.6608959891 1.1802874266 1275.0100000000 1037.7700000000
-0.3583986355 0.6555576589 1.1794445323 1281.2600000000 1040.8400000000
-0.3088739155 0.3496111285 0.3448561345 915.2620000000 863.7560000000
-0.3066823905 0.3510774969 0.3432372424 914.5610000000 864.7910000000
-0.3011487228 0.3783498086 -0.0008691497 751.5000000000 868.7770000000
-0.2988180533 0.2697368637 -0.0671966000 723.8730000000 809.2250000000
-0.2951039669 0.4499342753 0.3571971767 920.0080000000 918.3380000000
-0.2950986152 0.3833697122 -0.0031435942 750.5640000000 870.3840000000
-0.2921257405 0.4313210296 0.2640207028 876.7370000000 907.5660000000
-0.2905068484 0.3835195600 0.0440368095 770.9250000000 872.2310000000
-0.2893027138 0.4502928399 0.3571088735 920.7770000000 919.3800000000
-0.2877400146 0.4325599503 0.2072157847 849.9720000000 904.6180000000
-0.2873653949 0.4234647200 0.1148337721 806.4860000000 897.4170000000
-0.2862174532 0.4231195347 0.1154363746 807.3820000000 897.9400000000
-0.2563616037 0.3855853199 -0.0814995789 713.9050000000 874.8440000000
-0.2473003567 0.4294077934 -0.1981323281 653.4940000000 894.2700000000
-0.2346160024 0.4893121540 -1.2401596769 112.3940000000 887.4700000000
-0.2213108497 0.4856060952 -1.2310029019 113.6280000000 886.0340000000
-0.1025791600 0.1758122208 -1.5182719661 -66.6611000000 718.6910000000
-0.0986777638 0.1777985078 -1.5129416634 -66.2203000000 717.6450000000
-0.0881763717 0.2572291158 -1.5107983037 -78.0852000000 764.5990000000
-0.0871103112 0.2553747485 -1.5099152717 -79.5118000000 767.8230000000
0.0440788204 -0.9231190527 -0.6245070402 492.1060000000 149.4560000000
0.0450193833 -0.8915734009 -0.6192516614 491.0790000000 166.2860000000

gimbalangles:
-1.6839533298 -0.1100384419 0.6796037603

end: