T_CW:
0.3419524062 -0.0048995538 -0.9397044994 -0.0933582398
0.0958409865 0.9949538232 0.0296882968 -0.1342064994
0.9348171250 -0.1002141907 0.3406964320 -1.1162357913
0.0000000000 0.0000000000 0.0000000000 1.0000000000


target_points_pix:
1.5701407349 -0.0208628368 0.2900653324 1062.0200000000 361.0060000000
2.1227957229 0.1264148715 0.9426260339 405.7530000000 561.6620000000
2.1253565159 0.1268373890 0.9455320122 406.4750000000 560.4610000000
2.2251766021 -0.2143870755 0.5870049357 752.3470000000 241.1960000000
2.2406162840 0.2103609844 0.8612961042 523.4120000000 630.6900000000
2.3009701883 0.0863522415 0.1483453744 1215.2600000000 530.0060000000
2.3058054578 0.0413636305 0.8558480639 555.5470000000 478.7990000000
2.3123880606 0.0409277338 0.4765804371 873.7800000000 480.8000000000
2.3183953545 0.0282382953 0.4712180241 878.0980000000 470.2490000000
2.3186147746 0.0415934865 0.8596825638 555.9480000000 478.9990000000
2.3189786908 0.0417949783 0.8598431151 556.3640000000 478.6550000000
2.3349669231 -0.0386190063 0.4691201540 882.4440000000 408.8700000000
2.3598577241 0.0281127977 0.6149970523 760.2180000000 466.4800000000
2.3695844562 0.0344612632 0.3647939284 984.3960000000 477.8470000000
2.3745374633 0.0249606944 0.6207180298 759.4980000000 466.7200000000
2.3815321477 0.0287707904 0.4017126966 949.9300000000 471.5440000000
2.3821797045 0.0281628362 0.3759495669 977.2200000000 470.6610000000
2.3957703709 -0.1896223072 0.4590562642 896.1430000000 283.1860000000
2.3958452948 0.0993916818 0.3745822051 979.1850000000 531.9190000000
2.4152800280 0.1391409692 0.8233310768 611.6450000000 556.3560000000
2.4393734243 -0.0190136071 0.4015200351 955.7040000000 428.9670000000
2.4491884596 0.0375037100 0.2265587361 1117.4600000000 478.4640000000
2.4496460307 -0.0191726599 0.4008992367 955.1290000000 430.1180000000
2.4580161044 0.3122535201 0.8318617018 616.6150000000 689.8450000000
2.4611575579 -0.0770311690 0.4560726861 905.1610000000 381.8110000000
2.4688640196 0.1603254438 0.8380241953 614.3250000000 568.7300000000
2.4951864030 0.2470515022 0.8773913706 594.5930000000 630.6270000000
2.5020553222 -0.0438136432 0.9925762148 525.5310000000 415.2070000000
2.5103772305 -0.0440068399 1.0254731733 505.1050000000 415.2070000000
2.5117231854 0.0331375178 1.0746634114 476.7820000000 471.7640000000
2.5227022175 0.0101856947 1.0864880136 471.5930000000 452.7540000000
2.5269434473 -0.0508423109 0.9670753189 551.1900000000 409.5400000000
2.5289958279 0.0101180223 1.0885965872 472.1700000000 453.6180000000
2.5318456132 -0.0528409068 0.9661227146 550.7570000000 409.2040000000
2.5319071579 0.0103447207 1.0908576845 470.8470000000 453.0180000000
2.5371759159 -0.0517127664 0.9357544389 571.9730000000 411.0030000000
2.5384951123 0.0350545002 1.0871409222 476.2530000000 472.8210000000
2.5400257013 0.1001438646 0.5263352806 860.0970000000 525.3960000000
2.5430761757 0.1429607518 0.9115780911 589.1330000000 549.5580000000
2.5505498381 0.0873578278 1.4726620216 263.1880000000 503.0810000000
2.5506488447 -0.0736957161 0.4155548933 947.1080000000 390.1330000000
2.5516870763 -0.1021515584 0.4479541428 923.6540000000 367.9260000000
2.5516951039 -0.1027084038 0.4483127073 924.1330000000 367.1260000000
2.5530624657 -0.0691130472 0.8885737677 606.5200000000 397.4400000000
2.5535708781 -0.1019880637 0.4483153832 923.6550000000 367.1260000000
2.5541140766 -0.0852591549 0.9161511269 590.9620000000 388.8010000000
2.5565705113 -0.0730545813 0.4162452638 946.5330000000 390.4210000000
2.5583258720 -0.1033856626 1.0408968002 513.9950000000 377.2770000000
2.5587192227 0.0427649757 1.0354728426 513.9870000000 475.2120000000
2.5590189184 -0.1057449638 0.9800826489 551.1900000000 374.9760000000
2.5602765701 -0.0831174007 0.9146205379 591.8260000000 388.8010000000
2.5612639605 -0.1038694572 0.9786189564 551.4780000000 375.8400000000
2.5614673255 -0.0696787229 1.0958454778 479.8650000000 402.0030000000
2.5619248967 -0.1194359747 1.0479557050 511.9110000000 365.9930000000
2.5620024965 0.1455911171 1.0382798142 512.5150000000 548.6430000000
2.5620265791 -0.1236742610 0.9567518712 566.3700000000 361.1980000000
2.5632654999 -0.1261355123 0.9953751589 540.9460000000 361.9950000000
2.5633564790 -0.1241005247 1.0635077729 501.4950000000 363.5900000000
2.5640736080 -0.1646514982 1.0209911166 529.1280000000 335.9830000000
2.5653580183 -0.1640751190 1.0433933727 514.7090000000 337.1800000000
2.5657915068 -0.1474888333 0.9360942724 580.5860000000 345.5960000000
2.5677207981 -0.1634361249 1.0460986618 513.1230000000 338.6680000000
2.5684539823 -0.1656089190 0.9350908269 581.7380000000 335.5130000000
2.5690640772 0.1564858598 0.9664571965 558.6340000000 555.8140000000
2.5738083677 0.0406074340 0.8755717894 617.9750000000 475.1780000000
2.5739475121 -0.2285024770 1.0439900883 516.5700000000 295.4420000000
2.5742605871 -0.2299929281 0.9781881437 556.7460000000 292.7680000000
2.5743488903 -0.1438823162 0.9876579938 551.1870000000 350.7770000000
2.5746994273 -0.2509788542 0.9176656607 596.1330000000 276.4520000000
2.5749268750 -0.0132667541 0.8741402071 621.5880000000 437.9900000000
2.5760132720 -0.2124342367 0.9363350994 582.9720000000 302.9810000000
2.5761524164 -0.2303488168 0.9366802846 583.1690000000 290.8560000000
2.5766554771 -0.0631517780 0.9613891275 566.7540000000 404.3550000000
2.5766902633 -0.0724913139 0.8997775716 606.2320000000 397.4400000000
2.5795346969 -0.1420951128 0.8913004637 611.9940000000 349.1990000000
2.5817342495 -0.0113762895 0.8780924446 622.0680000000 437.7500000000
2.5826333367 -0.0126694231 0.8780710377 620.3390000000 438.9020000000
2.5867488013 -0.2729933790 0.8932511618 613.4170000000 262.6260000000
2.5880144806 -0.2133124522 0.8920470272 613.1880000000 301.1880000000
2.5891891809 0.1463823673 0.9260865756 588.9330000000 548.9580000000
2.5895905591 -0.0725186076 0.3813976072 978.7090000000 390.1150000000
2.5916001260 -0.2131650126 1.0295592035 531.2820000000 305.2470000000
2.6003555228 0.1462065637 0.9508114736 578.9290000000 548.9640000000
2.6422781394 0.0303233214 0.1779740439 1149.8200000000 473.1180000000
2.6470358092 0.1384251780 1.5837394288 248.7100000000 530.5140000000
2.6654617451 0.0310920944 0.1763530110 1149.5300000000 473.4060000000
2.6874144576 -0.3463385581 0.2401833858 1082.2300000000 195.7760000000
3.0326532394 0.3850742317 0.8220359631 739.3500000000 668.4680000000
3.0336968227 0.2578865733 0.8231464428 739.0360000000 595.0110000000
3.0391288079 0.2577779336 0.8248884243 738.5550000000 595.9710000000
3.0401456327 0.3170111899 0.0437344379 1228.9700000000 657.6850000000
3.0422060409 0.2584530518 0.8252229061 739.4180000000 595.9700000000
3.1285558741 -0.5161268946 0.1405136827 1136.2800000000 150.2310000000
3.1464841011 -0.6119251711 0.1411928146 1134.5900000000 100.0930000000
3.1490796802 -0.6127894722 0.1423388832 1134.0200000000 100.6690000000
3.1536018747 -0.6599754951 0.0916196616 1162.2700000000 72.8193000000
3.1545116654 -0.6728891702 -0.0019186012 1221.9900000000 58.5358000000
3.1554749731 -0.6586241884 0.0924804841 1162.7900000000 71.8177000000
3.1579367595 -0.6730550732 0.0766362129 1171.4200000000 64.6010000000
3.1614688877 0.1395819500 0.2365578702 1088.1000000000 532.6050000000
3.1740721637 -0.7272250770 -0.0029705734 1217.2300000000 32.1014000000
3.2039882200 0.1417111277 0.2395703475 1087.7400000000 532.4060000000
3.2215685858 0.1409431574 0.2337591937 1086.0200000000 531.8320000000
3.2341183446 0.1644858627 0.6310923188 866.0740000000 539.7740000000
3.2475243770 -1.1356434657 2.8878092209 25.5057000000 31.9339000000
3.2481398236 -0.7605715791 2.8753664963 20.0612000000 166.0040000000
3.2525817425 0.1651815850 0.6300273286 865.6750000000 539.7740000000
3.2688776980 -0.8829303900 2.8755538061 28.7227000000 124.1140000000
3.2715267942 -1.0149463607 2.8142499734 48.7086000000 75.4536000000
3.2778418115 -1.0000150911 2.8584550942 40.2441000000 83.3393000000
3.2799557367 -0.8253995125 2.7770020751 58.6006000000 143.0000000000
3.2860834441 -0.9001067017 2.8339977816 46.4140000000 118.8590000000
3.2862172369 -0.5165764382 2.7889899045 52.7825000000 257.4300000000
3.2867256493 -0.8540632688 2.7849493638 59.3015000000 132.8780000000
3.2933617691 -0.9346038213 2.8201368539 53.6504000000 105.6180000000
3.3062058720 -0.8624092598 2.8121628067 59.3799000000 131.9540000000
3.3064466989 -0.4223221300 2.7979807765 54.0487000000 293.5520000000
3.3095239319 0.2363095508 2.7544981365 52.9412000000 541.4190000000
3.3130293016 -0.4935052185 2.8027170394 54.6160000000 267.4670000000
3.3137785410 -0.9264986572 2.8293417943 56.3332000000 111.1710000000
3.3231440326 0.3983732298 2.6809388890 73.4762000000 605.1520000000
3.3346234496 -0.9544319051 2.7705265066 80.3012000000 102.0760000000
3.3353994475 -1.0246088722 2.8023691783 72.9612000000 77.9408000000
3.3408314326 0.1645653356 0.4022371641 994.3630000000 537.6740000000
3.3465845204 -1.0893190680 2.8219296766 69.8538000000 60.8537000000
3.3485646529 -0.0044684099 2.7928698939 60.0313000000 449.2730000000
3.3506785782 -0.9105585904 2.7622581154 88.3473000000 121.3830000000
3.3514545761 -1.0364200951 2.7359009459 97.8106000000 74.8313000000
3.3554148411 -1.0961612286 2.9075302705 51.8080000000 59.0580000000
3.3579033860 0.1649581511 0.4072757987 994.1630000000 538.4730000000
3.3591877963 -0.9824721872 2.7646663846 89.1500000000 95.6392000000
3.3592145549 -0.8824085983 2.7372121148 97.3294000000 129.8410000000
3.3666534311 -1.0420902314 2.7441960957 99.5981000000 73.1967000000
3.3689546662 -0.6701972603 2.8243379459 69.6521000000 208.0850000000
3.3690349419 -1.0427351124 2.7468719505 99.8417000000 73.6797000000
3.3747612711 0.4071232749 2.7361417728 74.2026000000 605.1510000000
3.3751091322 -0.3420411353 2.8230535356 65.1836000000 326.2580000000
3.3788820874 -0.9356206461 2.5356587063 160.6170000000 104.5000000000
3.3797651195 -0.6753268739 2.8408212113 69.6521000000 208.0850000000
3.3798186366 -0.8189507025 2.5636695540 148.5310000000 149.5700000000
3.3803538075 -0.0046833345 2.7669676197 75.7223000000 449.2760000000
3.3817184934 -0.1046542854 2.8724498146 49.5555000000 413.1760000000
3.3864815149 -0.9403595849 2.5395708060 160.1820000000 104.6920000000
3.3880335107 -0.9427464474 2.5401380872 159.1710000000 103.0830000000
3.3890235770 -0.8252683956 2.7751022182 93.7577000000 155.1350000000
3.3905755727 -0.8207916906 2.5735595132 149.4000000000 148.9940000000
3.3914318462 -0.0061550814 2.7762260772 75.7223000000 449.2760000000
3.3919937757 -0.8262397309 2.7778851072 92.7847000000 153.2050000000
3.3961948677 -0.9438783339 2.5475876668 160.1830000000 105.0930000000
3.3973454853 -1.1825913375 2.5683014586 158.9480000000 20.7206000000
3.3975327951 -0.3760432218 2.8272546276 70.8293000000 314.6380000000
3.4004227183 -0.8270184047 2.7871703232 92.7840000000 152.9160000000
3.4019211969 -0.4689863612 2.8142499734 78.4953000000 281.7880000000
3.4081024214 -0.8231491187 2.7554614443 102.9570000000 154.6740000000
3.4153272293 0.2283724304 2.7455340231 87.9089000000 535.8690000000
3.4197156311 -0.4242407179 2.8195214073 82.8765000000 299.1270000000
3.4200099751 -0.4671774834 2.8145175589 84.3081000000 283.2410000000
3.4203578363 -0.8183593386 2.7675295492 103.4500000000 158.7710000000
3.4239969987 -0.4628024609 2.8159090034 84.9165000000 285.5690000000
3.4250138235 -0.4291054218 2.8197622343 83.1176000000 298.4050000000
3.4275558856 -0.4697917935 2.8487149828 74.8252000000 283.5490000000
3.4373762726 -0.0018776794 2.8784437292 59.7407000000 449.2730000000
3.4412830205 0.2093982119 2.8923581740 53.9180000000 525.7810000000
3.4466882471 -0.6264309798 2.7823805432 103.5880000000 228.6180000000
3.4509428562 -0.6276083559 2.7848155710 103.3960000000 229.2440000000
3.4513709930 -0.4323886956 2.8387875616 82.9149000000 297.6020000000
3.4891273037 -0.4454334876 2.8208593347 98.8463000000 294.8140000000
3.5161801954 0.1674828201 0.5600590782 919.7190000000 532.5410000000
3.5941278447 -0.9474318691 2.5310856705 218.6280000000 125.2940000000
3.5998006568 -1.1444978691 2.5314495867 220.2570000000 60.9831000000
3.6067043621 -0.8070270937 2.4991868058 228.5980000000 172.2580000000
3.6190132940 -0.8157503802 2.7374261831 162.5090000000 175.6070000000
3.6247931403 -0.5106788543 2.8264518712 138.3060000000 281.2900000000
3.6261043091 -0.3051170154 2.8333555765 133.9760000000 348.9910000000
3.6412228886 -0.8239224407 2.7540967583 164.3660000000 177.3600000000
3.6468689421 -0.8238742753 2.7717573998 163.9620000000 176.9580000000
3.6529163739 -0.8220707492 2.5374140670 227.7290000000 172.2560000000
3.6581342907 -0.8618580337 2.6061995896 209.4590000000 163.5590000000
3.6648506861 -0.5810404554 2.7676365834 166.5080000000 257.5990000000
3.6758752078 -1.1878172819 2.5335554844 237.3860000000 53.0729000000
3.6790862335 -0.4600677373 2.7487985659 171.5910000000 297.7060000000
3.6854547678 -1.1920210497 2.5504963210 237.0470000000 52.6384000000
3.6856420777 -0.2510021342 2.7537221387 167.9710000000 367.9210000000
3.6958103258 -0.4687482102 2.7647199017 171.3890000000 297.3050000000
3.6983256292 -0.2644212782 2.7694829232 166.6150000000 363.8480000000
3.7011352767 -0.3943433926 2.7680379616 169.9640000000 322.3210000000
3.7312654014 -0.5124823804 2.8311346170 163.5230000000 285.6670000000
3.7347975297 -0.0199837918 2.8217423668 159.8850000000 446.4040000000
3.7705737079 -0.3967302550 2.7346165356 195.7640000000 326.3850000000
3.7853711847 -0.3936878082 2.7511265595 194.6040000000 325.2290000000
3.8000883860 -0.6097925148 2.7602512243 197.7100000000 255.6340000000
3.8017206574 -0.2098627403 0.2608318867 1062.5000000000 362.2520000000
3.8476650837 -0.5461847712 2.8108516379 196.7320000000 279.2900000000
3.8554518210 -0.8006130698 2.7326899202 223.1840000000 198.7230000000
3.8773938301 -1.1846597733 2.5430173069 280.5460000000 75.2823000000
3.8813005781 0.1112898700 2.7917995520 199.3010000000 490.8290000000
3.8820765760 0.1136261588 2.7869027377 199.0110000000 489.6750000000
3.8991485294 -0.7991306463 3.0380317074 156.7680000000 209.6880000000
3.9109758074 -0.8028099466 3.0484942996 156.3650000000 209.4470000000
3.9289843100 -0.8024995474 3.2812936641 105.9800000000 212.4890000000
3.9290110685 -0.6431363411 2.8086306784 214.8110000000 254.0520000000
3.9304560301 -0.6449131086 2.8123768751 214.8100000000 253.0900000000
3.9428719962 -0.2973463332 2.8173004479 211.8920000000 359.8700000000
3.9450929557 -0.5202129249 2.8261842857 214.8540000000 292.5390000000
3.9565188555 -0.3735493252 2.8368074291 210.5490000000 336.7850000000
3.9806550655 -0.1400561115 1.2283725367 685.1840000000 404.3850000000
3.9977537774 0.1158773554 2.7898996951 226.0030000000 490.0720000000
4.0119358077 -0.7077368268 0.2400273834 1063.8100000000 172.7450000000
4.0233081905 -0.5634734688 2.7390316960 251.0410000000 280.5500000000
4.0440193063 -0.5713003440 2.7602512243 251.0410000000 280.5500000000
4.0679949650 -0.5714796263 2.7584851601 256.8340000000 283.4420000000
4.0734269502 -0.6178414860 2.7805877205 254.0450000000 268.7290000000
4.0763971490 -0.1869178208 1.2121461534 701.9790000000 388.7870000000
4.0832740957 -0.1882482558 1.2109018809 703.2740000000 388.7870000000
4.0957435789 -0.8095691557 2.7498956663 266.0390000000 212.6190000000
4.1058315514 -0.2779811723 2.7589935725 260.1540000000 369.9130000000
4.1423569689 -0.8231143325 2.7477282240 279.0390000000 212.1790000000
4.2078886521 -0.5793733979 2.7173305138 293.0080000000 284.9180000000
4.2212411674 -0.5314943286 0.4255947004 994.3340000000 261.5630000000
4.2467688219 -0.5422432371 2.7120590800 302.9010000000 297.4280000000
4.2478926809 -0.2708446676 2.7118985287 300.2980000000 375.7800000000
4.2693530361 -0.5397466646 0.4210403956 993.5360000000 261.9630000000
4.3093303063 -0.8167083362 2.7493069783 307.6490000000 222.8940000000
4.3272317747 -0.5592563217 2.7188289925 314.7090000000 295.0330000000
4.3378549181 -0.5599413406 2.7235652555 314.9500000000 295.0330000000
4.3599574784 -0.9972000919 1.4518010579 656.3340000000 143.8890000000
4.3610813374 -0.8669822956 1.4663844663 653.1390000000 181.3680000000
4.3615629913 -0.9976870974 1.4517876786 656.5730000000 143.3130000000
4.3646134657 -0.2524668971 2.7780724170 305.3620000000 382.9510000000
4.3690018675 -0.2504897080 2.7294521359 316.2060000000 385.1580000000
4.3763872267 -0.0604871618 2.7086875030 321.4380000000 439.0150000000
4.3809896969 -0.2523349774 2.7913981737 304.6390000000 382.9910000000
4.4041893577 -0.7171451321 0.7062972169 896.8740000000 214.5560000000
4.4059019047 -0.9835104189 1.0806947881 774.6240000000 141.0670000000
4.4081496228 -0.9845700574 1.0787467658 774.0480000000 141.6430000000
4.4155349819 -0.7186489625 0.7063614374 897.7520000000 214.9960000000
4.4225724799 -0.9879175517 1.0880694438 775.1030000000 140.3470000000
4.4230808923 -0.9416065333 1.0729428368 777.5070000000 157.2090000000
4.4235625462 -0.2550975299 2.7321815078 326.3250000000 382.9990000000
4.4281114993 -0.1444142762 2.7182670630 328.2600000000 413.9920000000
4.4527561217 -0.7822112166 3.0004091894 275.6060000000 244.5020000000
4.4736277889 -0.7871695755 2.9192772730 296.8240000000 243.3240000000
4.4854550669 -0.7946914032 2.6994022869 349.4350000000 238.7700000000
4.4909138106 -0.2592210221 2.7162066548 340.2970000000 383.9640000000
4.5030086742 -0.7916676874 2.8639138379 314.2990000000 242.7410000000
4.5033832938 -0.7994945625 2.7104535671 347.9080000000 237.3660000000
4.5075576273 -0.4898633801 2.7042723426 347.4940000000 322.6960000000
4.5215255891 -0.7919994933 2.9762194624 293.2090000000 244.7220000000
4.5223551041 -0.8009288207 2.8561806176 317.3100000000 240.9410000000
4.5351724484 -0.8057507110 2.8687571350 317.2630000000 241.6620000000
4.5436816666 -0.7534645089 1.0239131500 801.4960000000 218.3970000000
4.5841405906 -0.0250069064 2.7182135459 353.5530000000 447.6230000000
4.6177225679 0.1317315273 2.6522751328 372.8570000000 492.5290000000
4.6460063528 0.1389060291 2.6662778808 372.6080000000 493.0500000000
4.6572181843 0.1005125974 2.6707117721 374.0140000000 482.4440000000
4.6582350091 -0.6939508230 0.6933514316 910.5240000000 238.7940000000
4.6681624303 -0.0257185232 2.6417429684 382.4430000000 448.8240000000
4.6798291570 -0.9776717038 1.0876627139 790.8970000000 164.9700000000
4.7657508535 -0.0877597411 3.2400587422 269.2180000000 434.4040000000
4.8967607028 -1.0070525891 3.2308002847 300.1650000000 214.2270000000
4.9335804644 0.1589262393 2.6018673807 429.3560000000 496.8370000000
4.9518030354 -0.0767777656 3.1880668841 307.7850000000 436.8110000000
4.9819599186 -1.2400446152 3.2468554133 313.1200000000 166.6140000000
4.9836457071 0.1550874581 2.6003153850 436.7720000000 495.0340000000
5.0235427016 -1.2384444540 3.2365801310 318.9090000000 169.5090000000
5.2947673406 -0.5973819004 3.2349211010 349.4210000000 322.4570000000
5.3054440011 -0.5977511684 3.2379448169 352.3110000000 322.6990000000
5.3882349475 -0.9853861931 3.2222643080 370.3120000000 242.1950000000
5.4780366334 -0.0785882489 3.2296764257 374.0180000000 439.2180000000
5.4861712319 -0.6083234706 3.2244049918 378.0300000000 324.7800000000
5.5023333947 -0.8175084168 3.2321382121 381.4690000000 281.5280000000
5.5054373862 -0.6061934902 3.2299975283 380.0050000000 326.3190000000
5.5091835829 -0.8169732459 3.2249669213 382.3840000000 281.8650000000
5.5753307127 -0.9877543245 3.2141564681 393.1920000000 248.2250000000
5.5873720591 -0.9905639720 3.2266794684 392.7110000000 248.9460000000
5.6684772171 -0.9532197429 3.2148254318 404.0330000000 259.0500000000
5.7876865468 -1.4240631474 3.2571842127 412.8550000000 171.0730000000
5.8066583571 -1.4271216494 3.2651047428 412.5650000000 170.7840000000
5.8960051477 -1.0003014075 3.2291412547 425.6920000000 257.8640000000
5.9053706394 -0.5910508281 3.2355365476 424.5350000000 338.3510000000
5.9101871780 -1.2224481943 3.1849628926 436.0050000000 215.8130000000
5.9475421105 -1.0628602161 3.2550435289 428.2360000000 248.6860000000
5.9553020893 -0.8869762824 3.2258499534 431.7240000000 281.5620000000
6.0115217979 -0.9005027282 3.2588700012 432.7260000000 281.8990000000
6.0151074433 -0.0450105530 3.2611444777 429.3640000000 448.8210000000
6.0174621955 -1.2522893266 3.2601276529 435.1370000000 214.0820000000
6.0278980291 -0.5208230197 3.3070621455 424.5410000000 355.1650000000
6.0954098448 -0.5351468703 3.2635527470 438.9750000000 353.9690000000
6.1912322040 -0.2585282433 3.2642484693 446.2010000000 407.5230000000
6.2801240992 0.1743613723 3.0211738224 494.8770000000 491.0170000000
6.2835759519 -1.0002933800 3.2340648275 462.9900000000 271.1050000000
6.2852617404 -1.0022895676 3.2364463383 462.7880000000 269.9040000000
6.8905400882 -2.4148679463 3.2290074620 519.6940000000 55.5969000000
6.9075050074 -2.4175464770 3.2370617849 519.8220000000 54.8914000000
6.9433882198 -1.5456968016 1.2456344758 853.0250000000 170.3850000000
6.9570618377 -1.5488596619 3.2357238575 520.8470000000 198.8600000000
6.9672568443 -1.5501895617 1.2516444456 852.8250000000 170.9850000000
6.9745886864 -1.5540347650 3.2427613555 520.6470000000 199.0600000000
6.9821078383 -2.4456777381 3.2758081619 519.5340000000 55.7571000000
6.9835795584 -2.1320648838 1.4766463694 811.0460000000 71.8851000000
7.1895400997 -0.5124609736 3.1282882887 551.9580000000 375.6000000000

gimbalangles:
0.1398712351 0.0040657139 -0.2916318527

end: