T_CW:
0.0968132120 -0.1154602962 -0.9885828857 -0.0847774555
0.0216407075 0.9932579863 -0.1138870160 0.0978137350
0.9950672750 -0.0103678652 0.0986591385 -1.1930854208
0.0000000000 0.0000000000 0.0000000000 1.0000000000


target_points_pix:
1.9502539318 0.3131980968 0.9536104177 -54.3785000000 785.3920000000
1.9505215173 0.3115979357 0.9553416958 -54.0971000000 784.4510000000
1.9511476673 0.4140537388 0.9569284776 -61.6791000000 863.3620000000
1.9512787842 0.4151187290 0.9576429309 -63.2714000000 864.1520000000
1.9546316302 0.3570259220 0.9479322539 -50.6754000000 819.6350000000
1.9742322663 0.3585136973 0.9225490956 -16.8795000000 817.4850000000
1.9869987694 0.3267459495 0.9061032922 7.4264000000 791.8810000000
1.9941834395 0.3866315791 0.9001495154 10.9601000000 835.3660000000
2.0075439823 0.3128984011 0.8872518954 39.3410000000 777.2080000000
2.0156759049 0.2698653048 0.8788256288 53.2156000000 744.8640000000
2.0178085612 0.2998509333 0.8779854104 53.1836000000 766.0440000000
2.0370452811 0.4121190958 0.8693557787 65.4927000000 844.2140000000
2.0383510982 0.4146558061 0.8671401710 64.1808000000 845.7210000000
2.0386668491 0.3792141097 0.8645044541 68.1781000000 819.1310000000
2.0413667865 0.3442353362 0.8661179945 74.0876000000 793.4660000000
2.0444172610 0.3164733431 0.8611623115 83.8694000000 770.6180000000
2.0870382757 0.2313940056 0.5086987218 344.3400000000 740.7920000000
2.0881808656 0.2323947753 0.5084471915 342.7290000000 740.4790000000
2.0906694106 -0.1024030888 0.5203413659 366.7280000000 504.1490000000
2.1102111779 -0.0792229617 0.4707497495 406.0360000000 525.4740000000
2.1138851265 -0.0791924569 0.4723151246 405.1130000000 524.2970000000
2.2210878960 -0.1904330912 0.5818833496 378.1870000000 450.1440000000
2.2230733802 -0.1888492528 0.5815140817 378.7140000000 450.3990000000
2.2251766021 -0.2143870755 0.5870049357 377.9110000000 433.7310000000
2.2477367336 -0.1075535740 0.4712099966 443.2570000000 506.6960000000
2.2492084537 -0.1040886097 0.4704982192 444.4650000000 506.1130000000
2.2793251991 0.0408487961 -0.5761382895 1090.1700000000 678.1700000000
2.2918829855 0.0844406109 -0.0650725065 753.9880000000 660.7760000000
2.2946819296 0.0698192053 0.0108576553 708.6060000000 645.5160000000
2.2951395007 0.0660960210 0.0127587699 709.0930000000 645.6670000000
2.3036487189 0.0370258024 0.3427395334 517.9110000000 599.7310000000
2.3051471976 0.4869761328 -0.7366654927 1161.8400000000 977.3150000000
2.3096800955 0.1727927863 0.9240850363 199.6010000000 633.7770000000
2.3111197054 0.0817262238 0.5271969058 413.5200000000 611.3950000000
2.3123880606 0.0409277338 0.4765804371 444.3170000000 593.1940000000
2.3129018247 0.0798780109 0.5294847616 412.6120000000 610.5190000000
2.3152860113 0.0366110449 0.3381611459 519.0720000000 598.5940000000
2.3419562557 0.5711906340 0.5358666752 385.8480000000 882.1590000000
2.3497617241 -0.0238707652 0.4462041338 474.6750000000 556.2950000000
2.4214371698 0.5174808771 -0.9343308841 1231.7700000000 969.6540000000
2.4487201850 0.1234984574 1.4391683475 26.8151000000 567.5590000000
2.4713097509 0.0278575212 -0.8040542191 1163.3800000000 667.4130000000
2.4725299407 0.0289637196 -0.8068959768 1161.5000000000 667.8690000000
2.4921707146 0.4738537411 -0.0825905249 729.7670000000 842.4120000000
2.4993821432 0.2459067715 0.8791333521 283.8660000000 655.7070000000
2.4994677706 0.4908855566 -0.3658776496 877.8080000000 872.5100000000
2.5007949946 0.2469979851 0.8799896256 284.2030000000 655.6950000000
2.5031711536 0.4900720968 -0.4892693404 945.4200000000 883.0490000000
2.5064945652 0.4890204859 -0.4880598540 946.1950000000 884.0650000000
2.5075622313 0.4910032942 -0.3651417895 877.2530000000 872.1920000000
2.5114234897 0.4918060507 -0.4144524411 903.2590000000 873.9290000000
2.5145569156 0.0302989711 0.2484715783 591.6840000000 592.0810000000
2.5269434473 -0.0508423109 0.9670753189 269.7710000000 512.3170000000
2.5313826904 -0.1095278197 -0.9773345461 1246.5200000000 598.5290000000
2.5318456132 -0.0528409068 0.9661227146 269.2540000000 512.6960000000
2.5321372814 0.0338155794 0.2473525359 590.8130000000 592.9540000000
2.5362902080 0.4900159038 -0.2891047005 835.0550000000 856.3190000000
2.5363383734 -0.0299128452 -0.9005883556 1195.0000000000 636.7490000000
2.5372187296 0.0224520002 -0.5421121203 997.3930000000 638.7620000000
2.5384121608 0.4870617602 -0.2056255242 791.0760000000 847.6650000000
2.5394075788 0.4878538132 -0.2069853936 791.3130000000 847.1240000000
2.5422145505 0.4917766163 -0.2874751050 834.5840000000 857.4060000000
2.5442080623 0.0218093670 -0.5492673559 997.7410000000 639.0810000000
2.5458082234 0.0240798565 -0.5562834471 998.8370000000 638.6370000000
2.5481041068 0.4822666284 0.9138793262 268.0840000000 759.1530000000
2.5583258720 -0.1033856626 1.0408968002 252.5440000000 484.7640000000
2.5587192227 0.0427649757 1.0354728426 242.1850000000 553.6660000000
2.5590189184 -0.1057449638 0.9800826489 276.3800000000 486.7620000000
2.5608518789 -0.1468447550 1.0373593202 257.4120000000 464.9290000000
2.5612639605 -0.1038694572 0.9786189564 277.3220000000 487.4030000000
2.5628801768 -0.1261098240 0.9574021039 288.0240000000 477.5150000000
2.5628935561 -0.0888089438 1.0797876733 233.5480000000 488.8850000000
2.5630353764 -0.0663167790 1.0987782146 226.3350000000 497.8620000000
2.5631424106 -0.1064845700 1.0449346650 252.2070000000 485.3730000000
2.5632654999 -0.1261355123 0.9953751589 272.5180000000 476.7930000000
2.5640227668 -0.0208431961 0.3709992356 542.4280000000 558.9100000000
2.5656764450 -0.0170971867 0.3656823122 543.5580000000 560.1940000000
2.5674585643 -0.1703053117 1.0046202371 273.3960000000 457.7540000000
2.5677315015 -0.1494732472 0.9363752372 300.3140000000 470.8010000000
2.5758179346 -0.2162170926 1.0639359097 253.3520000000 435.6870000000
2.5760025686 -0.0132236194 0.8765136902 320.5520000000 534.6130000000
2.5761524164 -0.2303488168 0.9366802846 305.5400000000 435.3280000000
2.5774876680 -0.2292412805 0.9548760970 299.6250000000 433.9330000000
2.5817342495 -0.0113762895 0.8780924446 320.6600000000 534.6630000000
2.5821356277 -0.1659677511 1.0701385410 248.4930000000 457.3290000000
2.5826333367 -0.0126694231 0.8780710377 321.2020000000 534.9110000000
2.5947950966 -0.0839348743 -0.8391641094 1143.5100000000 599.2330000000
2.6312054524 -0.0524165162 -0.0119025499 721.7490000000 564.6540000000
2.6399528216 -0.0502126823 -0.0070272227 721.5090000000 565.3780000000
2.6696414302 0.3520943217 0.0250597277 683.5010000000 742.6630000000
2.6725607878 0.3482517942 -0.1753779296 776.0630000000 752.9870000000
2.6784503441 0.3551715547 0.0285082891 683.4970000000 742.0500000000
2.6785038612 0.3546684940 0.0283822563 683.7380000000 741.5410000000
2.6819021968 0.0301774873 0.1782376156 632.1430000000 590.5610000000
2.6831063314 0.0300688476 0.1754793445 632.4320000000 591.1410000000
2.6832401241 0.0294164742 0.1803716097 634.9900000000 589.1510000000
2.6900903123 0.0256147803 -0.7032949079 1040.1500000000 640.1770000000
2.7036568960 0.0257338558 -0.0119184177 717.5210000000 596.5620000000
2.7049680648 0.0275457841 -0.0105777609 718.0010000000 595.5950000000
2.7089818470 0.0254132349 -0.0112731353 717.5140000000 595.1080000000
2.7621778397 -0.2120970790 -0.7254911232 1045.3300000000 528.6300000000
2.7640509380 -0.5523659957 -0.8265849162 1110.5100000000 383.3500000000
2.7650945214 -0.6259172156 -0.8828795487 1142.7100000000 355.6570000000
2.7680379616 -0.2128489942 -0.7252395928 1044.7600000000 529.1410000000
2.7686266497 0.6225964799 0.8253085335 354.6360000000 789.3220000000
2.7694561647 0.6238434282 0.8254503538 353.8520000000 788.8300000000
2.7705265066 -0.2465907200 -0.7758293030 1067.2500000000 516.8850000000
2.7761725601 -0.2484887038 -0.8393915571 1096.2000000000 518.3820000000
2.7805074449 -0.2464325770 -0.8851888114 1116.9100000000 520.9920000000
2.7806679961 -0.2624622850 -0.7955557043 1077.6300000000 510.6320000000
2.7806679961 -0.2609477512 -0.7914562948 1072.8800000000 510.6440000000
2.7814439940 0.6281060648 0.7791206044 372.5670000000 791.7830000000
2.7816848209 -0.2295896768 -0.9031143625 1126.4400000000 531.0540000000
2.7877054942 -0.5634146000 -0.8421664185 1111.0300000000 383.1070000000
2.7879195625 -0.3156250971 -0.8268203914 1090.9300000000 490.3520000000
2.7879998382 0.6284191398 0.7837498331 372.3130000000 791.5280000000
2.7912911396 -0.2839590318 -0.7731587999 1066.0800000000 500.7870000000
2.8003622872 -0.6350044184 -0.9089289949 1141.6700000000 354.0880000000
2.8036000715 -0.2841249348 -0.8828795487 1115.4100000000 505.3050000000
2.8040014497 -0.3450380927 -0.7928370359 1073.7500000000 474.9050000000
2.8057139967 -0.2829047450 -0.8539776414 1099.6700000000 504.9380000000
2.8058477895 -0.3855986992 -0.7355683922 1047.1900000000 454.9080000000
2.8073997852 -0.5901490650 -0.9542044575 1159.6200000000 378.1900000000
2.8074533023 -0.3521933283 -0.8581439473 1101.9900000000 475.3940000000
2.8081222660 -0.5912434896 -0.9554754885 1157.5700000000 375.7440000000
2.8215015399 -0.4078243489 -0.7224406487 1042.1200000000 446.1340000000
2.8272546276 -0.3870222539 -0.9023570956 1119.2700000000 463.3530000000
2.8330077153 -0.3874477148 -0.8993414072 1118.7100000000 463.3620000000
2.8391621813 -0.1766989991 -0.5988455930 971.4580000000 537.8450000000
2.8406606600 -0.2492143956 -0.5956720292 974.8520000000 507.0970000000
2.8439519613 -0.2488622531 -0.5975424517 973.7080000000 507.5190000000
2.8440589955 -0.1763704041 -0.5981231122 972.1360000000 536.4680000000
2.8718878851 -0.0731319135 -0.4818465192 910.7930000000 574.1250000000
2.8751256693 -0.5256315308 -0.7744753205 1059.1100000000 405.3090000000
2.8770790433 -0.5146016574 -0.7604377864 1050.2900000000 406.3790000000
2.8802097934 -0.5171410436 -0.7829631318 1058.3000000000 407.2010000000
2.8887992872 -0.5177297316 -0.7638361219 1050.2600000000 407.1590000000
2.9038643495 0.4720100771 -0.8802251008 1049.4300000000 816.0790000000
2.9178323114 -0.6636253610 -0.7361972181 1038.2900000000 349.3550000000
2.9179928627 -0.6655011352 -0.7380007442 1040.6100000000 349.5080000000
2.9308904826 -0.6650729984 -0.7401869175 1040.9700000000 349.1740000000
2.9749618106 0.4842761954 -1.0051687873 1085.8600000000 816.7960000000
3.0056538648 0.3872818118 -0.9321928762 1055.1300000000 769.1980000000
3.0066974481 -0.1356018837 -0.8716784207 1051.7100000000 563.9430000000
3.0086508221 -0.1261092889 -0.8416901163 1039.9200000000 567.5050000000
3.0114337111 -0.1262941904 -0.8433304153 1040.9700000000 568.1350000000
3.0140292902 0.2626217659 -0.8968127245 1044.1000000000 719.2170000000
3.0201837562 0.6947616070 -1.6706886535 1349.8700000000 935.8760000000
3.0241975383 0.4867968506 -1.6351265437 1342.9500000000 849.6780000000
3.0252411217 0.4904493923 -1.6351800608 1341.0800000000 849.1760000000
3.0257495341 0.3449979549 -1.5642244200 1317.9600000000 787.5970000000
3.0264987734 0.4461934304 -1.6873913389 1364.9500000000 835.7690000000
3.0283986303 0.6366714759 -1.6133584652 1323.7300000000 905.2100000000
3.0302984872 0.4499503304 -1.6363627886 1344.9100000000 831.9360000000
3.0314758633 0.4946852704 -1.6364939055 1340.6200000000 850.3650000000
3.0315026218 0.4480451219 -1.6392553876 1344.2500000000 831.6130000000
3.0332954445 0.5756512839 -1.5989061736 1320.3000000000 879.2570000000
3.0373627437 -0.5113157078 -0.7225878207 1003.1800000000 417.8360000000
3.0377908805 0.3457739527 -1.5665203034 1316.2700000000 786.7340000000
3.0391020493 0.6509284301 -1.6369648559 1329.5600000000 911.8580000000
3.0781160118 -0.4224719779 0.0436134892 712.4280000000 425.4560000000
3.0939303135 -0.4303844804 -0.2579398228 819.9430000000 435.6510000000
3.0948401041 -0.4295389103 -0.0159684041 735.1220000000 424.3800000000
3.0977567858 -0.4414758984 -0.1859116994 794.0630000000 427.7920000000
3.0998439525 -0.4713304100 -0.1273902206 774.0280000000 415.2130000000
3.1000045038 -0.4711190175 -0.1970322843 799.3700000000 417.5050000000
3.1013691897 -0.4710066316 -0.1303614897 774.9190000000 414.9090000000
3.1036169077 -0.4747635317 -0.1973017428 799.1660000000 417.3030000000
3.1044464227 -0.4290599323 0.2028453111 658.8820000000 420.7950000000
3.1046604911 -0.4304915146 0.1606882897 672.3380000000 421.2030000000
3.1065068309 -0.4317545180 0.0537905677 712.0310000000 424.2420000000
3.1093164784 -0.4367235803 0.0232261518 721.7570000000 421.7480000000
3.1103333032 -0.4299081783 0.2027125887 659.6060000000 420.0650000000
3.1104135788 -0.4694091463 -0.0175178846 736.9780000000 412.0670000000
3.1223478911 -0.7277334895 -0.3105035111 845.8970000000 334.1470000000
3.1236590599 -0.0417981894 -1.6714378928 1344.5800000000 634.4110000000
3.1295994575 -0.5192817274 0.1416431610 684.3450000000 390.7020000000
3.1353525452 -0.6615462218 -0.2929927175 838.2810000000 357.7320000000
3.1370383337 -0.6672618476 -0.2898806984 837.6150000000 355.6510000000
3.1464841011 -0.6119251711 0.1411928146 688.1460000000 361.8490000000
3.1474741673 -0.6110849527 0.1422808171 687.4120000000 362.5970000000
3.1490796802 -0.6127894722 0.1423388832 687.5350000000 362.2650000000
3.1545919410 -0.7312656177 0.0824751956 709.2270000000 324.1890000000
3.1561974539 -0.7373130495 -0.3127699601 846.4180000000 333.8770000000
3.1567058663 -0.6796109174 -0.0003498038 740.3910000000 345.6220000000
3.1659910823 -0.7276371587 -0.2185857592 815.8510000000 334.7580000000
3.1695767277 0.0239753108 -1.5229894980 1265.5600000000 647.3250000000
3.1740721637 -0.7272250770 -0.0029705734 741.9340000000 330.4550000000
3.1750354714 0.0207593883 -1.5217050878 1264.3200000000 646.9560000000
3.1753298154 -0.6239263797 -0.5185057295 911.2470000000 381.3300000000
3.1762663646 -0.7424881526 -0.1663956203 795.8140000000 330.4150000000
3.1974858929 -1.0798278111 2.8676600345 -80.6200000000 161.0770000000
3.2009645041 -0.9239512435 0.2513034354 663.6620000000 259.9250000000
3.2023827071 -0.8522650944 2.8048309647 -72.8000000000 229.1180000000
3.2291680133 -0.6348358396 0.2409465396 655.3790000000 355.2970000000
3.2304256650 -0.6402357145 0.2440433063 655.0870000000 355.8930000000
3.2487552702 -0.7614305285 2.8738680176 -76.5302000000 257.9960000000
3.2535182917 -0.1050842952 -1.5254753671 1246.5300000000 598.8030000000
3.2607966166 -1.1416400562 2.9043995205 -66.7313000000 152.9860000000
3.2632048859 -0.7550566425 -0.2358616127 815.6290000000 335.1860000000
3.2649174330 -0.6476291012 0.2448329510 656.5890000000 357.0310000000
3.2659877749 -1.1454397700 2.9137382536 -68.6424000000 150.9350000000
3.2713127258 -0.8472050530 2.7668070685 -41.3455000000 238.0200000000
3.2717676212 -0.7299972626 2.8082293002 -58.6671000000 269.3220000000
3.2753265080 -0.7710662815 2.8955424412 -76.5446000000 257.7540000000
3.2778418115 -1.0000150911 2.8584550942 -55.9416000000 194.7850000000
3.2978572051 -0.1390111902 -0.6470992820 925.5050000000 549.0180000000
3.3095239319 0.2363095508 2.7544981365 -65.3558000000 540.7210000000
3.3110759277 -0.7363845279 2.8605957780 -55.8050000000 270.1760000000
3.3231440326 0.3983732298 2.6809388890 -47.0785000000 588.1810000000
3.3353994475 -1.0246088722 2.8023691783 -24.3408000000 196.8760000000
3.3422763942 -0.8996464547 2.7493872539 -13.1814000000 232.8830000000
3.3431059092 -0.9472178007 2.7563712349 -12.7523000000 221.0530000000
3.3485646529 -0.0044684099 2.7928698939 -53.0248000000 474.6430000000
3.3506785782 -0.9105585904 2.7622581154 -15.8599000000 230.3070000000
3.3553345655 -0.9786564183 2.7577359208 -9.3060700000 212.5660000000
3.3643254375 -0.7832494483 2.4616499152 58.5760000000 272.5400000000
3.3666534311 -1.0420902314 2.7441960957 -0.9496510000 197.3750000000
3.3690349419 -1.0427351124 2.7468719505 -1.5239100000 197.0880000000
3.3747612711 0.4071232749 2.7361417728 -47.5039000000 588.7490000000
3.3788820874 -0.9356206461 2.5356587063 52.9506000000 230.9980000000
3.3798186366 -0.8189507025 2.5636695540 39.0171000000 260.6400000000
3.3859195854 -1.1848952485 2.5648736886 52.4814000000 164.6010000000
3.3873913056 -0.8228681539 2.5759544032 38.7596000000 260.8590000000
3.3882475791 -0.8683496574 2.7347770869 1.7605300000 245.9890000000
3.3889165428 -1.1851226961 2.5700701986 51.8696000000 166.3120000000
3.3914318462 -0.0061550814 2.7762260772 -36.3594000000 475.0900000000
3.3977736220 -0.8611114702 2.7377205272 4.4536400000 248.3420000000
3.4087178680 -1.1039105040 2.8959973365 -21.2875000000 183.6520000000
3.4158624003 -0.8146827142 2.7779653828 -2.3896500000 263.6940000000
3.4197156311 -0.4242407179 2.8195214073 -23.9017000000 364.3640000000
3.4200099751 -0.4671774834 2.8145175589 -22.0018000000 352.2250000000
3.4268869219 0.2342082021 2.7357939117 -23.6519000000 539.9460000000
3.5040853319 0.2431827514 2.8209931274 -24.4799000000 540.2840000000
3.5063598084 -0.1399785117 -0.8205428361 958.6240000000 553.4290000000
3.5144141312 -0.2952993043 -0.6191473031 899.1350000000 501.5370000000
3.5782332674 -0.9396932971 2.5152125000 105.0930000000 253.8500000000
3.5801331243 -0.9382429838 2.5159108981 103.6590000000 252.1810000000
3.5941278447 -0.9474318691 2.5310856705 105.0290000000 253.1380000000
3.5994260371 -1.1491618840 2.5292420066 113.8320000000 205.4540000000
3.5995865884 -1.1456725693 2.5303471346 112.6390000000 205.0020000000
3.5998006568 -1.1444978691 2.5314495867 111.2140000000 205.6430000000
3.6529163739 -0.8220707492 2.5374140670 113.2820000000 287.1900000000
3.6857223533 -0.3987424978 2.7585654358 59.1502000000 387.8620000000
3.6871673149 -0.4826920893 2.7598498461 61.4139000000 368.1710000000
3.7647671031 -0.2618053626 2.7277395889 78.3319000000 425.1900000000
3.7699582613 -0.2640212380 2.7315393027 79.8247000000 422.9590000000
3.7705737079 -0.3967302550 2.7346165356 82.4015000000 391.5490000000
3.8632117999 -0.8011000754 2.7366769438 114.8300000000 306.9480000000
3.8766981079 -0.3077848426 2.7360614972 101.5980000000 420.0780000000
3.8804978216 -0.8073080585 2.7496548394 115.9010000000 307.0180000000
3.8876423539 -0.8078191467 2.7524109698 115.8800000000 306.7400000000
3.8879099393 -0.8091597500 2.7458818842 115.9050000000 307.0730000000
3.8932081318 -0.7955102148 3.2403530862 19.0328000000 302.1630000000
3.9077647817 -0.8403120511 2.5882767144 151.6670000000 304.1360000000
3.9412664834 -0.2994896929 2.8128585290 99.9026000000 419.7190000000
3.9483039814 -0.3002362563 2.8171934137 99.2163000000 418.7090000000
3.9527191418 -0.4475795231 2.8287531063 101.6820000000 386.9140000000
4.0049518268 -0.7986168822 3.2515381591 39.6807000000 310.2180000000
4.0184916519 -0.8013596333 3.2628302662 41.4933000000 309.2050000000
4.0240039127 -0.8248964518 0.4412163405 628.8860000000 357.2500000000
4.0573183045 -0.6030386574 2.7830227483 136.9910000000 361.4860000000
4.0594322298 -0.6072317218 2.7792497931 137.8060000000 361.4180000000
4.1164814534 -0.8305425054 0.4565061746 627.1380000000 361.2540000000
4.1214050261 -0.8523373424 0.4615234023 627.7130000000 356.7940000000
4.1341153363 -0.8179365536 2.7333321253 166.0370000000 323.0360000000
4.1587867172 -0.8279228436 2.7467649163 165.6900000000 322.4730000000
4.2406411145 -0.6590817596 2.9585588209 136.7540000000 357.4210000000
4.2545555592 -0.2693435131 2.7151630715 176.0030000000 438.7300000000
4.2779157713 -0.0272260195 3.0706771356 103.2090000000 479.9390000000
4.3083134815 -0.8268070121 2.7804271692 184.0880000000 330.5330000000
4.3272317747 -0.5592563217 2.7188289925 190.8650000000 384.1860000000
4.3400758775 -0.7593620928 2.7034695862 200.7140000000 347.2820000000
4.3472204098 -0.9146232138 1.4607571438 435.9150000000 338.6290000000
4.3582984485 -0.2900064636 2.7606258439 181.5500000000 437.5590000000
4.3599574784 -0.9972000919 1.4518010579 441.3800000000 323.9940000000
4.3610813374 -0.8669822956 1.4663844663 432.8330000000 345.7070000000
4.3721861347 -0.8620399918 1.8642412562 359.4310000000 343.8290000000
4.3915593232 -0.4117739105 0.8024620855 552.7670000000 452.0690000000
4.4041893577 -0.7171451321 0.7062972169 578.3880000000 393.5530000000
4.4043766675 -0.7213194656 0.8978670113 542.5540000000 389.8120000000
4.4155349819 -0.7186489625 0.7063614374 578.3950000000 394.7290000000
4.4230808923 -0.9416065333 1.0729428368 515.6990000000 345.7910000000
4.4235625462 -0.2550975299 2.7321815078 196.8600000000 445.5400000000
4.4348278948 -0.6512388293 1.0765043995 509.3580000000 402.5390000000
4.4418386342 -0.2552136620 2.7524109698 195.8650000000 445.7350000000
4.4527561217 -0.7822112166 3.0004091894 167.0980000000 344.1720000000
4.4555122521 -0.6494727651 1.0784872079 509.5720000000 403.1970000000
4.4679549767 -1.2156649024 3.0906925292 162.9240000000 266.0350000000
4.4824581096 -0.7862918951 2.9284019377 183.7910000000 346.1790000000
4.5043198430 -0.7932437658 3.1278333933 151.4730000000 341.9730000000
4.5228902751 -0.7484660122 1.0119360240 529.0350000000 385.9630000000
4.5351724484 -0.8057507110 2.8687571350 200.2000000000 347.0330000000
4.5355738267 -0.0452559289 2.7260002833 207.0950000000 488.7000000000
4.5436816666 -0.7534645089 1.0239131500 528.5410000000 385.7110000000
4.5554554276 -0.5670885486 0.6754740459 588.7460000000 431.6330000000
4.6653260242 -2.2228325533 3.2598868260 183.6820000000 102.2070000000
4.6714269731 -1.7457196211 -2.8424802412 1332.6500000000 264.8310000000
4.6878834799 -0.9909867571 1.0478834570 534.6790000000 348.8150000000
4.6925394672 -0.5797694244 0.6957971628 588.7860000000 431.6330000000
4.6959378027 -0.7870625413 1.0539656748 528.6310000000 386.3690000000
4.7072566684 -0.9979466553 1.0535883793 534.2590000000 348.1830000000
4.7655903023 -0.7242040370 3.1666065289 181.1150000000 366.0740000000
4.8265195153 -0.2338448210 -1.9079807782 1080.7900000000 552.0250000000
4.9370323171 -1.3596847576 -2.9106075035 1293.5100000000 359.9620000000
4.9819331600 -1.2401596769 3.2875016472 203.0960000000 292.2560000000
5.0560275785 -0.7160908454 -2.8718611265 1253.1800000000 482.5930000000
5.1085813660 -0.9533508598 3.2022489144 223.5540000000 343.8010000000
5.1414676211 -0.5184254539 -2.9124003262 1244.5600000000 521.2730000000
5.2015138020 -0.6055432575 3.1932045253 227.8360000000 399.2770000000
5.2243120846 -0.6101189691 3.2166717715 227.4660000000 399.7850000000
5.2376913584 -0.8134009798 3.2279906372 231.8810000000 371.2160000000
5.2473779527 -0.6133112638 3.2379448169 228.3920000000 398.5150000000
5.2490102241 -0.8107438560 3.2345197228 232.2360000000 369.4830000000
5.4408957693 -1.9652520977 -2.8665361755 1220.7900000000 281.1220000000
5.5091835829 -0.8169732459 3.2249669213 259.3970000000 378.8640000000
5.5285300129 -1.5531356778 -2.8888528043 1207.6200000000 352.9150000000
5.5289581496 -1.5536146558 -2.8910202466 1207.0800000000 352.9420000000
5.5753307127 -0.9877543245 3.2141564681 270.0890000000 358.0580000000
5.7598844158 -3.7457685342 -2.7297999971 1188.0200000000 28.3640000000
5.7661726745 -2.2073982230 3.2405671546 303.4980000000 200.5420000000
5.8375912382 -2.4299410362 3.2393095029 313.2830000000 178.2440000000
5.8432640503 -2.4310916538 3.2420656333 313.9350000000 177.9570000000
5.8627710315 -1.4073042690 3.2594854478 295.5860000000 311.2250000000
5.8757221686 -2.4337594810 3.2534647746 312.9310000000 177.3660000000
5.9101871780 -1.2224481943 3.1849628926 306.5510000000 339.0670000000
6.0174621955 -1.2522893266 3.2601276529 306.7930000000 339.2950000000
6.0198972233 -0.2471989418 -2.8440054784 1121.5800000000 560.5260000000
6.1791373404 -1.0631117464 3.2436443876 314.8970000000 366.7890000000
6.2994170121 -3.8257765917 -2.6600538426 1126.8800000000 72.4017000000
6.8788466029 -1.5307307459 3.1903146021 372.9320000000 335.6140000000
6.8905400882 -2.4148679463 3.2290074620 381.6780000000 240.9130000000
6.8984071012 -1.5404200160 3.2150662587 371.9110000000 336.6030000000
6.9075050074 -2.4175464770 3.2370617849 381.6580000000 240.5530000000
6.9425051878 -3.7641516565 -2.5616037941 1062.2700000000 133.7900000000
6.9743478595 -1.5570905912 3.2493974753 372.5360000000 336.3190000000
6.9769701971 -3.1517822935 -2.7104268086 1070.5900000000 208.3840000000
6.9778799878 -2.9584250282 2.8971211955 425.3220000000 189.5460000000
6.9821078383 -2.4456777381 3.2758081619 381.7080000000 241.4540000000
6.9907240906 -2.3964848241 -2.8831799922 1082.6000000000 300.6680000000
6.9921690522 -2.3973999664 -2.8858290884 1082.2400000000 300.6910000000
7.1567073617 -3.0391823250 2.9745069153 425.3100000000 189.3150000000
7.2709931187 -0.5179732344 3.1783267728 379.3770000000 451.0290000000

gimbalangles:
0.1398712351 0.0040657139 -0.2916318527

end: