T_CW:
0.0175624346 -0.1216472169 -0.9924180145 -0.9440180742
0.0168277179 0.9924664748 -0.1213553634 -0.0093799294
0.9997041506 -0.0145688348 0.0194771727 -1.1974387842
0.0000000000 0.0000000000 0.0000000000 1.0000000000


target_points_pix:
2.1276925371 0.5555074492 -0.3691421924 196.0090000000 965.9060000000
2.1569342780 0.4673193037 -0.7132223291 457.7960000000 921.2040000000
2.1594281746 0.4670972078 -0.7197862008 464.2640000000 922.5120000000
2.1672764566 0.4887020591 -0.3893743303 237.2040000000 904.9550000000
2.1693127821 0.4874577867 -0.3906239544 236.6610000000 903.2480000000
2.2650468381 0.4667466708 -0.7576816560 501.6280000000 885.6150000000
2.2685441802 0.0362104694 -0.9710222047 669.1680000000 630.6380000000
2.2753221203 0.0400679817 -0.7421215605 528.0030000000 612.8470000000
2.2927472866 0.0828773765 0.0009163438 84.7975000000 582.8320000000
2.2946819296 0.0698192053 0.0108576553 80.0982000000 573.4940000000
2.2951395007 0.0660960210 0.0127587699 79.5265000000 572.5880000000
2.3007561199 0.0381306628 -0.5314247563 405.1640000000 595.9350000000
2.3017595654 0.0362179618 0.3100619950 -85.6670000000 531.8780000000
2.3689342234 0.3939875039 -2.0681788513 1281.4500000000 909.9800000000
2.3821797045 0.0281628362 0.3759495669 -70.4676000000 522.4710000000
2.3964982034 -0.2270842739 -2.1109791482 1330.5800000000 552.6750000000
2.4110575292 -0.2489607246 -2.1273714345 1335.0700000000 540.3780000000
2.4162941769 0.3730971057 -2.1225682752 1290.5400000000 890.7740000000
2.4214371698 0.5174808771 -0.9343308841 614.3120000000 878.6610000000
2.4297456988 0.1822176819 -2.2033228962 1336.8100000000 782.6590000000
2.4358091857 0.1884296788 -2.2086906608 1338.2200000000 785.0820000000
2.4462102332 0.2231079538 -2.2044735137 1328.4200000000 802.5930000000
2.4683636348 0.4723552624 -2.1136255686 1249.3900000000 925.6630000000
2.4700440716 0.4763208792 -0.7387847696 517.8350000000 829.7100000000
2.4738384337 0.4747688834 -2.1176928679 1249.1800000000 926.3390000000
2.4841779365 -0.6167791716 -2.2039784806 1355.9500000000 350.3430000000
2.4851733544 0.2341675291 -2.1940992248 1299.3300000000 797.8230000000
2.4871829214 0.0267043081 -0.6309344433 491.3540000000 586.7620000000
2.4885128212 -0.6168032543 -2.2080457798 1352.9300000000 350.7410000000
2.4893476879 0.4787211209 -0.7518857546 525.4520000000 829.4800000000
2.4936263796 -0.4102192389 -2.2334342899 1354.1400000000 460.6550000000
2.4986329039 0.3969068614 -2.0809881680 1222.3200000000 871.6280000000
2.4987238830 0.4883247636 -0.2566647780 275.5050000000 795.3440000000
2.4994677706 0.4908855566 -0.3658776496 332.1030000000 803.4130000000
2.5004631886 0.3977096179 -2.0738088497 1217.8400000000 872.2260000000
2.5026440102 0.4771530700 -0.0683357114 183.8860000000 779.1950000000
2.5031711536 0.4900720968 -0.4892693404 394.1160000000 812.6310000000
2.5033370566 0.4918274575 -0.3656341468 332.4130000000 803.7190000000
2.5054295750 0.5261292397 -0.0341760171 164.3520000000 802.1520000000
2.5058764428 0.4914314310 -0.2525940002 275.8980000000 796.4580000000
2.5064945652 0.4890204859 -0.4880598540 393.9730000000 811.3720000000
2.5075622313 0.4910032942 -0.3651417895 332.4130000000 803.7190000000
2.5090098687 0.4894914363 -0.2085745838 254.2170000000 791.4010000000
2.5094139228 0.4920361742 -0.4885923491 394.1420000000 812.1770000000
2.5123386320 0.0298288234 0.2542570439 58.6314000000 531.9870000000
2.5145569156 0.0302989711 0.2484715783 60.8262000000 531.8710000000
2.5153757272 0.0293953349 0.2548518864 59.8316000000 531.3340000000
2.5167966061 0.4900453382 -0.4705249777 386.6320000000 807.4050000000
2.5187446283 -0.0192359439 0.4452515295 -29.4814000000 496.2700000000
2.5188730693 0.0315263857 0.2480990993 62.2066000000 532.5410000000
2.5299885700 -0.0223078252 -0.5029028204 438.1250000000 552.5940000000
2.5351128319 0.1862983604 -2.2007621032 1281.8900000000 764.9410000000
2.5366541243 -0.0199288297 -0.5009842325 437.4930000000 552.5970000000
2.5366889104 0.0224188732 -0.5590609843 462.4430000000 576.8470000000
2.5413448977 0.0279131790 -0.2134920021 294.6820000000 560.1250000000
2.5446121163 0.4690050922 -0.7648529468 539.0230000000 811.8940000000
2.5448636467 0.0337120238 -0.6083422015 487.2570000000 586.5860000000
2.5475314739 -0.0223110362 0.3565308889 28.9300000000 500.5760000000
2.5500628325 -0.0966593665 -1.0178122011 697.0610000000 547.2510000000
2.5516870763 -0.1021515584 0.4479541428 -9.2412800000 456.0630000000
2.5516951039 -0.1027084038 0.4483127073 -7.8587100000 456.5880000000
2.5536511537 -0.0970163255 -1.0174108229 698.1050000000 547.0520000000
2.5568916138 -0.0178071713 -2.2054769593 1280.9500000000 659.2470000000
2.5573090472 -0.0727671945 0.4186909951 5.6465900000 473.1250000000
2.5604879627 -0.0189163666 0.3649625073 28.6582000000 501.9400000000
2.5638809465 -0.1032331389 0.4595887593 -7.8509200000 456.9210000000
2.5749241991 -0.1053152215 -1.0797421838 728.9740000000 547.3080000000
2.5785713892 0.1897981109 -2.1955040486 1256.9200000000 757.7090000000
2.5885737343 0.2419451686 -2.1723257946 1238.0400000000 778.9360000000
2.5952071782 0.2008986268 -2.1858361853 1243.4200000000 760.3850000000
2.5964032853 -0.1094272075 0.4524816891 9.5469500000 455.9670000000
2.5986831136 0.0342190983 0.0710546474 180.0940000000 545.0730000000
2.6072297937 0.2431324453 -2.1842039139 1236.8500000000 777.6690000000
2.6094694841 0.0385587996 0.0725921936 180.0950000000 544.9430000000
2.6114710235 0.1923136820 -2.1891595969 1238.8700000000 752.8850000000
2.6136197349 0.0403754374 0.0788076690 180.0870000000 545.7240000000
2.6236060249 0.0620474527 -2.1961863915 1242.7500000000 689.1070000000
2.6236220800 0.3737473384 -2.0986541612 1181.5700000000 831.9000000000
2.6246924219 -0.1295129761 0.2185127084 131.5550000000 461.4900000000
2.6270364707 0.0632077033 -2.2003072079 1247.7500000000 690.2040000000
2.6277455722 -0.1372242544 -2.2169804589 1262.2900000000 594.3620000000
2.6298702009 0.4402878189 -1.0648751347 685.5160000000 801.3450000000
2.6307639363 -0.1812163771 -2.2682578638 1287.1800000000 578.7650000000
2.6309432186 -0.1798677463 -2.2640728269 1286.3500000000 579.5340000000
2.6312696729 -0.1385423805 -2.2191800115 1262.8900000000 595.2820000000
2.6340766445 -0.0027122464 -2.2080377523 1248.8200000000 657.9810000000
2.6342291683 -0.0066188338 -2.2097797337 1250.8400000000 658.3940000000
2.6348927802 -0.0011709139 -2.2076925670 1248.8200000000 657.9810000000
2.6354145719 0.1582923293 -2.1967001556 1234.5700000000 732.8360000000
2.6364715346 0.1572463377 -2.1958840199 1235.0900000000 732.4000000000
2.6383151985 -0.0802895574 -2.2147193616 1254.0500000000 620.7860000000
2.6383580122 -0.0814655956 -2.2136864817 1253.2200000000 620.1020000000
2.6419570368 -0.0538684350 -0.0099318631 233.6800000000 509.1780000000
2.6430568131 -0.0496839333 -0.0071682403 233.6800000000 509.1780000000
2.6434314328 -0.0497080160 -0.0061631357 234.6490000000 509.4360000000
2.6435411428 -0.0507912021 -0.0073734248 235.1330000000 509.4380000000
2.6468190649 0.0300054298 -0.7441311275 561.6500000000 586.3070000000
2.6470705953 0.3035864265 -2.1813166666 1216.7400000000 799.9420000000
2.6511432462 0.2104953123 -2.1846481058 1221.3800000000 755.1290000000
2.6583787575 0.2470761201 -2.1787451702 1211.7300000000 768.8430000000
2.6602679110 0.0417173785 0.2716179896 111.1790000000 535.6650000000
2.6648302434 0.5257947579 -1.0569760114 675.3430000000 833.3590000000
2.6725607878 0.3482517942 -0.1753779296 291.6150000000 695.5740000000
2.6770053825 0.0299299707 0.1803932842 158.0910000000 535.6830000000
2.6777813804 0.3532181807 0.0293024828 205.6420000000 687.3510000000
2.6784503441 0.3551715547 0.0285082891 204.1490000000 687.5150000000
2.6819021968 0.0301774873 0.1782376156 158.0930000000 535.3680000000
2.6831063314 0.0300688476 0.1754793445 157.1650000000 535.4250000000
2.6860230131 -0.3457338149 0.2401285308 155.6100000000 368.2150000000
2.6874144576 -0.3463385581 0.2401833858 154.5480000000 367.7180000000
2.6877355601 0.1609285814 -2.1817902929 1205.4700000000 725.2680000000
2.6899565196 0.0155075952 -1.0157009517 685.1540000000 595.2600000000
2.6907325175 0.1604827840 -2.1839711145 1206.7200000000 723.7220000000
2.6984122207 -0.1487205292 -0.8954212800 637.6320000000 513.2160000000
2.7021316588 -0.2436903610 -0.2707242541 373.6190000000 439.9310000000
2.7049680648 0.0275457841 -0.0105777609 248.9910000000 544.5380000000
2.7059046140 -0.1300358382 -2.2059077719 1224.8500000000 594.6610000000
2.7074030927 0.2257316294 -2.1780119860 1194.2600000000 752.1970000000
2.7089818470 0.0254132349 -0.0112731353 247.4600000000 544.4220000000
2.7112028064 -0.1297885892 -2.2107403656 1224.5100000000 594.4180000000
2.7139856954 -0.1306456655 -2.2118347902 1224.5200000000 594.7450000000
2.7171164455 -0.7767605005 -2.2426954232 1267.5400000000 310.1500000000
2.7231638772 -0.8558346846 -2.2551060376 1275.2600000000 278.9620000000
2.7241271850 -0.4052475007 -2.2205339940 1237.5000000000 472.1180000000
2.7255186294 -0.8570067090 -2.2541935711 1273.8700000000 279.0490000000
2.7280071744 -0.2829555863 -2.2156478832 1228.7800000000 527.8150000000
2.7295591701 -0.8606324922 -2.2601634031 1275.2100000000 279.5340000000
2.7308703390 -0.8140405090 -2.2479160158 1268.5200000000 295.9520000000
2.7310041317 0.2485165327 -2.1792830170 1184.4300000000 758.6840000000
2.7315660612 -0.5435891921 -0.8548499701 643.0470000000 342.7490000000
2.7372656318 -1.2122612152 -2.3940899341 1346.7100000000 130.7770000000
2.7466043650 -0.7848656645 -2.2118428178 1243.2400000000 310.3530000000
2.7469254676 0.0080649727 -0.0437098200 275.0680000000 538.6530000000
2.7480760851 -0.5533186000 -2.2180374215 1234.3800000000 408.9670000000
2.7598766046 -0.5508487861 -0.8475101004 642.2780000000 341.8760000000
2.7603582585 -0.2110096116 -0.7250335520 572.8330000000 478.9010000000
2.7606258439 -0.5559569928 -0.8297798868 635.8590000000 341.5760000000
2.7621778397 -0.2120970790 -0.7254911232 573.4360000000 478.7020000000
2.7625257008 -0.2303509574 -0.9000959983 646.2760000000 482.0920000000
2.7640509380 -0.5523659957 -0.8265849162 634.9830000000 341.8750000000
2.7649874872 -0.5507524553 -0.8246583007 632.9160000000 341.7070000000
2.7699913356 -0.2124572490 -0.9312723822 660.0110000000 489.5850000000
2.7705265066 -0.2465907200 -0.7758293030 595.9190000000 467.9060000000
2.7706067822 0.2539677840 -2.1691870170 1164.8300000000 753.9120000000
2.7733093955 -0.2466487861 -0.8016031361 606.9540000000 469.9310000000
2.7739248421 0.2502965113 -2.1682932815 1165.2400000000 753.0130000000
2.7749951840 -0.2620229096 -0.7986088546 605.9430000000 463.9070000000
2.7761725601 -0.2484887038 -0.8393915571 623.9840000000 470.3490000000
2.7768415238 -0.9430648741 -2.2011367228 1233.9900000000 246.1190000000
2.7796511713 0.2023053237 -2.1728154760 1168.6700000000 731.0790000000
2.7798384812 -0.2821100162 -0.7754306006 597.8980000000 453.8410000000
2.7805074449 -0.2464325770 -0.8851888114 642.0020000000 473.9640000000
2.7806679961 -0.2624622850 -0.7955557043 605.9420000000 463.1040000000
2.7813102013 -0.2490929118 -0.8001742296 607.1540000000 469.1290000000
2.7851099150 -0.2823909809 -0.8473843353 627.5810000000 457.1000000000
2.7879195625 -0.3156250971 -0.8268203914 622.0360000000 441.8830000000
2.7892574899 -0.3056869725 -0.7574060429 591.8440000000 443.7550000000
2.7964287807 0.0257286379 -0.9516570438 656.0370000000 589.1580000000
2.7970174688 -0.9506589499 -2.2155997178 1233.9000000000 247.7840000000
2.7983286376 -0.3252715535 -0.8626340316 635.9920000000 440.1990000000
2.7991313940 -0.3202891120 -0.8283536562 620.3520000000 442.6060000000
2.7995327722 0.0160421775 0.2648127558 161.0730000000 524.4940000000
2.8013255949 -0.3454314433 -0.7963477573 608.8880000000 429.6730000000
2.8018875244 -0.6284566018 -2.2162151644 1216.3600000000 382.2550000000
2.8026635223 -0.3674457005 -0.7574408291 594.7760000000 418.4990000000
2.8040014497 -0.3450380927 -0.7928370359 609.4900000000 429.2700000000
2.8057139967 -0.2829047450 -0.8539776414 632.9900000000 457.9070000000
2.8074533023 -0.3521933283 -0.8581439473 637.9160000000 430.2730000000
2.8081222660 -0.5912434896 -0.9554754885 688.7270000000 336.3170000000
2.8086574370 -0.5906574774 -0.9551945237 689.5360000000 336.9370000000
2.8088982639 -0.6334738295 -2.2159101170 1215.1900000000 381.6650000000
2.8121895653 -0.6226366177 -2.0695676199 1148.2300000000 378.6880000000
2.8123233580 -0.6953208607 -0.7811435506 624.6350000000 287.2380000000
2.8125641849 -0.3670148879 -0.8430414230 631.1690000000 423.2360000000
2.8127782533 -0.6301076042 -2.2255057322 1217.5100000000 381.2930000000
2.8133134243 -0.6241190412 -2.0732335409 1153.5700000000 377.8080000000
2.8156681765 -0.3326087473 -0.9377747092 668.4830000000 441.3810000000
2.8165244500 -0.3464803784 -0.7857781310 609.0060000000 428.7840000000
2.8188256851 -0.6577679149 -0.8589279727 650.1990000000 307.1050000000
2.8272546276 -0.3870222539 -0.9023570956 655.2670000000 419.5850000000
2.8308670315 -0.3874798251 -0.9016372906 655.0660000000 419.5860000000
2.8330077153 -0.3874477148 -0.8993414072 654.9780000000 419.4880000000
2.8345864697 -0.3711865454 -0.7492420101 594.4950000000 418.5390000000
2.8351483992 -0.5016558721 -2.0586287256 1133.8600000000 428.7370000000
2.8357906043 -0.6150211350 -2.0618932684 1138.7900000000 384.3960000000
2.8365130851 -0.5094747197 -0.8759892227 652.9270000000 369.4090000000
2.8410352796 -0.5942377711 -0.9654564268 691.9640000000 338.6700000000
2.8419718288 -0.3880444305 -0.8988972153 655.2680000000 418.6130000000
2.8465475405 -0.2490407326 -0.5970955840 528.0350000000 460.9990000000
2.8482333290 -0.0519482417 -2.1956084069 1165.6100000000 618.2450000000
2.8504542884 -0.6194684057 -2.0744510549 1138.8500000000 383.2770000000
2.8706837504 -0.5142752031 -0.7883469516 615.7680000000 366.5040000000
2.8759284258 -0.7114803476 -0.8644536128 657.0080000000 293.3760000000
2.8802097934 -0.5171410436 -0.7829631318 615.3610000000 365.6790000000
2.8817617892 0.5511939713 -0.6065814891 492.4080000000 778.2410000000
2.8823237187 -0.4792161540 -0.8953008665 658.1410000000 386.0110000000
2.8936158258 -0.5326904356 -0.8761872360 652.4440000000 368.6690000000
2.8977366421 0.5558793930 -0.6055218506 494.0610000000 777.1390000000
2.8993421550 -0.6814197952 -0.8469294400 649.6310000000 305.6250000000
2.9258063586 0.3246828655 -2.0601512870 1070.1500000000 755.4510000000
2.9626261202 0.0294239666 0.3042125765 190.2880000000 527.6880000000
2.9793502124 -0.2331317057 -0.9924477738 681.0430000000 490.9710000000
2.9794572466 -0.2312939287 -0.9862424666 679.1430000000 490.7250000000
2.9795910394 -0.2260963484 -0.2316832655 400.1390000000 459.9280000000
2.9809289667 -0.2311494325 -0.9901411870 681.1650000000 489.5690000000
2.9823204112 -0.2242901464 -0.2302543591 400.9060000000 459.3450000000
2.9823204112 -0.2216180378 -0.2311488973 401.1240000000 459.5530000000
2.9946828602 0.3402911263 -1.9080128885 997.1970000000 744.7920000000
2.9966629928 -0.2523927759 -0.2430917723 409.2970000000 451.1550000000
3.0034596639 0.2607235145 -1.9145981670 1001.0800000000 714.5190000000
3.0045567643 0.3173456717 -1.9294438093 1003.7200000000 735.8440000000
3.0067242067 0.7700949462 -1.8313737321 945.4720000000 900.1450000000
3.0076875144 0.9282647214 -2.0856602105 1032.8000000000 974.5610000000
3.0090254418 0.7764046118 -1.5950904047 860.3330000000 889.8340000000
3.0115139867 0.7649706844 -1.8272555917 946.4280000000 899.5290000000
3.0145109440 0.9359149902 -2.0902252187 1035.7900000000 976.1010000000
3.0164375595 0.2628647335 -1.8666067118 980.5180000000 712.6990000000
3.0169727304 0.4846989804 -1.7906124365 943.6690000000 791.3740000000
3.0169994890 0.7777880287 -1.6009451749 860.6540000000 889.8540000000
3.0178557625 0.4466911393 -1.7953834856 945.6450000000 776.7420000000
3.0179092796 0.7790028667 -1.6010120713 860.1180000000 889.8210000000
3.0183374164 0.3755080509 -1.7560243378 935.1620000000 748.0010000000
3.0183641749 0.4441544290 -1.6329858599 886.6950000000 768.0190000000
3.0187923117 0.4902246205 -1.6306043491 885.0970000000 783.8750000000
3.0197288608 0.4902299722 -1.7968418264 943.6080000000 790.3970000000
3.0206118929 0.4472744757 -1.7357574138 922.8470000000 774.3210000000
3.0207189271 0.6303511070 -1.8084817946 942.1270000000 844.8880000000
3.0209329955 -0.1614613441 -0.8833826094 637.2000000000 512.4000000000
3.0220300959 0.7062169413 -1.7702786161 925.3960000000 871.7780000000
3.0220568545 0.6088318830 -1.8076281970 941.7030000000 836.2760000000
3.0223779571 0.4937754798 -1.8001491829 944.3260000000 792.3800000000
3.0223779571 0.6082217881 -1.7174679465 910.2570000000 831.3960000000
3.0224314742 0.6350177977 -1.6096256478 869.0310000000 835.7880000000
3.0236623673 0.3756364919 -1.6730032679 905.4100000000 743.6480000000
3.0236891259 0.7021095042 -1.8099347838 939.2700000000 871.4580000000
3.0241440212 -0.5510896130 -0.9280319220 672.3110000000 371.6150000000
3.0241975383 0.4867968506 -1.6351265437 885.1140000000 784.1960000000
3.0250270533 0.6114488689 -1.7178238352 910.9790000000 832.5450000000
3.0252411217 0.4904493923 -1.6351800608 884.8320000000 783.8610000000
3.0257495341 0.3449979549 -1.5642244200 865.5860000000 729.0030000000
3.0266860832 0.6695604069 -1.6565788713 884.0000000000 850.7760000000
3.0274353226 0.7628861935 -1.8001866449 930.7970000000 891.3610000000
3.0279437350 0.5733339937 -1.5984833885 866.0540000000 812.6690000000
3.0282113204 0.3371550245 -1.4955004420 839.5000000000 723.9100000000
3.0298971089 0.5912194069 -1.8096618466 942.1670000000 828.6640000000
3.0302984872 0.4499503304 -1.6363627886 885.9000000000 767.9810000000
3.0311547607 0.3773650941 -1.7628852294 934.9590000000 748.4310000000
3.0314758633 0.4946852704 -1.6364939055 884.4240000000 784.5070000000
3.0320110342 0.6561195884 -1.7272107337 909.3120000000 848.4170000000
3.0322518611 0.6721104965 -1.6628055854 884.5210000000 850.5300000000
3.0323588953 -0.1207037947 -0.1192834510 364.4740000000 494.6300000000
3.0332954445 0.5756512839 -1.5989061736 866.0090000000 813.5240000000
3.0365332288 0.3542457089 -2.0157454772 1025.2200000000 750.2360000000
3.0377908805 0.3457739527 -1.5665203034 865.3280000000 727.9170000000
3.0379246732 0.9115861186 -1.4642785686 799.4030000000 927.9020000000
3.0415103186 0.3699128386 0.8150305753 15.2999000000 626.7410000000
3.0422060409 0.2584530518 0.8252229061 16.3330000000 585.5790000000
3.0425539020 0.3525251343 -1.7587162477 933.2590000000 737.3790000000
3.0428750046 0.2800817183 -1.5004454216 843.0710000000 698.3710000000
3.0429017631 0.6243197303 -1.6971287744 897.4370000000 833.3440000000
3.0433566584 0.2425196746 -1.9769027694 1017.4000000000 706.6540000000
3.0444537589 0.3512300206 -1.6733538049 902.2790000000 733.3200000000
3.0455241008 -0.2667736222 -0.3915524761 469.9930000000 452.7000000000
3.0468620282 -0.2654742271 -0.3921251090 469.2450000000 452.6930000000
3.0475845089 -0.1235733813 -0.1133079997 364.7390000000 494.8790000000
3.0493773316 0.9169886694 -1.4694616993 799.8910000000 928.2190000000
3.0531770454 0.9227337296 -1.4684047367 799.4630000000 928.4410000000
3.0535784236 -0.1126497394 -0.1127107489 364.5220000000 495.2910000000
3.0576724814 0.2608383087 -1.5647836736 861.5330000000 693.2190000000
3.0631312251 0.9241251741 -1.4725094979 800.6690000000 927.9660000000
3.0640142572 -0.2653599681 -0.2362662020 414.8860000000 447.1820000000
3.0645494282 0.2592962136 -1.5154435876 847.0600000000 690.5010000000
3.0691786569 0.2598447638 -1.5178491810 847.6930000000 691.1280000000
3.0804975226 0.9561952934 -1.9669191553 977.3640000000 960.7550000000
3.0847788902 0.3396623004 -1.5817218343 863.6480000000 717.5550000000
3.0929937643 -0.4335312856 -0.2628569735 437.3670000000 391.6060000000
3.0933683840 -0.4166921316 0.1505740938 293.7950000000 378.3540000000
3.0933951425 -0.4548605239 -0.2516751117 434.1510000000 384.3060000000
3.0962583071 -0.4281233831 -0.0154608212 353.4250000000 384.6870000000
3.1030549782 0.1409570718 -1.5822141916 869.4870000000 647.6470000000
3.1034831150 -0.5254763312 -0.3574192727 474.6550000000 365.4640000000
3.1046604911 -0.4304915146 0.1606882897 294.6520000000 378.9000000000
3.1061857283 0.1031135282 -1.5807050095 871.5380000000 634.3690000000
3.1067476578 0.1041442675 -1.5796721295 872.1350000000 635.6800000000
3.1074166215 -0.5223107950 -0.3603573612 472.9200000000 366.4270000000
3.1083799292 -0.5224686704 -0.3595679840 473.5560000000 366.8560000000
3.1089151002 0.1013386337 -1.5825165631 871.3180000000 634.1570000000
3.1105741301 -0.4712956239 0.0067310324 347.6040000000 370.7330000000
3.1110825425 -0.4326081157 -0.0151764314 353.6810000000 385.7500000000
3.1125810212 -1.5751499350 -2.7561304079 1346.8100000000 102.2800000000
3.1215718932 -0.4047283849 -0.1367781894 397.2480000000 399.6990000000
3.1224816838 0.0540158746 -1.7307722964 923.5910000000 623.0280000000
3.1227225107 -0.6137715109 -0.3554551953 478.5270000000 336.9150000000
3.1236590599 -0.0417981894 -1.6714378928 906.7450000000 585.2480000000
3.1252110557 -0.6165570757 -0.3595760116 479.1480000000 336.6350000000
3.1259067779 0.0141451570 -1.7063497700 916.6240000000 607.8430000000
3.1283953228 0.0708408466 -1.7504986977 927.9620000000 629.2120000000
3.1285558741 -0.5161268946 0.1405136827 310.0460000000 349.8220000000
3.1295994575 -0.5192817274 0.1416431610 310.8630000000 349.5970000000
3.1313387631 0.0731383355 -1.7530701942 927.7120000000 628.1570000000
3.1330513101 0.0992038368 -1.7784774351 936.0920000000 641.0000000000
3.1338273080 -0.0424398593 -1.6820128709 909.4430000000 587.1510000000
3.1359412333 0.0152875329 -1.7156938548 916.4070000000 608.0470000000
3.1366369555 0.0163846333 -1.7664628473 934.1800000000 610.4950000000
3.1370383337 -0.6672618476 -0.2898806984 460.3930000000 319.4170000000
3.1394198445 0.0161930957 -1.7658955660 934.2070000000 609.7000000000
3.1412394257 -0.7320335881 -0.3160773166 471.3870000000 296.9220000000
3.1461094814 0.1354515006 -1.6295527382 882.9070000000 644.6330000000
3.1462700327 -0.0723626052 -1.8419273033 964.4440000000 582.3640000000
3.1464841011 -0.6119251711 0.1411928146 315.5720000000 321.4430000000
3.1474741673 -0.6110849527 0.1422808171 315.5230000000 322.6430000000
3.1488388533 -0.0724201361 -1.8438057534 962.5000000000 583.3900000000
3.1490796802 -0.6127894722 0.1423388832 316.0100000000 321.0280000000
3.1528258769 0.8392149507 -1.9029180610 945.2580000000 898.8550000000
3.1536018747 -0.6599754951 0.0916196616 335.8130000000 306.7220000000
3.1560904197 -0.0725266351 -1.8512526572 962.8220000000 583.0930000000
3.1575888983 -0.6759342929 -0.2805125309 461.3710000000 318.1690000000
3.1617899903 -0.8978803905 0.2258020043 303.2220000000 222.7440000000
3.1620308172 -0.1407748461 -0.2454339480 425.9270000000 493.5290000000
3.1750354714 0.0207593883 -1.5217050878 846.6080000000 599.2440000000
3.1762663646 -0.7424881526 -0.1663956203 424.8790000000 292.4430000000
3.1772296723 -0.7430340270 -0.2605289799 459.1790000000 296.5330000000
3.1793703561 -0.0015231715 -0.6419348823 551.6620000000 556.1460000000
3.1798252514 -0.0392708445 -1.7024564013 906.7850000000 587.9330000000
3.1907159803 -1.6235802304 -2.8288333819 1346.4700000000 102.8810000000
3.1909835658 -0.8550239006 -0.4109791816 512.8730000000 265.4380000000
3.1935791449 0.0646850427 -1.8909141765 965.4740000000 627.1070000000
3.2009645041 -0.9239512435 0.2513034354 303.2720000000 223.4100000000
3.2011518139 -0.0795820614 -1.7737786342 933.2980000000 577.5470000000
3.2021953973 -0.4222579095 -0.5291369005 534.6940000000 410.8280000000
3.2024629827 -0.4254555559 -0.5259553092 534.7050000000 412.0030000000
3.2060218696 -0.1038127290 -0.5269908650 519.2710000000 517.9990000000
3.2069049017 -0.8593614612 -0.4107570857 514.0560000000 269.1650000000
3.2093934466 0.4595727042 1.2012420452 -60.5892000000 629.5330000000
3.2139959168 -0.4431723903 -0.5256208273 534.1910000000 409.3550000000
3.2195884532 -0.4440179604 -0.5281949996 533.9830000000 408.9450000000
3.2251274726 -0.5554566080 -0.5218612514 537.4420000000 371.2410000000
3.2275892590 -0.9425671651 -0.1297283824 430.1940000000 234.5660000000
3.2316565582 -0.8672150949 -0.4010383812 513.1580000000 266.7510000000
3.2339310348 -0.1027565692 -1.5173648513 844.6570000000 557.9940000000
3.2436711461 0.3652354444 1.2661663094 -62.7482000000 596.8980000000
3.2475511355 -0.0847186322 -1.8020490398 933.6050000000 576.6530000000
3.2486482360 -0.9541803748 -0.5198008432 556.5020000000 246.7700000000
3.2502002317 -0.4454843288 0.2317341068 294.4450000000 379.5360000000
3.2554181485 -0.9521253183 0.2885026332 302.6030000000 219.4750000000
3.2573715225 -0.0786773549 -1.8124474114 936.0130000000 576.9350000000
3.2634992299 -0.1021250674 -1.5274849340 842.3940000000 559.9370000000
3.2730252729 0.6363476975 -1.4682227786 793.7910000000 794.2990000000
3.2769320209 -0.9571853597 -0.1097595487 429.7890000000 235.2180000000
3.2820964205 0.6375919700 -1.4653060969 794.4770000000 791.9360000000
3.2859764100 -0.6621242065 -0.5457994481 551.7880000000 341.5510000000
3.3013358163 -0.1377746777 -0.6460556986 564.8240000000 511.9860000000
3.3092831050 -0.1323349326 -0.6472544815 564.8810000000 514.9370000000
3.3108618593 0.6486298709 -1.4759105093 794.1400000000 795.5860000000
3.3421693600 -1.5554984576 -2.8350681235 1296.9600000000 155.5120000000
3.4209465243 0.5404664696 -1.4923563127 796.8260000000 744.9550000000
3.6147586849 -1.5638043108 -2.8533174530 1228.1100000000 196.1710000000
3.6223581125 -1.5677404931 -2.8600338485 1227.5700000000 196.2160000000
3.6866321439 -0.0482263953 -2.4531139385 1058.3600000000 598.1160000000
4.0287936927 -1.1389508222 -2.8562341347 1131.9100000000 344.3690000000
4.0383732528 -0.7007260873 -0.5122014157 572.3590000000 382.7030000000
4.0561676870 -1.1474814472 -2.8740553274 1131.6300000000 344.6090000000
4.1474143345 0.1713684288 -2.6935421650 1040.6000000000 644.3490000000
4.1590543027 -1.5191523223 -2.8462799550 1117.6900000000 266.6590000000
4.1726744034 -1.5241026536 -2.8536920727 1118.0400000000 266.9670000000
4.1802203139 -1.5263771302 -2.8602746754 1118.1700000000 266.5870000000
4.2418720077 0.2758083782 -2.5011508832 983.0340000000 657.7990000000
4.3272317747 -0.5592563217 2.7188289925 -88.5915000000 345.0990000000
4.3462035849 -0.9924638289 1.4377769031 187.5840000000 290.0750000000
4.3598772028 -1.3530004724 -2.8033324860 1076.8400000000 319.3780000000
4.3599574784 -0.9972000919 1.4518010579 187.9240000000 291.2360000000
4.3610813374 -0.8669822956 1.4663844663 180.2600000000 315.7670000000
4.3613489229 0.2949460915 -2.5693664488 982.4110000000 658.9090000000
4.3615629913 -0.9976870974 1.4517876786 187.6600000000 291.7640000000
4.3952520028 -0.8794544546 1.4955298764 180.5290000000 315.2410000000
4.4059019047 -0.9835104189 1.0806947881 266.9790000000 305.6580000000
4.4081496228 -0.9845700574 1.0787467658 267.1900000000 305.2260000000
4.4230808923 -0.9416065333 1.0729428368 270.1150000000 314.2510000000
4.4376375423 -0.7781064554 2.7400752794 -59.5345000000 309.3640000000
4.4383867816 -0.6435029332 2.7141730052 -59.9896000000 335.4300000000
4.4410893949 -1.3812789055 -2.8691317547 1075.9800000000 318.8910000000
4.4472706194 -1.3827078120 -2.8699077525 1076.7200000000 318.5250000000
4.4528899144 -1.3842785387 -2.8773466288 1076.3400000000 319.4080000000
4.4854550669 -0.7946914032 2.6994022869 -41.2118000000 308.9220000000
4.5033832938 -0.7994945625 2.7104535671 -41.1818000000 310.3060000000
4.6144045080 0.5370815133 -1.2825478923 702.6530000000 662.4920000000
4.7842945271 -0.7576013803 3.2236289939 -77.8985000000 322.6060000000
4.8967607028 -1.0070525891 3.2308002847 -52.5643000000 285.7840000000
4.8970550469 -0.9592404162 3.2446344538 -54.3119000000 293.6010000000
4.9819331600 -1.2401596769 3.2875016472 -39.0012000000 252.0860000000
4.9819599186 -1.2400446152 3.2468554133 -33.9425000000 252.0170000000
4.9915662372 0.7768541554 -1.6378023984 755.8180000000 699.4550000000
5.0494182172 -1.0750540862 3.3047876690 -34.6068000000 282.0110000000
5.0560275785 -0.7160908454 -2.8718611265 995.9970000000 465.3150000000
5.0793342735 -0.9450851444 3.1692288666 -11.2231000000 307.4460000000
5.2015138020 -0.6055432575 3.1932045253 -2.3849800000 368.8140000000
5.2138227339 -0.6017488954 3.2090991026 -2.3974300000 368.5800000000
5.2243120846 -0.6101189691 3.2166717715 -3.1688100000 366.8650000000
5.2257838047 -0.8141181088 3.2239233380 1.4471900000 337.3970000000
5.2768926308 -1.1915982647 -2.9928097619 1004.8400000000 394.9490000000
5.3882349475 -0.9853861931 3.2222643080 29.5163000000 316.6790000000
5.4861712319 -0.6083234706 3.2244049918 35.2364000000 377.1960000000
5.4972225121 -0.9292547877 -2.8960240951 967.7010000000 439.4600000000
5.5023333947 -0.8175084168 3.2321382121 40.1966000000 347.1760000000
5.5054373862 -0.6061934902 3.2299975283 36.1504000000 378.6200000000
5.5091835829 -0.8169732459 3.2249669213 42.7359000000 347.7260000000
5.5753307127 -0.9877543245 3.2141564681 57.0534000000 325.5490000000
5.5873720591 -0.9905639720 3.2266794684 56.4831000000 325.2830000000
5.6167529445 -1.3379380859 -2.8887725286 963.6780000000 381.3660000000
5.6317912482 -3.6639141370 -2.6782630343 973.9960000000 37.1591000000
5.7428124624 -2.2028305389 3.2381588853 98.6616000000 161.8220000000
5.7661726745 -2.2073982230 3.2405671546 99.3077000000 161.8840000000
5.8375912382 -2.4299410362 3.2393095029 113.7550000000 138.1610000000
5.8627710315 -1.4073042690 3.2594854478 95.2028000000 279.5900000000
5.8647779226 -1.4065898158 3.2571306956 95.2760000000 280.0810000000
5.8713337668 -3.1815913156 -2.7543375852 958.7670000000 128.8200000000
5.8757221686 -2.4337594810 3.2534647746 113.6170000000 138.9470000000
6.0034942336 -1.3353103965 -2.8558327565 934.8390000000 393.2970000000
6.0080164282 -0.9767351546 -2.5653045012 887.6720000000 436.9450000000
6.0142511698 -0.2468938944 -2.8423732070 913.3510000000 541.7110000000
6.0263995504 -0.9789775209 -2.8462264379 924.9800000000 442.3400000000
6.0418124739 -0.5329928072 -2.5412084291 875.4150000000 497.5210000000
6.0482345253 -1.3420936884 -2.8871670158 936.1620000000 393.8920000000
6.0577605683 -0.6199768181 -2.5809047345 881.9110000000 487.2410000000
6.0867133168 -0.5377959665 -2.5572234198 875.4150000000 497.5210000000
6.0913693041 -0.7190209063 -2.9284019377 930.0120000000 478.6280000000
6.1098594605 -0.9938338666 -2.6020627181 887.8740000000 437.7680000000
6.1403909634 -1.3254953613 -2.5105618644 878.2040000000 393.7830000000
6.1856129089 -1.0708396150 -2.5335126708 876.1900000000 427.6260000000
6.2286138950 -1.0771813908 -2.5462764980 876.1970000000 427.2130000000
6.2722303277 -1.4155940670 -2.5774421784 882.5410000000 384.8560000000
6.2994170121 -3.8257765917 -2.6600538426 930.0910000000 79.4577000000
6.5650758732 -0.8350673758 -2.6121453389 867.0870000000 465.8250000000
6.7843889297 -2.4690861156 -2.5399159912 874.5830000000 275.0370000000
6.8462011748 -1.4815726180 -2.0687354291 800.6450000000 386.4390000000
6.8501614398 -1.3973393858 -2.0465820275 798.6370000000 396.9890000000
6.8645575385 -0.7930163182 -1.3743859037 710.2700000000 454.7570000000
6.8777762610 -1.4851475600 -2.0722354471 800.9100000000 385.6080000000
6.8905400882 -2.4148679463 3.2290074620 212.8880000000 211.3280000000
6.8919047742 -1.4823593193 -2.0748524331 800.9170000000 385.1940000000
6.9074514904 -0.8327126236 -1.3808534446 711.8990000000 450.9220000000
6.9257810955 -1.8156851957 -2.8698542355 896.1180000000 360.2560000000
6.9425051878 -3.7641516565 -2.5616037941 886.8150000000 136.9240000000
6.9619586519 -1.1681283425 -2.1481360675 803.4260000000 424.6130000000
6.9628149254 -1.3981662250 -2.0684785470 798.2120000000 397.6140000000
6.9674976713 -1.3972296758 -2.0641784484 797.4530000000 398.3660000000
6.9769701971 -3.1517822935 -2.7104268086 894.6090000000 209.0490000000
6.9778799878 -2.9584250282 2.8971211955 260.6480000000 160.6950000000
6.9820543212 -1.8307582855 -2.8957565096 896.3370000000 360.2490000000
6.9907240906 -2.3964848241 -2.8831799922 902.1380000000 295.4780000000
6.9921690522 -2.3973999664 -2.8858290884 902.0940000000 296.4210000000
8.1236274810 -2.1539801343 -1.6314847053 741.3210000000 342.6050000000
8.8208749572 -1.4947137407 -1.8564893050 742.2060000000 417.2980000000
8.9379703617 -0.7034768660 -2.2624191487 767.7270000000 490.5990000000
9.0900927051 -0.7783793926 -2.2518120604 766.4210000000 485.3290000000
9.0967555834 1.0001301528 -1.8722795239 714.5690000000 629.8460000000
9.1068703144 -1.5454345678 -1.8782547076 742.5040000000 416.7090000000
9.2262401955 -0.8608626157 -2.4172976225 778.2010000000 480.6740000000
9.3103690693 -1.2095104365 -1.8075613006 729.5020000000 446.6000000000

gimbalangles:
0.2444625090 0.0076666968 1.4628932083

end: