T_CW:
0.9086316605 0.3426543524 -0.2386975080 -0.8761311512
-0.3278968967 0.9393733405 0.1003062921 0.2966651529
0.2585964630 -0.0128733007 0.9658996570 -0.3500505996
0.0000000000 0.0000000000 0.0000000000 1.0000000000


target_points_pix:
0.2319880454 0.2444928499 2.6899832782 56.5858000000 696.6040000000
0.2338702416 0.2049782350 2.6923112718 52.3000000000 677.3600000000
0.2547702729 0.0643243375 2.6961109856 40.7640000000 612.1180000000
0.2596087534 0.1238829777 2.6960039514 52.8492000000 636.4530000000
0.2616461493 0.2063645953 2.6915352739 67.3318000000 671.3190000000
0.2663717088 0.2063908187 2.6868525281 66.8450000000 672.7150000000
0.2679039032 0.2122504055 2.6903846564 69.7486000000 674.5230000000
0.3234038069 -0.2712513975 2.8684360324 44.6810000000 448.9900000000
0.3313403921 0.0688845292 2.6904381735 78.9310000000 598.3310000000
0.3342062326 0.2096023796 2.6901170709 102.4540000000 660.4390000000
0.3344577629 0.2099828861 2.6892875559 103.0580000000 661.4400000000
0.3349661753 0.1501992066 2.6954420219 94.0194000000 634.3940000000
0.3563034412 0.1131148030 2.6908127931 98.3028000000 613.7850000000
0.3586715727 0.1143612161 2.6926858915 98.8836000000 613.7840000000
0.3702847824 0.2253372084 2.6942111287 125.2350000000 660.4060000000
0.3743012404 0.0747780993 2.6984657378 102.1300000000 593.2990000000
0.3758345052 -0.5492967903 2.8576790963 29.1279000000 326.5060000000
0.3780153268 0.1660488295 2.6986798061 118.2170000000 632.7610000000
0.3784809255 -0.5475146710 2.8502669786 26.2180000000 326.0210000000
0.3993231583 0.0553805606 2.7146279005 110.5290000000 579.1430000000
0.4024940462 0.1936510742 2.6952279535 133.9260000000 641.1580000000
0.4029007761 0.0595005741 2.7066538533 114.6400000000 581.0640000000
0.4065854281 0.1124891881 2.6920704449 122.2780000000 604.3020000000
0.4667332915 0.0609233261 2.7196049904 146.0810000000 569.0190000000
0.4668644084 0.0606763447 2.7223611208 146.4830000000 569.2190000000
0.4688953822 -0.1924488126 2.7562642007 112.3110000000 459.6720000000
0.4712474585 -0.1885688232 2.7568528887 114.2790000000 460.0250000000
0.4730054951 0.0539109811 2.7543108267 151.1600000000 563.2460000000
0.4821810011 0.2501678027 2.6499016496 177.1690000000 654.0870000000
0.4823362007 0.2458765344 2.6495002714 178.3290000000 653.5090000000
0.4833851357 0.0771818197 2.7123801825 154.5360000000 573.8210000000
0.4929432890 -0.4257365207 2.7535615874 87.8743000000 355.7380000000
0.4931948193 -0.4253217632 2.7552741344 88.0199000000 356.1710000000
0.4940350377 -0.5573564649 2.7569064058 67.3798000000 299.5880000000
0.5242240312 -0.2951895943 2.7537488972 124.3410000000 406.7150000000
0.5275420911 -0.2947908919 2.7551671002 123.6150000000 405.9930000000
0.5284144197 -0.0344406591 2.7549262733 164.2290000000 517.3250000000
0.5292599898 -0.0335102644 2.7536418630 164.2290000000 517.0840000000
0.5314461632 0.1932673566 2.6795474446 194.0180000000 617.1500000000
0.5473648232 -0.9600057106 2.9226756085 54.9647000000 142.9910000000
0.5476404362 0.1162005987 2.7069214388 191.7710000000 580.2050000000
0.5491763768 0.1936446521 2.6831063314 202.8090000000 614.6430000000
0.5495349414 0.0512728559 2.7618032200 187.1610000000 550.9670000000
0.5640942672 0.1583332699 2.7013556609 206.4470000000 595.4150000000
0.5677093469 -0.1640545150 2.7660043120 162.7850000000 455.0600000000
0.5682846557 -0.1638816547 2.7644523163 162.6240000000 455.0200000000
0.5686860339 -0.4262770433 2.7649339701 123.0910000000 344.1700000000
0.5708775590 -0.5579638839 2.7667803099 104.6470000000 289.0450000000
0.5974568244 0.2141660499 2.6800023399 228.9560000000 614.2190000000
0.6034079254 -0.0328803682 2.7702589211 199.2980000000 504.6730000000
0.6048288042 -0.0323989819 2.7639171453 199.2500000000 505.2970000000
0.6056449399 -0.2953474697 2.7665394830 160.5930000000 394.7070000000
0.6057600017 -0.2945661201 2.7616159102 159.8680000000 394.4660000000
0.6059098496 -0.4260736784 2.7651212800 140.4150000000 339.7750000000
0.6085669733 -0.5576481330 2.7683055471 121.2130000000 284.6130000000
0.6219061094 -0.2116247906 2.7410385871 177.7170000000 427.9750000000
0.6253231759 -0.1272401051 2.7753162866 194.4250000000 462.0340000000
0.6267601099 -0.1247705587 2.7672887223 196.1150000000 463.7160000000
0.6281033890 0.0327717285 2.7749684255 219.9600000000 530.1240000000
0.6299631080 -0.1211894623 2.7642917650 195.8250000000 463.1400000000
0.6466711452 0.0763068152 2.7436074076 234.0290000000 544.1350000000
0.6503557972 -0.4802838201 2.7479690509 150.8620000000 310.5150000000
0.6508668855 -0.4805540814 2.7554882028 152.2640000000 310.7570000000
0.6524055020 -0.6492319382 2.7952246461 129.2550000000 241.4200000000
0.6531574172 -0.6457051616 2.7675563078 129.5450000000 241.4210000000
0.6553221837 -0.2820003061 2.7694294061 184.7480000000 392.3140000000
0.6583619547 0.2338967326 2.6880834213 260.1160000000 612.1900000000
0.6598978953 -0.3395793490 2.7486915317 177.6900000000 368.8650000000
0.6631945484 -0.7278672822 2.8009242167 123.1140000000 209.3900000000
0.6701785293 0.0239299016 2.8590705408 241.4780000000 516.1010000000
0.6760011893 -1.0376777469 3.0983454738 113.0450000000 121.4450000000
0.6795466968 0.1145332736 2.7586724700 254.7290000000 554.5370000000
0.6800604610 -0.7090961610 2.7674225150 131.3830000000 211.8120000000
0.6852997846 -0.2856394686 2.7803468936 199.8370000000 386.9110000000
0.6855299081 -0.4013006150 2.7525180040 178.6750000000 338.2030000000
0.7025751030 0.0315579608 2.8792464857 256.9150000000 514.1740000000
0.7048923932 0.0328132042 2.8818688233 258.1610000000 514.0940000000
0.7054115090 0.2861425293 2.1265419196 266.6850000000 672.2400000000
0.7054730537 -1.0387909025 3.0768583601 127.5550000000 116.5650000000
0.7057861287 0.2864796870 2.1258515490 266.0820000000 672.2410000000
0.7130350192 -1.0396685828 3.0849394415 127.5420000000 111.3600000000
0.7174421520 -0.1761244930 2.7447045081 227.0050000000 426.9860000000
0.7321727325 0.3300827404 2.1257900044 288.3610000000 690.2300000000
0.7368206922 -0.1859807365 2.7482901535 234.0410000000 419.9770000000
0.7379632822 -0.1861356685 2.7423497559 233.7590000000 420.4580000000
0.7511820048 -0.2782086199 2.7764401456 228.8230000000 381.8050000000
0.7528437106 0.2848527673 2.1240721056 293.2170000000 661.2000000000
0.7535902740 -0.5081555233 2.7519293160 193.1140000000 283.3750000000
0.7547569467 0.3397720105 2.1223809654 306.4370000000 690.2070000000
0.7551288905 -1.2752615398 3.3268634708 131.0240000000 56.4087000000
0.7554874551 -0.5097744154 2.7585386772 193.1150000000 284.0970000000
0.7557336337 -0.7274819591 2.7924149986 162.5480000000 196.6980000000
0.7563169701 0.3411821860 2.1228947295 307.2390000000 691.2060000000
0.7584870883 -0.8345776944 2.7615088760 146.4980000000 148.9880000000
0.7631350480 -0.4904627716 2.7543108267 199.7640000000 291.7220000000
0.7762413846 -0.1762799602 2.7541502754 253.1380000000 417.9790000000
0.7814646531 -0.6955830945 2.9679510711 193.0350000000 222.7430000000
0.7874987056 0.2593783623 2.2999720944 313.3350000000 624.1530000000
0.7909077446 -0.2707590403 2.7774569704 246.2890000000 377.9190000000
0.7970461554 -0.0945721998 2.9236121577 281.2740000000 448.8220000000
0.8026065816 0.2017003129 2.8461194037 325.8230000000 567.7090000000
0.8071261003 -0.5109705225 2.7469522261 217.2510000000 275.7050000000
0.8078887189 -0.7371444707 2.7397274182 185.5190000000 181.4110000000
0.8140752952 -0.0118081725 2.8443265810 297.4220000000 481.0140000000
0.8142064120 -0.0121657737 2.8423999656 297.3420000000 479.0520000000
0.8146238454 -0.0123665431 2.8491163610 298.2900000000 478.7070000000
0.8197186729 0.2649604630 2.1280885636 329.3870000000 633.1440000000
0.8283590079 -0.2658319889 2.7889899045 266.1850000000 374.9240000000
0.8292928812 0.2616729078 2.7268833154 340.7400000000 593.3940000000
0.8313800479 -0.1543727372 2.7613750833 281.2700000000 418.7870000000
0.8314255374 0.2633589639 2.7387105934 342.4670000000 592.1120000000
0.8473040596 -0.2524240834 2.7750487011 274.0230000000 376.7300000000
0.8555992094 -0.3692947161 2.7516617305 260.1270000000 326.8440000000
0.8630541408 -0.1568190037 2.7676365834 296.9360000000 413.9850000000
0.8666879515 -0.0886331401 2.7827284043 307.5440000000 440.6550000000
0.8740599314 -0.3942871996 2.7608131538 264.0980000000 315.1870000000
0.8882499892 -0.3278617809 2.7541235169 281.2360000000 340.6810000000
0.8956433760 -0.5296346095 2.7511533181 253.4280000000 256.5030000000
0.8984289408 -0.5321418854 2.7666197586 253.0250000000 255.7010000000
0.9021644340 -0.2920989820 2.7786075880 291.3200000000 352.4160000000
0.9039197947 -0.2935118333 2.7817383380 293.2970000000 351.9050000000
0.9076713431 -0.4171470269 2.7520095916 275.1780000000 299.8090000000
0.9173980752 -0.9238335059 2.8426943096 213.1090000000 104.3300000000
0.9406057636 -0.5914950199 2.7559966152 264.2460000000 225.2460000000
0.9525427517 -0.0802159714 2.8757946330 344.5210000000 433.0110000000
0.9574957588 -0.9223751651 2.8661615559 230.5040000000 107.2570000000
0.9580657159 -0.9003234459 2.8472165041 231.4770000000 110.8710000000
0.9639365413 0.0966663237 2.8381453565 375.2140000000 500.4530000000
0.9644288985 0.0963072240 2.8333020594 375.4550000000 499.7320000000
0.9668184368 0.0942575193 2.8284587622 376.3220000000 499.4440000000
0.9927876073 -0.1736279206 2.9174041746 349.4510000000 391.6550000000
0.9961083431 -0.1734058246 2.9229967111 350.5350000000 391.9750000000
1.0104107868 -0.3341099018 2.9788685586 336.4180000000 329.6590000000
1.0130866416 0.0506277073 2.8362187411 387.6550000000 473.0370000000
1.0133007100 0.1463986900 2.8385199762 402.6860000000 513.0500000000
1.0144352724 0.0476575085 2.8335964034 388.4580000000 473.7970000000
1.0187781847 -0.4032539889 2.9701720306 328.4110000000 303.8570000000
1.0580784636 0.0973154861 2.8355497774 414.4440000000 485.3170000000
1.0620333770 0.0979978291 2.8341583329 414.4440000000 485.6050000000
1.0727046858 0.4269700897 2.7289437235 468.9650000000 619.2200000000
1.0741309163 0.4267854557 2.7303619266 469.7810000000 620.3710000000
1.0767532540 0.4284926511 2.7391387302 469.2050000000 619.2200000000
1.0822360804 -0.0715684115 2.9158789374 398.0850000000 417.6050000000
1.0840850961 -0.0717749875 2.9148621126 398.6870000000 418.0050000000
1.0876573622 0.4230606659 2.1906848341 501.3840000000 651.5840000000
1.0878446720 0.4201520118 2.1937620671 500.9030000000 651.4410000000
1.0881363402 0.4233416307 2.1933259028 501.7840000000 651.9840000000
1.0912751178 0.4323512337 2.1916829280 504.9830000000 656.3800000000
1.0917059304 -0.3636647177 2.7851901907 361.5280000000 298.8730000000
1.1071322332 0.4198121782 2.6605087379 483.7920000000 615.0080000000
1.1096609159 -0.1646362458 2.9115172941 395.6720000000 378.9760000000
1.1102576315 -0.1667718455 2.9065134457 395.6720000000 379.1760000000
1.1236449329 0.1100364996 2.4599132855 453.4090000000 483.8680000000
1.1296201166 0.4723686417 2.1902914835 530.7990000000 668.9490000000
1.1300857153 0.1115486252 2.5045358395 451.8060000000 483.0280000000
1.1526726054 0.4101764252 2.6150994826 503.8270000000 604.9950000000
1.1569325662 0.5102988830 2.1898392640 551.8020000000 681.9210000000
1.1597877032 -0.0658685733 2.9151296981 428.7620000000 410.0030000000
1.1655809288 0.4537420166 2.1914287218 545.8280000000 651.9410000000
1.1683825487 0.4721331664 2.1915304042 550.6240000000 659.9330000000
1.1689150438 0.4736102383 2.1924482224 550.8230000000 660.9320000000
1.1987829347 -0.1771161648 2.8826983383 430.7570000000 359.9710000000
1.1999041179 -0.3601085067 2.7622581154 405.6560000000 284.8850000000
1.2061468870 0.3860214843 2.5345348473 528.8670000000 588.9810000000
1.2114745139 0.1400108896 2.2470303079 505.3330000000 485.2940000000
1.2195341884 0.3765543101 2.7339475719 519.9960000000 575.4150000000
1.2195555953 0.3772152462 2.7394598328 521.1490000000 574.5510000000
1.2196144641 -0.0094754425 2.8334893692 463.0350000000 421.2100000000
1.2232322197 0.4545715316 2.1949769052 573.8570000000 639.9200000000
1.2377540835 -0.0640885947 2.9154508006 457.8240000000 400.0010000000
1.2389261079 0.3755267819 2.2005293038 567.8910000000 595.9490000000
1.2412862118 -0.1977879456 2.9047473816 442.5810000000 349.1670000000
1.2443554172 0.1065945477 2.6991079429 494.0920000000 461.3920000000
1.2510985712 0.5651940435 2.1908159510 609.4170000000 688.6540000000
1.2552755805 -0.3054595248 2.7638368697 435.7440000000 298.9190000000
1.2562201572 0.4556499011 2.1931171861 590.8690000000 633.9080000000
1.2590512116 -0.1051086455 2.9179928627 461.2050000000 381.8800000000
1.2611116198 -0.1051436992 2.9147550784 462.0700000000 381.5920000000
1.2630756972 -0.8559818566 2.8267997323 362.2880000000 91.4532000000
1.2632228692 0.0027812299 2.7144138322 485.8750000000 417.6080000000
1.2671965135 0.0023667507 2.7449453350 485.8750000000 418.0090000000
1.2707955382 -0.8613228627 2.8554581368 362.1680000000 91.6134000000
1.2713976055 -0.8646757088 2.8565819958 362.1670000000 91.0358000000
1.2796178313 -0.4078778660 2.9655160433 428.7090000000 270.8830000000
1.2865911088 0.2339226884 2.0653344177 577.0960000000 520.1060000000
1.2872252864 0.2330091516 2.0596134402 577.9440000000 519.9770000000
1.2894890595 -0.3339948401 2.7526250382 447.3620000000 283.1090000000
1.2898904378 -0.3305322840 2.7500027005 446.7610000000 282.9080000000
1.2970751078 0.3977015903 2.7706602993 553.9010000000 569.9710000000
1.2980384155 0.5633022141 2.1898847536 630.5460000000 678.9420000000
1.2982845942 -0.8157262975 2.7703124382 382.4090000000 94.5346000000
1.2985013384 -0.2057373750 2.7864746010 466.8270000000 332.9630000000
1.3104918436 -0.8277783474 2.8329006811 382.9870000000 94.5355000000
1.3137296279 0.4601774474 2.1906794824 619.8810000000 623.8890000000
1.3168657296 -0.6365376832 3.2619472342 406.5960000000 208.7740000000
1.3177300307 -0.6378568796 3.2658272236 406.3950000000 208.5740000000
1.3210882285 -0.5472363821 2.7506449057 429.2470000000 195.3740000000
1.3218026817 -0.1542499155 2.7561036494 485.4340000000 349.0350000000
1.3230924437 -0.4164165185 2.7545516536 447.7380000000 245.8650000000
1.3264158553 0.1610275880 2.0540824484 585.5670000000 473.9900000000
1.3277939205 0.1643694631 2.0606222374 584.9670000000 473.9900000000
1.3414434557 0.2325320467 2.0576600662 605.9600000000 507.9690000000
1.3584913264 -0.0226450096 2.7561036494 517.1210000000 394.8030000000
1.3594599858 -0.4164620081 2.7531334506 462.9690000000 241.0700000000
1.3600192394 -0.5484458685 2.7555149613 443.7760000000 189.8590000000
1.3600700807 -0.5472497614 2.7541770340 443.6810000000 190.5800000000
1.3633212442 -0.6796028898 2.7581372990 426.7770000000 138.8640000000
1.3749986744 -0.2786367567 2.5124403145 499.2550000000 278.1400000000
1.3851481915 -0.3352846021 2.5089242413 494.8390000000 249.9020000000
1.3877196880 -0.8120068594 2.7683590642 417.0760000000 87.3696000000
1.3907246729 -0.8121700866 2.7738980836 417.6540000000 87.6593000000
1.3913695539 -0.0943321756 2.1228385366 564.9640000000 331.9890000000
1.3955064253 -0.0829991279 2.1346979249 567.5680000000 338.3920000000
1.3995148558 0.4570734558 2.1942437210 659.4090000000 604.6690000000
1.4004861910 -0.1657130097 2.7756106306 512.3050000000 334.7780000000
1.4018187667 -0.1653124343 2.7810961329 511.9050000000 335.9790000000
1.4142347328 0.2090813907 2.0451290383 640.7730000000 480.9260000000
1.4145718905 0.1618100080 2.0481340232 631.9830000000 455.9810000000
1.4154014055 0.2097626633 2.0461806493 641.9730000000 481.1660000000
1.4187328447 0.1628431555 2.0605366101 632.1430000000 456.4600000000
1.4520820226 0.5777170438 2.2196295551 703.1170000000 649.5160000000
1.4750381807 -0.7179318334 2.7148152104 466.6430000000 106.6450000000
1.4765527145 -0.7585860949 2.7157250010 460.4060000000 90.8007000000
1.4812809498 -0.7597741744 2.7229230503 460.4060000000 90.3196000000
1.4862366328 0.1570017646 2.0464295038 669.5810000000 439.1750000000
1.4902664701 0.1567226729 2.0463304971 669.5810000000 439.1750000000
1.4940849149 0.5413387982 2.2229770494 711.7740000000 623.6140000000
1.4969935690 0.5431904897 2.2371376729 711.1990000000 623.3270000000
1.5002393808 0.4786194384 2.2211360614 708.3490000000 591.6800000000
1.5082696210 -0.3621769424 2.2552746164 561.5000000000 195.1490000000
1.5122619963 0.5360272265 2.2216337703 721.2730000000 619.0020000000
1.5184780069 -0.5543407765 2.7477549825 505.7970000000 169.8060000000
1.5221974450 -0.5540812186 2.7598766046 505.2360000000 169.7260000000
1.5295052044 -0.3678470787 2.2514561717 570.1470000000 189.9650000000
1.5469945911 0.4158224788 2.2298968099 714.8920000000 554.8700000000
1.5477625615 -0.6604865834 2.7139321783 503.7430000000 120.9190000000
1.5490469717 0.4160927401 2.2326823747 715.5730000000 552.8320000000
1.5502243478 -0.4352652395 2.2093810314 571.8780000000 149.8340000000
1.5523409490 0.5500808157 2.2283929795 742.6130000000 616.5850000000
1.5609491737 0.6967363879 2.2123110923 773.7020000000 686.6750000000
1.5663998899 0.1318428429 2.0906399762 693.9780000000 412.9800000000
1.5671009638 0.6975311167 2.2171222792 774.4230000000 685.1160000000
1.5689874415 -0.0367962140 2.1098793719 663.5980000000 330.0000000000
1.5718907439 0.5380929864 2.2188963709 749.7640000000 608.0440000000
1.5728915136 -0.0322039121 2.1061759889 663.8380000000 329.7600000000
1.5731376922 -0.0357644044 2.1170908005 662.9980000000 330.0000000000
1.5739645313 0.6944298010 2.2070824721 779.6960000000 683.6720000000
1.5760811324 0.5398215886 2.2267446529 748.6140000000 606.9900000000
1.5782351955 -0.5296372853 2.7605990854 531.2020000000 172.6330000000
1.5837260495 -0.8345669909 2.8120022554 488.0340000000 61.9691000000
1.5881144513 0.6683482447 2.2150859537 778.7160000000 666.6930000000
1.5893587238 0.0500523986 2.0989431535 689.9880000000 368.9950000000
1.5893828065 0.0237694841 2.1010758098 684.9920000000 355.9980000000
1.5921228818 -0.3910413878 2.1545902292 607.1170000000 157.0720000000
1.5986706984 -0.6470751993 2.7567726131 522.5030000000 125.0270000000
1.6011619191 -0.6483167959 2.7599301217 522.7830000000 124.7470000000
1.6038404498 -0.4038587321 2.2019715895 606.4430000000 155.3890000000
1.6053014665 -0.4004818034 2.1926756701 606.1560000000 156.8310000000
1.6208160724 -0.3359856760 2.1306279498 630.9440000000 175.9090000000
1.6341338016 -0.4380722111 2.7405301747 562.9440000000 197.1690000000
1.6373635583 0.6498420331 2.2135446614 799.7670000000 647.6940000000
1.6548609726 -0.3333232005 2.1284605074 647.9480000000 171.9150000000
1.6565761955 0.5446060169 2.2094960931 790.5660000000 594.9670000000
1.6571862904 -0.3664021171 2.1187257478 643.9370000000 155.8950000000
1.6598300349 0.5393051486 2.2135794475 789.4650000000 594.2010000000
1.6676488825 -0.3710500768 2.1458722944 646.2100000000 155.4160000000
1.6694202983 0.1966908452 2.0414764966 763.1130000000 424.7500000000
1.6743920365 0.0501104646 2.0809587336 732.9230000000 352.7930000000
1.6759627632 -0.0145120167 2.0893876761 719.9750000000 321.0000000000
1.6800300625 0.4806718190 2.2144785347 788.1990000000 560.2100000000
1.6893848507 0.7404678823 2.2065580046 838.5990000000 681.6110000000
1.6900805730 0.7474572149 2.2134563582 839.5960000000 682.4090000000
1.6903668894 0.7453004760 2.2133653791 837.6800000000 682.1710000000
1.7179870623 0.5885194694 2.2107698000 823.3840000000 603.0880000000
1.7426156296 0.4161409055 2.1954826417 808.5010000000 518.2420000000
1.7438759572 0.5103978896 2.2113986259 820.7430000000 562.7810000000
1.7640037367 0.1413357052 2.0563943869 794.7670000000 381.5660000000
1.7681111738 -0.5644795902 2.8122430824 593.8950000000 142.8420000000
1.7902672512 -0.9131140317 2.9659709386 544.7140000000 35.5810000000
1.7927879064 0.5766119157 2.1982146894 856.6560000000 584.7230000000
1.7929002923 0.5796115489 2.2007540756 856.4560000000 585.3220000000
1.7946824116 -0.9186905130 2.9699044451 545.4760000000 35.5820000000
1.7972699632 0.1376981483 1.8933492044 848.2560000000 366.2940000000
1.7979790647 -0.3455973463 2.1177918745 712.7360000000 143.9220000000
1.7980780713 -0.3472751073 2.1227636126 712.7360000000 143.9220000000
1.8096056536 0.6856904594 2.2035503438 879.4050000000 631.7980000000
1.8138201249 -0.3504406434 2.1557970397 713.5990000000 143.3460000000
1.8306539272 0.7596885471 2.1967349418 905.4770000000 662.5680000000
1.8383657406 0.7702367665 2.2106600900 906.6700000000 666.2820000000
1.8627186949 0.7644702995 2.2013802256 917.0220000000 657.9320000000
1.8655229907 0.5472551131 2.1974092572 882.3450000000 557.0180000000
1.8655283424 0.3380193256 2.1876691458 848.2110000000 461.2530000000
1.8748563721 -0.8188035305 2.9864144690 584.2080000000 63.2938000000
1.8880536878 0.5514160673 2.2036252678 888.8130000000 555.3350000000
1.8898732690 0.0776538405 1.8007699812 902.1230000000 311.9720000000
1.8961775828 0.0670810031 1.9926314437 856.6080000000 317.9820000000
1.8964986854 0.7672505126 2.2013588188 930.6270000000 652.3590000000
1.8981951773 0.6967363879 2.1912333844 923.9520000000 621.6900000000
1.8987142932 0.4169918273 2.1579644821 879.5200000000 492.3030000000
1.8994608566 0.7866718665 2.2027689943 935.4060000000 661.9400000000
1.8998756141 0.0362655920 1.9232893433 870.9880000000 293.7480000000
1.9005820398 -0.3493060810 2.1728288553 751.1170000000 135.5320000000
1.9023454281 0.4202135564 2.1765268866 880.4780000000 493.0210000000
1.9089976030 0.4216638697 2.1776025802 880.9570000000 492.3020000000
1.9107716947 0.5444160312 2.2014872598 898.1580000000 547.5140000000
1.9130595506 0.1455044194 2.0063344960 877.5810000000 355.9220000000
1.9139746929 0.5425134985 2.2025950637 898.3990000000 545.7400000000
1.9147640700 0.2213600854 1.8516299527 931.0210000000 385.2510000000
1.9172419116 0.2208538137 1.8548195716 929.6320000000 384.9080000000
1.9176834276 -0.6555121693 2.8090052981 635.7900000000 93.1133000000
1.9244747470 0.8639237936 2.2044440793 958.3200000000 691.4740000000
1.9613185912 0.5430459936 2.1981772275 922.3000000000 538.8670000000
1.9761642335 -0.1086528151 2.1309115904 832.6570000000 232.8010000000
1.9835228341 -0.0948320253 1.8974058002 889.6870000000 209.0840000000
1.9852541121 -0.3600897757 2.1804925033 782.6730000000 119.1610000000
1.9905496287 0.5462944813 1.7952470170 1048.9600000000 548.2530000000
1.9979189327 0.3496753490 1.8370652752 999.9320000000 442.1700000000
2.0009346210 0.8755878445 2.1925900427 995.2310000000 683.4510000000
2.0010122208 0.4196007857 2.1532201916 927.5170000000 478.4620000000
2.0037790547 -0.0180779142 1.6574645793 986.2580000000 215.9770000000
2.0043249290 0.8474084180 2.1926382081 991.6530000000 670.2740000000
2.0064227992 0.8511251802 2.1955120761 991.4140000000 670.5140000000
2.0074075137 0.6542197315 2.1987231018 958.4630000000 579.9610000000
2.0086062966 0.8546225224 2.1986107159 991.1250000000 671.6640000000
2.0226010171 -0.1287369783 1.8321497300 918.7170000000 176.9880000000
2.0243242675 -0.8133019731 2.8699077525 643.5150000000 34.2559000000
2.0268663296 -0.4066362694 2.1825582632 792.8700000000 92.9043000000
2.0290310961 0.7453914550 2.1913645012 985.7180000000 617.5600000000
2.0312520555 0.6035765042 2.1887582187 960.6380000000 555.2760000000
2.0317765231 0.3402643678 2.1506379917 927.6110000000 431.8610000000
2.0336951109 0.7769692171 2.2021374925 989.2970000000 629.5380000000
2.0484952636 -0.4087742773 2.1838881630 801.8620000000 89.9045000000
2.0486611666 -0.4063981183 2.1837302876 801.4620000000 89.9043000000
2.0519444404 -0.4056408514 2.1831282203 801.9420000000 90.6254000000
2.0603707071 -0.4109711541 2.2247404377 801.6540000000 91.4903000000
2.0721123578 0.5114120385 2.1416150095 977.4330000000 506.1330000000
2.0744617583 0.5104835169 2.1887234326 964.4700000000 502.7480000000
2.0756016724 -0.0308191573 1.7909201598 977.6370000000 215.9800000000
2.0914159741 0.1569958777 1.7980111749 1018.2500000000 314.3210000000
2.0958766240 -0.5871761904 2.7713025045 709.1080000000 95.8618000000
2.1017635044 -0.6563630912 2.7628735619 701.8870000000 66.8116000000
2.1026438607 -0.8133314075 2.8722357462 670.6440000000 27.3083000000
2.1119237250 0.4202938321 2.1418718915 975.7940000000 456.2810000000
2.1153220605 -0.6712729539 2.7560501323 705.8830000000 60.8044000000
2.1159027210 0.5838634822 2.1407426808 1004.4600000000 529.5980000000
2.1167268843 0.6789981466 2.1164673264 1029.1200000000 576.7370000000
2.1175403441 -0.4003453348 2.1759328468 832.8300000000 82.9078000000
2.1313209962 0.8623637702 2.1367984709 1058.0800000000 656.4350000000
2.1525940416 -0.6707832725 2.7573880597 718.4400000000 57.4081000000
2.1553341168 0.5480685730 2.1384815835 1013.3400000000 506.1050000000
2.1783866056 -0.7166715059 2.7645325919 720.8660000000 39.7780000000
2.2049364366 0.7787941501 2.0850741983 1092.2300000000 606.6850000000
2.2827208588 0.6991981742 2.0902332463 1107.0300000000 555.5540000000
2.2852441898 0.8572395084 2.0853712181 1135.0500000000 628.6970000000
2.2903978861 0.6545702685 2.0956946658 1099.8000000000 533.5460000000
2.3034266229 -0.6669246899 2.7750754597 767.8600000000 46.6236000000
2.3156686585 0.8518342817 2.0800328879 1147.9800000000 618.6230000000
2.3183605684 0.5446033410 2.0952076603 1093.5300000000 476.0860000000
2.3215287804 0.7770575203 2.0986755680 1130.7800000000 583.5550000000
2.3339313673 0.4870671119 2.0923739301 1089.5300000000 447.2820000000
2.3345254070 0.7446101055 2.0668890893 1140.8400000000 566.8700000000
2.3375143368 0.6072691838 2.0778306594 1118.0400000000 503.6260000000
2.3460583411 0.7761182953 2.0833723546 1144.5700000000 578.3690000000
2.3612571961 0.6628306321 2.1009259619 1126.5200000000 522.3110000000
2.3973972906 0.5167262861 2.0787993188 1123.0600000000 449.7000000000
2.4435477577 -0.6093376195 2.7865816352 822.3570000000 55.1622000000
2.4440080047 -0.6047485286 2.7782597268 823.0290000000 55.0663000000
2.4514335017 -0.6057412707 2.7878392869 822.8290000000 55.8674000000
2.4701511058 0.5470838584 2.1859004058 1123.4600000000 450.8980000000
2.5249071218 -0.4895503051 2.7672352052 862.7970000000 86.9213000000
2.6600083531 -0.4533272592 2.8354427432 899.7480000000 93.5349000000
2.6709044337 -0.4550986750 2.8538258654 898.3100000000 93.2465000000
2.7028273810 -0.2888103565 2.7515814548 947.6670000000 137.9690000000
2.7109352210 -0.2887461360 2.7669141026 948.6250000000 136.7680000000
2.7361685314 -0.4505256392 2.8597930215 919.0140000000 89.7889000000
2.7397006597 -0.4544109803 2.8658136948 918.7180000000 88.9320000000
2.8324457858 -0.4107089203 2.7462029868 972.4910000000 77.6792000000
2.8351216406 -0.2880263310 2.7661381048 987.1920000000 122.3540000000
2.8390819057 -0.2976272979 2.7544446194 987.4330000000 119.4720000000
2.8413563822 -0.4157609341 2.7587259871 974.5040000000 79.1205000000
2.8413831408 -0.5284759644 2.9280808351 927.3030000000 63.5041000000
2.8428548609 -0.3003406147 2.7624454252 988.0080000000 117.4550000000
2.9482300215 -0.5323291952 2.7433130636 993.1980000000 27.4516000000
2.9916859029 -0.2930944000 2.7316195783 1039.4900000000 103.9260000000
3.0037807664 -0.2717410789 2.7399414866 1043.1900000000 110.5210000000
3.0076072388 -0.2958879923 2.7443298884 1040.6100000000 102.1640000000
3.1986632690 -0.0031941946 2.8942312724 1096.6000000000 195.1920000000
3.2206320366 0.1617671943 2.8369679804 1133.9100000000 238.9330000000
3.2977234124 -0.1388035439 2.9315594463 1101.8000000000 145.0690000000
3.3039849125 -0.0635938292 2.9282681450 1111.7000000000 167.9160000000
3.3064466989 -0.4223221300 2.7979807765 1099.8100000000 39.4267000000
3.3095239319 0.2363095508 2.7544981365 1188.4900000000 248.9640000000
3.3155178466 -0.1392185690 2.9483370557 1102.1400000000 143.9160000000
3.3184345283 0.1953143855 2.7582710918 1186.2100000000 234.8590000000
3.3231440326 0.3983732298 2.6809388890 1231.5500000000 296.4160000000
3.3242143745 -0.0635860692 2.9424769338 1112.4200000000 166.9560000000
3.3747612711 0.4071232749 2.7361417728 1230.9100000000 296.7770000000
3.3817184934 -0.1046542854 2.8724498146 1141.6500000000 142.6880000000
3.4153272293 0.2283724304 2.7455340231 1218.9600000000 234.8280000000
3.4250138235 -0.4291054218 2.8197622343 1126.3700000000 29.7931000000
3.4373762726 -0.0018776794 2.8784437292 1162.7000000000 168.3580000000
3.4412830205 0.2093982119 2.8923581740 1188.2700000000 233.8500000000

gimbalangles:
0.0491449571 0.3500668602 -0.0077704730

end: