T_CW:
0.9704795470 -0.1026265066 -0.2182595908 -1.1908795609
0.1022472507 0.9946732507 -0.0130623142 -0.0090062994
0.2184375163 -0.0096397343 0.9758033239 -0.3877091971
0.0000000000 0.0000000000 0.0000000000 1.0000000000


target_points_pix:
-0.7156948189 -1.5147906790 2.8343991598 -56.3160000000 38.7121000000
-0.7055319225 -0.7062436998 2.7942078212 -89.0584000000 270.1730000000
-0.6846013865 -0.7438742454 2.7866351523 -80.6048000000 258.9940000000
-0.6822252275 -1.5207979730 2.8493839465 -43.0232000000 41.3766000000
-0.6734056102 -0.8395360532 2.7772696606 -78.2101000000 230.0380000000
-0.6697985579 -0.8356614155 2.7679844446 -78.2834000000 228.8190000000
-0.6631276520 -0.8307672772 2.7684928570 -75.4113000000 230.7720000000
-0.6335353742 -0.6104561268 2.8097010203 -63.8266000000 303.1690000000
-0.6313197664 -0.6139775517 2.8136345268 -62.7017000000 303.2250000000
-0.6129179132 -0.9143342215 2.7892039728 -50.6350000000 212.1860000000
-0.6113525382 -0.9159343826 2.7888293532 -49.8777000000 211.2600000000
-0.5997714387 -0.0920681349 2.8821096503 -53.1842000000 459.4560000000
-0.5059399155 -0.4021301299 2.8825110285 -10.5595000000 375.2370000000
-0.5046501535 -0.2558596133 2.5835163688 -86.2766000000 403.4180000000
-0.4798128696 -0.2706038407 2.5792028909 -77.9498000000 397.7420000000
-0.4472878550 -0.8673729704 2.7544178609 -2.5575600000 231.9470000000
-0.4370098968 -1.0429919944 2.7777513144 10.9976000000 182.2450000000
-0.4340584290 -1.0421544519 2.7665394830 11.1561000000 184.0180000000
-0.4292847041 -1.0394652179 2.7652283141 12.0957000000 183.5060000000
-0.4201332808 -1.4354462336 3.0163305253 71.8110000000 110.4410000000
-0.4194000966 -1.4003818327 3.0689378300 82.9475000000 127.7650000000
-0.4167295935 -0.9888112872 2.7730150515 15.8677000000 201.1180000000
-0.4163041326 -1.4069350010 3.0501265710 81.5284000000 126.4360000000
-0.4146531302 -0.9941763760 2.7732291199 17.2606000000 199.2540000000
-0.4137406638 -0.9109064515 2.7583246088 12.1520000000 221.4390000000
-0.3657331534 -0.9226989435 2.7789822076 35.6241000000 222.0630000000
-0.3567342538 -1.0126156912 2.8175680333 47.7343000000 204.9360000000
-0.3293495562 -0.9297070071 2.7957062999 48.3944000000 226.6960000000
-0.3225849953 -1.0281329729 2.8515513889 64.9402000000 205.4300000000
-0.3064335360 -1.5113548815 3.3048144275 149.4680000000 140.3280000000
-0.2971536717 -0.9165391258 2.8067308215 61.2350000000 232.5280000000
-0.2935252126 -0.8915894560 2.8172469308 63.9651000000 243.9200000000
-0.2929284970 0.0116604920 2.6473622635 -1.0418200000 496.8060000000
-0.2927893525 -1.4922011131 3.2656666723 149.1530000000 140.2960000000
-0.2892037071 -2.3308086448 3.3117448913 174.3040000000 -49.1290000000
-0.2880557655 0.0115282780 2.6324416973 0.2727710000 497.1830000000
-0.2833971023 -0.1763326745 2.7540699998 33.4092000000 443.5890000000
-0.2815641418 -0.1999235453 2.7632214231 35.7525000000 434.8140000000
-0.2812724736 0.0043288908 2.7624989423 28.5896000000 493.9690000000
-0.2802931108 -0.1775370768 2.7557557883 34.5639000000 441.6350000000
-0.2739352799 -0.3710928905 2.7711687117 44.8971000000 385.8960000000
-0.2596020638 -0.4372293169 2.7599836388 50.8774000000 367.7660000000
-0.2452736643 -1.4978551942 3.2928265982 163.9170000000 145.2240000000
-0.2218064180 -0.5685923790 2.7606526025 67.3855000000 331.7160000000
-0.2203135586 -0.5693041564 2.7571739913 67.0738000000 331.9760000000
-0.2102309379 -2.3087970635 3.3159995004 196.1470000000 -40.3801000000
-0.2011070759 -0.6275601905 2.7732826370 79.2249000000 317.3800000000
-0.1996677336 -0.6277983415 2.7753430452 79.3795000000 315.7680000000
-0.1931172411 0.0321145385 2.7512068352 57.8287000000 506.9800000000
-0.1888529990 -0.7096928766 2.7694294061 83.8282000000 292.9070000000
-0.1884599159 -2.2774440732 3.2493707168 195.3820000000 -40.4574000000
-0.1361421387 -0.8768749306 2.8802365519 124.0610000000 257.6880000000
-0.1061292165 0.0581556895 2.6961912612 76.0093000000 516.7870000000
-0.0779653099 0.1606235340 2.6972883617 79.9025000000 549.3270000000
-0.0756563149 0.1190851701 2.7010077998 85.5274000000 535.7990000000
-0.0730436103 0.1195494309 2.6896889341 84.7428000000 535.7500000000
-0.0723805335 0.1652356373 2.7006866972 83.7710000000 549.2360000000
-0.0685476391 0.1684166934 2.6985460134 84.0437000000 549.2330000000
-0.0669172408 0.3098425749 2.6926591329 77.7297000000 591.9760000000
0.0149109063 -0.3197432376 2.7473803629 137.2620000000 411.9310000000
0.0150825089 0.4120441718 2.4193071894 53.4970000000 639.7970000000
0.0257753851 0.4088037117 2.4189700317 55.3454000000 639.1160000000
0.0276870693 -0.6958533558 2.7720249852 156.9690000000 308.5410000000
0.0323168332 0.4033877817 2.3905578058 53.1268000000 639.1530000000
0.0400562079 -0.3190154051 2.7555417199 146.0960000000 414.5360000000
0.0431925773 -0.8186269241 2.8400987305 170.2950000000 280.6820000000
0.0732897889 0.4046909229 2.7789286905 138.4390000000 619.3500000000
0.0736242708 0.4045651578 2.7793033102 138.1930000000 618.9140000000
0.0745618903 -0.1830977706 2.7817383380 155.1220000000 454.0760000000
0.0760558200 -0.1816276560 2.7835579193 155.4870000000 453.7680000000
0.0789403914 -0.5085194395 2.7741121520 166.7310000000 364.2800000000
0.0909354456 -0.8992263455 2.8327936470 190.6640000000 260.6490000000
0.0996793362 -0.8965585183 2.8299572409 191.6640000000 261.7390000000
0.1001245984 -0.8437130625 3.2960643824 240.0590000000 313.6550000000
0.1018938736 0.5725686992 2.0146644318 -21.9472000000 740.7400000000
0.1316863054 0.1204233651 2.7003388361 155.8260000000 541.9910000000
0.1422050905 0.1307848099 2.7017035220 158.0170000000 545.1220000000
0.1434498981 0.1343733987 2.6995628382 158.3650000000 546.3430000000
0.1883159549 -0.6140765583 2.8392156984 212.4230000000 343.2280000000
0.2048984945 0.5352458769 2.0430097614 36.5708000000 723.1840000000
0.2335352246 0.1188839458 2.6960574685 187.6660000000 545.0120000000
0.2335734893 -0.5537788470 2.7626059765 213.2740000000 358.5240000000
0.2380654467 -0.5408437651 2.7238060824 213.2850000000 358.7450000000
0.2547702729 0.0643243375 2.6961109856 196.5400000000 529.8290000000
0.2663717088 0.2063908187 2.6868525281 194.8540000000 569.8220000000
0.2701837315 -0.4492064428 2.6790657907 214.7830000000 383.0980000000
0.2777028834 -0.4438360023 2.6648864363 215.7660000000 384.0990000000
0.2921070096 0.6228801205 1.9885641445 59.4329000000 767.6410000000
0.3339627298 0.2085167853 2.6899565196 217.1110000000 572.7070000000
0.3409922003 -1.3168657296 3.3195316287 311.9420000000 219.2380000000
0.3423488586 -2.3156766861 3.2862172369 333.6820000000 -8.6671200000
0.3445323561 -0.5569577625 2.8570904082 258.5960000000 366.2540000000
0.3558271391 -0.5505303593 2.8430154122 258.8140000000 365.8290000000
0.3625248036 -0.9752179450 2.7600906730 269.3410000000 248.3180000000
0.4465573466 -0.9609315564 2.8412761066 296.3620000000 263.4430000000
0.4515103538 -0.8827858938 2.8655728678 297.4390000000 285.8450000000
0.4572741449 -0.9545469669 2.8618801883 301.1530000000 265.1450000000
0.4589412025 -0.2061812993 2.7767344896 274.3600000000 461.8280000000
0.4602256127 0.8058416900 1.5860326363 20.0098000000 947.2310000000
0.4627409162 0.6604972868 1.5880207964 29.8988000000 869.9890000000
0.4636854930 0.8121647349 1.5917054484 21.1639000000 947.1410000000
0.4640360299 0.6629028802 1.5916599589 29.1437000000 869.6990000000
0.4640975746 0.6613508844 1.5898216467 30.9907000000 868.7260000000
0.4650983443 -0.1964920292 2.7602512243 274.3910000000 463.6580000000
0.4659332110 0.8148031276 1.5941137177 22.8014000000 949.1540000000
0.4667332915 0.0609233261 2.7196049904 265.6900000000 533.8390000000
0.4688953822 -0.1924488126 2.7562642007 276.0830000000 463.9370000000
0.4712474585 -0.1885688232 2.7568528887 277.0230000000 464.1620000000
0.4925713451 0.2579489207 2.1409621009 196.7070000000 614.4980000000
0.4928844201 -0.2955133727 2.7582710918 286.9690000000 436.8300000000
0.4938450520 0.2328935546 2.6565752314 262.7090000000 583.6870000000
0.4947628702 0.2576864194 2.1324314759 197.4650000000 614.2580000000
0.4969704504 0.2294970922 2.6640783282 264.0580000000 582.4720000000
0.4973798562 0.2276975799 2.6582529923 264.0580000000 582.4720000000
0.5076845729 0.1373949739 2.6899030025 273.5210000000 555.1350000000
0.5091991066 0.1704361610 2.6806445450 271.2610000000 566.5820000000
0.5292385830 -0.4270289585 2.7546854464 301.0760000000 403.4550000000
0.5499630781 -0.9330919634 2.9196251341 331.0680000000 282.2780000000
0.5640942672 0.1583332699 2.7013556609 287.4150000000 563.8450000000
0.5687957440 -0.4262636641 2.7579767477 313.7280000000 404.6720000000
0.5755870634 0.1920182676 2.6851667396 290.9800000000 573.7010000000
0.5774066446 -0.9262872647 2.9148621126 335.4530000000 283.2280000000
0.5805427464 -0.0725215510 2.7660845877 306.3190000000 500.2010000000
0.6088532898 0.4210350439 2.1297261867 235.5020000000 676.1100000000
0.6092412887 0.4209547682 2.1305075363 235.5130000000 675.8910000000
0.6197413428 -0.1126968345 2.7650142458 319.2150000000 488.3670000000
0.6253231759 -0.1272401051 2.7753162866 321.0290000000 488.7980000000
0.6259867879 -0.3157749450 2.7696434745 326.5970000000 437.0220000000
0.6267601099 -0.1247705587 2.7672887223 321.1280000000 489.8830000000
0.6288044629 -0.6216652824 2.8360581898 337.4450000000 358.3920000000
0.6299631080 -0.1211894623 2.7642917650 322.4290000000 489.5920000000
0.6322803983 -0.6117084268 2.7833973680 337.0490000000 358.6340000000
0.6332356784 0.2083672050 2.6906522418 309.3140000000 577.4270000000
0.6342605308 -0.9441352160 2.9980544372 358.6870000000 286.8380000000
0.6364493800 0.2137392511 2.6924985816 309.2580000000 580.7860000000
0.6444689167 0.6057546500 1.6453991501 153.0670000000 827.5640000000
0.6466711452 0.0763068152 2.7436074076 317.9000000000 542.4370000000
0.6472089920 0.7632447580 1.6505689015 147.4160000000 902.1090000000
0.6475247429 0.7339521759 1.6421827727 148.8940000000 890.4350000000
0.6484077749 0.7368099888 1.6428651157 148.5030000000 891.6970000000
0.6508668855 -0.4805540814 2.7554882028 337.1660000000 393.7110000000
0.6524055020 -0.6492319382 2.7952246461 344.1220000000 349.9160000000
0.6531574172 -0.6457051616 2.7675563078 343.4650000000 350.3190000000
0.6532483962 -0.4792188299 2.7634890085 338.7380000000 395.1510000000
0.6587579812 -0.6540805870 2.7564247520 344.2350000000 350.0230000000
0.6598925436 0.2627563614 2.1330041088 261.7450000000 621.0420000000
0.6613508844 0.6520442616 1.6426349921 161.9060000000 851.5120000000
0.6623784127 0.4646728834 1.6323008410 170.0980000000 760.6330000000
0.6690038291 0.7716068042 1.6388058440 157.1480000000 910.4950000000
0.6691911389 0.7847131408 1.6460627621 157.6490000000 911.1350000000
0.6703578116 0.5456415727 1.6310110791 168.0330000000 800.1950000000
0.6706815900 -0.3630706779 2.7477549825 336.9090000000 425.2830000000
0.6739354294 -1.0317025632 3.0805510396 376.8660000000 275.8780000000
0.6760011893 -1.0376777469 3.0983454738 375.8090000000 276.9260000000
0.6780990594 -0.3637128831 2.7493069783 342.5080000000 425.4050000000
0.6817248426 0.9043987727 1.3838022366 83.9198000000 1078.3400000000
0.6957463216 -1.0429491808 3.0827719991 377.4860000000 276.5430000000
0.7054115090 0.2861425293 2.1265419196 279.0590000000 632.2980000000
0.7190449890 0.7130296675 1.6246612757 184.6590000000 882.0170000000
0.7204337577 0.6245578814 1.6316479325 190.7870000000 838.2470000000
0.7224192419 0.4253619010 2.1243503945 281.1780000000 679.1110000000
0.7226466895 0.4229884178 2.1178400399 279.4610000000 680.7020000000
0.7294995536 0.8758795127 1.6456373012 185.4900000000 957.4230000000
0.7312709695 0.3409119246 2.1253698952 286.5980000000 650.2450000000
0.7366173273 0.9062156781 1.3746989787 115.8160000000 1081.4800000000
0.7379632822 -0.1861356685 2.7423497559 354.4420000000 474.5330000000
0.7418191889 -0.1795415596 2.7347503284 355.1420000000 477.2910000000
0.7434621638 0.7999414303 1.6380325220 196.7680000000 922.5360000000
0.7511820048 -0.2782086199 2.7764401456 361.8680000000 451.8140000000
0.7533226886 0.4680096743 1.6359908448 217.6930000000 764.1650000000
0.7534190193 0.4691174781 1.6390413192 221.1730000000 763.6500000000
0.7539087008 0.4668724360 1.6344201180 218.8920000000 762.4430000000
0.7544358442 0.4664282441 1.6345325039 219.0060000000 762.8900000000
0.7547569467 0.3397720105 2.1223809654 294.9670000000 650.1700000000
0.7803916354 -0.6859125553 2.9652752164 388.9770000000 354.0850000000
0.7919994933 0.4239169394 2.1227823436 306.2080000000 680.6570000000
0.7965109845 0.7209368183 2.1128575983 294.9160000000 789.8850000000
0.8026065816 0.2017003129 2.8461194037 366.3850000000 576.8470000000
0.8045893900 0.7198932350 2.1172352967 300.0350000000 789.0840000000
0.8047740240 -0.4104654175 2.7439017517 380.7360000000 418.0770000000
0.8050924507 0.2017958409 2.8419718288 365.7450000000 575.4060000000
0.8058202832 -0.5110481223 2.7448650594 382.4650000000 390.7650000000
0.8094112803 -0.4099329224 2.7499224249 379.8580000000 417.8500000000
0.8121888175 0.2687093355 2.1225602477 318.4500000000 626.9180000000
0.8140752952 -0.0118081725 2.8443265810 375.5620000000 522.8500000000
0.8146238454 -0.0123665431 2.8491163610 376.1890000000 523.7380000000
0.8302829475 0.8980810796 2.7729882930 348.5980000000 762.3780000000
0.8412218417 0.3238506746 2.7783667610 367.7340000000 607.7530000000
0.8634153812 -0.0927389717 2.7816313039 386.4900000000 503.6160000000
0.8666879515 -0.0886331401 2.7827284043 387.0100000000 503.6180000000
0.8671348193 -0.0864549944 2.7796244128 387.4460000000 504.6460000000
0.8702976796 0.9066786010 1.7690718057 277.9310000000 931.0910000000
0.8717025034 0.9128009567 1.7734521799 278.5320000000 932.9150000000
0.8719433303 0.9077623222 1.7665886124 278.8150000000 932.7880000000
0.8770167509 -0.5496259204 2.7692153377 402.0240000000 383.5270000000
0.8902167425 0.9108181483 1.9349266357 306.3050000000 889.8350000000
0.8956433760 -0.5296346095 2.7511533181 407.3460000000 389.3030000000
0.9021644340 -0.2920989820 2.7786075880 403.1820000000 452.3780000000
0.9033765962 -0.4103423282 2.7602244657 406.7090000000 418.5920000000
0.9039197947 -0.2935118333 2.7817383380 403.3910000000 451.9690000000
0.9047064960 -1.4866567420 3.2906323972 445.7380000000 204.3790000000
0.9053808114 -2.2955756651 3.2915154293 465.5260000000 29.5258000000
0.9062986296 -0.4147762196 2.7506984228 405.8450000000 418.3680000000
0.9076927500 -2.3066563796 3.3109421349 464.2440000000 29.8191000000
0.9147784134 -0.4906714883 2.7635960427 413.0460000000 401.5500000000
0.9155972249 -1.4871624786 3.2799824953 447.8380000000 204.6910000000
0.9183854656 -0.9076151502 2.9031953858 424.0620000000 304.9050000000
0.9227551364 -0.9661441214 2.7405569332 427.5490000000 275.0540000000
0.9262230442 -0.9337823339 2.7930572037 429.8080000000 286.1290000000
0.9406057636 -0.5914950199 2.7559966152 422.4290000000 375.2650000000
0.9644288985 0.0963072240 2.8333020594 412.6880000000 553.9740000000
0.9716697615 -2.2827315622 3.2580940033 479.5100000000 32.9195000000
0.9772301877 0.9071147653 1.8107268368 330.8670000000 919.4770000000
0.9944867751 0.9070558965 1.4078207090 288.6340000000 1056.2600000000
1.0017651001 0.9026594671 1.8077673414 342.7180000000 917.2430000000
1.0068171139 -0.3288571989 2.9498355344 438.3260000000 449.4360000000
1.0102208011 0.0518058862 2.8285925550 426.2070000000 544.8270000000
1.0133007100 0.1463986900 2.8385199762 423.6480000000 566.9830000000
1.0139616461 -0.3266763773 2.9801262103 439.0910000000 449.9360000000
1.0144352724 0.0476575085 2.8335964034 425.9300000000 542.4620000000
1.0449346650 -0.0736657465 2.9180998969 438.7270000000 512.5450000000
1.0528391400 0.9076044468 1.8280449688 366.1570000000 912.8990000000
1.0625284101 0.9067749318 1.8822256761 375.0880000000 900.1330000000
1.0639466131 0.7293871677 2.7609737051 420.1090000000 722.3350000000
1.0727046858 0.4269700897 2.7289437235 429.2180000000 645.1260000000
1.0738579792 -2.2718568884 3.2750321640 501.4140000000 43.3826000000
1.0741309163 0.4267854557 2.7303619266 430.3220000000 645.9500000000
1.0767532540 0.4284926511 2.7391387302 429.7230000000 645.3650000000
1.0814707860 0.9038582501 2.1756492062 399.1760000000 840.8650000000
1.0885189874 0.5330570277 2.1800643666 415.2830000000 717.3760000000
1.0893672334 -0.3063291776 2.7736037396 455.0160000000 455.4920000000
1.0932498986 -0.3031984276 2.7733629126 455.0950000000 455.0040000000
1.1008520020 0.8720476886 2.1816484726 406.4380000000 830.1180000000
1.1036241876 0.7323011735 2.1861572879 412.8030000000 782.9930000000
1.1049514115 0.6385900638 2.1821702643 416.7610000000 752.7160000000
1.1055561547 0.6414532284 2.1861519362 416.7700000000 752.4980000000
1.1081918716 0.7969177144 2.1836366327 412.0600000000 807.1450000000
1.1102576315 -0.1667718455 2.9065134457 458.4810000000 491.6300000000
1.1678339985 0.4689141132 2.1912280326 443.3950000000 697.1100000000
1.1774858066 0.8681115063 2.1951615392 432.9850000000 826.4110000000
1.1804720606 0.8443954055 2.1805219377 434.3100000000 820.6320000000
1.1807690804 0.8470204190 2.1857398545 435.1440000000 822.8720000000
1.1816708435 0.8427765134 2.1847042987 435.4960000000 819.4870000000
1.1908222668 0.8622406809 2.1835643846 436.2630000000 826.2460000000
1.1969580018 -0.1685272062 2.9131763241 479.2010000000 493.6510000000
1.1986919557 0.1398203687 2.1866335900 467.5700000000 586.7680000000
1.1987829347 -0.1771161648 2.8826983383 479.4510000000 494.1370000000
1.2021438083 0.1404818400 2.1992422177 466.7110000000 587.8030000000
1.2195341884 0.3765543101 2.7339475719 468.5840000000 634.4510000000
1.2195555953 0.3772152462 2.7394598328 466.9000000000 636.3080000000
1.2196144641 -0.0094754425 2.8334893692 480.3010000000 533.1600000000
1.2199409183 0.1312627176 2.7037104131 478.0450000000 573.0650000000
1.2216213551 0.1275119719 2.5039043378 477.0050000000 573.6820000000
1.2236710599 0.8341013922 2.1904787933 449.7750000000 815.4290000000
1.2270533403 0.6883877210 2.1893201482 455.1400000000 768.5090000000
1.2283350747 -0.7278993924 2.9594150944 501.5240000000 361.9940000000
1.2393114310 0.6581880241 2.1843109481 460.5280000000 759.7240000000
1.2417678657 0.6585064508 2.1902379664 461.6310000000 758.5990000000
1.2425679462 0.5633129176 2.1940430319 464.7520000000 727.2740000000
1.2429211591 -0.7392155822 3.0154474932 503.0320000000 363.0180000000
1.2443554172 0.1065945477 2.6991079429 485.5320000000 565.7150000000
1.2450859256 0.5499389954 2.1920816303 466.5490000000 723.5940000000
1.2453187249 0.6499169570 2.1816912863 461.9390000000 758.5360000000
1.2455140623 0.9121962135 2.1719725818 456.8680000000 845.7810000000
1.2480186624 0.9124076061 2.1707764747 455.9990000000 845.8230000000
1.2482835720 0.9056858589 2.1345427253 456.5320000000 847.4510000000
1.2500041466 0.9041686492 1.8747814481 451.2440000000 898.7200000000
1.2552755805 -0.3054595248 2.7638368697 495.3380000000 458.9990000000
1.2630756972 -0.8559818566 2.8267997323 514.2910000000 325.8330000000
1.2632228692 0.0027812299 2.7144138322 491.8300000000 537.7820000000
1.2707955382 -0.8613228627 2.8554581368 514.4980000000 325.8370000000
1.2713976055 -0.8646757088 2.8565819958 515.7410000000 325.9130000000
1.2735944822 0.7704240764 2.1846374024 469.8590000000 796.7070000000
1.2998098314 0.5633343244 2.1906179378 484.0590000000 729.4960000000
1.3021993697 0.5609314068 2.1854481864 486.5150000000 729.8910000000
1.3034757524 0.6205708578 2.1882150202 484.1410000000 749.2190000000
1.3055281330 0.4652695990 2.1983431305 490.8800000000 698.6960000000
1.3072834937 0.9154206185 1.8997632282 472.9590000000 899.1980000000
1.3104918436 -0.8277783474 2.8329006811 523.3230000000 333.5770000000
1.3128733543 0.4730402812 2.1887769497 492.7160000000 700.0670000000
1.3247434461 -0.5492887627 2.7630073547 521.6390000000 400.6400000000
1.3269965158 0.1675858405 2.0511309806 510.1380000000 609.2070000000
1.3277939205 0.1643694631 2.0606222374 508.6350000000 606.9260000000
1.3282675468 0.7548131397 2.1651411245 488.0050000000 794.9370000000
1.3288107453 0.7542030448 2.1626151176 488.4440000000 794.4790000000
1.3492569516 -1.3630830931 2.9607262633 545.8500000000 219.9110000000
1.3503139142 0.8766100210 2.0883574721 490.4340000000 847.0580000000
1.3600700807 -0.5472497614 2.7541770340 530.8500000000 401.7660000000
1.3790472427 -1.2653207393 2.9720183704 549.9390000000 243.0000000000
1.3806795141 -0.0811621536 2.7566120618 524.9690000000 519.6080000000
1.3809069617 0.1519045288 2.1310320039 526.0660000000 600.6790000000
1.3818836487 -0.3077607599 2.7595287435 530.3080000000 461.6410000000
1.3877196880 -0.8120068594 2.7683590642 544.1240000000 338.1870000000
1.4142748707 0.1631623850 2.0545962125 537.7730000000 608.3780000000
1.4145718905 0.1618100080 2.0481340232 538.2180000000 608.7000000000
1.4206300257 0.8684566915 2.0781089483 515.2870000000 846.6960000000
1.4243494638 -1.3256773194 2.9279202839 563.1740000000 228.6160000000
1.4311033213 0.5855064570 2.2057472206 527.7580000000 736.2830000000
1.4423686698 -1.3660800505 3.0368275728 564.3180000000 229.7030000000
1.4563526868 -1.2757298143 3.2478187210 557.5280000000 265.7990000000
1.4669544234 0.6795895105 2.2207667934 533.9380000000 764.1250000000
1.4680943375 0.7781198347 2.1404483368 533.4350000000 805.6290000000
1.4744976580 0.7850797329 2.1481039573 534.6430000000 805.5980000000
1.4746662368 0.7847265201 2.1432606601 535.0490000000 807.9420000000
1.4849388433 -1.3031867601 3.1419619065 573.4760000000 256.6620000000
1.4862821224 0.7538926456 2.1522782907 542.6470000000 795.5890000000
1.4880134004 0.1566143008 2.0444226127 565.9790000000 608.9190000000
1.4887278536 -0.4024003913 2.7375064588 562.6680000000 443.1560000000
1.4902664701 0.1567226729 2.0463304971 564.5610000000 609.5350000000
1.4903253389 0.8899223985 2.0725271153 539.5110000000 854.2000000000
1.4932714550 0.8921834957 2.0689254148 540.2040000000 855.2370000000
1.4938735223 0.5364312806 2.2265011502 547.1290000000 720.0860000000
1.4940849149 0.5413387982 2.2229770494 547.6300000000 721.2600000000
1.4964744532 0.6648348473 2.2082839309 545.1620000000 761.8810000000
1.4969935690 0.5431904897 2.2371376729 547.7400000000 720.4980000000
1.4974671953 -0.3920849711 2.7648536945 561.2080000000 441.9860000000
1.5031988762 0.6675240814 2.2209755101 546.4520000000 760.6300000000
1.5063938468 0.9040188014 2.0634318849 543.0220000000 860.0640000000
1.5084194688 -1.2737095440 3.0092930273 579.1800000000 251.9580000000
1.5440377716 -1.3336112288 3.0019611852 588.3480000000 240.0110000000
1.5446906802 0.1417052408 2.0967221941 581.5000000000 603.7440000000
1.5453007751 -0.6765818498 2.7384162494 581.7760000000 377.0590000000
1.5477625615 -0.6604865834 2.7139321783 582.4530000000 377.6470000000
1.5478321337 -0.7590597212 2.7054764772 585.1020000000 352.1270000000
1.5534005874 -0.4366272496 2.2492057778 595.9500000000 420.0030000000
1.5535504353 -0.7681308688 2.7279804158 585.3940000000 352.1290000000
1.5609491737 0.6967363879 2.2123110923 564.8960000000 771.1220000000
1.5672775703 0.6909752725 2.2106574141 566.4630000000 770.8540000000
1.5718907439 0.5380929864 2.2188963709 571.7260000000 720.8050000000
1.5763273111 -0.0343381739 2.1207379906 596.1120000000 545.7910000000
1.5773173773 0.5393158520 2.2217274253 574.1850000000 722.7260000000
1.5896263093 0.0224939576 2.0999305439 600.9400000000 565.0730000000
1.5897065849 -1.3584940022 3.0818354499 596.6500000000 242.3030000000
1.6160557268 0.0929546456 2.0721444680 609.9250000000 590.1830000000
1.6192105595 -1.2489498599 3.0984257495 599.4360000000 268.5250000000
1.6211532301 -1.2726044160 3.0371486754 603.7780000000 255.1210000000
1.6219988002 -1.2482541376 3.1212240321 600.1750000000 268.2720000000
1.6253436187 0.8390811579 2.1764599902 580.9910000000 820.1710000000
1.6319101663 0.6484024232 2.2076658085 587.9880000000 757.5240000000
1.6320172004 0.0083423518 2.0903215495 615.9760000000 562.0460000000
1.6362182924 0.8547670186 2.2147033065 581.8930000000 820.0500000000
1.6373635583 0.6498420331 2.2135446614 589.1710000000 757.5120000000
1.6434859140 -1.3022127489 2.8944720993 614.2040000000 240.2450000000
1.6600815652 -1.3209597874 2.9557759320 617.3060000000 240.9220000000
1.6676488825 -0.3710500768 2.1458722944 635.9920000000 442.6170000000
1.6843435404 0.7641037074 2.2008236478 600.7100000000 793.3560000000
1.6870381261 -1.2971259490 2.9253247047 622.2830000000 246.2120000000
1.6893848507 0.7404678823 2.2065580046 600.8460000000 787.0020000000
1.6900270559 -1.3017658812 2.9389715640 622.4910000000 246.8700000000
1.6939685900 -1.1749731790 2.9426910022 621.1590000000 276.1620000000
1.6986085221 -1.1814487475 2.9677370028 620.5480000000 277.2350000000
1.7047576364 0.5839758681 2.1967617003 614.3630000000 740.3970000000
1.7098471121 -0.3347922448 2.0967221941 651.0220000000 452.8790000000
1.7126674631 -1.1948574558 3.0068847580 621.6520000000 276.4220000000
1.7155894965 0.5902882094 2.2141467287 615.1000000000 740.1380000000
1.7172993677 -0.0077542525 2.0979851975 641.0890000000 559.9020000000
1.7183135166 0.1271250433 2.0489367797 644.4150000000 605.0770000000
1.7372130788 -0.3472349694 2.1784026608 651.6240000000 452.2750000000
1.7408763240 0.9004224526 1.7536990200 645.4660000000 918.6250000000
1.7422704443 -1.3904945494 3.0199161707 632.1640000000 235.6890000000
1.7480155045 -1.4050083856 3.0591977186 631.9160000000 235.6880000000
1.7506057319 -1.2918224049 3.0836817897 628.7170000000 264.3130000000
1.7563267094 0.5128195381 2.2013507912 630.5680000000 720.5440000000
1.7572284725 0.9137294783 2.2124796712 616.0390000000 838.0100000000
1.7579241947 0.9105639421 2.2128007738 617.0850000000 837.3250000000
1.7615285711 -0.5635082550 2.8048309647 629.2330000000 412.7820000000
1.7795825632 0.9247647034 2.0453056448 632.6620000000 868.8180000000
1.7830558227 -1.1925588965 2.9933984500 637.1470000000 281.3510000000
1.7866842817 -1.0471797072 2.9545450388 637.9740000000 309.2280000000
1.7871605839 -1.0383172762 2.9418347286 637.6000000000 310.8070000000
1.7902672512 -0.9131140317 2.9659709386 634.9420000000 340.6680000000
1.7917202404 0.5387565984 2.3062442980 631.0610000000 717.2630000000
1.7946824116 -0.9186905130 2.9699044451 634.7380000000 338.3780000000
1.7972699632 0.1376981483 1.8933492044 682.7660000000 615.6330000000
1.7994641641 -0.9256744940 2.9779320094 635.8580000000 339.7780000000
1.8048988251 -1.1613370231 2.9587728893 643.0820000000 284.7780000000
1.8096056536 0.6856904594 2.2035503438 639.6010000000 769.6630000000
1.8182754231 0.8726925696 2.2022043889 636.8960000000 826.6740000000
1.8215399659 0.8497150048 2.1882578339 637.5540000000 825.4260000000
1.8266080348 0.8761872360 2.2135633924 636.3570000000 825.1040000000
1.8334983608 0.5465219289 2.2065901149 651.6760000000 727.8370000000
1.8589029260 0.8976502670 1.6849349043 695.7030000000 934.5730000000
1.8627186949 0.7644702995 2.2013802256 653.2200000000 794.5180000000
1.8632538658 0.9183373002 1.3635808021 746.6150000000 1045.5200000000
1.8797184002 -1.0063622186 2.9514678058 657.2880000000 321.8350000000
1.8910533210 0.0640155439 1.9771195136 707.0330000000 591.2800000000
1.8952838474 -1.0088534394 2.9647400454 657.9010000000 320.7830000000
1.8961775828 0.0670810031 1.9926314437 705.8750000000 591.9050000000
1.8970338564 0.7762065985 2.1989505495 664.3510000000 800.5340000000
1.8998488556 0.7777960562 2.2012009434 664.3970000000 799.8470000000
1.9005820398 -0.3493060810 2.1728288553 704.3860000000 454.8190000000
1.9084811631 0.6971779039 2.1992127833 668.9520000000 774.4310000000
1.9130006817 0.8866310971 2.2039222877 662.9100000000 831.2360000000
1.9139506102 0.2217569147 1.8515255944 723.8030000000 656.7170000000
1.9142556576 0.8864785734 2.2059907234 664.8180000000 830.0330000000
1.9147640700 0.2213600854 1.8516299527 724.9550000000 654.6580000000
1.9176834276 -0.6555121693 2.8090052981 665.4500000000 396.6500000000
1.9197625667 0.6056931053 2.2040748114 676.4070000000 746.6010000000
1.9222323807 -0.6527881492 2.8041620010 666.1750000000 396.4040000000
1.9241456168 0.0320642325 1.9586507640 721.3770000000 583.2990000000
1.9304927443 -0.3965509728 2.1763315492 713.3390000000 444.6630000000
1.9311697356 0.3304091947 1.1811570794 856.4880000000 795.8200000000
1.9395451610 -0.6628279563 2.8594986775 666.1730000000 397.2190000000
1.9403024279 0.0259961431 1.8363615254 742.6570000000 585.4270000000
1.9410998326 -1.3512397600 2.9697706524 676.7060000000 250.0300000000
1.9470214992 -0.4031308996 2.2233623725 711.6840000000 444.6300000000
1.9471071266 -1.3391395447 2.9611276415 677.1180000000 250.0260000000
1.9502539318 0.3131980968 0.9536104177 951.7480000000 850.2570000000
1.9505215173 0.3115979357 0.9553416958 952.7320000000 851.0320000000
1.9508774059 0.4158706442 0.9575626552 944.0790000000 919.1280000000
1.9511476673 0.4140537388 0.9569284776 944.5950000000 918.5860000000
1.9512787842 0.4151187290 0.9576429309 944.9620000000 918.9690000000
1.9519611271 0.3116300459 0.9550821378 953.7730000000 851.5600000000
1.9611607158 -1.3722693025 3.0374965365 676.4600000000 249.7690000000
1.9624879398 -1.2935831173 3.0700349304 673.8770000000 270.6890000000
1.9629160765 -1.2944420667 3.0692589325 675.3230000000 269.5980000000
1.9685648059 -1.2080975852 3.0857421979 673.9620000000 288.9400000000
1.9739058121 0.2937259017 0.9193434216 984.6180000000 849.5650000000
1.9742322663 0.3585136973 0.9225490956 976.3160000000 893.3690000000
1.9766111012 -1.2007764465 3.0834677213 674.7740000000 290.0020000000
1.9852541121 -0.3600897757 2.1804925033 727.6250000000 457.6270000000
1.9869987694 0.3267459495 0.9061032922 996.5140000000 877.4920000000
1.9891019913 0.0781884762 1.7737117378 766.8060000000 609.1850000000
1.9924414580 -1.1801402546 2.9495947075 686.5000000000 288.5840000000
1.9935225033 0.3877072728 0.9001816256 997.6610000000 921.5450000000
1.9941834395 0.3866315791 0.9001495154 998.3580000000 921.6100000000
1.9956738906 0.5441805560 2.1925151188 700.2110000000 730.2320000000
2.0010122208 0.4196007857 2.1532201916 709.5520000000 697.3990000000
2.0035890690 0.0820015693 1.7970318121 765.9150000000 608.5910000000
2.0043249290 0.8474084180 2.1926382081 693.0270000000 822.5510000000
2.0068134740 0.4257391965 2.1607500469 711.0150000000 696.8140000000
2.0079854983 -0.9263354301 2.9595488872 681.6720000000 346.2340000000
2.0086062966 0.8546225224 2.1986107159 693.2380000000 822.7780000000
2.0096150939 0.0826552806 1.8058567811 765.6760000000 609.3210000000
2.0104258779 -0.9184710930 2.9531803528 684.5910000000 346.7560000000
2.0144316325 0.7432026058 2.1622137394 703.3050000000 792.0640000000
2.0156759049 0.2698653048 0.8788256288 1033.6700000000 847.6790000000
2.0180038986 0.3160425304 0.8866364488 1026.4900000000 878.9470000000
2.0264649513 0.8958467409 1.6129651145 772.9660000000 949.2580000000
2.0273292524 0.7700387533 2.1941045765 702.0630000000 798.2480000000
2.0273934730 0.7481047718 2.1928308697 702.7940000000 791.0040000000
2.0298659628 -0.6135199805 2.9221136790 683.0320000000 414.6490000000
2.0299596177 0.6543535242 2.1915651903 705.0300000000 765.1320000000
2.0315597788 -1.1738386166 2.9690214130 693.1820000000 293.0460000000
2.0345085708 0.6064503722 2.1932804133 707.6000000000 748.4120000000
2.0350945830 0.5898252866 2.1939654321 708.6500000000 746.9290000000
2.0370319018 0.3791819995 0.8651707419 1046.1200000000 933.3180000000
2.0376393208 0.5963436688 2.1925151188 710.1270000000 746.6410000000
2.0383564499 -1.0733923804 2.9458217522 692.1670000000 314.2120000000
2.0386668491 0.3792141097 0.8645044541 1047.6100000000 933.4160000000
2.0432586159 0.4164191944 0.8665675381 1045.0400000000 958.3650000000
2.0452253691 0.3463439098 0.8659601190 1052.5800000000 908.5340000000
2.0486611666 -0.4063981183 2.1837302876 745.7340000000 446.5040000000
2.0555220582 -1.1654578395 2.9883678430 698.4770000000 296.3990000000
2.0597713156 0.9227283779 1.4427004758 816.0480000000 1012.0400000000
2.0680637895 0.9267876496 1.3677818941 833.9090000000 1039.5600000000
2.0725431704 0.1542068343 1.7766391229 791.9700000000 637.8590000000
2.0749674948 -0.4094271859 2.1735513361 756.9390000000 445.8210000000
2.0764204840 0.1540845477 1.7836578900 791.4810000000 638.3450000000
2.0774426605 0.1485267973 1.2328813520 915.1520000000 687.8470000000
2.0915390634 -0.8076157818 2.7805342034 710.7670000000 365.3870000000
2.0978835150 -0.8084292416 2.7833438509 711.0510000000 366.2750000000
2.1018892696 -0.8123306378 2.8759284258 706.3460000000 369.1380000000
2.1043162699 0.1703430412 1.2806640905 912.5590000000 693.6950000000
2.1051136746 0.8786650775 1.6477619299 793.8050000000 929.7280000000
2.1115330502 0.5932691117 2.1402075098 733.3730000000 752.5630000000
2.1168392702 -0.1398674637 2.1318401120 762.8450000000 530.5750000000
2.1173985238 -2.2535834762 3.2509494711 713.5320000000 97.9179000000
2.1177330057 -0.1391567567 2.1249364067 764.0200000000 530.4800000000
2.1226886887 -0.3230720009 2.1170533386 770.0530000000 471.6230000000
2.1295709872 -2.2809414154 3.2995965107 713.0070000000 98.2740000000
2.1329693227 -1.2792485634 3.0259636024 711.8760000000 276.7400000000
2.1401245583 -2.2860255394 3.3096042075 714.2960000000 98.4872000000
2.1445959117 -0.2462821940 2.1213828716 776.9920000000 495.7520000000
2.1461505833 -2.3026961146 3.3251241652 713.5020000000 99.3300000000
2.1463566241 -0.2445699145 2.1280403982 776.0990000000 495.8190000000
2.1635811012 -0.2574795758 2.1368519880 775.8140000000 495.1740000000
2.1678062759 -1.4607116542 3.2475778941 707.5860000000 258.8320000000
2.1685849496 -0.5908474631 2.7394063157 727.8610000000 418.2930000000
2.1694198163 -1.4613939972 3.2513776078 708.7820000000 258.5000000000
2.1796977745 -0.6003494234 2.7612412905 726.6520000000 417.2450000000
2.1800643666 -0.5965711164 2.7592611580 726.6550000000 416.8380000000
2.1806824890 -1.4561252392 3.2705902451 708.8270000000 258.8130000000
2.1992609487 0.6823269099 2.0534991120 770.1650000000 787.2000000000
2.2049364366 0.7787941501 2.0850741983 763.9010000000 812.5260000000
2.2219575488 0.9064217189 1.8567649180 798.0770000000 897.1050000000
2.2250106991 0.5420639549 2.1118862630 774.6970000000 740.0670000000
2.2282351040 0.5434661028 2.1132241904 775.3340000000 740.5110000000
2.2309671518 0.5425616639 2.1131171562 775.5850000000 740.5170000000
2.2637169382 -0.8395280257 2.7620440470 751.7290000000 361.5860000000
2.2746799152 0.4076584459 0.8630675200 1185.3500000000 946.9680000000
2.2750277763 -0.8629845685 2.8012988364 751.7350000000 361.1720000000
2.3119197860 0.4060342020 0.8827136457 1188.9400000000 938.0830000000
2.3156686585 0.8518342817 2.0800328879 793.8580000000 839.5500000000
2.3204370317 0.4732249152 2.0853845974 808.3280000000 722.9500000000
2.3375143368 0.6072691838 2.0778306594 811.1840000000 764.8850000000
2.3487127890 0.4851003586 2.1158973693 808.3280000000 722.9500000000
2.3566895120 0.7570287474 2.0996228206 804.9820000000 807.5100000000
2.3604357087 0.5920489219 2.0687274015 817.6470000000 761.1940000000
2.3648696001 -1.1451775362 2.9251641534 766.3400000000 307.2560000000
2.3714602303 -0.6762714506 2.7782329683 769.6090000000 405.4040000000
2.3716716229 -1.1504650252 2.9237994675 766.1430000000 306.7490000000
2.4014806450 -0.6689476361 2.7240736679 781.9290000000 407.4990000000
2.4307651995 -0.7805575384 2.7714095386 785.3780000000 383.8080000000
2.4440080047 -0.6047485286 2.7782597268 781.0360000000 423.9500000000
2.4469006037 -0.8098367412 2.7668338270 789.8280000000 377.9470000000
2.4487201850 0.1234984574 1.4391683475 1004.7500000000 663.4560000000
2.4514335017 -0.6057412707 2.7878392869 783.7770000000 424.8490000000
2.4629985460 0.3137680539 0.7800651811 1359.6200000000 911.1920000000
2.4797092590 -1.3776210121 3.1039112517 778.5290000000 275.7390000000
2.5010652559 -0.4852769651 2.7998271163 790.8250000000 454.3190000000
2.5084292082 0.2461427819 0.8814185320 1299.5800000000 829.0480000000
2.5101176726 -0.4860342319 2.8164976914 791.3220000000 454.0710000000
2.5249071218 -0.4895503051 2.7672352052 797.9380000000 453.2030000000
2.5269434473 -0.0508423109 0.9670753189 1266.3300000000 627.1110000000
2.5318456132 -0.0528409068 0.9661227146 1267.5200000000 626.8720000000
2.5350004460 0.2390573861 0.8977278668 1303.8900000000 818.1960000000
2.5481041068 0.4822666284 0.9138793262 1278.6900000000 965.1030000000
2.5628801768 -0.1261098240 0.9574021039 1294.1100000000 581.9890000000
2.5632654999 -0.1261355123 0.9953751589 1268.1800000000 580.8750000000
2.5653071771 -0.0677917101 1.0992705719 1200.6200000000 606.4780000000
2.5758179346 -0.2162170926 1.0639359097 1235.4200000000 530.0570000000
2.5766902633 -0.0724913139 0.8997775716 1336.5600000000 623.0620000000
2.5791092360 -0.1444592305 0.9891350656 1278.1200000000 572.7820000000
2.7028273810 -0.2888103565 2.7515814548 834.6980000000 503.7680000000
2.7109352210 -0.2887461360 2.7669141026 834.0690000000 503.7700000000
2.7361685314 -0.4505256392 2.8597930215 831.1090000000 468.6330000000
2.7675295492 0.2187888566 1.6346555932 1042.6600000000 688.9210000000
2.8113600503 -0.7998477754 2.7279804158 872.1450000000 387.9200000000
2.8324457858 -0.4107089203 2.7462029868 863.9940000000 477.9370000000
2.8362722582 -0.4293730073 2.7676901005 861.7600000000 476.0380000000
2.8413563822 -0.4157609341 2.7587259871 862.9770000000 477.2070000000
2.8423464485 -0.0995851461 2.7620975641 856.1700000000 548.3670000000
2.8572242010 -0.8281342361 2.7655494167 872.4400000000 388.5140000000
2.8958367852 -0.1375627500 2.7472198116 869.0070000000 541.5050000000
2.9802064860 -0.6176300934 2.7284620697 899.8170000000 437.5730000000
3.0037807664 -0.2717410789 2.7399414866 894.7660000000 513.8810000000
3.0076072388 -0.2958879923 2.7443298884 895.8580000000 508.7420000000
3.0092395102 -0.2975095603 2.7442228542 895.2990000000 506.5650000000
3.0129054312 -0.7915981151 2.7406372089 908.1000000000 399.0670000000
3.0224047156 -0.5647016862 2.7540699998 903.6700000000 447.1240000000
3.0332151689 -0.2553961553 2.7726671904 896.8460000000 516.6250000000
3.0425806605 -0.5555904007 2.7635425256 906.0990000000 454.0450000000
3.1720920312 0.0763638109 2.8230000185 909.7520000000 592.7540000000
3.1772296723 -0.0003361328 2.8733060881 905.5430000000 574.0630000000
3.1946762454 0.0791103082 2.8531569017 910.0410000000 594.2520000000
3.1952381749 -1.1176724251 2.9439754124 921.1760000000 344.4770000000
3.1974858929 -1.0798278111 2.8676600345 931.0610000000 348.3780000000
3.1986632690 -0.0031941946 2.8942312724 904.8960000000 574.6750000000
3.2066105576 0.1531597723 2.8253012536 912.8580000000 609.5690000000
3.2193208678 0.1601592732 2.8375834270 912.6880000000 609.0160000000
3.2433500436 -1.1452818945 2.8997702917 937.1250000000 338.5210000000
3.2436443876 -1.3494977785 2.8831532336 940.7850000000 296.1180000000
3.2478722381 -1.3509587952 2.8881570820 942.7830000000 295.3840000000
3.2487552702 -0.7614305285 2.8738680176 934.1780000000 417.2940000000
3.2497453364 -0.7614064458 2.8731722954 934.4060000000 417.0790000000
3.2659877749 -1.1454397700 2.9137382536 938.1620000000 339.5110000000
3.2765574012 -1.0419912248 2.8802365519 941.8330000000 359.7340000000
3.2854412390 -1.0186952332 2.8310543414 953.0210000000 362.5250000000
3.2860834441 -0.9001067017 2.8339977816 948.7300000000 387.1680000000
3.2864045467 -0.9208980932 2.8296361383 949.9070000000 385.7310000000
3.3075170408 -0.9601956963 2.7923614815 961.6810000000 376.1450000000
3.3088282097 -1.0144218931 2.7888828703 963.0660000000 361.7150000000
3.3095239319 0.2363095508 2.7544981365 939.8320000000 630.9860000000
3.3178190817 -0.9493584845 2.7555684784 966.5790000000 376.9980000000
3.3231440326 0.3983732298 2.6809388890 951.9570000000 670.7990000000
3.3422763942 -0.8996464547 2.7493872539 971.7980000000 384.5050000000
3.3436143216 -0.9406351980 2.7450523692 971.8550000000 376.8120000000
3.3465845204 -1.0893190680 2.8219296766 964.4650000000 348.2380000000
3.3506785782 -0.9105585904 2.7622581154 971.2290000000 385.0360000000
3.3511869906 0.4043163033 2.4370079687 994.9770000000 686.9470000000
3.3514545761 -1.0364200951 2.7359009459 978.9790000000 356.9520000000
3.3634959225 -2.2531526636 3.2292750475 933.7480000000 151.9050000000
3.3690349419 -1.0427351124 2.7468719505 979.2850000000 357.5600000000
3.3788820874 -0.9356206461 2.5356587063 1013.0300000000 371.1220000000
3.3798186366 -0.8189507025 2.5636695540 1007.5600000000 397.6910000000
3.3859195854 -1.1848952485 2.5648736886 1016.5600000000 315.8560000000
3.3889165428 -1.1851226961 2.5700701986 1015.8600000000 316.2130000000
3.3922078441 -0.0026740191 2.8332753008 948.1130000000 578.3530000000
3.3963821776 -2.2859425879 3.2844511727 934.6050000000 151.5510000000
3.3973454853 -1.1825913375 2.5683014586 1016.8800000000 316.1040000000
3.3986298956 -2.2722181288 3.2693593519 934.7650000000 152.4940000000
3.4268869219 0.2342082021 2.7357939117 967.6100000000 632.6550000000
3.4788520214 -2.2297469620 3.2856285488 945.4830000000 163.5540000000
3.4942381863 -0.9652557377 2.6642923966 1013.7200000000 371.0940000000
3.5040853319 0.2431827514 2.8209931274 965.6550000000 633.2100000000
3.5341084223 -0.9292146498 2.4897624454 1056.5900000000 373.0850000000
3.5782332674 -0.9396932971 2.5152125000 1057.4500000000 374.7820000000
3.5941278447 -0.9474318691 2.5310856705 1056.9000000000 374.0170000000
3.5995865884 -1.1456725693 2.5303471346 1064.5300000000 330.7860000000
3.6067043621 -0.8070270937 2.4991868058 1065.7500000000 404.7820000000
3.6269070656 -0.3331385665 2.8437914100 996.9760000000 515.3650000000
3.6415975082 -0.3094679553 2.8509627008 997.9060000000 520.0800000000
3.7356805618 -0.3209500481 2.8310008243 1017.8400000000 520.0870000000
3.7512272779 -0.5396583614 2.7087410201 1044.1800000000 474.8580000000
3.7647671031 -0.2618053626 2.7277395889 1037.8300000000 532.1860000000
3.7718581182 -0.4843083056 2.7354728092 1043.1900000000 484.6080000000
3.8095341533 -3.3590807621 3.1398747398 1038.9400000000 -40.2545000000
3.8260976943 -0.8126517404 2.5198363771 1100.1100000000 410.2310000000
3.8336168462 -0.5619883695 2.7937261674 1043.3300000000 473.8430000000
3.8534984471 -0.6920723730 3.1012086384 1006.0600000000 451.1890000000
3.8632117999 -0.8011000754 2.7366769438 1066.4100000000 421.0470000000
3.8698211611 -3.4146582656 3.2025432584 1039.3800000000 -41.0615000000
3.8764305224 -0.5702326780 2.8518457329 1045.0900000000 472.2810000000
3.8766981079 -0.3077848426 2.7360614972 1055.2200000000 525.7830000000
3.8876423539 -0.8078191467 2.7524109698 1068.8600000000 421.4100000000
3.8879099393 -0.8091597500 2.7458818842 1069.1800000000 420.6190000000
3.9087816065 -0.8125045684 2.7579767477 1069.5100000000 421.5470000000
3.9412664834 -0.2994896929 2.8128585290 1055.0300000000 527.5880000000
3.9483039814 -0.3002362563 2.8171934137 1055.5200000000 527.3750000000
4.0049518268 -0.7986168822 3.2515381591 1006.3600000000 437.6810000000
4.0057278246 -0.7183305358 3.2456245201 1006.7600000000 451.3880000000
4.0184916519 -0.8013596333 3.2628302662 1007.0600000000 437.5810000000
4.0573183045 -0.6030386574 2.7830227483 1086.2800000000 468.2450000000
4.0594322298 -0.6072317218 2.7792497931 1087.6400000000 467.9470000000
4.0798490016 0.2245451554 2.7978737423 1071.6500000000 636.5760000000
4.0871808437 -0.0287057672 2.8885317017 1062.0500000000 582.7880000000
4.0908467647 -0.6090459514 2.8261575271 1087.0400000000 467.8010000000
4.0994362585 -0.2725010217 2.7752627695 1087.1300000000 536.3120000000
4.1341153363 -0.8179365536 2.7333321253 1114.2000000000 425.5980000000
4.1587867172 -0.8279228436 2.7467649163 1113.9000000000 425.3430000000
4.2406411145 -0.6590817596 2.9585588209 1087.6500000000 467.0110000000
4.2478926809 -0.2708446676 2.7118985287 1126.2400000000 540.6750000000
4.2545555592 -0.2693435131 2.7151630715 1125.6200000000 540.4080000000
4.2779157713 -0.0272260195 3.0706771356 1061.1800000000 583.2880000000
4.3215054455 -0.5620793485 2.7194711977 1140.9100000000 482.7780000000
4.3272317747 -0.5592563217 2.7188289925 1141.9600000000 482.7660000000
4.3582984485 -0.2900064636 2.7606258439 1132.9300000000 537.6510000000
4.3690018675 -0.2504897080 2.7294521359 1141.8400000000 546.0540000000
4.4235625462 -0.2550975299 2.7321815078 1149.9500000000 546.5630000000
4.4418386342 -0.2552136620 2.7524109698 1148.1200000000 546.9000000000
4.4679549767 -1.2156649024 3.0906925292 1111.6200000000 371.1000000000
4.4854550669 -0.7946914032 2.6994022869 1177.7800000000 439.5550000000
4.4909138106 -0.2592210221 2.7162066548 1164.4600000000 546.6880000000
4.5203482130 -0.8001394435 2.7466578821 1175.9000000000 438.2630000000
4.6653260242 -2.2228325533 3.2598868260 1126.8900000000 208.9090000000
4.6704101483 -0.2499668460 3.2173942523 1101.0400000000 547.2350000000
4.7500971032 -0.7257480052 2.8542272436 1186.8900000000 460.5380000000
4.9819331600 -1.2401596769 3.2875016472 1151.3500000000 384.3620000000
5.2376913584 -0.8134009798 3.2279906372 1186.3400000000 461.0400000000
5.2473779527 -0.6133112638 3.2379448169 1183.1200000000 494.3140000000
5.3647677012 -0.8191968812 3.3199597655 1186.4600000000 462.4770000000
5.5023333947 -0.8175084168 3.2321382121 1222.0700000000 464.7600000000
5.5054373862 -0.6061934902 3.2299975283 1215.6200000000 502.1490000000
5.5091835829 -0.8169732459 3.2249669213 1222.9800000000 466.0100000000
5.5753307127 -0.9877543245 3.2141564681 1236.0900000000 438.5380000000
5.5873720591 -0.9905639720 3.2266794684 1236.6600000000 438.0690000000
5.7661726745 -2.2073982230 3.2405671546 1274.2700000000 244.9080000000
5.8066583571 -1.4271216494 3.2651047428 1262.3800000000 373.4060000000
5.8375912382 -2.4299410362 3.2393095029 1288.3000000000 211.3330000000
5.8432640503 -2.4310916538 3.2420656333 1288.5600000000 212.1380000000
5.8627710315 -1.4073042690 3.2594854478 1271.1400000000 377.6760000000
5.8757221686 -2.4337594810 3.2534647746 1288.5800000000 212.7080000000
5.8939714981 -2.4491376183 3.2637935740 1288.5800000000 211.8950000000
5.9101871780 -1.2224481943 3.1849628926 1287.9400000000 408.7760000000
6.0174621955 -1.2522893266 3.2601276529 1288.0300000000 406.2700000000
6.1791373404 -1.0631117464 3.2436443876 1306.7800000000 440.3180000000
6.2835759519 -1.0002933800 3.2340648275 1319.9000000000 451.6540000000
6.3138666278 -0.9978128626 3.2472032744 1321.1500000000 451.3980000000

gimbalangles:
0.0665966527 0.0046268470 -1.0831220542

end: