T_CW:
0.4657667194 -0.0146464842 -0.8847863265 -0.3929732648
-0.4490594908 0.8576423124 -0.2505897795 0.4429893332
0.7625004504 0.5140380768 0.3928841035 -0.8130598101
0.0000000000 0.0000000000 0.0000000000 1.0000000000


target_points_pix:
1.5101587744 0.9156293352 1.0444262526 76.8997000000 611.3630000000
1.5111568683 0.9147275721 1.0462137236 77.1017000000 611.1620000000
1.5409230767 0.9193113114 0.8749911289 207.5980000000 651.8870000000
1.6047743231 0.9185165825 0.7401066419 347.9070000000 658.2190000000
1.6054753970 0.9095578207 0.9194076421 225.9560000000 594.1980000000
1.6056707344 0.9198464823 0.7397400498 348.4850000000 658.5060000000
1.6076722738 0.9127126535 0.8210057590 293.2530000000 625.3720000000
1.6088764084 0.9143395732 0.8802277767 252.2830000000 606.1900000000
1.6096791649 0.9160601478 0.6394998544 429.2230000000 685.2570000000
1.6102785563 0.9157336935 0.8239759578 293.0120000000 625.7080000000
1.6124486745 0.9183881415 0.6400055910 428.7420000000 685.4980000000
1.6165641392 0.9233518520 0.8686814633 264.3360000000 612.1860000000
1.6344977178 0.9122042411 0.5678806016 501.3400000000 692.3740000000
1.6497955795 0.9087122506 0.5907912701 487.9050000000 671.0340000000
1.6617111608 0.9172027378 0.6384857055 457.7120000000 656.0260000000
1.6622677386 0.9167237598 0.6382850164 460.5190000000 653.7840000000
1.6755346265 0.9139007330 0.5160171846 562.8450000000 685.3470000000
1.6816703615 0.9157631279 0.5379698971 549.8880000000 675.2860000000
1.6923389944 0.9130658663 0.6186977595 489.3790000000 639.5990000000
1.6967862650 0.9143154905 0.6282425334 486.5000000000 633.6030000000
1.7096571264 0.9115379533 0.5066757756 590.2370000000 666.6090000000
1.7100852632 0.9136920163 0.5060790600 590.2360000000 667.0880000000
1.7123543881 0.9106629488 0.5440735218 558.5580000000 650.8090000000
1.7288617361 0.9117359665 0.4204062180 672.2870000000 683.7880000000
1.7290651011 0.9197929652 0.8229056159 364.5560000000 564.0850000000
1.7299133470 0.9137936988 0.5858569940 535.0420000000 627.5610000000
1.7330762074 0.9162099957 0.6346137436 501.4180000000 613.1950000000
1.7394233349 0.9143583042 0.5678859534 552.8160000000 627.7860000000
1.7545392384 0.9142780285 0.6129312925 526.8930000000 604.7770000000
1.7555319805 0.9094213521 0.3624257969 733.7550000000 684.7200000000
1.7555854976 0.9077088051 0.3617675367 734.1550000000 683.7210000000
1.7570144041 0.9051453362 0.4818090573 633.4660000000 639.2250000000
1.7613305578 0.9124209853 0.6302333694 515.8490000000 594.9880000000
1.7651811128 0.9035130648 0.3852829483 717.3920000000 665.7580000000
1.7662915925 0.9061514576 0.5394095069 588.8450000000 614.8020000000
1.7693206601 0.9090387049 0.5417428523 589.1310000000 616.8160000000
1.7738027169 0.9024561022 0.5597085412 577.0890000000 604.7370000000
1.7788333238 0.9074786816 0.4497228828 668.5890000000 640.9180000000
1.7895527980 0.9131006524 0.5698928444 577.0420000000 603.0100000000
1.7937351590 0.9045245379 0.2883206751 813.2440000000 682.1970000000
1.7946128394 0.9003073908 0.2695201195 831.9280000000 685.0540000000
1.7991617925 0.9033551894 0.2710319774 831.6080000000 685.6130000000
1.8002428378 0.9045887584 0.2723030084 832.4070000000 684.8140000000
1.8036251182 0.8997668681 0.4270557171 699.4450000000 627.4140000000
1.8065739102 0.9131755764 0.4212491122 701.8350000000 635.8030000000
1.8148208946 0.9141495875 0.3808303260 738.5110000000 644.8780000000
1.8149359563 0.9151235986 0.3786280975 739.3720000000 646.0280000000
1.8187517252 0.9137187749 0.3063532603 804.6340000000 667.8240000000
1.8189764970 0.9135180858 0.3222023481 792.9000000000 660.8850000000
1.8192494342 0.9123861992 0.3209527239 792.7010000000 660.6850000000
1.8296879436 0.9118082146 0.6308728987 548.5440000000 560.1380000000
1.8313362702 0.9145509657 0.5124743529 638.3040000000 595.0940000000
1.8314887939 0.9139542501 0.5315157354 622.7100000000 589.1110000000
1.8353580799 0.9179626805 0.5344350929 623.4300000000 588.8700000000
1.8370304891 0.9157203143 0.3593539157 765.2650000000 640.8250000000
1.8370786545 0.9135635753 0.4567657325 685.8880000000 608.1000000000
1.8449322882 0.9122952202 0.1831716242 926.3960000000 693.5040000000
1.8467786280 0.9112061473 0.5588415642 609.9060000000 571.9000000000
1.8488310086 0.8839605941 0.9312536512 357.1640000000 459.6320000000
1.8509208512 0.9113105056 0.4403493635 704.0230000000 603.1930000000
1.8511081610 0.9207776798 1.5746549018 30.4920000000 355.7190000000
1.8596735721 0.9137642644 0.3573978658 775.9200000000 626.1430000000
1.8619293177 0.9113319124 0.2064981205 911.4530000000 672.7480000000
1.8632538658 0.9183373002 1.3635808021 134.9210000000 386.9490000000
1.8651831571 0.8487169109 0.9441271884 355.2370000000 427.6880000000
1.8657825486 0.9206117768 1.3670861719 135.4130000000 386.8770000000
1.8682095488 0.8512455937 0.9454142746 354.5550000000 427.0070000000
1.8685600858 0.9155169493 0.5139460730 653.0990000000 575.3220000000
1.8688410506 0.9239699745 1.3670594133 135.2110000000 386.2760000000
1.8707248523 0.8617857856 0.9173686408 372.8140000000 440.4180000000
1.8707382316 0.8627330382 0.9176362263 374.0180000000 439.2180000000
1.8710780651 0.9174275096 0.5351870081 638.3230000000 569.9130000000
1.8771228211 0.8283402769 0.9528076613 352.0560000000 407.7980000000
1.8775482820 0.8291269782 0.9528049854 352.3450000000 407.9910000000
1.8800742889 0.9134752721 0.8446175014 430.3210000000 483.8730000000
1.8823246827 0.8307298152 0.9362976374 366.7920000000 408.9540000000
1.8841121537 0.8820045442 0.8783011612 406.5080000000 454.8260000000
1.8851610888 0.9161190166 0.3197673203 816.1770000000 624.6670000000
1.8852761505 0.9001307844 0.5774869203 614.3440000000 539.9480000000
1.8869057461 0.9188778229 0.8444275158 430.5620000000 482.4330000000
1.8896725799 0.9163785745 0.4348959715 722.1640000000 587.3530000000
1.8902398611 0.8460009184 0.9103846599 387.2560000000 422.4070000000
1.8904351985 0.7908381724 0.9648195733 350.8910000000 375.7990000000
1.8909409351 0.9133842930 0.3706406711 774.9820000000 603.3710000000
1.8918159396 0.8485376287 0.9128919358 386.7260000000 421.6380000000
1.8960250591 0.8710736775 0.8907545893 406.5090000000 440.4180000000
1.8960330867 0.8056570561 0.9378951227 369.1950000000 388.7770000000
1.8972291938 0.9208071142 0.3735466493 773.7840000000 602.7730000000
1.8980105434 0.9115192223 0.3425441960 801.5290000000 607.9980000000
1.9000361654 0.7433471020 1.0134184476 319.0720000000 331.6670000000
1.9000950342 0.7444870161 1.0170469066 319.3930000000 329.8890000000
1.9005124676 0.7584175160 0.9954688138 332.0900000000 344.0750000000
1.9028297578 0.9102374878 0.5310447850 654.8430000000 551.1470000000
1.9033676046 0.9116931528 0.5317485348 655.1320000000 549.9960000000
1.9038626377 0.9003448528 0.4571804900 711.2490000000 562.9050000000
1.9050747999 0.7485382602 1.0210927990 319.0710000000 329.6480000000
1.9051470480 0.9173793442 0.5828466573 614.8240000000 539.9470000000
1.9082697705 0.9122069170 0.3811621320 771.3980000000 591.3880000000
1.9098833109 0.9150486747 0.5746531901 623.7530000000 537.3520000000
1.9110580112 0.9099618748 0.2985558195 844.4560000000 612.8960000000
1.9121096221 0.9121132620 0.3241851565 821.7050000000 605.7260000000
1.9129177303 0.8280914224 0.9000023434 402.8970000000 404.3970000000
1.9136268318 0.9144947728 0.3120046656 832.0030000000 608.8330000000
1.9136509145 0.9170047245 0.3819515092 771.6380000000 590.1890000000
1.9148256147 0.9110991131 0.3657572361 786.9750000000 591.3750000000
1.9155534472 0.8436461662 0.8738645940 423.7510000000 420.0080000000
1.9173034562 0.9121105862 0.4603005367 711.8240000000 563.1930000000
1.9198481941 0.9138927055 0.1004229562 1025.8800000000 674.7960000000
1.9223206839 0.8472532184 0.8769739373 424.5530000000 420.0080000000
1.9254219996 0.8976850531 0.8039123988 475.0530000000 465.1400000000
1.9259651981 0.8836823052 0.8272190938 458.2240000000 451.2190000000
1.9261444804 0.9119527107 0.1195753867 1008.6600000000 661.8710000000
1.9267759821 0.8978375769 0.8029250083 476.2550000000 465.6200000000
1.9272174981 0.7736886192 0.9368809737 385.5550000000 357.0730000000
1.9289380727 0.8637364837 0.8319339499 457.8250000000 436.0150000000
1.9292966373 0.7947502720 0.9167371391 399.6810000000 372.9720000000
1.9296070364 0.9152172536 0.1190961411 1010.0900000000 663.0200000000
1.9298184289 0.9103605772 0.7787754191 494.0890000000 475.2170000000
1.9307656815 0.8452436515 0.8579807201 438.9860000000 418.8080000000
1.9333452055 0.9205074184 1.5480328228 89.0106000000 336.7200000000
1.9342335893 0.8088841369 0.8893497655 419.7370000000 385.9870000000
1.9359996535 0.8092801634 0.8920095652 418.7750000000 385.9070000000
1.9362511838 0.7394831677 0.9681617159 369.3620000000 324.7750000000
1.9362806182 0.8101417886 0.8951055291 417.9080000000 385.3300000000
1.9367863548 0.9155972249 0.6130971955 607.6360000000 515.4840000000
1.9376533317 0.7730437382 0.9189661261 399.9960000000 355.6370000000
1.9379878135 0.7910709717 0.9123647924 405.2960000000 369.5710000000
1.9398341533 0.7413241558 0.9690822100 368.5670000000 324.9110000000
1.9400856837 0.9170555658 0.7823021957 495.2420000000 475.2160000000
1.9402462350 0.9172856893 0.6136858835 607.1560000000 515.9640000000
1.9410008260 0.8327179753 0.8660216637 436.9650000000 404.3530000000
1.9419694854 0.9167665735 1.4438992588 140.4230000000 348.7960000000
1.9433074128 0.9236194375 1.1854464746 265.5910000000 395.9530000000
1.9484209713 0.3764285449 0.9440469128 351.9540000000 41.0383000000
1.9508774059 0.4158706442 0.9575626552 350.8110000000 73.7813000000
1.9511476673 0.4140537388 0.9569284776 351.7260000000 73.6866000000
1.9540028043 0.7740953491 0.9021028894 418.7660000000 354.2030000000
1.9577543527 0.9148105236 0.4939306794 701.4840000000 535.5760000000
1.9591725557 0.9155035700 0.4934864875 702.6350000000 535.5760000000
1.9610643850 0.9133281001 0.3453832779 817.6590000000 574.3290000000
1.9640693699 0.9122764892 0.2362849330 911.9030000000 602.7210000000
1.9647062234 0.9147596824 0.2246203469 920.5170000000 607.8890000000
1.9650594362 0.9133173967 0.2372600144 911.5190000000 603.2480000000
1.9658140272 0.9128009567 -0.0145945935 1147.9400000000 683.3280000000
1.9699642780 0.9040910494 0.2545744003 898.1230000000 588.9290000000
1.9723939541 0.7920021692 0.8635143878 451.9670000000 367.1820000000
1.9745828033 0.9248048412 0.3588508550 810.9540000000 569.7800000000
1.9770633207 0.4102031838 0.9141629668 394.1700000000 69.0429000000
1.9785591235 0.4107811684 0.9176201711 393.9280000000 68.5611000000
1.9787731919 0.9136224441 0.0940546895 1041.1300000000 640.5630000000
1.9800228160 0.9050784399 -0.0374151393 1173.5600000000 678.5180000000
1.9802208293 0.9145750484 0.1351799014 1004.9500000000 626.7920000000
1.9804670079 0.9178609981 0.5610866064 659.4750000000 509.7010000000
1.9816149496 0.6234179673 0.9115326015 415.6500000000 238.8300000000
1.9820912518 0.9075455779 -0.0376364324 1173.7900000000 678.9980000000
1.9822116652 0.9136946922 0.2883367302 870.5450000000 578.5990000000
1.9830304768 0.9065314290 0.0040446615 1132.1500000000 663.2070000000
1.9856929523 0.7798484369 0.8731661959 451.0010000000 351.5710000000
1.9857411177 0.9218881595 1.3295733639 216.1150000000 357.4680000000
1.9867552666 0.6263988695 0.9145991311 416.0990000000 238.2940000000
1.9886256891 0.9211121616 1.2910196485 236.0270000000 362.8890000000
1.9897763067 0.9232822798 1.2915708745 235.4240000000 362.2880000000
1.9898940443 0.6282318300 0.9153751290 415.8100000000 238.8700000000
1.9916253223 0.9210720238 0.6569892412 599.9680000000 485.9810000000
1.9926662298 0.9108636379 0.0180351541 1118.6600000000 654.3020000000
1.9935225033 0.3877072728 0.9001816256 410.6550000000 47.7927000000
1.9955882632 0.9097023169 0.1528159249 991.7090000000 609.1670000000
1.9957033250 0.8425918794 1.7572204449 23.6735000000 246.5400000000
2.0036987790 0.9120490415 0.4228037839 769.0470000000 531.4550000000
2.0063826613 0.9146579999 0.4239463738 769.8460000000 531.8540000000
2.0074021620 0.9099003301 0.2161477879 938.3510000000 584.2920000000
2.0151514374 0.9169619109 0.2179135845 939.4990000000 585.4410000000
2.0165856956 0.3874209563 0.8789754766 439.8820000000 46.2534000000
2.0197217973 0.7713873841 0.8727835487 466.3870000000 335.4840000000
2.0220471151 0.6519880686 0.6100012315 645.9960000000 299.9940000000
2.0231415397 0.9115406291 0.0847606431 1060.1000000000 616.3920000000
2.0236044626 0.7410137567 0.8461293594 484.6550000000 319.1590000000
2.0252340582 0.9155624388 0.5290593007 699.5410000000 496.7280000000
2.0258173945 0.7432186610 0.8493484127 483.6940000000 319.6390000000
2.0278403407 0.9181232318 0.5990971233 650.9710000000 480.9620000000
2.0284745183 0.9188323333 0.5435169440 689.7070000000 496.7330000000
2.0288518138 0.7437832663 0.8531695333 483.6940000000 319.6390000000
2.0302057963 0.9026005983 1.6180652937 105.0910000000 289.6070000000
2.0350464176 0.9132906381 0.0357783189 1106.3300000000 625.8440000000
2.0366840407 0.9175265162 0.4468864767 763.0680000000 512.2780000000
2.0375884796 0.6288820627 0.6217562615 645.1110000000 275.0260000000
2.0386668491 0.3792141097 0.8645044541 460.3230000000 35.4557000000
2.0391645581 0.9116289323 0.3861954148 810.5110000000 522.5550000000
2.0394214401 0.9135475202 -0.0583804613 1201.3900000000 654.2480000000
2.0396970532 0.9127608189 0.1978933743 960.1910000000 575.0710000000
2.0403178515 0.4151428117 0.8619142266 463.2580000000 65.7830000000
2.0432586159 0.4164191944 0.8665675381 462.6800000000 65.2047000000
2.0461779734 0.9100260953 0.1755267071 981.4460000000 575.6280000000
2.0555033273 0.9129160185 0.1891866781 971.4000000000 567.0090000000
2.0597713156 0.9227283779 1.4427004758 199.7910000000 319.7820000000
2.0616069520 0.9168602284 0.1912147084 971.4000000000 567.2490000000
2.0631402168 0.9120463657 0.6141621857 655.1780000000 460.7700000000
2.0662709668 0.9075509297 0.2657626842 911.5740000000 538.7390000000
2.0715209939 0.9146820826 0.3178407048 870.8720000000 528.9840000000
2.0722969918 0.9057233209 -0.0412715811 1187.6200000000 623.1970000000
2.0761582502 0.8541569237 0.8806130997 490.9190000000 364.3080000000
2.0786494710 0.9185433410 0.1054372405 1047.4900000000 584.1980000000
2.0798830400 0.9153563980 0.4005460239 809.0860000000 503.8570000000
2.0803192044 0.9170421865 0.4011240085 810.2360000000 504.4310000000
2.0812182916 0.9118991937 -0.0428340127 1187.7500000000 624.3870000000
2.0819407723 0.9169806419 0.4021328058 809.8050000000 503.8560000000
2.0855317694 0.9146713792 0.2843336515 899.8960000000 530.2560000000
2.0881915691 0.9155731422 0.2833730196 902.0040000000 528.9600000000
2.0925130745 0.9122898684 0.2413580860 939.1090000000 536.1210000000
2.0974687575 0.9084259342 -0.0072023574 1156.6100000000 600.7890000000
2.0988441469 0.9174622957 0.3626933824 844.7320000000 507.8600000000
2.1128656259 0.9218533734 0.3442995568 857.9540000000 508.1390000000
2.1244440494 0.9171010553 1.6202701980 155.6550000000 274.4290000000
2.1376627720 0.9194905936 0.0116009275 1140.1100000000 580.2890000000
2.1394288361 0.9139355191 -0.0525099036 1201.4300000000 593.8560000000
2.1396964216 0.9156748247 -0.0511275570 1201.1400000000 592.7060000000
2.1414169962 0.9200605507 0.2794154304 916.8650000000 508.0960000000
2.1524067317 0.9158781897 0.1832577867 994.4130000000 525.2920000000
2.1528107858 0.9176629848 0.0973451881 1067.1500000000 547.9980000000
2.1562225006 0.9174756750 0.3163556054 892.4520000000 492.2940000000
2.1706346544 0.9126644881 0.3786655595 849.3560000000 469.0680000000
2.1836018466 0.9200284404 0.3785879597 849.3570000000 467.8690000000
2.1865747212 0.9220085730 0.3802255828 849.9320000000 468.1570000000
2.2121987064 0.9089611051 1.9132281294 80.7709000000 217.3400000000
2.2257037454 0.8292366883 0.7773251058 606.5170000000 319.6720000000
2.2518629016 0.8111987513 0.8697892672 559.8200000000 290.2720000000
2.2533480010 0.9214198849 0.0571551874 1113.6000000000 513.6940000000
2.2554860090 0.9224179787 0.0572485748 1113.6000000000 514.5570000000
2.2559810421 0.8137087031 0.8755798169 558.9470000000 289.9670000000
2.2588629377 0.8153704089 0.8762113187 558.6670000000 290.8470000000
2.3156686585 0.8518342817 2.0800328879 57.9061000000 156.0140000000
2.3345254070 0.7446101055 2.0668890893 57.7587000000 101.0480000000
2.3362486575 0.5847545418 0.4863927965 841.0420000000 177.5870000000
2.3375143368 0.6072691838 2.0778306594 37.1496000000 30.0458000000
2.3460583411 0.7761182953 2.0833723546 60.7049000000 114.0770000000
2.3566895120 0.7570287474 2.0996228206 57.2731000000 100.8050000000
2.3612571961 0.6628306321 2.1009259619 45.9670000000 53.2473000000
2.3623328897 0.6152084449 2.0896418824 43.9086000000 31.3981000000
2.3690439335 0.9232153835 0.2305883058 994.2430000000 430.6200000000
2.3710936382 0.9220674418 -0.0533932032 1215.5800000000 489.1700000000
2.3730015227 0.9252329779 0.2313889215 994.4820000000 430.3800000000
2.3741307334 0.9237157683 -0.0543789881 1215.5800000000 490.3690000000
2.3816150992 0.9260919273 0.1931437321 1024.1600000000 436.5920000000
2.3961958318 0.9321714694 0.8727353833 605.9890000000 320.3930000000
2.4745395076 0.9097023169 0.0986322742 1107.1400000000 412.7620000000
2.4790429712 0.9232234110 -0.0077636983 1184.5000000000 438.8660000000
2.4967838883 0.9250884818 0.0977559318 1106.5000000000 413.0420000000
2.5431243411 0.9273790135 0.1913163909 1046.2100000000 381.4420000000
2.5481041068 0.4822666284 0.9138793262 631.8110000000 21.6547000000
2.6849259126 0.5629918150 0.0393099120 1233.1500000000 142.3590000000
2.6995093211 0.5140638106 0.8559979118 705.8530000000 24.7356000000
2.7297464800 0.6374447980 0.3981618373 970.4230000000 137.9660000000
2.7567458545 0.6202417277 0.8228761815 734.8940000000 81.8584000000
2.7686266497 0.6225964799 0.8253085335 737.7490000000 81.0751000000
2.7694561647 0.6238434282 0.8254503538 737.1740000000 81.9400000000
2.7814439940 0.6281060648 0.7791206044 761.9350000000 86.2805000000
3.0411624575 0.6339849178 0.8147389071 795.8490000000 52.8499000000
3.0476915431 0.6431791547 0.7611522396 821.8300000000 56.2676000000
3.0517588424 0.6345629024 0.7141347955 848.2540000000 58.6333000000
3.0538460091 0.6363664285 0.7139260789 849.4040000000 57.4801000000
3.0602413020 0.6196236052 0.7946485896 811.9920000000 43.0424000000

gimbalangles:
-0.4988819477 0.0048594620 0.8283186005

end: