T_CW:
-0.9901746043 -0.1398365222 -0.0000000000 -0.0300000000
-0.0000000000 -0.0000000000 -1.0000000000 -0.0900000000
0.1398365222 -0.9901746043 0.0000000000 -0.0000000000
0.0000000000 0.0000000000 0.0000000000 1.0000000000

T_CW_cov:
0.0000019543 -0.0000000052 -0.0000001518 -0.0000000123 0.0000040991 -0.0000002458
-0.0000000052 0.0000009128 -0.0000000108 -0.0000020538 -0.0000000124 -0.0000003028
-0.0000001518 -0.0000000108 0.0000001300 0.0000000405 -0.0000003044 0.0000000231
-0.0000000123 -0.0000020538 0.0000000405 0.0000046964 -0.0000000210 0.0000006560
0.0000040991 -0.0000000124 -0.0000003044 -0.0000000210 0.0000086682 -0.0000005081
-0.0000002458 -0.0000003028 0.0000000231 0.0000006560 -0.0000005081 0.0000006425

target_points_pix:
-0.6883316207 -1.8469608032 -0.1589367572 1290.8066843393 392.2703730013
-0.8632153327 -2.1951362328 0.0753490344 1321.0403420474 251.8143667099
-0.5097935959 -2.1148276580 -0.5873151168 1124.5178274039 632.6084377317
-0.4729021202 -2.0583920602 -0.5698937838 1109.8930887690 629.7255196574
-0.5877027471 -2.1220845631 -0.1952625424 1170.3165550965 406.9291338006
-0.6397658702 -1.9962388135 0.1742825485 1225.1370307915 182.4421634188
-0.6116385735 -1.9244833139 0.2116265258 1221.0573692572 152.4442362206
-0.1300626629 -2.1529462385 -0.6921622961 903.9595251740 678.2169044494
-0.1742632593 -2.0133338748 -0.0902612282 934.2547509835 346.5313815522
-0.0635647412 -2.0690742069 -0.0068415662 868.1870340899 298.8217768634
-0.0944812710 -2.1207718532 0.3757183913 885.2122028332 85.6380216746
-0.0662106627 -1.9797613538 -0.6179389584 870.5518174602 661.6075010914
-0.1169270298 -2.1924969758 -0.1057671843 895.9330308897 354.9496463131
0.1530304316 -1.8975286955 -0.1486459519 737.0789455942 382.4800917468
0.1031985642 -2.0237017061 0.3770378668 772.5220633468 76.1785334778
0.3132888607 -1.9172675775 -0.3784857863 643.8399221716 519.5225952787
0.1798051282 -2.1376171259 -0.2101951836 735.1541184163 411.9356412655
0.1105084575 -1.8324156555 -0.0292469899 759.7894547386 307.7207325749
0.2272400275 -2.1411056604 0.1748769749 710.1522902707 202.7861247358
0.4405851561 -2.0683433711 0.4238748486 590.2010784091 62.2307999057
0.4815465084 -1.8793705061 -0.5230342546 541.5205321038 607.7169631906
0.3990427333 -1.9565363562 -0.4157579215 599.2488181370 536.8046819638
0.4486312133 -1.8539060129 -0.1883259814 556.4358791610 406.8022304315
0.3632319295 -1.8211024113 0.3728792086 602.9458184783 55.1137585791
0.5574486502 -2.0322558777 -0.7031584427 523.5347670853 687.4057816978
0.6760474197 -1.9397994560 -0.6523280362 443.5482848268 670.5427547823
0.7253359792 -2.1817755865 -0.2257816326 461.7975697092 416.2904982894
0.5521447994 -2.0609144530 0.1825896689 530.0498230907 196.3562307647
0.7303731863 -2.0822931857 0.3409704371 441.6607578648 114.2755111474
0.6476928819 -2.1574243192 0.5713258643 496.2216779208 0.1178714795
1.1317356309 -2.0884930166 -0.7438131423 246.7274806558 686.4657650967
1.1412416106 -1.8295073638 -0.6345165439 164.0522634984 665.7697867808
0.9861579955 -1.8556052624 -0.1516633468 254.0049362379 382.4320801042
0.9744884137 -2.0744573202 -0.0279052589 318.0253913145 313.2703969144
1.0497963986 -2.1500163623 0.1130776453 299.7125266762 242.4112402255
1.1645815082 -1.9323382726 0.3340032188 184.1935484978 108.7920716517
1.4392129643 -1.8700391144 -0.5937131543 26.1097062211 629.0567517846
1.0957124707 -1.9729375961 -0.3804741473 231.5465880700 506.1444603739
1.1414929988 -1.8889137699 0.0034042731 182.1265872514 292.6102457805
1.0945837433 -2.0389881176 0.3006338205 250.0993537438 137.0131998164
1.4393964913 -1.9257707133 0.4658256223 46.0237806703 40.3015467963
1.4552108980 -2.1534895360 -0.3988016236 115.6590220331 499.0735357368
1.4738540436 -2.1896147329 -0.4198177334 118.4517180519 506.8558868936
1.6178416807 -2.1438940522 -0.1704101383 40.7223423525 385.3875035876
1.4202388581 -1.9292284751 0.1519875394 56.1713411612 212.8114722422

gimbalangles:
1.3401203108

end: