T_CW:
-0.9186463730 -0.3950808036 0.0000000000 -0.0300000000
0.0000000000 -0.0000000000 -1.0000000000 -0.0900000000
0.3950808036 -0.9186463730 0.0000000000 -0.0000000000
0.0000000000 0.0000000000 0.0000000000 1.0000000000

T_CW_cov:
0.0000011557 0.0000000357 -0.0000003048 -0.0000001145 0.0000025762 -0.0000000845
0.0000000357 0.0000007694 -0.0000000163 -0.0000018401 0.0000000819 -0.0000005375
-0.0000003048 -0.0000000163 0.0000001796 0.0000000551 -0.0000006706 0.0000000270
-0.0000001145 -0.0000018401 0.0000000551 0.0000044664 -0.0000002598 0.0000012794
0.0000025762 0.0000000819 -0.0000006706 -0.0000002598 0.0000058053 -0.0000001910
-0.0000000845 -0.0000005375 0.0000000270 0.0000012794 -0.0000001910 0.0000008671

target_points_pix:
-0.1742632593 -2.0133338748 -0.0902612282 1284.7179679602 346.0443735621
-0.0635647412 -2.0690742069 -0.0068415662 1205.7526005853 294.2573425229
-0.0944812710 -2.1207718532 0.3757183913 1225.7559504606 61.3577295071
-0.0662106627 -1.9797613538 -0.6179389584 1207.7230034530 688.8108129972
-0.1169270298 -2.1924969758 -0.1057671843 1238.4682341996 355.3141805348
0.1530304316 -1.8975286955 -0.1486459519 1056.0382995589 384.2111388352
0.1031985642 -2.0237017061 0.3770378668 1095.6596849626 58.9385716191
0.3132888607 -1.9172675775 -0.3784857863 954.7215690425 524.8564074901
0.1798051282 -2.1376171259 -0.2101951836 1053.7611104402 415.2051872536
0.1105084575 -1.8324156555 -0.0292469899 1081.4511126705 305.1301912255
0.2272400275 -2.1411056604 0.1748769749 1026.4451866045 195.8083476956
0.4405851561 -2.0683433711 0.4238748486 898.8478451064 56.9025626246
0.4815465084 -1.8793705061 -0.5230342546 848.4799829912 609.7021096690
0.3990427333 -1.9565363562 -0.4157579215 907.8527247784 540.7053277248
0.4486312133 -1.8539060129 -0.1883259814 863.9843251503 407.4535926495
0.3632319295 -1.8211024113 0.3728792086 912.1123244115 48.6193707242
0.5574486502 -2.0322558777 -0.7031584427 830.1461805737 688.5030520024
0.6760474197 -1.9397994560 -0.6523280362 751.2416288266 665.9802953965
0.7253359792 -2.1817755865 -0.2257816326 769.5136202138 415.6132580629
0.5521447994 -2.0609144530 0.1825896689 837.4114814959 195.6465475029
0.7303731863 -2.0822931857 0.3409704371 750.1075303667 117.8503180807
0.6476928819 -2.1574243192 0.5713258643 803.5759771095 1.2237129580
1.1317356309 -2.0884930166 -0.7438131423 568.1983547005 667.8726928847
1.1412416106 -1.8295073638 -0.6345165439 495.5553066239 643.4105219935
0.9861579955 -1.8556052624 -0.1516633468 575.2140915498 380.7776585657
0.9744884137 -2.0744573202 -0.0279052589 633.4062718888 314.8592633482
1.0497963986 -2.1500163623 0.1130776453 616.7213465771 247.3444362880
1.1645815082 -1.9323382726 0.3340032188 513.7611091817 125.2284789063
1.4392129643 -1.8700391144 -0.5937131543 379.6997651886 602.2531683528
1.0957124707 -1.9729375961 -0.3804741473 555.0919339915 497.1050430730
1.1414929988 -1.8889137699 0.0034042731 511.9428537893 296.6351663307
1.0945837433 -2.0389881176 0.3006338205 571.9257719917 148.8057650826
1.4393964913 -1.9257707133 0.4658256223 396.5953696976 69.3572960338
1.4552108980 -2.1534895360 -0.3988016236 454.8380667699 487.1317041803
1.4738540436 -2.1896147329 -0.4198177334 457.2060700533 494.3574987687
1.6178416807 -2.1438940522 -0.1704101383 392.4985277073 382.2052790069
1.4202388581 -1.9292284751 0.1519875394 405.1832378634 225.5570284858
1.4540855342 -1.8634546581 0.3616523237 370.9967309603 116.2497550136
1.6515776837 -1.9582625309 0.6261781571 325.4199551027 6.2002106909
1.5500197577 -1.8331921533 -0.5554902840 323.2711655918 581.6390840481
1.5846467715 -1.9336166739 -0.6639477059 343.1029805011 623.6636171486
1.9321190477 -2.1599753080 -0.0702477115 290.1230758668 337.8521705087
1.6246449477 -1.8284173664 -0.1805362603 292.1213590262 391.5468867035
1.8287333310 -2.1096127800 0.4298580792 309.3513174136 118.8337877332
1.8189521181 -1.8687795054 0.3772446023 234.5194090957 123.0704419570
1.9274821332 -1.8498540672 -0.8353092798 191.3280367108 696.6563625885
2.0374027157 -2.1244149509 -0.3365820874 245.9674510039 450.0317159024
2.1491235341 -1.9917465812 -0.1360297587 167.5258749195 365.9587368615
2.1669461480 -2.0348379959 0.1746042754 176.4565013850 233.2759983731
1.9176417327 -2.0436961438 0.4066997927 259.2345784651 126.9402686925
2.0354595881 -2.0156551074 0.4343671524 211.5908270059 116.6199652965
1.9957364715 -1.7797589391 -0.6344362442 141.0787921418 606.0795358738
1.9042748829 -1.9042753353 -0.4328866630 217.6519853925 505.1460319470
1.8846077334 -1.9057062088 -0.2031318719 224.5902555343 398.7685624091
2.0334372040 -1.7098496250 -0.1674277110 99.3389934009 383.6866406392
2.1236293352 -1.8015306133 0.1567353075 105.9564404826 231.1371169078
1.9732330312 -1.8708953160 0.5405975112 182.0536331733 52.8187284556
2.0360158626 -1.6413631920 -0.1266119045 69.4724498962 364.1662586288

gimbalangles:
1.0494192382

end: