T_CW:
-0.1095947195 0.9939763566 0.0000000000 -0.0300000000
0.6389156863 0.0704461278 -0.7660444431 -0.0783022222
-0.7614300646 -0.0839544259 -0.6427876097 -0.0321393805
0.0000000000 0.0000000000 0.0000000000 1.0000000000

T_CW_cov:
0.0000010398 0.0000001143 -0.0000000712 -0.0000003170 0.0000026716 -0.0000002511
0.0000001143 0.0000004062 -0.0000000146 -0.0000011396 0.0000002851 -0.0000001071
-0.0000000712 -0.0000000146 0.0000000678 0.0000000511 -0.0000001828 0.0000000192
-0.0000003170 -0.0000011396 0.0000000511 0.0000032558 -0.0000007900 0.0000003007
0.0000026716 0.0000002851 -0.0000001828 -0.0000007900 0.0000069198 -0.0000006312
-0.0000002511 -0.0000001071 0.0000000192 0.0000003007 -0.0000006312 0.0000004726

target_points_pix:
-1.8813091829 -1.6492230086 -2.0987515410 108.8041295105 430.6849657006
-1.9952865137 -1.5586000442 -1.6116522055 101.7011472209 246.1054129747
-1.9585876503 -1.7206606709 -1.6496159000 34.2438308726 264.3511273536
-2.0979104363 -1.5458682890 -2.0934762486 184.3700966389 375.1004607670
-2.0340556057 -1.5717316181 -1.5723282968 99.1343370929 221.9531680276
-2.1899931001 -1.4689067442 -1.4424310350 155.0716881342 140.1909780958
-2.0123749693 -1.3051194687 -1.2605724813 164.2718197007 110.6992871351
-2.1330431348 -1.1238264740 -2.1749385310 347.4050812923 401.2613760509
-1.8931619140 -1.4242961790 -1.8619772805 167.7314439568 362.2597043589
-1.8156937678 -1.2788976583 -1.4720111433 162.8179969453 249.0018979908
-2.1048315546 -1.4420218644 -1.3322701860 134.3771954116 116.2951602317
-2.0275988338 -1.0451784956 -1.8548879915 339.1404795157 335.2435574934
-2.0740832194 -1.1457875937 -1.8085477659 302.3208412200 305.2913205659
-1.8048856477 -0.8113928394 -1.5416979154 381.6322885500 294.1456682964
-2.0263796769 -1.1692429330 -1.4253872039 247.0589774856 178.7970562698
-1.8072466993 -0.9142648409 -2.0509648423 376.7975414322 462.5496681853
-1.8873716097 -0.8301472013 -1.9077868950 411.3670348474 397.5419268835
-2.0424561488 -0.9183195632 -1.6014494401 373.1441103794 248.3874927252
-2.0168946479 -0.8103344008 -1.0952591686 377.2402547618 46.8999578464
-2.0752258472 -0.3109300675 -2.1110600714 642.6573073066 422.4691560158
-2.1493942445 -0.4797543549 -1.7357695462 573.5398629393 280.6869686513
-1.8641180002 -0.5218672308 -1.4602447271 519.5889477790 254.2109659368
-2.0215212723 -0.3406231631 -1.0954173160 611.1827038051 57.4269721683
-2.1605347700 -0.4990530025 -1.1397686372 547.5105486796 43.1488220936
-1.9147247312 -0.2548115522 -2.0326057316 655.7785302439 447.0010724113
-2.0556831739 -0.2172783453 -1.6982966545 677.3909680386 299.6676412724
-2.1323124597 -0.0853491397 -1.4956774616 739.8168838377 209.2380560681
-1.9399115812 -0.1485383567 -1.0760889372 705.2761498988 72.7158754911
-1.9180268305 -0.1096057180 -2.0836827944 715.8955495977 466.0207928312
-2.0489798470 0.0967352262 -1.5659864992 818.7778597072 262.7993332950
-1.8167122418 0.1568885131 -1.5440816022 846.8465746010 323.8235299313
-1.9581490399 0.0886200913 -1.2052964765 827.4529530123 136.6357453306
-2.0752253339 0.4044434237 -2.0040710625 932.5371650179 412.8145566387
-2.1825678826 0.3116185314 -1.5813675429 914.4155591481 239.6479543485
-2.0098296911 0.1005257098 -1.4875995864 822.9081499064 243.4375464269
-1.9188018807 0.0506425308 -1.1352139082 809.6996204565 112.7234118197
-1.9169883940 0.1195774110 -1.1625619137 845.4381549098 128.3607236415
-2.0916418165 0.3164314712 -1.8431441868 903.8427420232 354.7902173153
-2.0036208889 0.5847712081 -1.8948754516 1019.6633358549 405.1812139502
-2.0180561632 0.5574448090 -1.3903307919 1051.4812912817 215.4045272987
-1.8339332329 0.6816269267 -1.3275965161 1138.8030414230 246.1017961665
-1.8840413096 0.5647228005 -1.1197764381 1096.1249649581 129.6734210480
-2.1835710067 0.7113300082 -1.9318055951 1061.5150161717 369.7138432045
-2.0143150859 0.8005527293 -1.8945758840 1114.6098305871 408.8604833007
-1.9231742053 0.8110639259 -1.5432094472 1168.8143065866 312.5119489408
-1.8807234739 0.5757652317 -1.3228588133 1077.9230896427 226.3113640625
-1.8227064158 1.0494738780 -1.8443991983 1255.3748475316 461.9039712655
-1.8509328536 1.0386621013 -1.7974766609 1253.6481601546 436.1884823817
-1.8015030399 1.1161808712 -1.5534731021 1341.0495917313 366.1959915396
-2.1081355453 1.0398044225 -1.3625749935 1288.3995453036 193.5371593822
-2.0567037251 1.1028909532 -1.7309193584 1268.6372284225 351.0651704629
-2.0911182403 1.3804638920 -2.1341007448 1328.2318148016 477.2585924281
-1.8882251437 -1.7216178320 -1.9143727145 57.8735533268 370.9939579766
-1.6982756279 -1.3603867850 -1.9128438210 162.3595209324 437.8042232797
-1.8876670961 -1.4066149089 -1.9187156197 180.4795792660 382.4063606405
-1.8462753154 -1.0571684346 -2.1965330153 336.7468996426 487.9044961928
-1.9317673488 -0.6338474593 -2.1627174347 508.0497855749 467.4398590003
-1.7579705380 -0.5772389801 -2.1935923520 516.0177532270 530.9060403001
-1.6050720677 -0.1570880062 -2.1723311699 682.0167673641 592.5411019223
-1.9483527284 -0.0672251213 -2.1691429618 733.4515237368 482.9604860182
-1.7025217749 0.2005152844 -2.1416149571 842.3721836968 563.5143270455
-1.7632616332 0.4374488688 -2.0163576747 954.1324659825 514.5572627876
-1.9167180805 0.6502726713 -2.0705326719 1038.1651004241 488.2516615502
-1.6238184307 1.0130904683 -2.1368105390 1219.1861013829 622.8283931588
-1.8572581003 1.1555460819 -2.1060237815 1262.7560180351 535.7258403134
-1.4682522470 -1.5686725384 -2.0065486827 38.5391152268 534.9284858732
-1.5548618276 -1.2661538459 -2.0485354989 190.9065205021 529.9697128449
-1.5594104961 -0.9227059103 -1.8929279979 323.9194827702 493.5327835818
-1.5268858466 -0.9034280657 -1.9429658399 332.0826820016 521.7956963931
-1.4357686636 -0.5273511537 -2.0349748541 498.1755957384 599.9570158173
-1.3346818081 -0.4072892248 -1.9128016578 539.4306493420 608.0931910419
-1.5322625065 0.0726475877 -2.0453616294 785.3251125730 591.9172488153
-1.5002121632 0.1470386231 -2.1716073200 815.8164883375 644.0369524159
-1.5791355639 0.5374848681 -1.9457535413 1014.3753428109 562.8195981818
-1.6501355010 0.7157043292 -2.1087474774 1080.0643555546 592.8973458534
-1.5590499261 1.1874940771 -2.1526605445 1308.8060748454 659.8122717011
-1.4317858123 -1.0551176296 -1.9035718307 242.2578717648 537.4779112727
-1.1364814913 -1.1054498984 -1.9291642293 158.5169937528 664.2186053327
-1.3989814388 -0.5673341385 -2.1783087477 483.2831375923 654.0320154946
-1.3390051896 0.2640417268 -2.1356634694 872.9356274029 705.3606782948
-1.2803984165 0.4564333986 -1.8119563847 999.9007879828 641.2973157256
-1.3917419720 0.5734831894 -1.8785099623 1050.6689287136 619.0645904114
-1.3356328486 0.9193998904 -1.8476235929 1251.6083309076 650.6524228310
-1.0911494608 -1.1818016687 -1.9649873378 115.4163154763 691.8057941029

gimbalangles:
3.0656145368

end: