T_CW:
-0.3645493355 -0.9311840753 -0.0000000000 -0.0300000000
-0.5985535859 0.2343277960 -0.7660444431 -0.0783022222
0.7133283864 -0.2792609927 -0.6427876097 -0.0321393805
0.0000000000 0.0000000000 0.0000000000 1.0000000000

T_CW_cov:
0.0000006801 -0.0000001451 0.0000000662 0.0000004079 0.0000017482 -0.0000000855
-0.0000001451 0.0000004519 -0.0000000293 -0.0000012587 -0.0000003657 0.0000002064
0.0000000662 -0.0000000293 0.0000000740 0.0000000888 0.0000001572 -0.0000000156
0.0000004079 -0.0000012587 0.0000000888 0.0000035625 0.0000010272 -0.0000005527
0.0000017482 -0.0000003657 0.0000001572 0.0000010272 0.0000045494 -0.0000002120
-0.0000000855 0.0000002064 -0.0000000156 -0.0000005527 -0.0000002120 0.0000005067

target_points_pix:
0.8306860570 -1.5674480567 -2.0795252806 1241.0919915161 670.0793177439
0.8551874529 -1.3042941348 -1.8165584212 1162.1953644503 619.8700083813
1.0954692453 -1.8581825129 -2.0326651252 1267.6476540604 521.3975054254
0.8471038268 -1.6157640771 -1.8657793855 1289.4369065898 589.6560284713
1.1646618641 -1.3994225008 -1.8999604189 1091.4567695921 516.5740383949
1.0168398722 -0.9545678627 -1.8721677156 945.9610117784 628.4070373049
1.1335969285 -0.5690045652 -1.8004655743 734.0742024673 618.6713154807
1.1208194171 -0.5124663437 -1.8037057435 707.9995216685 634.7515042221
1.3633144213 -1.9058175939 -1.8359840971 1227.8954084833 374.8162711518
1.1850730598 -1.9429122452 -1.5874276585 1338.8814417996 332.5693792963
1.1108721872 -1.8917124848 -1.6494058011 1336.2785086064 383.9971184966
1.1428546488 -1.8734027375 -1.9583861169 1268.5714155504 481.7411561088
1.3366147058 -1.5107727898 -2.0124757643 1074.6644404855 483.0829104936
1.2127418960 -1.4389323406 -2.1131114121 1071.4485200931 560.8878212957
1.0745265784 -1.0422826553 -1.8230717188 973.7299933279 574.9620156932
1.1600619218 -0.8068272071 -1.9987279613 835.2660688027 634.1673250800
1.1137863020 -0.3982487863 -1.8896055521 650.8857657200 685.9117318087
1.3600971057 -2.1394947090 -1.9308683015 1294.2573972829 381.7265104942
1.5999598486 -1.9341720935 -1.5824400126 1199.5101658584 224.7225757118
1.4599674712 -1.8730458234 -1.4548000087 1238.0933880624 215.0543327208
1.5798023544 -1.8746761661 -1.3568949353 1213.5948526789 147.2860514033
1.3351159698 -1.8509936034 -1.1426382576 1326.2550218606 111.5646343925
1.4024912873 -1.7454236654 -1.8753919523 1155.3922156745 394.2951022874
1.4528564790 -1.6598804076 -1.8320190018 1115.5646356401 375.5330745838
1.6979698655 -1.3455571882 -1.9570761194 933.4852878256 383.4297274202
1.6315111392 -1.0550464774 -2.1687695799 832.2279308278 495.0209637640
1.6338089804 -0.6764502541 -1.8334104163 688.3700208107 434.9480488209
1.3752629996 -0.5013956868 -1.8451442328 653.9616691032 548.4781017290
1.5696691048 -0.2374520310 -1.8092501578 497.8727972494 503.4154852196
1.3618475632 0.0845802788 -1.8129035773 354.0898480131 633.7130480778
1.6255085224 0.2358285422 -1.9199901380 267.4972422479 586.1729421216
1.6696960735 -2.1335143978 -1.8174720010 1217.5350408059 271.9492727908
1.7663122043 -1.8342091207 -1.7349238641 1103.5622361945 249.5046426335
1.7984505393 -2.0074320268 -1.3755868466 1192.3154201189 98.4260773033
1.6677061205 -2.0403325325 -1.2331624542 1263.2051464801 63.3001319184
1.6699498579 -1.6756908929 -1.8676287179 1061.7089902148 329.7908648331
1.7503482467 -1.4139824944 -1.9330663828 947.9656061902 355.9791242194
1.6086240389 -1.3759422775 -2.1769863102 950.2641833706 468.7623569519
1.8099044246 -1.1685900485 -2.1964658196 839.2515767839 442.6421038048
1.8744068534 -0.7564096408 -2.0234271969 682.7364310480 417.9114975346
1.8496731403 -0.5125324509 -2.1388159692 593.5515381659 484.7103433957
1.9386255175 -0.3329192843 -1.8096530681 498.6312526211 377.5160251254
1.8304743292 0.0130800510 -2.1917570920 383.4271832245 566.7643789912
1.8760928665 0.2945310113 -2.0520699411 242.6603930688 546.8087691415
1.9227470392 0.4291212663 -2.0033337260 172.1067998168 533.7575938567
1.8517101813 -1.8158071205 -1.9202430645 1061.0618063845 291.8329260155
2.0612107624 -2.0207807403 -1.5899707244 1105.5673312364 126.9080506856
2.1079238686 -1.9359357685 -1.5871010164 1067.9982190692 123.5466556908
1.8652701462 -1.8208169787 -2.1046506354 1045.5192386502 342.8698720522
1.8596756203 -1.9310635161 -1.8207909020 1104.4247939331 249.3160875774
2.0422816431 -1.6552998450 -1.4431634057 1000.3264827614 104.2242896434
2.1282697156 -1.9395770402 -1.2939864247 1089.5361112568 12.9809650504
1.8838081623 -1.6556635258 -2.1633819886 986.4716203051 369.7253422503
1.9935738669 -1.4877829304 -1.5690665399 943.6877508190 172.7203614381
2.0514362961 -1.6443114163 -1.6249753399 982.0470648918 168.4893816882
2.1646167347 -1.1212737102 -1.9130174607 771.0999610330 281.0332720574
2.1417190529 -1.3373523818 -1.7110508861 854.8844708862 203.6685715337
1.8336712306 -1.1288074433 -1.3115825326 853.2406982431 137.3575711291
2.1857920555 -0.8874492296 -2.0660135117 686.2093566713 342.0024894335
1.8330203597 -0.9506125522 -1.6966504631 768.0906230161 302.7741314564
2.0685977208 -1.1828960926 -1.6875075128 814.1670834937 223.5030166317
1.9582976991 -0.9784727864 -1.1980075723 766.4602590781 73.8795117397
1.9675984183 -0.6681374839 -1.8991578230 634.6564738129 364.2106905219
1.9263270606 -0.9148012062 -1.9037353806 735.1138231114 351.7170943426
1.9567773808 -0.6855267087 -1.3530006329 636.7062992892 166.6155266580
2.1601176345 -0.5862448586 -1.2289727654 559.9233327987 77.7454558348
1.8885494940 -0.3425903546 -1.8054157975 508.1742809892 389.0370443906
1.8908101503 -0.5555868176 -1.5651401600 592.7925284415 279.9722644461
1.9001765489 -0.4824218917 -1.3558220626 551.6399951146 201.2253764483
2.0068793587 -0.6261871060 -1.2771031287 600.8844162365 128.2486175449
1.8714258920 -0.3141366888 -1.0082598803 450.4630562613 60.6883820745
2.0455430596 -0.3773170723 -1.9307038423 510.8615780756 383.3588156621
2.0480357724 -0.3184675408 -1.8653327192 483.7220891829 367.9086403224
2.0443564240 -0.3482602204 -1.3012287353 467.2407617331 155.3614361807
2.0798042420 -0.2424843764 -1.1012332417 397.1377443228 65.7399231788
2.1516010315 0.0514003866 -1.8782818612 320.3082342902 382.8074177028
1.8457720871 0.0187633843 -1.6776015658 336.6414169936 398.7661785293
2.0749550863 0.0247220718 -1.3704456468 287.4775257910 213.6201098478
1.9811569292 -0.1196215702 -1.3969824230 368.9050986494 234.5312824835
2.1374943649 0.0698232034 -1.1778551054 238.2502974972 117.2371891213
1.8634769485 0.0715380034 -1.8618622747 327.5463141747 463.4130904486
1.9109171222 0.2273973581 -1.9251597013 258.3175320075 487.9947557966
2.0922931957 0.1693856270 -1.6973200950 252.3572719328 350.4554221132
2.0659552518 0.2229873537 -1.4230803426 192.9242803718 258.7191344804
2.0085784985 0.5661478600 -2.1355031077 124.7153336689 562.0276481331
1.8102394135 0.4653526895 -1.4241076530 60.5577985366 367.4137139263
1.9858728767 0.3186794377 -1.0625362128 81.0865069953 124.1021868633
2.1082567397 0.7683194024 -2.0883454596 24.3113022448 541.1815051016

gimbalangles:
0.3973587372

end: