T_CW:
0.6000914953 0.7999313704 0.0000000000 -0.0300000000
0.5141859735 -0.3857313778 -0.7660444431 -0.0783022222
-0.6127829811 0.4596967553 -0.6427876097 -0.0321393805
0.0000000000 0.0000000000 0.0000000000 1.0000000000

T_CW_cov:
0.0000004059 -0.0000000629 0.0000000234 0.0000001754 0.0000010588 -0.0000000240
-0.0000000629 0.0000005810 -0.0000000249 -0.0000016294 -0.0000001576 0.0000001072
0.0000000234 -0.0000000249 0.0000000699 0.0000000752 0.0000000547 -0.0000000054
0.0000001754 -0.0000016294 0.0000000752 0.0000046233 0.0000004387 -0.0000002931
0.0000010588 -0.0000001576 0.0000000547 0.0000004387 0.0000028136 -0.0000000608
-0.0000000240 0.0000001072 -0.0000000054 -0.0000002931 -0.0000000608 0.0000004052

target_points_pix:
-1.9180268305 -0.1096057180 -2.0836827944 92.9563275015 618.8067997096
-2.0489798470 0.0967352262 -1.5659864992 93.8373035887 361.3872806625
-1.8167122418 0.1568885131 -1.5440816022 157.3205827900 405.4100977594
-1.9581490399 0.0886200913 -1.2052964765 35.1543593226 231.2541440345
-2.0752253339 0.4044434237 -2.0040710625 285.3021196165 446.3343527523
-2.1825678826 0.3116185314 -1.5813675429 181.0853760801 294.5275071100
-2.0098296911 0.1005257098 -1.4875995864 88.0551349154 340.1036565814
-1.9169883940 0.1195774110 -1.1625619137 50.9999975618 214.9718807269
-1.9661344430 0.3035449742 -0.9097239979 105.3186605267 34.3559608824
-2.0916418165 0.3164314712 -1.8431441868 229.2242103740 407.3805946710
-2.0036208889 0.5847712081 -1.8948754516 360.0170025793 397.2355437077
-2.0180561632 0.5574448090 -1.3903307919 299.8755431109 214.8180124118
-1.8339332329 0.6816269267 -1.3275965161 389.4192878961 208.5339886536
-1.8840413096 0.5647228005 -1.1197764381 300.4448244033 120.8396851839
-2.1835710067 0.7113300082 -1.9318055951 379.0093862565 348.1013952383
-2.0143150859 0.8005527293 -1.8945758840 440.3402778804 358.2789021719
-1.9231742053 0.8110639259 -1.5432094472 441.9655039991 254.5870156090
-1.8807234739 0.5757652317 -1.3228588133 328.8349438738 213.9819814327
-1.8227064158 1.0494738780 -1.8443991983 567.8260821991 343.3081490915
-1.8509328536 1.0386621013 -1.7974766609 556.3210457413 323.5533942631
-1.8015030399 1.1161808712 -1.5534731021 589.4054251875 235.7925435821
-2.1081355453 1.0398044225 -1.3625749935 483.1175737620 114.6403663305
-2.0488126483 1.4380370230 -1.8834289392 645.8782294431 254.6187508271
-2.0567037251 1.1028909532 -1.7309193584 532.4416554438 250.1137996110
-1.9389057584 1.4372610854 -1.5758196013 668.6592648450 172.1965742686
-2.0911182403 1.3804638920 -2.1341007448 622.6663421095 328.1341512701
-2.1122188602 1.5154501049 -1.5816655415 653.5570262010 135.7091534200
-2.0342884793 1.4538768698 -1.5469457062 651.4288743120 143.6096641508
-2.0866935364 1.6184103766 -1.2425579830 691.8019459922 1.6773925521
-2.0014347219 1.7078845289 -2.1012093477 733.0452980711 291.6005343367
-1.8547618140 1.7225401945 -1.8078244384 774.7560283804 227.5196199247
-2.0072416156 1.6140671196 -1.6908236948 707.9573511073 177.6346900761
-2.0038303013 2.0575135301 -2.1270901508 821.9470212525 255.6496323363
-2.1470381419 2.1145932488 -1.6135478239 816.9551040444 76.1435074466
-1.9564693180 1.9434128026 -1.6015795891 817.0692933463 116.9332521342
-1.9105360566 1.9809712425 -1.4134013561 845.4105477057 53.3121622129
-1.9483527284 -0.0672251213 -2.1691429618 121.5700861116 624.3082554293
-1.7025217749 0.2005152844 -2.1416149571 276.1763751291 631.2916734321
-1.7632616332 0.4374488688 -2.0163576747 354.6505488140 524.7809793782
-1.9167180805 0.6502726713 -2.0705326719 413.6858193326 460.2710223852
-1.6238184307 1.0130904683 -2.1368105390 606.9533950781 484.8647514643
-1.8572581003 1.1555460819 -2.1060237815 601.8696676201 398.8084030470
-1.9452187938 1.6869499342 -1.8862993651 741.9827479142 241.0687062489
-1.6263414072 1.9009207450 -1.9029763512 879.8608919609 273.9302844941
-1.7938627340 1.8660562055 -2.0782733968 822.6474463794 300.4669371949
-1.6184308787 1.8073958723 -1.7668520918 861.2570423191 244.9873487605
-1.7577251011 1.9604673058 -1.4822890344 878.4939995951 103.4613380445
-1.8550348308 1.9371888628 -1.2800201119 852.6521769516 15.2184448172
-1.5322625065 0.0726475877 -2.0453616294 235.8479969525 691.7156291817
-1.5791355639 0.5374848681 -1.9457535413 428.7097166748 534.1715872862
-1.6501355010 0.7157043292 -2.1087474774 493.8053338781 526.6654896308
-1.3592904140 1.0909658465 -2.1851856090 697.9382465764 551.3154998940
-1.5590499261 1.1874940771 -2.1526605445 680.1145757053 473.5680850396
-1.5757745729 1.6288697621 -1.9103398014 815.7775597502 325.0146404385
-1.3244016479 1.8144413868 -1.9336562919 938.8837107099 355.4013322294
-1.5376634344 2.0569827124 -1.9344095317 943.7133698958 278.3240244176
-1.5380738672 2.0249670526 -1.9402045005 934.9542504060 284.3669027343
-1.5041704561 2.1644575621 -1.6799082148 996.7635812251 188.7601412488
-1.5671864977 2.1306784232 -1.2809612645 996.1040975003 36.2035034493
-1.3157817243 1.9429941230 -1.1422706580 1038.9439603978 40.0479118832
-1.2803984165 0.4564333986 -1.8119563847 453.3309772414 606.1837691972
-1.3917419720 0.5734831894 -1.8785099623 483.3120919035 561.5786216276
-1.3356328486 0.9193998904 -1.8476235929 640.4232484775 490.2272744698
-1.1329537274 1.0838303633 -2.1376926140 757.7346615966 603.2566369861
-1.2190813476 1.3798719968 -1.9537120089 837.4744308266 462.5274435092
-1.3077586703 1.7380747572 -1.8915694221 924.3024229435 358.0691547582
-1.1073062340 1.9143356816 -1.8099389513 1044.6102701323 346.4414307063
-1.3141370620 2.1921020916 -1.7686534849 1055.4608863952 248.2717816350
-1.2916984902 2.1033183010 -1.5281295457 1059.5669950775 180.9468103360
-1.1413049017 1.8521756327 -1.2503095271 1066.7885188378 134.0031245346
-1.0720818380 2.0508822425 -1.1769081994 1165.9137454434 85.1642554032
-0.9213923119 0.6936566719 -1.8158918035 670.7291921850 675.8925807359
-0.9197688999 1.1763899925 -2.0413765988 859.5928331093 619.4939525978
-0.8764536400 1.4059935960 -1.9572111547 957.9477116413 553.5119148226
-0.9414224818 1.3385083174 -2.0996017911 904.4351272947 592.4302883345
-0.9187346701 1.7351181522 -1.8963780792 1050.8564096090 452.8664267878
-1.1529967376 2.0563168113 -2.1661465793 1039.1289133837 421.8458316444
-0.8820781729 2.0234199063 -1.6435393472 1175.3237108903 321.1197082835
-0.8748797260 2.0718850172 -1.3880594780 1227.0144413212 214.7094718912
-0.9465772767 1.9306066900 -1.1333201170 1190.2479750417 107.6923472543
-0.7257215869 1.1637273095 -1.9809265724 927.4003123904 670.0664652311
-0.7639138346 1.1025790106 -2.0546763088 886.3651428556 694.9804175138
-0.7660079664 1.5533281780 -2.0204985617 1039.9248053023 573.0051302176
-0.8418474935 1.8492723780 -1.8767407226 1114.2326014586 444.1061957715
-0.6214503911 2.0011163030 -2.0804553279 1215.2543606626 535.6765310354
-0.5780201406 1.9503515961 -1.5578764583 1299.8560286220 380.2968830027
-0.7511423649 2.1572910155 -1.4183356052 1301.1849540883 240.6444777352
-0.6866916911 1.8731422773 -1.2897438849 1271.5411322522 252.7312340020
-0.8291176503 1.8463283609 -1.0492262872 1233.4673483636 104.6722187238
-0.3082166681 1.6907242396 -2.0314835105 1269.9407243564 692.4629925623
-0.6448091371 1.8818765999 -1.8338778347 1206.8456640729 476.4151704034
-0.4035810572 1.8196444843 -1.9633355322 1274.4713585431 605.7425952657
-0.5617061682 2.0176884646 -1.7492960367 1293.3450900864 441.8516226501

gimbalangles:
-2.4151637846

end: