T_CW:
0.8283064895 0.5602752532 0.0000000000 -0.0300000000
0.3601379908 -0.5324251485 -0.7660444431 -0.0783022222
-0.4291957444 0.6345195835 -0.6427876097 -0.0321393805
0.0000000000 0.0000000000 0.0000000000 1.0000000000

T_CW_cov:
0.0000004521 0.0000000991 -0.0000000458 -0.0000002793 0.0000011833 -0.0000000411
0.0000000991 0.0000005238 -0.0000000284 -0.0000014607 0.0000002597 -0.0000001552
-0.0000000458 -0.0000000284 0.0000000667 0.0000000830 -0.0000001166 0.0000000095
-0.0000002793 -0.0000014607 0.0000000830 0.0000041230 -0.0000007316 0.0000004268
0.0000011833 0.0000002597 -0.0000001166 -0.0000007316 0.0000031449 -0.0000001098
-0.0000000411 -0.0000001552 0.0000000095 0.0000004268 -0.0000001098 0.0000004036

target_points_pix:
-2.0036208889 0.5847712081 -1.8948754516 45.2423203593 508.6571788918
-1.8339332329 0.6816269267 -1.3275965161 35.1570875699 297.6877054100
-2.1835710067 0.7113300082 -1.9318055951 55.3203859869 451.1288140722
-2.0143150859 0.8005527293 -1.8945758840 129.1821369220 446.2557719672
-1.9231742053 0.8110639259 -1.5432094472 106.9167350321 335.5269227836
-1.8227064158 1.0494738780 -1.8443991983 268.0483083448 399.5094751307
-1.8509328536 1.0386621013 -1.7974766609 251.0215442391 381.7971113148
-1.8015030399 1.1161808712 -1.5534731021 267.2805311210 283.7921351227
-2.1081355453 1.0398044225 -1.3625749935 120.9184233843 178.5588912799
-2.0488126483 1.4380370230 -1.8834289392 331.2264844791 291.8093657916
-2.0567037251 1.1028909532 -1.7309193584 207.6354005847 311.0829737178
-1.9389057584 1.4372610854 -1.5758196013 337.2742598225 203.3182171711
-2.0399436914 1.3696646788 -1.0918728226 235.7558617371 6.2703228930
-2.0911182403 1.3804638920 -2.1341007448 322.8873885267 371.8177757087
-2.1122188602 1.5154501049 -1.5816655415 313.0133003001 169.0982965962
-2.0342884793 1.4538768698 -1.5469457062 312.6433895037 177.4635986990
-2.0866935364 1.6184103766 -1.2425579830 324.0347929163 26.0956076523
-2.0193434510 1.3647482125 -1.0727880773 238.0302950206 0.5914710911
-2.0014347219 1.7078845289 -2.1012093477 429.4493860731 311.0871452267
-1.8547618140 1.7225401945 -1.8078244384 457.9971412595 238.8904205002
-2.0072416156 1.6140671196 -1.6908236948 379.2215442705 201.6420013564
-2.1801184842 1.6380492749 -1.2162635370 301.0894454221 2.9191557302
-1.9639243003 1.5608595716 -1.1649375478 335.4028535565 15.6295234623
-2.0038303013 2.0575135301 -2.1270901508 510.3607132065 257.8619446073
-2.1470381419 2.1145932488 -1.6135478239 467.6550101626 81.9729338161
-1.9564693180 1.9434128026 -1.6015795891 476.5995536173 122.0965320793
-1.9105360566 1.9809712425 -1.4134013561 491.3154380708 54.9082203430
-1.7632616332 0.4374488688 -2.0163576747 70.4428989547 646.7121092727
-1.9167180805 0.6502726713 -2.0705326719 122.9746107617 561.3109353212
-1.6238184307 1.0130904683 -2.1368105390 341.9821415083 534.5374960159
-1.8572581003 1.1555460819 -2.1060237815 316.9522628590 448.5039723718
-1.9452187938 1.6869499342 -1.8862993651 427.7621155163 258.7732664846
-1.6263414072 1.9009207450 -1.9029763512 570.6270220286 264.1978595521
-1.7938627340 1.8660562055 -2.0782733968 520.6929777701 301.4166804884
-1.6184308787 1.8073958723 -1.7668520918 546.8833282152 239.5540503500
-1.7577251011 1.9604673058 -1.4822890344 534.1233785894 98.8558822889
-1.8550348308 1.9371888628 -1.2800201119 490.6042700374 16.3116964346
-1.5791355639 0.5374848681 -1.9457535413 158.5265227849 634.4287217691
-1.6501355010 0.7157043292 -2.1087474774 229.3337654080 608.1611090984
-1.3592904140 1.0909658465 -2.1851856090 450.9676547249 577.0367074368
-1.5590499261 1.1874940771 -2.1526605445 415.6125226198 504.4208110840
-1.5757745729 1.6288697621 -1.9103398014 519.4881208939 326.5221784667
-1.3244016479 1.8144413868 -1.9336562919 643.0898668236 330.5350267785
-1.5376634344 2.0569827124 -1.9344095317 631.7164536309 256.3391029905
-1.5380738672 2.0249670526 -1.9402045005 624.7886587485 263.7528654865
-1.5041704561 2.1644575621 -1.6799082148 662.7700393413 161.6794043536
-1.5671864977 2.1306784232 -1.2809612645 631.8405720163 16.5753152489
-1.3157817243 1.9429941230 -1.1422706580 672.2914433111 14.1060119396
-1.2803984165 0.4564333986 -1.8119563847 204.1579812130 701.6851602002
-1.3917419720 0.5734831894 -1.8785099623 226.6222878196 646.7199733985
-1.3356328486 0.9193998904 -1.8476235929 378.9647715445 530.6021980585
-1.1329537274 1.0838303633 -2.1376926140 522.0620941938 611.9003190297
-1.2190813476 1.3798719968 -1.9537120089 569.7281123261 455.1217712565
-1.3077586703 1.7380747572 -1.8915694221 630.1420365260 335.9739765345
-1.1073062340 1.9143356816 -1.8099389513 737.4733292230 301.0407783659
-1.3141370620 2.1921020916 -1.7686534849 727.6440906227 207.6538188639
-1.2916984902 2.1033183010 -1.5281295457 718.2838703661 143.8392988903
-1.1413049017 1.8521756327 -1.2503095271 715.9746411192 98.3947344935
-1.0720818380 2.0508822425 -1.1769081994 793.5568562203 38.7627521399
-0.9197688999 1.1763899925 -2.0413765988 623.6549139265 600.2922560324
-0.8764536400 1.4059935960 -1.9572111547 701.0778181992 513.1886476747
-0.9414224818 1.3385083174 -2.0996017911 659.7786197792 563.2218661034
-0.9187346701 1.7351181522 -1.8963780792 764.0274635564 398.5441166272
-1.1529967376 2.0563168113 -2.1661465793 747.1583846527 372.6862906809
-0.8820781729 2.0234199063 -1.6435393472 846.1693070686 253.3054257717
-0.8748797260 2.0718850172 -1.3880594780 869.7987031627 147.9779846857
-0.9465772767 1.9306066900 -1.1333201170 818.8966201370 55.8805305401
-0.7257215869 1.1637273095 -1.9809265724 697.0501505294 630.1729449179
-0.7639138346 1.1025790106 -2.0546763088 664.3548166443 664.8042344769
-0.7660079664 1.5533281780 -2.0204985617 778.0748904686 512.0625675758
-0.8418474935 1.8492723780 -1.8767407226 817.4815128350 377.2911310638
-0.6214503911 2.0011163030 -2.0804553279 919.7750835634 439.2690087079
-0.5780201406 1.9503515961 -1.5578764583 960.2591228439 283.7951537967
-0.7511423649 2.1572910155 -1.4183356052 935.7166928003 159.6191370557
-0.6866916911 1.8731422773 -1.2897438849 914.0107297040 174.7875776082
-0.8291176503 1.8463283609 -1.0492262872 855.1318625802 46.9259638677
-0.3940264734 1.1357138824 -1.8565624263 843.3961643528 685.5627097939
-0.3082166681 1.6907242396 -2.0314835105 993.6239376632 565.8693153850
-0.6448091371 1.8818765999 -1.8338778347 901.8995884366 387.5863878505
-0.4035810572 1.8196444843 -1.9633355322 981.1586946972 488.4410698369
-0.5617061682 2.0176884646 -1.7492960367 966.1467990191 339.7250899307
-0.5762992154 2.1179589578 -1.3554400287 1008.3701813329 165.9238507908
-0.6100145261 2.0163725987 -1.3029655622 978.1909346070 160.3911431883
-0.6297357995 1.8838706853 -0.9646989781 969.1752403684 22.4839992175
-0.2295808476 1.5833745047 -1.9280668241 1018.4872563009 584.9568156092
-0.2288478029 1.7229587019 -2.1713108242 1022.1475653278 613.2678663604
-0.2971911650 2.0186508778 -2.0714460476 1049.7120045029 487.0296944683
-0.2953695788 2.0744306739 -1.6007389710 1105.3485268634 316.0671624277
-0.3327855196 2.0041277111 -1.3840576797 1100.7140850424 240.8120946927
-0.4466021864 1.8242623228 -1.1806339484 1031.6450210685 174.0417784023
-0.3573603580 1.9284946584 -1.0399192768 1118.2049224331 92.4598749488
0.0580140353 1.6564749291 -2.0056001193 1162.9231829024 650.6487999931
0.1129876959 1.7098210899 -1.9997964193 1199.4084977797 643.0512922154
0.0202068271 2.1113784809 -2.0826427717 1196.6781122491 522.9615994027
0.0496567715 2.1804640802 -1.6243674711 1284.1108553624 357.1691278430
0.0781686940 2.0424144230 -1.4188405458 1319.9068574086 318.1974323013
0.1446138243 1.8968936248 -1.4479249870 1336.4548165809 387.4834578854
0.0202740849 2.0286689315 -1.1369204904 1340.4765906172 180.4142733806
0.0611186388 1.5047945352 -1.9279269025 1151.3801663382 683.7920224726
0.1087447546 2.0311814710 -1.5708012065 1307.5739214733 389.2835962943

gimbalangles:
-2.2717467073

end: