T_CW:
0.9915849996 -0.1294572851 -0.0000000000 -0.0300000000
-0.0832135388 -0.6373785517 -0.7660444431 -0.0783022222
0.0991700338 0.7595981788 -0.6427876097 -0.0321393805
0.0000000000 0.0000000000 0.0000000000 1.0000000000

T_CW_cov:
0.0000009455 -0.0000001357 0.0000000944 0.0000003740 0.0000024062 -0.0000001549
-0.0000001357 0.0000004585 0.0000000127 -0.0000012647 -0.0000003470 0.0000001553
0.0000000944 0.0000000127 0.0000000784 -0.0000000327 0.0000002385 -0.0000000073
0.0000003740 -0.0000012647 -0.0000000327 0.0000035449 0.0000009564 -0.0000004339
0.0000024062 -0.0000003470 0.0000002385 0.0000009564 0.0000061783 -0.0000004052
-0.0000001549 0.0000001553 -0.0000000073 -0.0000004339 -0.0000004052 0.0000004740

target_points_pix:
-1.1073062340 1.9143356816 -1.8099389513 53.5965586874 430.0466104823
-0.8764536400 1.4059935960 -1.9572111547 128.9597408991 659.2908868404
-0.9187346701 1.7351181522 -1.8963780792 135.8628898861 511.5548247486
-1.1529967376 2.0563168113 -2.1661465793 102.2901478014 497.0095420694
-0.8820781729 2.0234199063 -1.6435393472 148.1044186845 329.2990996284
-0.8748797260 2.0718850172 -1.3880594780 119.7183847844 216.0274356295
-0.7660079664 1.5533281780 -2.0204985617 209.8031537123 611.6796395113
-0.8418474935 1.8492723780 -1.8767407226 181.3357047659 462.6058002344
-0.6214503911 2.0011163030 -2.0804553279 311.7085149624 468.8897936900
-0.5780201406 1.9503515961 -1.5578764583 277.3853881001 307.3715359333
-0.7511423649 2.1572910155 -1.4183356052 193.5487467190 201.3931707942
-0.6866916911 1.8731422773 -1.2897438849 180.2261768654 223.4681591276
-0.8291176503 1.8463283609 -1.0492262872 53.1103606797 119.9929001910
-0.3082166681 1.6907242396 -2.0314835105 435.2118190641 542.3646425460
-0.6448091371 1.8818765999 -1.8338778347 270.8457067036 429.7644657672
-0.4035810572 1.8196444843 -1.9633355322 390.0466807329 481.7486553345
-0.5617061682 2.0176884646 -1.7492960367 308.5734986749 356.3954868195
-0.5762992154 2.1179589578 -1.3554400287 267.4160381719 179.8225843006
-0.6100145261 2.0163725987 -1.3029655622 236.4192227991 185.4733614102
-0.6297357995 1.8838706853 -0.9646989781 162.3445033751 56.5643583222
-0.6869895166 1.9199697802 -0.9263750375 126.1839088323 27.9959094192
-0.2295808476 1.5833745047 -1.9280668241 464.4598609636 545.4990929349
-0.2288478029 1.7229587019 -2.1713108242 478.9748512546 568.4958982233
-0.2971911650 2.0186508778 -2.0714460476 446.8327724358 448.7712257622
-0.2953695788 2.0744306739 -1.6007389710 419.8069419661 277.8127201387
-0.3327855196 2.0041277111 -1.3840576797 383.9540922276 213.4663992407
-0.4466021864 1.8242623228 -1.1806339484 294.0721525999 177.7511528805
-0.3573603580 1.9284946584 -1.0399192768 335.0862852751 75.1273800502
0.0580140353 1.6564749291 -2.0056001193 601.3969392398 530.0745520900
0.1129876959 1.7098210899 -1.9997964193 624.0661945908 507.5568952342
0.0202068271 2.1113784809 -2.0826427717 574.7451196351 414.3471099286
0.0496567715 2.1804640802 -1.6243674711 573.4103925176 247.0429760235
0.0781686940 2.0424144230 -1.4188405458 584.2971769861 203.1275893557
0.1446138243 1.8968936248 -1.4479249870 621.8916628330 252.2072033691
0.0202740849 2.0286689315 -1.1369204904 546.9689043623 85.1749638205
0.2951990550 1.4166859272 -1.9840087220 725.3184330223 601.4087965222
0.0611186388 1.5047945352 -1.9279269025 606.5501714500 561.1251970464
0.0867318516 1.5644867443 -2.1461084051 620.4906996036 603.2931049636
0.3565648583 2.1885430665 -2.1504974543 701.5548370818 401.7623282411
0.2727735389 1.9261418884 -1.5732305862 682.2542637724 288.1140232077
0.1087447546 2.0311814710 -1.5708012065 602.3925714244 264.1339205180
0.4034252920 1.8647997388 -1.1615968393 754.6467035802 125.5908831741
0.1825358325 1.8096035881 -0.9249628995 637.7066878586 25.0722337416
0.4395085623 1.3030301233 -2.0955778568 802.5857504153 673.6838174962
0.3407057507 1.5573456301 -1.8639331961 737.6612074473 507.2319785371
0.4556518638 1.6963466740 -1.9118353382 778.2618471741 469.5725191298
0.6412921871 2.0289669724 -2.1399220346 820.2663025747 431.2918210250
0.5283331526 1.8357102497 -1.7207979409 803.2849658031 358.4484657961
0.4402235346 2.1324318888 -1.5393273289 743.6689021742 215.0992901244
0.5082307072 1.8258267294 -1.3142278063 807.9272483878 202.3725238408
0.6182712278 1.6636683500 -1.8178750298 858.2057393686 442.3905592289
0.6917889005 1.6605628289 -1.9153363064 886.9704745532 472.3300838177
0.6861369922 2.0177549577 -2.1359962891 838.5335686239 431.6399554430
0.9073355203 2.1983192295 -1.6524884766 927.8710802596 225.3343974108
0.5964458937 2.0839945609 -1.3115970185 823.3052724203 131.4536201767
0.8853459750 2.1074644930 -1.3019009516 952.1055695232 113.0042446629
1.1653186556 1.2451867740 -2.0812263958 1154.8749641042 653.8292126855
0.8890987780 1.6535147810 -1.8036159092 983.2857903251 429.1907119035
1.0812056918 1.6101957530 -2.0611834659 1052.1137803053 517.1865537399
0.8168996091 1.8783696711 -1.9477449235 912.8453271895 409.9571313601
0.8460622909 2.0547894297 -1.8492642470 909.4436725550 328.9868309049
1.0564090808 2.1003346994 -1.5296410924 1010.3248723231 199.4885402243
1.1110084514 1.9235336780 -1.2463510526 1091.4169756549 125.5078893985
0.8192282989 1.9702689997 -1.0886141990 956.9877502112 50.5660311955
1.2534387693 1.4042816883 -2.1271438066 1155.9108366285 600.6718390998
1.3301668377 1.7488035525 -2.0715025133 1129.5834965666 465.8920821905
1.2979871322 1.8572265450 -1.8891421815 1116.4834061783 379.2382019574
1.0969822034 1.9415982477 -1.5650981868 1049.5483995598 251.1638358394
1.1040556031 2.0115566509 -1.5430429039 1043.1212840112 224.6924421641
1.2164093231 2.0740255218 -1.1797555361 1118.2101733503 57.8353079101
1.3344161846 2.0063298798 -1.0812565365 1199.7899084892 23.7969747073
1.3608744688 1.3786190287 -1.8404976115 1249.0366376197 515.6507117994
1.3328779171 1.9303904193 -2.0943921518 1098.1501091330 420.2471302903
1.6905155624 2.1123487386 -1.8272960049 1228.8383773106 279.6665046532
1.3670437746 2.1085656360 -1.9470678720 1096.3545654060 328.6303005494
1.5911216728 1.9995606427 -1.6491432373 1235.2462506568 250.1890488272
1.3882493757 1.8446951888 -1.0503425138 1271.1261346700 43.6000867817
1.7690751164 1.6723849685 -2.1735322540 1303.4053357429 500.7179587250
1.6090419170 1.8701769459 -1.9242906010 1233.4845401591 375.2568547206
1.6545523353 2.1920472514 -1.8085601587 1202.7751319967 256.1802605660
1.8907629288 2.1738643441 -1.5539227425 1327.9896472824 166.5751800295
1.5651760501 1.9011556306 -1.6414494429 1246.7078902593 273.4368823215
1.7631702608 2.0808056352 -1.2812136364 1341.3165674841 84.7131829165

gimbalangles:
-1.3589116350

end: