T_CW:
0.6171052578 0.7868806141 -0.0000000000 -0.0300000000
0.5057971090 -0.3966676136 -0.7660444431 -0.0783022222
-0.6027855218 0.4727300535 -0.6427876097 -0.0321393805
0.0000000000 0.0000000000 0.0000000000 1.0000000000

T_CW_cov:
0.0000003730 -0.0000000175 0.0000000070 0.0000000443 0.0000009716 -0.0000000206
-0.0000000175 0.0000005376 -0.0000000168 -0.0000015071 -0.0000000356 0.0000000734
0.0000000070 -0.0000000168 0.0000000649 0.0000000520 0.0000000108 -0.0000000029
0.0000000443 -0.0000015071 0.0000000520 0.0000042777 0.0000000870 -0.0000001935
0.0000009716 -0.0000000356 0.0000000108 0.0000000870 0.0000025816 -0.0000000525
-0.0000000206 0.0000000734 -0.0000000029 -0.0000001935 -0.0000000525 0.0000003718

target_points_pix:
-1.9180268305 -0.1096057180 -2.0836827944 73.5239372214 629.2386723467
-2.0489798470 0.0967352262 -1.5659864992 70.8617639814 369.7495668655
-1.8167122418 0.1568885131 -1.5440816022 135.9080800990 413.1593690232
-2.0752253339 0.4044434237 -2.0040710625 265.9421556805 452.4428371666
-2.1825678826 0.3116185314 -1.5813675429 158.4189332599 301.2009093246
-2.0098296911 0.1005257098 -1.4875995864 64.7102176735 348.3711550361
-1.9169883940 0.1195774110 -1.1625619137 25.4055034420 222.6719565468
-1.9661344430 0.3035449742 -0.9097239979 78.1530149254 39.9890815541
-2.0916418165 0.3164314712 -1.8431441868 208.7056562897 414.1085086782
-2.0036208889 0.5847712081 -1.8948754516 340.7065550843 401.9735370398
-2.0180561632 0.5574448090 -1.3903307919 277.5406309865 219.4818904894
-1.8339332329 0.6816269267 -1.3275965161 367.8253294769 212.0696791029
-1.8840413096 0.5647228005 -1.1197764381 276.8788203475 124.9975101490
-2.1835710067 0.7113300082 -1.9318055951 359.1652121717 352.3714401012
-2.0143150859 0.8005527293 -1.8945758840 421.0935096789 361.7133998199
-1.9231742053 0.8110639259 -1.5432094472 421.3414957430 257.6504277520
-1.8807234739 0.5757652317 -1.3228588133 306.7932778242 218.2773000631
-1.8227064158 1.0494738780 -1.8443991983 548.9815886758 344.9123063244
-1.8509328536 1.0386621013 -1.7974766609 537.1723392469 325.2855139920
-1.8015030399 1.1161808712 -1.5534731021 569.1684769965 236.9657947091
-2.1081355453 1.0398044225 -1.3625749935 460.8181180745 116.8242625933
-2.0488126483 1.4380370230 -1.8834289392 625.9460075336 255.1256774646
-2.0567037251 1.1028909532 -1.7309193584 512.1936842326 252.0380907781
-1.9389057584 1.4372610854 -1.5758196013 647.6375007970 172.4012729510
-2.0911182403 1.3804638920 -2.1341007448 603.6987188726 328.9917730128
-2.1122188602 1.5154501049 -1.5816655415 632.0218203089 136.0861484680
-2.0342884793 1.4538768698 -1.5469457062 630.0070526551 144.0076159952
-2.0866935364 1.6184103766 -1.2425579830 668.4694554625 1.6683728746
-2.0014347219 1.7078845289 -2.1012093477 713.5705155045 290.9839465987
-1.8547618140 1.7225401945 -1.8078244384 754.3365211617 226.4369434301
-2.0072416156 1.6140671196 -1.6908236948 686.9820547577 177.3944145785
-2.0038303013 2.0575135301 -2.1270901508 801.7265286351 253.9494342286
-2.1470381419 2.1145932488 -1.6135478239 794.3321771503 74.8629719658
-1.9564693180 1.9434128026 -1.6015795891 795.0091819065 115.5613617444
-1.9105360566 1.9809712425 -1.4134013561 822.3785185200 51.7874650776
-1.9483527284 -0.0672251213 -2.1691429618 102.6298861431 634.2816668263
-1.7025217749 0.2005152844 -2.1416149571 259.3077827801 638.5304842141
-1.7632616332 0.4374488688 -2.0163576747 337.0644572862 530.1474043996
-1.9167180805 0.6502726713 -2.0705326719 395.6571550321 464.4485664319
-1.6238184307 1.0130904683 -2.1368105390 590.1349897538 486.0512357263
-1.8572581003 1.1555460819 -2.1060237815 583.8489150842 400.0056548871
-1.9452187938 1.6869499342 -1.8862993651 721.8160712087 240.3772770631
-1.6263414072 1.9009207450 -1.9029763512 859.6331208286 271.4293921136
-1.7938627340 1.8660562055 -2.0782733968 803.0453888962 298.6533590852
-1.6184308787 1.8073958723 -1.7668520918 840.7444719639 242.7957468461
-1.7577251011 1.9604673058 -1.4822890344 855.9752437922 101.4654864507
-1.8550348308 1.9371888628 -1.2800201119 829.0814320554 13.7136727623
-1.5322625065 0.0726475877 -2.0453616294 219.4026720468 700.0137007575
-1.5791355639 0.5374848681 -1.9457535413 411.8403627905 538.3339860631
-1.6501355010 0.7157043292 -2.1087474774 477.1870383939 529.7462254244
-1.3592904140 1.0909658465 -2.1851856090 682.0910704942 551.0238370946
-1.5590499261 1.1874940771 -2.1526605445 663.1993402298 473.5976117002
-1.5757745729 1.6288697621 -1.9103398014 796.5575525006 323.2246671783
-1.3244016479 1.8144413868 -1.9336562919 919.3950008519 351.8278534466
-1.5376634344 2.0569827124 -1.9344095317 923.1294576254 274.9899240862
-1.5380738672 2.0249670526 -1.9402045005 914.5161195753 281.1227158261
-1.5041704561 2.1644575621 -1.6799082148 974.5484268081 185.1439405641
-1.5671864977 2.1306784232 -1.2809612645 971.8542262948 33.2725771317
-1.3157817243 1.9429941230 -1.1422706580 1014.3734915041 36.6719119486
-1.2803984165 0.4564333986 -1.8119563847 437.6549727556 610.1151718592
-1.3917419720 0.5734831894 -1.8785099623 467.1648179515 564.8873899279
-1.3356328486 0.9193998904 -1.8476235929 623.7644463867 490.8503617600
-1.1329537274 1.0838303633 -2.1376926140 742.5231552894 601.8836099466
-1.2190813476 1.3798719968 -1.9537120089 820.0589218653 460.0997187127
-1.3077586703 1.7380747572 -1.8915694221 904.9573998842 354.6848826036
-1.1073062340 1.9143356816 -1.8099389513 1024.0949342171 341.4343989701
-1.3141370620 2.1921020916 -1.7686534849 1033.4929636507 243.6542300745
-1.2916984902 2.1033183010 -1.5281295457 1036.6601204585 176.6307259764
-1.1413049017 1.8521756327 -1.2503095271 1043.2015679778 129.8385652475
-1.0720818380 2.0508822425 -1.1769081994 1140.4971308822 80.2567694039
-0.9213923119 0.6936566719 -1.8158918035 656.6800410449 675.9749784947
-0.9197688999 1.1763899925 -2.0413765988 844.2347965821 616.2872059850
-0.8764536400 1.4059935960 -1.9572111547 941.0469426348 548.8427306626
-0.9414224818 1.3385083174 -2.0996017911 888.4371329528 588.5352194578
-0.9187346701 1.7351181522 -1.8963780792 1031.7329722884 447.1994177568
-1.1529967376 2.0563168113 -2.1661465793 1019.6740359010 416.5478267726
-0.8820781729 2.0234199063 -1.6435393472 1152.9412344540 314.4823998542
-0.8748797260 2.0718850172 -1.3880594780 1202.4819829300 208.1883261585
-0.9465772767 1.9306066900 -1.1333201170 1164.8184944667 102.3636759350
-0.7257215869 1.1637273095 -1.9809265724 912.3392191921 665.4670474118
-0.7639138346 1.1025790106 -2.0546763088 871.9061989668 691.0614240088
-0.7660079664 1.5533281780 -2.0204985617 1022.5581269883 566.8792424654
-0.8418474935 1.8492723780 -1.8767407226 1094.2886584321 437.5308937182
-0.6214503911 2.0011163030 -2.0804553279 1195.2264827996 526.9075028459
-0.5780201406 1.9503515961 -1.5578764583 1276.4304244114 371.4657364575
-0.7511423649 2.1572910155 -1.4183356052 1275.8482453985 233.0135908240
-0.6866916911 1.8731422773 -1.2897438849 1246.8613454773 245.3412048120
-0.8291176503 1.8463283609 -1.0492262872 1207.3958171687 98.8983610721
-0.3082166681 1.6907242396 -2.0314835105 1251.2726850684 681.5018027386
-0.6448091371 1.8818765999 -1.8338778347 1186.1407133606 468.2006953528
-0.4035810572 1.8196444843 -1.9633355322 1254.5284148734 595.4152060974
-0.5617061682 2.0176884646 -1.7492960367 1270.8526260463 432.6000804725
-0.6100145261 2.0163725987 -1.3029655622 1325.3764387805 242.3229984064
-0.6869895166 1.9199697802 -0.9263750375 1331.8072492770 50.0791790440
-0.2971911650 2.0186508778 -2.0714460476 1335.9167881684 612.4187809886

gimbalangles:
-2.4654525663

end: