1.76134726353531
-2.17536412132745
-2.36885527121135
2.13731411400395
-2.47653403733378
-2.10960811986383
-1.74207653601275
0.912438929222374
-0.283095688941761
2.1495543734533
3.03177734929214
-2.23616872465097
-0.496245173386281
-2.01276694429463
0.769014221709632
-1.38225752583659
0.91142292448428
2.92005367254038
-0.412384451400662
-2.89705584331045
-1.12779221072357
-0.873765736420448
1.33516380083044
1.42522961100062
2.16556389926386
2.18973203665013
0.373148787864836
-2.49797717078048
-2.11922629288127
1.22254171799404
2.10317152381584
-3.05647179735009
-1.68734399329691
2.49131676999959
-2.12211554046476
-1.27451603833226
-1.0275243914919
1.99329397063213
-2.16551439789412
2.30157277748741
1.37203585354516
1.58596068025517
0.591734584341909
2.76738155914175
-1.44097468731155
0.450276319523205
-3.08655853467518
0.769022900205053
-1.10183887537635
-2.6949650911811
